0.000000
0.000000
0.000000
0.000000
0.000000
0.000000
0.000000
0.000000
0.000000
0.000000
0.000000
0.052110
0.474984
1.667706
2.726674
3.369833
4.634236
7.814660
11.503002
20.305046
31.218410
49.957934
73.794995
112.022552
158.827126
220.786268
302.959960
411.126392
549.039931
720.502857
928.843838
1193.523598
1509.699161
1895.324641
2344.338528
2880.797541
3487.672646
4214.656661
5026.979464
5962.417138
7036.888736
8210.625502
9543.177165
11031.282449
12653.373131
14448.164318
16407.377303
18499.943061
20763.599977
23169.857721
25748.123358
28485.607308
31369.443984
34397.664636
37513.845873
40786.323873
44145.004832
47718.182312
51358.117090
55032.531427
58856.315792
62657.336724
66488.376513
70399.743967
74301.597015
78113.838644
82024.607068
85939.196701
89707.375049
93477.379588
97177.660619
100708.203711
104142.428541
107529.716053
110698.865041
113733.989000
116717.242735
119549.981550
122172.008677
124653.877860
127034.267157
129221.291669
131121.956627
132915.824775
134601.599239
135999.482463
137107.277304
138130.221032
139002.144756
139596.337694
140005.446209
140162.935545
140222.096333
140158.516629
139796.724281
139219.633026
138564.860306
137809.353293
136992.094660
135909.596553
134792.947509
133424.940714
132012.242437
130532.955444
128962.818138
127171.837119
125275.536943
123383.380629
121406.624443
119381.089629
117235.775764
114998.480384
112794.059111
110387.431849
107975.841685
105482.174815
103077.823922
100691.131048
98226.200293
95851.252841
93391.254593
90971.379152
88461.922831
85973.349227
83564.566756
81173.122753
78835.102039
76467.343148
74130.786084
71835.851619
69588.745537
67309.377904
65171.070748
62961.188249
60787.021073
58656.879912
56556.070097
54564.055350
52547.852655
50616.220490
48672.167297
46869.674891
45081.379942
43331.340312
41586.351828
39916.184648
38316.932610
36723.644645
35198.022049
33732.215879
32323.228112
30934.392645
29608.829145
28291.598103
27019.906201
25775.305385
24620.372173
23488.791869
22407.502670
21371.836949
20362.381159
19380.114565
18456.962242
17551.141628
16672.419353
15868.964483
15076.686831
14291.623735
13562.402559
12858.239301
12199.667901
11572.838734
10971.302909
10410.117353
9852.902068
9330.200985
8832.136194
8350.600329
7886.636967
7450.135543
7035.356443
6650.194176
6275.475230
5920.173667
5568.385581
5249.889193
4945.619995
4638.865688
4364.325780
4113.943901
3867.879510
3632.716696
3412.230063
3205.193364
3007.734829
2826.808008
2643.313379
2487.270429
2322.950831
2162.876346
2028.026597
1905.463472
1777.974616
1669.073557
1562.144554
1459.042361
1365.995499
1274.883972
1191.395343
1112.236852
1041.320856
968.038919
901.235998
841.424646
784.672284
733.438066
682.242948
632.827803
592.222745
551.632444
510.997001
472.965280
439.268154
407.267628
376.384901
352.358180
325.667386
302.293053
277.835648
257.288355
237.152051
217.925936
201.065870
185.611978
170.304785
156.456557
144.375164
133.357581
123.022621
114.163095
104.288027
95.087903
88.050659
81.375265
73.402896
67.049573
62.698354
57.279179
52.997055
48.099503
44.297159
40.103902
37.314263
34.687404
31.998002
28.660914
26.524512
24.347009
21.697639
19.445065
17.980516
17.170689
16.338979
15.366467
13.999223
12.895028
12.051837
11.114793
10.219422
9.674862
8.889148
7.973944
7.481890
6.820122
6.729957
6.166333
5.622729
5.080544
4.559671
4.532031
4.316203
4.134914
3.602624
3.418091
3.118560
2.836176
2.603905
2.244960
2.194578
1.983328
2.009351
1.874489
1.656374
1.429504
1.084815
0.954143
0.741333
0.649209
0.633466
0.567297
0.548024
0.465446
0.390993
0.333170
0.287895
0.244086
0.208111
0.130552
0.083050
0.069842
0.076115
0.058995
0.073281
0.062285
0.040558
0.040095
0.028752
0.024111
0.014981
0.006822
0.000000
0.000000
0.000000
0.000000
0.000000
0.000000
0.000000
0.000000
0.000000
0.000000
0.000000
0.000000
0.000000
0.000000
0.000000
0.000000
0.000000
0.000000
0.000000
0.000000
0.000000
0.000000
0.000000
0.000000
0.000000
0.000000
0.000000
0.000000
0.000000
0.000000
0.000000
0.000000
0.000000
0.000000
0.000000
0.000000
0.000000
0.000000
0.000000
0.000000
0.000000
0.000000
0.000000
0.000000
0.000000
0.000000
0.000000
0.000000
0.000000
0.000000
0.000000
0.000000
0.000000
0.000000
0.000000
0.000000
0.000000
0.000000
0.000000
0.000000
0.000000
0.000000
0.000000
0.000000
0.000000
0.000000
0.000000
0.000000
0.000000
0.000000
0.000000
0.000000
0.000000
0.000000
0.000000
0.000000
0.000000
0.000000
0.000000
0.000000
0.000000
0.000000
0.000000
0.000000
0.000000
0.000000
0.000000
0.000000
0.000000
0.000000
0.000000
0.000000
0.000000
0.000000
0.000000
0.000000
0.000000
0.000000
0.000000
0.000000
0.000000
0.000000
0.000000
0.000000
0.000000
0.000000
0.000000
0.000000
0.000000
0.000000
0.000000
0.000000
0.000000
0.000000
0.000000
0.000000
0.000000
0.000000
0.000000
0.000000
0.000000
0.000000
0.000000
0.000000
0.000000
0.000000
0.000000
0.000000
0.000000
0.000000
0.000000
0.000000
0.000000
0.000000
0.000000
0.000000
0.000000
0.000000
0.000000
0.000000
0.000000
0.000000
0.000000
0.000000
0.000000
0.000000
0.000000
0.000000
0.000000
0.000000
0.000000
0.000000
0.000000
0.000000
0.000000
0.000000
0.000000
0.000000
0.000000
0.000000
0.000000
0.000000
0.000000
0.000000
0.000000
0.000000
0.000000
0.000000
0.000000
0.000000
0.000000
0.000000
0.000000
0.000000
0.000000
0.000000
0.000000
0.000000
0.000000
0.000000
0.000000
0.000000
0.000000
0.000000
0.000000
0.000000
0.000000
0.000000
0.000000
0.000000
0.000000
0.000000
0.000000
0.000000
0.000000
0.000000
0.000000
0.000000
0.000000
0.000000
0.000000
0.000000
0.000000
0.000000
0.000000
0.000000
0.000000
0.000000
0.000000
0.000000
0.000000
0.000000
0.000000
0.000000
0.000000
0.000000
0.000000
0.000000
0.000000
0.000000
0.000000
0.000000
0.000000
0.000000
0.000000
0.000000
0.000000
0.000000
0.000000
0.000000
0.000000
0.000000
0.000000
0.000000
0.000000
0.000000
0.000000
0.000000
0.000000
0.000000
0.000000
0.000000
0.000000
0.000000
0.000000
0.000000
0.000000
0.000000
0.000000
0.000000
0.000000
0.000000
0.000000
0.000000
0.000000
0.000000
0.000000
0.000000
0.000000
0.000000
0.000000
0.000000
0.000000
0.000000
0.000000
0.000000
0.000000
0.000000
0.000000
0.000000
0.000000
0.000000
0.000000
0.000000
0.000000
0.000000
0.000000
0.000000
0.000000
0.000000
0.000000
0.000000
0.000000
0.000000
0.000000
0.000000
0.000000
0.000000
0.000000
0.000000
0.000000
0.000000
0.000000
0.000000
0.000000
0.000000
0.000000
0.000000
0.000000
0.000000
0.000000
0.000000
0.000000
0.000000
0.000000
0.000000
0.000000
0.000000
0.000000
0.000000
0.000000
0.000000
0.000000
0.000000
0.000000
0.000000
0.000000
0.000000
0.000000
0.000000
0.000000
0.000000
0.000000
0.000000
0.000000
0.000000
0.000000
0.000000
0.000000
0.000000
0.000000
0.000000
0.000000
0.000000
0.000000
0.000000
0.000000
0.000000
0.000000
0.000000
0.000000
0.000000
0.000000
0.000000
0.000000
0.000000
0.000000
0.000000
0.000000
0.000000
0.000000
0.000000
0.000000
0.000000
0.000000
0.000000
0.000000
0.000000
0.000000
0.000000
0.000000
0.000000
0.000000
0.000000
0.000000
0.000000
0.000000
0.000000
0.000000
0.000000
0.000000
0.000000
0.000000
0.000000
0.000000
0.000000
0.000000
0.000000
0.000000
0.000000
0.000000
0.000000
0.000000
0.000000
0.000000
0.000000
0.000000
0.000000
0.000000
0.000000
0.000000
0.000000
0.000000
0.000000
0.000000
0.000000
0.000000
0.000000
0.000000
0.000000
0.000000
0.000000
0.000000
0.000000
0.000000
0.000000
0.000000
0.000000
0.000000
0.000000
0.000000
0.000000
0.000000
0.000000
0.000000
0.000000
0.000000
0.000000
0.000000
0.000000
0.000000
0.000000
0.000000
0.000000
0.000000
0.000000
0.000000
0.000000
0.000000
0.000000
0.000000
0.000000
0.000000
0.000000
0.000000
0.000000
0.000000
0.000000
0.000000
0.000000
0.000000
0.000000
0.000000
0.000000
0.000000
0.000000
0.000000
0.000000
0.000000
0.000000
0.000000
0.000000
0.000000
0.000000
0.000000
0.000000
0.000000
0.000000
0.000000
0.000000
0.000000
0.000000
0.000000
0.000000
0.000000
0.000000
0.000000
0.000000
0.000000
0.000000
0.000000
0.000000
0.000000
0.000000
0.000000
0.000000
0.000000
0.000000
0.000000
0.000000
0.000000
0.000000
0.000000
0.000000
0.000000
0.000000
0.000000
0.000000
0.000000
0.000000
0.000000
0.000000
0.000000
0.000000
0.000000
0.000000
0.000000
0.000000
0.000000
0.000000
0.000000
0.000000
0.000000
0.000000
0.000000
0.000000
0.000000
0.000000
0.000000
0.000000
0.000000
0.000000
0.000000
0.000000
0.000000
0.000000
0.000000
0.000000
0.000000
0.000000
0.000000
0.000000
0.000000
0.000000
0.000000
0.000000
0.000000
0.000000
0.000000
0.000000
0.000000
0.000000
0.000000
0.000000
0.000000
0.000000
0.000000
0.000000
0.000000
0.000000
0.000000
0.000000
0.000000
0.000000
0.000000
0.000000
0.000000
0.000000
0.000000
0.000000
0.000000
0.000000
0.000000
0.000000
0.000000
0.000000
0.000000
0.000000
0.000000
0.000000
0.000000
0.000000
0.000000
0.000000
0.000000
0.000000
0.000000
0.000000
0.000000
0.000000
0.000000
0.000000
0.000000
0.000000
0.000000
0.000000
0.000000
0.000000
0.000000
0.000000
0.000000
0.000000
0.000000
0.000000
0.000000
0.000000
0.000000
0.000000
0.000000
0.000000
0.000000
0.000000
0.000000
0.000000
0.000000
0.000000
0.000000
0.000000
0.000000
0.000000
0.000000
0.000000
0.000000
0.000000
0.000000
0.000000
0.000000
0.000000
0.000000
0.000000
0.000000
0.000000
0.000000
0.000000
0.000000
0.000000
0.000000
0.000000
0.000000
0.000000
0.000000
0.000000
0.000000
0.000000
0.000000
0.000000
0.000000
0.000000
0.000000
0.000000
0.000000
0.000000
0.000000
0.000000
0.000000
0.000000
0.000000
0.000000
0.000000
0.000000
0.000000
0.000000
0.000000
0.000000
0.000000
0.000000
0.000000
0.000000
0.000000
0.000000
0.000000
0.000000
0.000000
0.000000
0.000000
0.000000
0.000000
0.000000
0.000000
0.000000
0.000000
0.000000
0.000000
0.000000
0.000000
0.000000
0.000000
0.000000
0.000000
0.000000
0.000000
0.000000
0.000000
0.000000
0.000000
0.000000
0.000000
0.000000
0.000000
0.000000
0.000000
