0.000000
0.163236
1.082454
4.727240
10.892978
24.370852
59.226095
120.063240
215.412959
386.779249
662.151589
1035.393437
1581.221273
2287.392119
3182.483876
4329.843165
5722.415459
7415.966375
9322.930329
11551.597444
14016.780220
16833.199181
19790.239874
22959.127056
26424.444197
29968.693385
33678.886666
37486.617444
41330.150438
45242.557180
49095.563938
52887.655037
56647.778505
60201.697474
63641.591832
66965.063510
70032.496780
72940.980038
75738.600140
78206.251225
80496.497058
82583.830926
84433.031395
86131.183167
87594.802701
88891.974680
90097.628965
90969.714848
91635.139536
92220.123494
92520.631303
92758.329690
92863.224228
92814.926081
92716.389263
92490.885456
92309.609600
91911.196798
91355.116114
90719.993952
90157.561909
89446.792992
88776.537430
88128.298156
87337.456076
86582.664268
85820.399626
84986.414019
84086.410095
83237.202783
82554.773498
81677.676766
80843.889378
80038.501964
79147.601898
78246.531496
77461.696131
76539.065382
75681.740838
74782.602348
73898.595565
72963.688743
72140.144247
71297.369140
70562.265064
69806.017027
69097.769672
68290.141093
67523.929275
66847.112388
66051.530330
65361.267676
64650.417417
64026.668061
63326.579553
62582.276792
61881.267448
61220.995798
60536.391376
59922.106365
59273.417975
58654.374088
58068.346881
57477.139012
56903.264787
56279.576434
55724.795223
55174.138824
54636.158502
54108.004023
53612.643167
53148.617993
52640.764683
52043.017928
51589.211853
51082.486566
50581.664698
50126.456897
49655.575351
49146.952747
48642.636163
48215.099318
47720.413724
47277.934283
46827.067632
46312.378973
45867.415317
45411.286771
44993.485553
44525.620616
44071.655182
43638.957848
43158.570077
42708.820110
42250.702783
41824.303994
41403.926737
40985.281508
40544.716737
40110.157459
39709.143215
39342.002939
38910.794832
38494.612371
38078.505202
37661.400191
37249.557603
36853.222336
36439.098476
36065.505586
35634.673686
35247.424894
34852.400241
34474.276421
34058.391603
33707.449032
33347.505243
32950.999885
32542.731117
32153.603939
31739.625754
31353.175558
30986.526978
30579.316092
30216.919003
29835.485406
29432.554639
29063.011950
28663.878241
28267.475809
27925.961664
27547.300664
27139.624783
26733.743020
26348.437196
25991.582525
25586.395476
25191.895176
24775.577905
24402.816979
23998.584776
23601.013813
23195.610171
22814.699167
22416.540552
22041.347495
21682.752716
21281.777308
20912.471667
20537.410916
20164.329431
19783.907004
19417.384684
19047.742386
18672.113035
18347.411816
17973.770426
17638.432003
17288.763529
16940.679854
16593.422233
16253.545735
15899.686186
15546.323993
15200.947917
14881.075299
14543.342170
14192.289726
13884.591510
13570.436816
13241.798558
12932.160659
12653.326279
12331.493304
12017.593562
11717.658975
11429.401212
11136.649971
10854.336159
10577.922269
10302.567063
10043.665645
9777.522444
9524.504313
9281.346856
9025.049377
8778.422838
8537.191743
8307.768145
8070.151580
7844.624891
7610.714071
7376.031718
7154.909254
6942.590061
6735.684345
6530.249506
6347.448037
6158.252019
5970.786338
5795.547649
5606.859932
5434.723527
5265.090655
5091.442997
4931.884827
4773.427715
4603.035993
4458.402911
4293.725841
4142.006150
3993.910041
3847.436786
3708.321930
3577.701170
3445.527578
3321.015767
3198.615719
3076.679384
2958.928200
2843.234094
2735.407237
2635.962306
2533.872770
2438.716656
2342.804381
2254.402107
2155.269695
2071.404653
1990.813096
1911.385855
1833.216825
1758.509045
1674.615254
1599.045740
1528.758851
1455.801685
1391.595024
1332.270113
1274.372530
1215.918991
1161.694651
1106.778262
1057.877705
1008.549763
959.879103
922.256527
878.701178
840.203437
802.152482
764.189336
722.471839
686.421068
651.085467
619.706482
591.030381
559.716053
532.532366
508.879493
481.098717
454.359581
432.248065
406.958474
384.084415
364.661615
346.458910
328.696256
312.732615
295.257275
278.823641
264.138309
248.920120
235.758026
221.986517
210.526734
198.648753
186.482107
175.373521
165.412715
157.071434
148.630700
139.549310
130.582663
122.885684
114.817078
108.877863
101.901530
95.813759
89.807252
85.663357
80.828953
75.556214
70.085333
65.566865
62.564104
59.942762
55.981780
51.903591
48.864153
46.446051
43.987522
41.543734
39.248407
36.139481
34.022269
31.798508
29.698307
27.516721
25.822810
24.102126
21.967677
20.682974
19.300067
17.563512
16.613313
15.361716
14.415716
14.130985
13.783392
13.017801
12.406067
11.939076
10.987829
10.055688
9.301527
8.833017
8.217382
7.436534
7.089936
6.277078
5.970118
5.372862
4.779672
4.552431
4.415026
4.279227
4.151636
3.961359
3.561067
3.088173
2.877357
2.635327
2.471877
2.333048
2.233908
1.943937
1.765982
1.633359
1.487846
1.336631
1.216169
1.077385
1.138441
0.985984
0.878886
1.011695
0.939889
0.803403
0.759248
0.699609
0.618745
0.583372
0.560033
0.512516
0.494616
0.402884
0.407560
0.349235
0.323112
0.237858
0.220423
0.153098
0.189501
0.200401
0.253406
0.206300
0.170218
0.135563
0.102515
0.090752
0.098906
0.098840
0.077806
0.068812
0.048288
0.041945
0.038455
0.040367
0.035082
0.057709
0.063099
0.032872
0.027851
0.046652
0.057653
0.078614
0.098627
0.071219
0.081996
0.060980
0.054059
0.061096
0.024572
0.029949
0.026206
0.030047
0.016638
0.007553
0.004419
0.001655
0.000000
0.000000
0.000000
0.000000
0.000000
0.000000
0.000000
0.000000
0.000000
0.000000
0.000000
0.000000
0.000000
0.000000
0.000000
0.000000
0.000000
0.000000
0.000000
0.000000
0.000000
0.000000
0.000000
0.000000
0.000000
0.000000
0.000000
0.000000
0.000000
0.000000
0.000000
0.000000
0.000000
0.000000
0.000000
0.000000
0.000000
0.000000
0.000000
0.000000
0.000000
0.000000
0.000000
0.000000
0.000000
0.000000
0.000000
0.000000
0.000000
0.000000
0.000000
0.000000
0.000000
0.000000
0.000000
0.000000
0.000000
0.000000
0.000000
0.000000
0.000000
0.000000
0.000000
0.000000
0.000000
0.000000
0.000000
0.000000
0.000000
0.000000
0.000000
0.000000
0.000000
0.000000
0.000000
0.000000
0.000000
0.000000
0.000000
0.000000
0.000000
0.000000
0.000000
0.000000
0.000000
0.000000
0.000000
0.000000
0.000000
0.000000
0.000000
0.000000
0.000000
0.000000
0.000000
0.000000
0.000000
0.000000
0.000000
0.000000
0.000000
0.000000
0.000000
0.000000
0.000000
0.000000
0.000000
0.000000
0.000000
0.000000
0.000000
0.000000
0.000000
0.000000
0.000000
0.000000
0.000000
0.000000
0.000000
0.000000
0.000000
0.000000
0.000000
0.000000
0.000000
0.000000
0.000000
0.000000
0.000000
0.000000
0.000000
0.000000
0.000000
0.000000
0.000000
0.000000
0.000000
0.000000
0.000000
0.000000
0.000000
0.000000
0.000000
0.000000
0.000000
0.000000
0.000000
0.000000
0.000000
0.000000
0.000000
0.000000
0.000000
0.000000
0.000000
0.000000
0.000000
0.000000
0.000000
0.000000
0.000000
0.000000
0.000000
0.000000
0.000000
0.000000
0.000000
0.000000
0.000000
0.000000
0.000000
0.000000
0.000000
0.000000
0.000000
0.000000
0.000000
0.000000
0.000000
0.000000
0.000000
0.000000
0.000000
0.000000
0.000000
0.000000
0.000000
0.000000
0.000000
0.000000
0.000000
0.000000
0.000000
0.000000
0.000000
0.000000
0.000000
0.000000
0.000000
0.000000
0.000000
0.000000
0.000000
0.000000
0.000000
0.000000
0.000000
0.000000
0.000000
0.000000
0.000000
0.000000
0.000000
0.000000
0.000000
0.000000
0.000000
0.000000
0.000000
0.000000
0.000000
0.000000
0.000000
0.000000
0.000000
0.000000
0.000000
0.000000
0.000000
0.000000
0.000000
0.000000
0.000000
0.000000
0.000000
0.000000
0.000000
0.000000
0.000000
0.000000
0.000000
0.000000
0.000000
0.000000
0.000000
0.000000
0.000000
0.000000
0.000000
0.000000
0.000000
0.000000
0.000000
0.000000
0.000000
0.000000
0.000000
0.000000
0.000000
0.000000
0.000000
0.000000
0.000000
0.000000
0.000000
0.000000
0.000000
0.000000
0.000000
0.000000
0.000000
0.000000
0.000000
0.000000
0.000000
0.000000
0.000000
0.000000
0.000000
0.000000
0.000000
0.000000
0.000000
0.000000
0.000000
0.000000
0.000000
0.000000
0.000000
0.000000
0.000000
0.000000
0.000000
0.000000
0.000000
0.000000
0.000000
0.000000
0.000000
0.000000
0.000000
0.000000
0.000000
0.000000
0.000000
0.000000
0.000000
0.000000
0.000000
0.000000
0.000000
0.000000
0.000000
0.000000
0.000000
0.000000
0.000000
0.000000
0.000000
0.000000
0.000000
0.000000
0.000000
0.000000
0.000000
0.000000
0.000000
0.000000
0.000000
0.000000
0.000000
0.000000
0.000000
0.000000
0.000000
0.000000
0.000000
0.000000
0.000000
0.000000
0.000000
0.000000
0.000000
0.000000
0.000000
0.000000
0.000000
0.000000
0.000000
0.000000
0.000000
0.000000
0.000000
0.000000
0.000000
0.000000
0.000000
0.000000
0.000000
0.000000
0.000000
0.000000
0.000000
0.000000
0.000000
0.000000
0.000000
0.000000
0.000000
0.000000
0.000000
0.000000
0.000000
0.000000
0.000000
0.000000
0.000000
0.000000
0.000000
0.000000
0.000000
0.000000
0.000000
0.000000
0.000000
0.000000
0.000000
0.000000
0.000000
0.000000
0.000000
0.000000
0.000000
0.000000
0.000000
0.000000
0.000000
0.000000
0.000000
0.000000
0.000000
0.000000
0.000000
0.000000
0.000000
0.000000
0.000000
0.000000
0.000000
0.000000
0.000000
0.000000
0.000000
0.000000
0.000000
0.000000
0.000000
0.000000
0.000000
0.000000
0.000000
0.000000
0.000000
0.000000
0.000000
0.000000
0.000000
0.000000
0.000000
0.000000
0.000000
0.000000
0.000000
0.000000
0.000000
0.000000
0.000000
0.000000
0.000000
0.000000
0.000000
0.000000
0.000000
0.000000
0.000000
0.000000
0.000000
0.000000
0.000000
0.000000
0.000000
0.000000
0.000000
0.000000
0.000000
0.000000
0.000000
0.000000
0.000000
0.000000
0.000000
0.000000
0.000000
0.000000
0.000000
0.000000
0.000000
0.000000
0.000000
0.000000
0.000000
0.000000
0.000000
0.000000
0.000000
0.000000
0.000000
0.000000
0.000000
0.000000
0.000000
0.000000
0.000000
0.000000
0.000000
0.000000
0.000000
0.000000
0.000000
0.000000
0.000000
0.000000
0.000000
0.000000
0.000000
0.000000
0.000000
0.000000
0.000000
0.000000
0.000000
0.000000
0.000000
0.000000
0.000000
0.000000
0.000000
0.000000
0.000000
0.000000
0.000000
0.000000
0.000000
0.000000
0.000000
0.000000
0.000000
0.000000
0.000000
0.000000
0.000000
0.000000
0.000000
0.000000
0.000000
0.000000
0.000000
0.000000
0.000000
0.000000
0.000000
0.000000
0.000000
0.000000
0.000000
0.000000
0.000000
0.000000
0.000000
0.000000
0.000000
0.000000
0.000000
0.000000
0.000000
0.000000
0.000000
0.000000
0.000000
0.000000
0.000000
