0.000000
0.000000
0.000000
0.000000
0.000000
0.000000
0.000000
0.000000
0.000000
0.000000
0.000000
0.000000
0.000000
0.000000
0.000000
0.000000
0.000000
0.000000
0.000000
0.000000
0.018174
0.043650
0.052583
0.205730
0.243003
0.326213
0.786215
1.755909
3.483208
7.042781
10.969095
17.464723
29.236926
45.659338
68.868721
106.282295
159.964072
233.935312
337.170464
476.957410
669.282413
921.263520
1250.798548
1669.019950
2201.659518
2863.781101
3665.422753
4626.816568
5792.780661
7161.222165
8776.677883
10620.737662
12740.758223
15138.782032
17845.378929
20836.032138
24169.828573
27748.726326
31636.371635
35796.490570
40273.352337
44992.728340
49907.582102
55135.801627
60491.229543
66051.599514
71734.883350
77433.002718
83264.213736
89103.333622
94926.312986
100741.984543
106465.144531
112068.135011
117522.934022
122811.964863
127841.731604
132722.240712
137364.235793
141730.714602
145848.130606
149657.237417
153105.123203
156347.667924
159298.000726
161854.509836
164094.896380
166072.384553
167696.236008
168957.405259
169932.687589
170636.505637
171038.910504
171106.243959
170995.227028
170603.091081
169970.706925
169002.561155
167886.740325
166558.569655
164945.337441
163163.809273
161186.374439
159029.103597
156727.419879
154188.338805
151625.091419
148838.727509
145910.806882
142883.301832
139692.293140
136423.682397
133070.835429
129703.990012
126222.990486
122626.829002
119003.831270
115334.202849
111615.968740
107895.739420
104168.706766
100378.169432
96623.698092
92860.686371
89109.730919
85378.361113
81696.409764
78037.547182
74451.533210
70885.264835
67380.381371
63985.519013
60620.014315
57387.606933
54213.962465
51137.848756
48110.826197
45236.408334
42412.521870
39719.584170
37132.782505
34672.434721
32291.072205
30035.865275
27862.147560
25806.015632
23857.689327
22015.391314
20279.366741
18651.526248
17128.687768
15675.835637
14315.743952
13068.623927
11903.347816
10810.832032
9803.747053
8872.956424
8000.000398
7216.609565
6487.893238
5832.229279
5220.313551
4668.018114
4154.971410
3695.384955
3274.464764
2901.363638
2559.234162
2252.453301
1985.061521
1740.496160
1523.848119
1332.408791
1162.160281
1011.785252
878.847781
760.424197
657.148529
565.973293
487.031021
418.181256
356.526967
303.346460
258.536668
219.137948
186.158392
156.979552
131.559499
111.561596
93.750856
78.057381
64.701232
54.460585
44.908598
37.569441
30.915464
25.503194
21.130204
17.445548
14.111620
11.778645
9.473878
7.930118
6.279066
5.363388
4.246616
3.535486
2.752643
2.286558
1.874890
1.402406
1.039151
0.813196
0.662169
0.501387
0.408312
0.318529
0.206986
0.172816
0.110908
0.094904
0.077492
0.052526
0.029349
0.030478
0.017033
0.021107
0.019808
0.017170
0.014458
0.007970
0.009887
0.003495
0.003905
0.000255
0.000263
0.000000
0.000000
0.000000
0.000000
0.000000
0.000000
0.000000
0.000000
0.000000
0.000000
0.000000
0.000000
0.000000
0.000000
0.000000
0.000000
0.000000
0.000000
0.000000
0.000000
0.000000
0.000000
0.000000
0.000000
0.000000
0.000000
0.000000
0.000000
0.000000
0.000000
0.000000
0.000000
0.000000
0.000000
0.000000
0.000000
0.000000
0.000000
0.000000
0.000000
0.000000
0.000000
0.000000
0.000000
0.000000
0.000000
0.000000
0.000000
0.000000
0.000000
0.000000
0.000000
0.000000
0.000000
0.000000
0.000000
0.000000
0.000000
0.000000
0.000000
0.000000
0.000000
0.000000
0.000000
0.000000
0.000000
0.000000
0.000000
0.000000
0.000000
0.000000
0.000000
0.000000
0.000000
0.000000
0.000000
0.000000
0.000000
0.000000
0.000000
0.000000
0.000000
0.000000
0.000000
0.000000
0.000000
0.000000
0.000000
0.000000
0.000000
0.000000
0.000000
0.000000
0.000000
0.000000
0.000000
0.000000
0.000000
0.000000
0.000000
0.000000
0.000000
0.000000
0.000000
0.000000
0.000000
0.000000
0.000000
0.000000
0.000000
0.000000
0.000000
0.000000
0.000000
0.000000
0.000000
0.000000
0.000000
0.000000
0.000000
0.000000
0.000000
0.000000
0.000000
0.000000
0.000000
0.000000
0.000000
0.000000
0.000000
0.000000
0.000000
0.000000
0.000000
0.000000
0.000000
0.000000
0.000000
0.000000
0.000000
0.000000
0.000000
0.000000
0.000000
0.000000
0.000000
0.000000
0.000000
0.000000
0.000000
0.000000
0.000000
0.000000
0.000000
0.000000
0.000000
0.000000
0.000000
0.000000
0.000000
0.000000
0.000000
0.000000
0.000000
0.000000
0.000000
0.000000
0.000000
0.000000
0.000000
0.000000
0.000000
0.000000
0.000000
0.000000
0.000000
0.000000
0.000000
0.000000
0.000000
0.000000
0.000000
0.000000
0.000000
0.000000
0.000000
0.000000
0.000000
0.000000
0.000000
0.000000
0.000000
0.000000
0.000000
0.000000
0.000000
0.000000
0.000000
0.000000
0.000000
0.000000
0.000000
0.000000
0.000000
0.000000
0.000000
0.000000
0.000000
0.000000
0.000000
0.000000
0.000000
0.000000
0.000000
0.000000
0.000000
0.000000
0.000000
0.000000
0.000000
0.000000
0.000000
0.000000
0.000000
0.000000
0.000000
0.000000
0.000000
0.000000
0.000000
0.000000
0.000000
0.000000
0.000000
0.000000
0.000000
0.000000
0.000000
0.000000
0.000000
0.000000
0.000000
0.000000
0.000000
0.000000
0.000000
0.000000
0.000000
0.000000
0.000000
0.000000
0.000000
0.000000
0.000000
0.000000
0.000000
0.000000
0.000000
0.000000
0.000000
0.000000
0.000000
0.000000
0.000000
