0.000000
0.000000
0.000357
0.020403
0.026915
0.137454
0.349237
0.968221
2.152384
4.566025
9.639059
20.324702
38.358749
68.729298
117.751204
194.185320
305.086767
464.045097
686.037025
984.546561
1375.527573
1877.899323
2504.126731
3279.085400
4200.270410
5304.846261
6603.364192
8091.800848
9791.514836
11688.851077
13781.713478
16055.762758
18506.216442
21132.890645
23884.974700
26790.390657
29782.968238
32878.068779
36031.924055
39243.254979
42496.572764
45782.941266
49040.629327
52295.352235
55507.514939
58665.292742
61723.176040
64719.526394
67593.271636
70410.467270
73072.051743
75621.996934
78060.138733
80309.711720
82455.419808
84457.551756
86358.218732
88118.696116
89717.647184
91204.328281
92589.100759
93829.245460
94982.633636
96014.043481
96905.878790
97721.076591
98442.075462
99066.520778
99602.750097
100059.208573
100441.261897
100716.982704
100916.656360
101050.455038
101047.207375
101012.723494
100906.681007
100690.095590
100441.119037
100106.601919
99701.306317
99252.008342
98728.146162
98192.621964
97609.938764
96988.046627
96339.376208
95666.605545
94941.224392
94188.126856
93453.347306
92683.052245
91868.384665
91060.770896
90233.605005
89406.006965
88553.128915
87677.071663
86777.155283
85900.736426
84992.196419
84099.477061
83178.828281
82247.679602
81311.636193
80372.373874
79461.450925
78525.951150
77623.899023
76711.870456
75801.912335
74893.300197
73983.464362
73048.254019
72130.087300
71205.477146
70288.857743
69353.504173
68423.050050
67493.837628
66558.183768
65628.634016
64701.675775
63778.981109
62849.550175
61915.517850
60986.835692
60042.867349
59113.714681
58180.782372
57249.838995
56314.525268
55384.859790
54466.366857
53540.870314
52641.987577
51735.809297
50836.106664
49922.576549
49049.008872
48170.944401
47290.115649
46410.716946
45548.221994
44687.798068
43839.943469
42998.609360
42155.308497
41308.699358
40474.501008
39642.644127
38828.624970
38011.068197
37195.396271
36389.471508
35586.133980
34774.962343
33982.310444
33187.633181
32412.170158
31634.521952
30874.407899
30113.980011
29376.698039
28643.723128
27910.260886
27188.034890
26487.766938
25795.448477
25107.837966
24432.977447
23768.133544
23115.528280
22479.623207
21846.372190
21232.735231
20633.575018
20031.675568
19449.651501
18875.060250
18310.388260
17755.880339
17211.911267
16675.831691
16147.273381
15628.650179
15122.997362
14621.063548
14127.897439
13648.644021
13177.785409
12717.245477
12264.738347
11819.991790
11381.163447
10957.706606
10545.518853
10142.103591
9746.196916
9368.000009
8996.575440
8637.333826
8287.199251
7950.384619
7624.838947
7307.510021
7003.959989
6709.053806
6422.462840
6150.532262
5885.709684
5624.584102
5372.320378
5131.632263
4897.387151
4670.708879
4452.036769
4240.190313
4035.765348
3842.750789
3651.983417
3470.044316
3298.270582
3133.289195
2976.608150
2824.044889
2677.862291
2537.116231
2402.253475
2278.043790
2155.515072
2038.614893
1926.872367
1822.221124
1721.495553
1626.178941
1532.237421
1446.226583
1363.590888
1283.574231
1209.178814
1137.711314
1071.852964
1008.720621
947.643142
890.631565
836.180332
784.314095
736.784993
690.583550
646.628040
605.008964
565.825362
529.543934
493.994387
460.169146
429.024366
399.745116
371.275775
344.570210
318.051003
294.944072
272.683519
252.200580
232.468008
215.371408
198.956927
183.348194
169.706591
156.321635
144.238620
132.865395
122.700932
112.912512
104.372066
96.360057
88.738578
81.321870
74.893120
68.956315
63.129659
58.072343
52.822538
48.409541
44.093260
40.066115
36.751962
33.787551
31.112238
28.529160
26.085056
23.776443
21.679779
19.906471
18.165853
16.647072
15.181516
13.951562
12.681832
11.558102
10.591195
9.809643
8.779699
8.102797
7.455831
6.639598
5.906917
5.314425
4.789198
4.376563
4.029195
3.613813
3.155788
2.873569
2.568525
2.247300
2.039588
1.814700
1.636893
1.446550
1.352840
1.270702
1.151902
1.007221
0.901260
0.801594
0.688252
0.572746
0.481717
0.434032
0.363905
0.308460
0.255012
0.199392
0.175550
0.150757
0.128245
0.105050
0.088485
0.068097
0.049330
0.038324
0.032370
0.022546
0.015492
0.007805
0.004738
0.002729
0.003111
0.001470
0.002356
0.000932
0.000038
0.000000
0.000000
0.000000
0.000000
0.000000
0.000000
0.000000
0.000000
0.000000
0.000000
0.000000
0.000000
0.000000
0.000000
0.000000
0.000000
0.000000
0.000000
0.000000
0.000000
0.000000
0.000000
0.000000
0.000000
0.000000
0.000000
0.000000
0.000000
0.000000
0.000000
0.000000
0.000000
0.000000
0.000000
0.000000
0.000000
0.000000
0.000000
0.000000
0.000000
0.000000
0.000000
0.000000
0.000000
0.000000
0.000000
0.000000
0.000000
0.000000
0.000000
0.000000
0.000000
0.000000
0.000000
0.000000
0.000000
0.000000
0.000000
0.000000
0.000000
0.000000
0.000000
0.000000
0.000000
0.000000
0.000000
0.000000
0.000000
0.000000
0.000000
0.000000
0.000000
0.000000
0.000000
0.000000
0.000000
0.000000
0.000000
0.000000
0.000000
0.000000
0.000000
0.000000
0.000000
0.000000
0.000000
0.000000
0.000000
0.000000
0.000000
0.000000
0.000000
0.000000
0.000000
0.000000
0.000000
0.000000
0.000000
0.000000
0.000000
0.000000
0.000000
0.000000
0.000000
0.000000
0.000000
0.000000
0.000000
0.000000
0.000000
0.000000
0.000000
0.000000
0.000000
0.000000
0.000000
0.000000
0.000000
0.000000
0.000000
0.000000
0.000000
0.000000
0.000000
0.000000
0.000000
0.000000
0.000000
0.000000
0.000000
0.000000
0.000000
0.000000
0.000000
0.000000
0.000000
0.000000
0.000000
0.000000
0.000000
0.000000
0.000000
0.000000
0.000000
0.000000
0.000000
0.000000
0.000000
0.000000
0.000000
0.000000
0.000000
0.000000
0.000000
0.000000
0.000000
0.000000
0.000000
0.000000
0.000000
0.000000
0.000000
0.000000
0.000000
0.000000
0.000000
0.000000
0.000000
0.000000
0.000000
0.000000
0.000000
0.000000
0.000000
0.000000
0.000000
0.000000
0.000000
0.000000
0.000000
0.000000
0.000000
0.000000
0.000000
0.000000
0.000000
0.000000
0.000000
0.000000
0.000000
0.000000
0.000000
0.000000
0.000000
0.000000
0.000000
0.000000
0.000000
0.000000
0.000000
0.000000
0.000000
0.000000
0.000000
0.000000
0.000000
0.000000
0.000000
0.000000
0.000000
0.000000
0.000000
0.000000
0.000000
0.000000
0.000000
0.000000
0.000000
0.000000
0.000000
0.000000
0.000000
0.000000
0.000000
0.000000
0.000000
0.000000
0.000000
0.000000
0.000000
0.000000
0.000000
0.000000
0.000000
0.000000
0.000000
0.000000
0.000000
0.000000
0.000000
0.000000
0.000000
0.000000
0.000000
0.000000
0.000000
0.000000
0.000000
0.000000
0.000000
0.000000
0.000000
0.000000
0.000000
0.000000
0.000000
0.000000
0.000000
0.000000
0.000000
0.000000
0.000000
0.000000
0.000000
0.000000
0.000000
0.000000
0.000000
0.000000
0.000000
0.000000
0.000000
0.000000
0.000000
0.000000
0.000000
0.000000
0.000000
0.000000
0.000000
0.000000
0.000000
0.000000
0.000000
0.000000
0.000000
0.000000
0.000000
0.000000
0.000000
0.000000
0.000000
0.000000
0.000000
0.000000
0.000000
0.000000
0.000000
0.000000
0.000000
0.000000
0.000000
0.000000
0.000000
0.000000
0.000000
0.000000
0.000000
0.000000
0.000000
0.000000
0.000000
0.000000
0.000000
0.000000
0.000000
0.000000
0.000000
0.000000
0.000000
0.000000
0.000000
0.000000
0.000000
0.000000
0.000000
0.000000
0.000000
0.000000
0.000000
0.000000
0.000000
0.000000
0.000000
0.000000
0.000000
0.000000
0.000000
0.000000
0.000000
0.000000
0.000000
0.000000
0.000000
0.000000
0.000000
0.000000
0.000000
0.000000
0.000000
0.000000
0.000000
0.000000
0.000000
0.000000
0.000000
0.000000
0.000000
0.000000
0.000000
0.000000
0.000000
0.000000
0.000000
0.000000
0.000000
0.000000
0.000000
0.000000
0.000000
0.000000
0.000000
0.000000
0.000000
0.000000
0.000000
0.000000
0.000000
0.000000
0.000000
0.000000
0.000000
0.000000
0.000000
0.000000
0.000000
0.000000
0.000000
0.000000
0.000000
0.000000
0.000000
0.000000
0.000000
0.000000
0.000000
0.000000
0.000000
0.000000
0.000000
0.000000
0.000000
0.000000
0.000000
0.000000
0.000000
0.000000
0.000000
0.000000
0.000000
0.000000
0.000000
0.000000
0.000000
0.000000
0.000000
0.000000
0.000000
0.000000
0.000000
0.000000
0.000000
0.000000
0.000000
0.000000
0.000000
0.000000
0.000000
0.000000
0.000000
0.000000
0.000000
0.000000
0.000000
0.000000
0.000000
0.000000
0.000000
0.000000
0.000000
0.000000
0.000000
0.000000
0.000000
0.000000
0.000000
0.000000
0.000000
0.000000
0.000000
0.000000
0.000000
0.000000
0.000000
0.000000
0.000000
0.000000
0.000000
0.000000
0.000000
0.000000
0.000000
0.000000
0.000000
0.000000
0.000000
0.000000
0.000000
0.000000
0.000000
0.000000
0.000000
0.000000
0.000000
0.000000
0.000000
0.000000
0.000000
0.000000
0.000000
0.000000
0.000000
0.000000
0.000000
0.000000
0.000000
0.000000
0.000000
0.000000
0.000000
0.000000
0.000000
0.000000
0.000000
0.000000
0.000000
0.000000
0.000000
0.000000
0.000000
0.000000
0.000000
0.000000
0.000000
0.000000
0.000000
0.000000
0.000000
0.000000
0.000000
0.000000
0.000000
0.000000
0.000000
0.000000
0.000000
0.000000
0.000000
0.000000
0.000000
0.000000
0.000000
0.000000
0.000000
0.000000
0.000000
0.000000
0.000000
0.000000
0.000000
0.000000
0.000000
0.000000
0.000000
0.000000
0.000000
0.000000
0.000000
0.000000
0.000000
0.000000
0.000000
0.000000
0.000000
0.000000
0.000000
0.000000
0.000000
0.000000
0.000000
0.000000
0.000000
0.000000
0.000000
0.000000
0.000000
0.000000
0.000000
0.000000
0.000000
0.000000
0.000000
0.000000
0.000000
0.000000
0.000000
0.000000
0.000000
0.000000
0.000000
0.000000
0.000000
0.000000
0.000000
0.000000
0.000000
0.000000
0.000000
0.000000
0.000000
0.000000
0.000000
0.000000
0.000000
0.000000
0.000000
0.000000
0.000000
0.000000
0.000000
0.000000
0.000000
0.000000
0.000000
0.000000
0.000000
0.000000
0.000000
0.000000
0.000000
0.000000
0.000000
0.000000
0.000000
0.000000
0.000000
0.000000
0.000000
0.000000
0.000000
0.000000
0.000000
0.000000
0.000000
0.000000
0.000000
0.000000
0.000000
0.000000
0.000000
0.000000
0.000000
0.000000
0.000000
0.000000
0.000000
0.000000
0.000000
0.000000
0.000000
0.000000
0.000000
0.000000
0.000000
0.000000
0.000000
0.000000
0.000000
0.000000
0.000000
0.000000
0.000000
0.000000
0.000000
0.000000
0.000000
0.000000
0.000000
