0.000000
0.142434
0.620268
3.118050
10.561764
23.813396
55.080672
130.198908
261.536715
495.954477
884.826039
1494.590189
2407.296677
3661.019341
5369.849257
7498.366378
10169.746213
13352.866009
17076.774195
21194.116199
25717.228168
30625.961301
35713.822860
41001.522095
46392.139193
51857.577994
57121.131285
62358.990425
67310.053250
71949.042495
76382.508092
80515.515599
84306.914121
87671.796384
90510.555914
93129.991432
95499.534335
97435.818349
99101.732715
100326.599573
101422.348443
102009.255302
102456.323947
102610.454341
102473.673888
102198.885827
101742.986183
101087.839179
100315.502753
99430.495698
98461.945210
97479.256854
96172.936392
94963.148784
93596.272468
92125.147661
90711.451738
89366.850692
87955.758477
86529.124441
85141.494334
83684.959362
82180.224493
80748.174658
79314.807274
77876.147544
76554.760643
75223.194554
73889.864493
72571.610402
71343.714151
70139.336833
68905.993410
67758.691265
66659.864400
65645.821682
64627.053609
63663.038305
62675.320410
61726.207417
60841.396681
59929.689001
59097.808151
58266.010593
57487.753706
56678.479222
55941.679414
55262.990479
54590.615794
53925.011926
53255.004049
52643.511385
52035.412899
51464.202800
50875.024472
50327.235943
49796.026965
49260.979154
48735.237152
48217.900818
47741.099125
47285.819915
46815.928763
46361.422043
45930.151528
45540.437803
45110.685170
44703.599046
44327.188526
43897.847242
43523.189884
43161.061501
42760.206595
42422.016162
42056.251486
41714.583794
41364.986723
41084.539567
40789.390212
40522.023956
40203.576825
39932.848476
39626.360062
39372.770976
39132.234238
38849.084225
38567.026842
38313.108811
38052.510933
37802.128416
37580.733961
37340.135972
37018.253754
36783.416834
36482.931642
36215.582465
35994.478521
35737.596011
35475.928482
35255.458767
35020.043221
34813.928098
34536.570575
34267.687869
34025.342064
33770.257642
33525.870341
33236.186883
32987.735936
32748.589873
32538.481737
32333.003124
32143.499970
31941.801117
31717.134811
31504.264334
31275.621915
31032.008637
30780.884574
30532.027861
30300.093254
30074.540807
29841.523995
29530.440377
29261.749609
29023.853593
28749.245357
28489.071261
28210.937002
27956.605647
27694.479351
27423.555883
27154.073499
26861.630619
26614.249956
26331.039208
26054.204682
25773.138801
25508.283014
25243.339235
24952.642304
24685.193022
24400.827734
24110.788852
23793.477906
23491.688524
23207.927162
22898.954110
22632.072685
22312.421853
22030.008365
21735.507805
21412.119414
21134.418119
20829.396624
20528.237682
20208.468366
19897.767771
19627.019547
19326.358371
19052.360057
18781.147456
18483.561127
18199.842393
17936.277782
17665.086477
17387.953372
17099.511194
16815.227762
16513.843216
16226.512766
15922.670247
15618.280442
15306.141976
14988.623425
14669.938600
14390.958343
14082.383070
13780.512906
13486.110035
13189.547301
12900.865766
12626.199106
12348.273101
12073.671708
11787.842036
11520.488584
11249.744679
10992.136152
10731.041812
10467.097169
10193.053019
9930.205700
9677.275683
9432.801608
9184.254234
8949.579787
8704.923968
8473.602225
8251.931762
8029.699378
7801.780786
7581.230742
7366.230791
7165.126271
6960.145119
6752.464553
6561.758849
6375.586422
6185.996552
5990.143237
5807.773575
5623.502420
5447.585221
5267.745554
5100.735094
4938.079195
4767.892084
4606.953820
4440.081820
4285.411585
4134.598741
3990.295592
3845.784144
3709.093886
3577.191961
3438.362774
3315.857097
3199.808887
3078.458320
2975.144902
2863.456884
2750.350805
2647.919106
2550.592502
2444.349925
2341.399832
2242.600180
2148.442908
2059.739171
1969.279414
1886.557827
1808.911407
1729.837945
1656.903604
1580.369522
1515.644236
1442.515645
1374.240611
1314.327069
1252.187619
1191.375200
1137.418986
1088.474842
1037.819282
991.095894
944.426945
899.306406
861.848284
819.625428
781.884016
743.000307
705.478373
669.011792
633.648433
602.424686
571.922535
541.687021
512.676641
484.978413
461.947327
435.170021
413.267224
391.969304
370.592803
351.119166
334.742297
315.560350
297.278545
281.646322
264.344191
248.960037
233.279447
218.166795
205.090321
192.927606
180.757070
169.095448
160.973404
152.083919
143.543627
133.563705
125.562171
118.545342
110.082495
103.121953
95.644360
88.797300
82.671122
78.117443
73.126718
69.740729
65.361353
62.389743
57.490402
53.821608
50.866186
47.278757
44.461666
41.447593
38.680981
35.456282
32.599653
30.506108
27.992890
25.875442
23.615049
21.847682
19.557870
18.699962
17.453491
15.995670
14.854476
13.902427
13.133238
12.083532
10.890152
10.098165
9.401481
8.568452
8.159065
7.346273
6.434276
6.101811
5.430892
4.913882
4.561230
4.095135
3.694753
3.316213
2.859576
2.519786
2.080033
1.660520
1.703604
1.605679
1.561725
1.490873
1.239006
1.139824
1.025738
0.955184
0.863704
0.820666
0.825864
0.728254
0.701629
0.716940
0.577284
0.470505
0.414143
0.345671
0.289775
0.274296
0.266958
0.226210
0.182181
0.195851
0.180975
0.170875
0.114922
0.117841
0.155914
0.089635
0.053584
0.041861
0.021521
0.003901
0.000000
0.000000
0.000000
0.000000
0.000000
0.000000
0.000000
0.000000
0.000000
0.000000
0.000000
0.000000
0.000000
0.000000
0.000000
0.000000
0.000000
0.000000
0.000000
0.000000
0.000000
0.000000
0.000000
0.000000
0.000000
0.000000
0.000000
0.000000
0.000000
0.000000
0.000000
0.000000
0.000000
0.000000
0.000000
0.000000
0.000000
0.000000
0.000000
0.000000
0.000000
0.000000
0.000000
0.000000
0.000000
0.000000
0.000000
0.000000
0.000000
0.000000
0.000000
0.000000
0.000000
0.000000
0.000000
0.000000
0.000000
0.000000
0.000000
0.000000
0.000000
0.000000
0.000000
0.000000
0.000000
0.000000
0.000000
0.000000
0.000000
0.000000
0.000000
0.000000
0.000000
0.000000
0.000000
0.000000
0.000000
0.000000
0.000000
0.000000
0.000000
0.000000
0.000000
0.000000
0.000000
0.000000
0.000000
0.000000
0.000000
0.000000
0.000000
0.000000
0.000000
0.000000
0.000000
0.000000
0.000000
0.000000
0.000000
0.000000
0.000000
0.000000
0.000000
0.000000
0.000000
0.000000
0.000000
0.000000
0.000000
0.000000
0.000000
0.000000
0.000000
0.000000
0.000000
0.000000
0.000000
0.000000
0.000000
0.000000
0.000000
0.000000
0.000000
0.000000
0.000000
0.000000
0.000000
0.000000
0.000000
0.000000
0.000000
0.000000
0.000000
0.000000
0.000000
0.000000
0.000000
0.000000
0.000000
0.000000
0.000000
0.000000
0.000000
0.000000
0.000000
0.000000
0.000000
0.000000
0.000000
0.000000
0.000000
0.000000
0.000000
0.000000
0.000000
0.000000
0.000000
0.000000
0.000000
0.000000
0.000000
0.000000
0.000000
0.000000
0.000000
0.000000
0.000000
0.000000
0.000000
0.000000
0.000000
0.000000
0.000000
0.000000
0.000000
0.000000
0.000000
0.000000
0.000000
0.000000
0.000000
0.000000
0.000000
0.000000
0.000000
0.000000
0.000000
0.000000
0.000000
0.000000
0.000000
0.000000
0.000000
0.000000
0.000000
0.000000
0.000000
0.000000
0.000000
0.000000
0.000000
0.000000
0.000000
0.000000
0.000000
0.000000
0.000000
0.000000
0.000000
0.000000
0.000000
0.000000
0.000000
0.000000
0.000000
0.000000
0.000000
0.000000
0.000000
0.000000
0.000000
0.000000
0.000000
0.000000
0.000000
0.000000
0.000000
0.000000
0.000000
0.000000
0.000000
0.000000
0.000000
0.000000
0.000000
0.000000
0.000000
0.000000
0.000000
0.000000
0.000000
0.000000
0.000000
0.000000
0.000000
0.000000
0.000000
0.000000
0.000000
0.000000
0.000000
0.000000
0.000000
0.000000
0.000000
0.000000
0.000000
0.000000
0.000000
0.000000
0.000000
0.000000
0.000000
0.000000
0.000000
0.000000
0.000000
0.000000
0.000000
0.000000
0.000000
0.000000
0.000000
0.000000
0.000000
0.000000
0.000000
0.000000
0.000000
0.000000
0.000000
0.000000
0.000000
0.000000
0.000000
0.000000
0.000000
0.000000
0.000000
0.000000
0.000000
0.000000
0.000000
0.000000
0.000000
0.000000
0.000000
0.000000
0.000000
0.000000
0.000000
0.000000
0.000000
0.000000
0.000000
0.000000
0.000000
0.000000
0.000000
0.000000
0.000000
0.000000
0.000000
0.000000
0.000000
0.000000
0.000000
0.000000
0.000000
0.000000
0.000000
0.000000
0.000000
0.000000
0.000000
0.000000
0.000000
0.000000
0.000000
0.000000
0.000000
0.000000
0.000000
0.000000
0.000000
0.000000
0.000000
0.000000
0.000000
0.000000
0.000000
0.000000
0.000000
0.000000
0.000000
0.000000
0.000000
0.000000
0.000000
0.000000
0.000000
0.000000
0.000000
0.000000
0.000000
0.000000
0.000000
0.000000
0.000000
0.000000
0.000000
0.000000
0.000000
0.000000
0.000000
0.000000
0.000000
0.000000
0.000000
0.000000
0.000000
0.000000
0.000000
0.000000
0.000000
0.000000
0.000000
0.000000
0.000000
0.000000
0.000000
0.000000
0.000000
0.000000
0.000000
0.000000
0.000000
0.000000
0.000000
0.000000
0.000000
0.000000
0.000000
0.000000
0.000000
0.000000
0.000000
0.000000
0.000000
0.000000
0.000000
0.000000
0.000000
0.000000
0.000000
0.000000
0.000000
0.000000
0.000000
0.000000
0.000000
0.000000
0.000000
0.000000
0.000000
0.000000
0.000000
0.000000
0.000000
0.000000
0.000000
0.000000
0.000000
0.000000
0.000000
0.000000
0.000000
0.000000
0.000000
0.000000
0.000000
0.000000
0.000000
0.000000
0.000000
0.000000
0.000000
0.000000
0.000000
0.000000
0.000000
0.000000
0.000000
0.000000
0.000000
0.000000
0.000000
0.000000
0.000000
0.000000
0.000000
0.000000
0.000000
0.000000
0.000000
0.000000
0.000000
0.000000
0.000000
0.000000
0.000000
0.000000
0.000000
0.000000
0.000000
0.000000
0.000000
0.000000
0.000000
0.000000
0.000000
0.000000
0.000000
0.000000
0.000000
0.000000
0.000000
0.000000
0.000000
0.000000
0.000000
0.000000
0.000000
0.000000
0.000000
0.000000
0.000000
0.000000
0.000000
0.000000
0.000000
0.000000
0.000000
0.000000
0.000000
0.000000
0.000000
0.000000
0.000000
0.000000
0.000000
0.000000
0.000000
0.000000
0.000000
0.000000
0.000000
0.000000
0.000000
0.000000
0.000000
0.000000
0.000000
0.000000
0.000000
0.000000
0.000000
0.000000
0.000000
0.000000
0.000000
0.000000
0.000000
0.000000
0.000000
0.000000
0.000000
0.000000
0.000000
0.000000
0.000000
0.000000
0.000000
0.000000
0.000000
0.000000
0.000000
0.000000
0.000000
0.000000
0.000000
0.000000
0.000000
0.000000
0.000000
0.000000
0.000000
0.000000
0.000000
0.000000
0.000000
0.000000
0.000000
0.000000
0.000000
0.000000
0.000000
0.000000
0.000000
0.000000
0.000000
0.000000
0.000000
0.000000
0.000000
0.000000
0.000000
0.000000
0.000000
0.000000
0.000000
0.000000
0.000000
0.000000
0.000000
0.000000
0.000000
0.000000
0.000000
0.000000
0.000000
0.000000
0.000000
