0.000000
0.158506
1.866155
12.558537
50.928887
152.127500
341.255690
727.530690
1439.683397
2574.940216
4242.602401
6512.710298
9658.676224
13752.867827
18667.450464
24306.417210
30926.504203
38205.052763
46114.405975
54287.963195
62565.560655
70755.424436
78714.866497
86325.994612
93395.045847
100130.592801
105973.305906
111164.796211
115582.018957
119275.653007
122213.399274
124599.842551
126388.680692
127377.828103
127965.724700
128017.314429
127476.198106
126724.591149
125473.384057
123938.957436
122015.612708
120011.367056
117718.473332
115269.056469
112739.871126
110073.157104
107401.996759
104726.931039
101962.867987
99306.664185
96726.136438
94162.765583
91672.299801
89137.328809
86681.371215
84230.259812
81906.238187
79632.938369
77371.801059
75234.711596
73201.661767
71212.618257
69298.590528
67460.351936
65659.202279
63893.401303
62348.516665
60815.267795
59377.283780
58041.916920
56735.174068
55452.296645
54191.006141
53016.504834
51852.901579
50715.611095
49652.919828
48643.709128
47649.550585
46765.824093
45876.097285
45045.446034
44210.797668
43394.088495
42688.830891
41964.599419
41238.641411
40582.657471
39955.290930
39404.099822
38840.770000
38322.136609
37818.859479
37277.588364
36809.574361
36328.423605
35889.207209
35471.169920
35120.299666
34730.295433
34312.492555
33959.722509
33594.868909
33278.033654
32918.687008
32645.398439
32382.237284
32116.582246
31853.704822
31623.072759
31401.655875
31194.348445
30935.995648
30717.702147
30521.030945
30256.360137
30051.201773
29883.640991
29674.087197
29511.232302
29379.782665
29224.598823
29099.006922
28931.089627
28820.754985
28687.133780
28559.779308
28451.577238
28342.048233
28266.749307
28200.197327
28121.820664
27996.719828
27875.739796
27765.144832
27686.398397
27600.273038
27501.652221
27386.850042
27332.309979
27270.873554
27170.687440
27096.059173
27030.161984
26923.173510
26823.709247
26716.017671
26629.469643
26551.945834
26496.059691
26442.277044
26385.367656
26330.704965
26223.109273
26126.308906
26052.787812
25959.436186
25845.934633
25762.460465
25705.734469
25616.336518
25493.732451
25387.430105
25286.449617
25210.525793
25092.254723
25027.393879
24923.957406
24809.504733
24705.171111
24606.415067
24544.202572
24438.404756
24317.629928
24226.425474
24103.047867
23961.598730
23821.139026
23698.865548
23564.017168
23440.425664
23305.543178
23175.183413
23014.336301
22849.060656
22685.603166
22542.109656
22338.555456
22123.909216
21971.634287
21793.484593
21625.200026
21452.170810
21242.414956
21052.095683
20874.408706
20674.282553
20446.131216
20265.928415
20078.361749
19890.488860
19678.465470
19469.751134
19283.326268
19054.033339
18854.260646
18639.285094
18420.139453
18206.594013
17978.099558
17725.694981
17478.240946
17252.572257
17004.935310
16769.668973
16530.843050
16283.272240
16054.708732
15801.433225
15541.304934
15283.086842
15037.060246
14797.603539
14566.848866
14308.007127
14052.933769
13804.815640
13548.319243
13309.622897
13050.848032
12802.846033
12554.262455
12348.752524
12120.211491
11900.326945
11682.755113
11440.473146
11208.062583
10977.913794
10748.791938
10531.457067
10304.590825
10086.012608
9888.493951
9674.965540
9468.325995
9266.943331
9057.735557
8850.087645
8640.194307
8432.756987
8220.868568
8016.401615
7815.746387
7620.988469
7409.513123
7218.625111
7018.019923
6827.944173
6639.553638
6460.740207
6272.628063
6078.710195
5898.996809
5734.051552
5564.358132
5387.574937
5223.803927
5067.021490
4898.075714
4748.607125
4586.894487
4429.667510
4293.342977
4154.503132
4023.021573
3884.548281
3759.060417
3627.829422
3504.506545
3379.760220
3253.379910
3137.967279
3020.016010
2908.259034
2805.685217
2696.881610
2583.516959
2483.264050
2387.315060
2286.155345
2186.350580
2096.801395
2017.033466
1933.549828
1854.737596
1779.388370
1701.429086
1628.679603
1557.814961
1494.030486
1427.033793
1362.067647
1298.503393
1240.575802
1183.528552
1130.055403
1077.878180
1030.039330
981.822211
941.216500
897.170782
852.251934
811.058272
775.016381
738.370704
700.348916
666.818570
634.486082
604.519443
574.244286
541.887106
514.944034
484.028609
458.271359
435.991219
415.707381
392.926634
372.255828
351.727470
331.758680
316.232330
300.890405
285.293302
269.614986
254.849411
240.947890
227.886774
215.119285
201.659693
190.115947
177.463971
168.630955
158.044541
148.575632
139.029490
129.661500
119.888117
112.293708
104.437656
97.377838
90.842049
83.982759
77.851235
74.025114
69.092452
64.760561
60.418881
56.665474
52.878155
49.594580
46.629424
43.228370
40.697632
37.870710
36.182286
33.694757
30.578610
28.522922
26.847655
25.258531
22.880151
21.200552
19.499023
17.733785
16.961472
15.908953
14.159423
12.891305
11.827347
10.991198
10.039772
9.749376
9.309763
8.497362
7.781802
7.029012
6.413770
5.959485
5.078732
4.612556
4.100450
3.696690
3.219769
2.953888
2.649353
2.256063
2.024736
1.729635
1.465226
1.370079
1.099287
1.036253
0.996994
0.962776
1.049752
0.988882
0.881810
0.787799
0.686581
0.564824
0.532446
0.493465
0.492512
0.550609
0.464810
0.470159
0.450495
0.458568
0.521122
0.515354
0.537329
0.453020
0.422977
0.348705
0.425347
0.480451
0.500108
0.459298
0.431306
0.419358
0.452198
0.413374
0.398278
0.352169
0.348581
0.312526
0.272980
0.236418
0.232657
0.198425
0.183360
0.168502
0.159856
0.188072
0.164151
0.111350
0.052639
0.032521
0.023385
0.006774
0.007918
0.003572
0.005345
0.002956
0.000000
0.000000
0.000000
0.000000
0.000000
0.000000
0.000000
0.000000
0.000000
0.000000
0.000000
0.000000
0.000000
0.000000
0.000000
0.000000
0.000000
0.000000
0.000000
0.000000
0.000000
0.000000
0.000000
0.000000
0.000000
0.000000
0.000000
0.000000
0.000000
0.000000
0.000000
0.000000
0.000000
0.000000
0.000000
0.000000
0.000000
0.000000
0.000000
0.000000
0.000000
0.000000
0.000000
0.000000
0.000000
0.000000
0.000000
0.000000
0.000000
0.000000
0.000000
0.000000
0.000000
0.000000
0.000000
0.000000
0.000000
0.000000
0.000000
0.000000
0.000000
0.000000
0.000000
0.000000
0.000000
0.000000
0.000000
0.000000
0.000000
0.000000
0.000000
0.000000
0.000000
0.000000
0.000000
0.000000
0.000000
0.000000
0.000000
0.000000
0.000000
0.000000
0.000000
0.000000
0.000000
0.000000
0.000000
0.000000
0.000000
0.000000
0.000000
0.000000
0.000000
0.000000
0.000000
0.000000
0.000000
0.000000
0.000000
0.000000
0.000000
0.000000
0.000000
0.000000
0.000000
0.000000
0.000000
0.000000
0.000000
0.000000
0.000000
0.000000
0.000000
0.000000
0.000000
0.000000
0.000000
0.000000
0.000000
0.000000
0.000000
0.000000
0.000000
0.000000
0.000000
0.000000
0.000000
0.000000
0.000000
0.000000
0.000000
0.000000
0.000000
0.000000
0.000000
0.000000
0.000000
0.000000
0.000000
0.000000
0.000000
0.000000
0.000000
0.000000
0.000000
0.000000
0.000000
0.000000
0.000000
0.000000
0.000000
0.000000
0.000000
0.000000
0.000000
0.000000
0.000000
0.000000
0.000000
0.000000
0.000000
0.000000
0.000000
0.000000
0.000000
0.000000
0.000000
0.000000
0.000000
0.000000
0.000000
0.000000
0.000000
0.000000
0.000000
0.000000
0.000000
0.000000
0.000000
0.000000
0.000000
0.000000
0.000000
0.000000
0.000000
0.000000
0.000000
0.000000
0.000000
0.000000
0.000000
0.000000
0.000000
0.000000
0.000000
0.000000
0.000000
0.000000
0.000000
0.000000
0.000000
0.000000
0.000000
0.000000
0.000000
0.000000
0.000000
0.000000
0.000000
0.000000
0.000000
0.000000
0.000000
0.000000
0.000000
0.000000
0.000000
0.000000
0.000000
0.000000
0.000000
0.000000
0.000000
0.000000
0.000000
0.000000
0.000000
0.000000
0.000000
0.000000
0.000000
0.000000
0.000000
0.000000
0.000000
0.000000
0.000000
0.000000
0.000000
0.000000
0.000000
0.000000
0.000000
0.000000
0.000000
0.000000
0.000000
0.000000
0.000000
0.000000
0.000000
0.000000
0.000000
0.000000
0.000000
0.000000
0.000000
0.000000
0.000000
0.000000
0.000000
0.000000
0.000000
0.000000
0.000000
0.000000
0.000000
0.000000
0.000000
0.000000
0.000000
0.000000
0.000000
0.000000
0.000000
0.000000
0.000000
0.000000
0.000000
0.000000
0.000000
0.000000
0.000000
0.000000
0.000000
0.000000
0.000000
0.000000
0.000000
0.000000
0.000000
0.000000
0.000000
0.000000
0.000000
0.000000
0.000000
0.000000
0.000000
0.000000
0.000000
0.000000
0.000000
0.000000
0.000000
0.000000
0.000000
0.000000
0.000000
0.000000
0.000000
0.000000
0.000000
0.000000
0.000000
0.000000
0.000000
0.000000
0.000000
0.000000
0.000000
0.000000
0.000000
0.000000
0.000000
0.000000
0.000000
0.000000
0.000000
0.000000
0.000000
0.000000
0.000000
0.000000
0.000000
0.000000
0.000000
0.000000
0.000000
0.000000
0.000000
0.000000
0.000000
0.000000
0.000000
0.000000
0.000000
0.000000
0.000000
0.000000
0.000000
0.000000
0.000000
0.000000
0.000000
0.000000
0.000000
0.000000
0.000000
0.000000
0.000000
0.000000
0.000000
0.000000
0.000000
0.000000
0.000000
0.000000
0.000000
0.000000
0.000000
0.000000
0.000000
0.000000
0.000000
0.000000
0.000000
0.000000
0.000000
0.000000
0.000000
0.000000
0.000000
0.000000
0.000000
0.000000
0.000000
0.000000
0.000000
0.000000
0.000000
0.000000
0.000000
0.000000
0.000000
0.000000
0.000000
0.000000
0.000000
0.000000
0.000000
0.000000
0.000000
0.000000
0.000000
0.000000
0.000000
0.000000
0.000000
0.000000
0.000000
0.000000
0.000000
0.000000
0.000000
0.000000
0.000000
0.000000
0.000000
0.000000
0.000000
0.000000
0.000000
0.000000
0.000000
0.000000
0.000000
0.000000
0.000000
0.000000
0.000000
0.000000
0.000000
0.000000
0.000000
0.000000
0.000000
0.000000
0.000000
0.000000
0.000000
0.000000
0.000000
0.000000
0.000000
0.000000
0.000000
0.000000
0.000000
0.000000
0.000000
0.000000
0.000000
0.000000
0.000000
0.000000
0.000000
0.000000
0.000000
0.000000
0.000000
0.000000
0.000000
0.000000
0.000000
0.000000
0.000000
0.000000
0.000000
0.000000
0.000000
0.000000
0.000000
0.000000
0.000000
0.000000
0.000000
0.000000
0.000000
0.000000
0.000000
0.000000
0.000000
0.000000
0.000000
0.000000
0.000000
0.000000
0.000000
0.000000
0.000000
0.000000
0.000000
0.000000
0.000000
0.000000
0.000000
0.000000
0.000000
0.000000
0.000000
0.000000
0.000000
0.000000
0.000000
0.000000
0.000000
0.000000
0.000000
0.000000
0.000000
0.000000
0.000000
0.000000
0.000000
0.000000
0.000000
0.000000
0.000000
0.000000
0.000000
0.000000
0.000000
0.000000
0.000000
0.000000
0.000000
0.000000
0.000000
0.000000
0.000000
0.000000
0.000000
0.000000
0.000000
0.000000
0.000000
0.000000
0.000000
0.000000
0.000000
0.000000
0.000000
0.000000
0.000000
0.000000
