0.214848
2.495740
13.445938
55.224627
182.101149
500.700549
1160.919876
2396.807700
4476.036832
7730.770928
12386.642316
18670.142777
26708.764360
36504.782156
47872.565637
60532.676772
74220.588947
88418.561045
102678.074162
116770.104698
130194.594273
142583.407242
153738.535033
163294.297443
171360.641099
177754.827116
182511.294456
185667.057263
187372.415028
187672.844350
186704.081526
184722.592433
181785.138493
178043.448079
173662.568672
168842.669598
163578.847392
158015.473300
152284.406282
146421.770740
140570.588940
134664.618393
128826.089976
123161.907074
117653.441364
112270.406608
107143.221597
102202.786636
97453.824140
92909.229006
88583.483375
84491.327752
80569.811612
76827.645712
73306.139363
69960.687666
66785.125698
63793.476458
60957.117619
58304.976178
55802.569931
53414.555966
51189.473188
49085.887518
47109.297047
45259.678611
43495.888699
41821.895282
40266.052792
38804.586560
37448.588539
36156.566826
34932.122340
33789.991043
32716.711828
31696.454424
30760.930715
29864.741782
29023.495271
28220.726933
27459.251036
26749.597056
26079.808656
25446.870229
24867.177402
24320.503972
23801.499517
23318.149973
22871.317979
22441.466234
22036.754546
21660.390510
21312.016763
20987.929118
20676.347568
20379.727882
20102.223289
19849.881580
19613.762554
19398.800382
19211.749110
19020.980327
18839.882814
18667.797794
18511.586418
18376.463318
18250.317093
18120.473481
18016.191370
17916.945573
17824.564443
17747.722399
17678.126297
17617.291003
17565.881416
17511.584120
17469.999745
17425.166638
17396.428711
17375.658098
17358.029323
17351.266929
17341.752674
17328.409862
17319.746007
17331.140304
17345.398642
17361.986268
17384.928346
17409.084633
17448.514698
17493.854956
17540.361327
17583.955241
17646.422409
17704.814539
17777.110259
17848.948188
17918.650121
17999.498677
18084.436851
18160.022714
18237.311983
18318.696340
18402.969942
18478.438033
18566.431741
18651.105216
18734.476846
18816.976705
18903.297150
18978.089578
19063.859389
19164.113213
19264.018468
19352.520307
19436.966942
19530.125670
19620.378869
19706.511918
19788.098023
19869.936475
19935.180970
20017.310230
20093.232594
20164.822295
20231.910085
20285.536457
20346.413868
20398.649359
20450.463604
20494.970825
20540.724307
20581.140180
20623.655744
20662.119957
20703.927568
20730.785265
20754.389929
20776.458853
20796.770873
20808.696287
20825.796678
20838.862148
20830.203809
20831.861387
20819.076000
20798.409330
20777.431115
20745.511997
20712.891951
20678.422787
20633.373361
20577.445422
20520.140413
20453.144692
20378.676957
20292.886854
20190.614369
20090.360600
19979.029638
19856.074921
19736.675585
19606.535772
19469.138493
19331.335768
19190.707844
19039.238299
18880.650544
18715.382822
18549.327131
18377.520013
18194.050213
18011.998958
17817.870894
17619.843029
17412.184183
17200.929853
16992.034405
16771.699971
16554.482847
16326.316005
16096.551325
15865.830501
15628.319132
15390.352293
15152.583750
14912.989913
14663.255383
14412.357733
14168.607124
13920.634054
13665.062546
13417.215159
13163.052732
12904.752000
12645.829652
12384.200317
12123.891891
11867.579675
11602.798185
11341.352814
11080.932638
10814.525011
10548.889876
10284.026439
10021.822801
9752.430550
9489.781049
9232.032126
8979.444617
8724.485547
8470.369087
8226.489653
7983.052876
7744.348447
7507.094250
7273.711669
7044.213413
6815.883799
6591.974761
6374.674974
6162.185602
5952.603900
5742.860626
5541.092612
5343.152264
5148.305282
4955.777676
4768.278000
4583.181766
4405.764690
4232.833107
4063.452473
3898.706065
3739.717558
3583.300564
3431.443819
3283.729974
3139.414677
2997.485440
2859.686376
2726.934874
2600.375118
2479.619647
2359.437474
2245.973939
2137.704901
2032.860127
1930.729524
1833.108349
1739.991650
1650.550015
1564.399789
1485.514516
1407.583464
1332.047366
1260.597139
1191.681417
1124.979025
1061.413673
1001.635711
944.164099
889.505519
837.467883
788.808445
743.325209
699.643130
657.809167
618.188014
580.734406
545.170267
510.621533
477.805581
446.963116
418.122585
390.352528
364.524550
339.873826
316.260627
294.508387
273.089461
254.097493
235.742946
217.573942
200.975409
186.097036
172.227337
158.758404
146.449203
135.051029
124.461585
115.192693
106.370145
98.648063
91.309375
84.378893
77.875015
71.553041
65.961636
60.787168
56.069897
51.686691
47.313143
43.373011
39.586231
36.131576
32.802479
29.807094
27.016952
24.532124
22.279614
20.226996
18.359143
16.603517
15.184952
13.837078
12.600632
11.428657
10.438339
9.506325
8.564994
7.783798
7.042143
6.389518
5.764579
5.186125
4.637430
4.182592
3.653474
3.193426
2.797136
2.408165
2.112758
1.844139
1.600787
1.383173
1.234890
1.053283
0.935257
0.827529
0.757254
0.667681
0.581540
0.515645
0.467003
0.423584
0.374637
0.329641
0.274608
0.247021
0.232323
0.189591
0.157691
0.128273
0.097305
0.077938
0.065961
0.050914
0.033563
0.024739
0.022090
0.015579
0.011562
0.011815
0.007710
0.003579
0.002441
0.000809
0.000666
0.000476
0.000110
0.000076
0.000000
0.000000
0.000000
0.000000
0.000000
0.000000
0.000000
0.000000
0.000000
0.000000
0.000000
0.000000
0.000000
0.000000
0.000000
0.000000
0.000000
0.000000
0.000000
0.000000
0.000000
0.000000
0.000000
0.000000
0.000000
0.000000
0.000000
0.000000
0.000000
0.000000
0.000000
0.000000
0.000000
0.000000
0.000000
0.000000
0.000000
0.000000
0.000000
0.000000
0.000000
0.000000
0.000000
0.000000
0.000000
0.000000
0.000000
0.000000
0.000000
0.000000
0.000000
0.000000
0.000000
0.000000
0.000000
0.000000
0.000000
0.000000
0.000000
0.000000
0.000000
0.000000
0.000000
0.000000
0.000000
0.000000
0.000000
0.000000
0.000000
0.000000
0.000000
0.000000
0.000000
0.000000
0.000000
0.000000
0.000000
0.000000
0.000000
0.000000
0.000000
0.000000
0.000000
0.000000
0.000000
0.000000
0.000000
0.000000
0.000000
0.000000
0.000000
0.000000
0.000000
0.000000
0.000000
0.000000
0.000000
0.000000
0.000000
0.000000
0.000000
0.000000
0.000000
0.000000
0.000000
0.000000
0.000000
0.000000
0.000000
0.000000
0.000000
0.000000
0.000000
0.000000
0.000000
0.000000
0.000000
0.000000
0.000000
0.000000
0.000000
0.000000
0.000000
0.000000
0.000000
0.000000
0.000000
0.000000
0.000000
0.000000
0.000000
0.000000
0.000000
0.000000
0.000000
0.000000
0.000000
0.000000
0.000000
0.000000
0.000000
0.000000
0.000000
0.000000
0.000000
0.000000
0.000000
0.000000
0.000000
0.000000
0.000000
0.000000
0.000000
0.000000
0.000000
0.000000
0.000000
0.000000
0.000000
0.000000
0.000000
0.000000
0.000000
0.000000
0.000000
0.000000
0.000000
0.000000
0.000000
0.000000
0.000000
0.000000
0.000000
0.000000
0.000000
0.000000
0.000000
0.000000
0.000000
0.000000
0.000000
0.000000
0.000000
0.000000
0.000000
0.000000
0.000000
0.000000
0.000000
0.000000
0.000000
0.000000
0.000000
0.000000
0.000000
0.000000
0.000000
0.000000
0.000000
0.000000
0.000000
0.000000
0.000000
0.000000
0.000000
0.000000
0.000000
0.000000
0.000000
0.000000
0.000000
0.000000
0.000000
0.000000
0.000000
0.000000
0.000000
0.000000
0.000000
0.000000
0.000000
0.000000
0.000000
0.000000
0.000000
0.000000
0.000000
0.000000
0.000000
0.000000
0.000000
0.000000
0.000000
0.000000
0.000000
0.000000
0.000000
0.000000
0.000000
0.000000
0.000000
0.000000
0.000000
0.000000
0.000000
0.000000
0.000000
0.000000
0.000000
0.000000
0.000000
0.000000
0.000000
0.000000
0.000000
0.000000
0.000000
0.000000
0.000000
0.000000
0.000000
0.000000
0.000000
0.000000
0.000000
0.000000
0.000000
0.000000
0.000000
0.000000
0.000000
0.000000
0.000000
0.000000
0.000000
0.000000
0.000000
0.000000
0.000000
0.000000
0.000000
0.000000
0.000000
0.000000
0.000000
0.000000
0.000000
0.000000
0.000000
0.000000
0.000000
0.000000
0.000000
0.000000
0.000000
0.000000
0.000000
0.000000
0.000000
0.000000
0.000000
0.000000
0.000000
0.000000
0.000000
0.000000
0.000000
0.000000
0.000000
0.000000
0.000000
0.000000
0.000000
0.000000
0.000000
0.000000
0.000000
0.000000
0.000000
0.000000
0.000000
0.000000
0.000000
0.000000
0.000000
0.000000
0.000000
0.000000
0.000000
0.000000
0.000000
0.000000
0.000000
0.000000
0.000000
0.000000
0.000000
0.000000
0.000000
0.000000
0.000000
0.000000
0.000000
0.000000
0.000000
0.000000
0.000000
0.000000
0.000000
0.000000
0.000000
0.000000
0.000000
0.000000
0.000000
0.000000
0.000000
0.000000
0.000000
0.000000
0.000000
0.000000
0.000000
0.000000
0.000000
0.000000
0.000000
0.000000
0.000000
0.000000
0.000000
0.000000
0.000000
0.000000
0.000000
0.000000
0.000000
0.000000
0.000000
0.000000
0.000000
0.000000
0.000000
0.000000
0.000000
0.000000
0.000000
0.000000
0.000000
0.000000
0.000000
0.000000
0.000000
0.000000
0.000000
0.000000
0.000000
0.000000
0.000000
0.000000
0.000000
0.000000
0.000000
0.000000
0.000000
0.000000
0.000000
0.000000
0.000000
0.000000
0.000000
0.000000
0.000000
0.000000
0.000000
0.000000
0.000000
0.000000
0.000000
0.000000
0.000000
0.000000
0.000000
0.000000
0.000000
0.000000
0.000000
0.000000
0.000000
0.000000
0.000000
0.000000
0.000000
0.000000
0.000000
0.000000
0.000000
0.000000
0.000000
0.000000
0.000000
0.000000
0.000000
0.000000
0.000000
0.000000
0.000000
0.000000
0.000000
0.000000
0.000000
0.000000
0.000000
0.000000
0.000000
0.000000
0.000000
0.000000
0.000000
0.000000
0.000000
0.000000
0.000000
0.000000
0.000000
0.000000
0.000000
0.000000
0.000000
0.000000
0.000000
0.000000
0.000000
0.000000
0.000000
0.000000
0.000000
0.000000
0.000000
0.000000
0.000000
0.000000
0.000000
0.000000
0.000000
0.000000
0.000000
0.000000
0.000000
0.000000
0.000000
0.000000
0.000000
0.000000
0.000000
0.000000
0.000000
0.000000
0.000000
0.000000
0.000000
0.000000
0.000000
0.000000
0.000000
0.000000
0.000000
0.000000
0.000000
0.000000
0.000000
0.000000
0.000000
0.000000
0.000000
0.000000
0.000000
0.000000
0.000000
0.000000
0.000000
0.000000
0.000000
0.000000
0.000000
0.000000
0.000000
0.000000
0.000000
0.000000
0.000000
0.000000
0.000000
0.000000
0.000000
0.000000
0.000000
0.000000
0.000000
0.000000
0.000000
0.000000
0.000000
0.000000
0.000000
0.000000
0.000000
0.000000
0.000000
0.000000
0.000000
0.000000
0.000000
0.000000
0.000000
0.000000
0.000000
0.000000
0.000000
0.000000
0.000000
0.000000
0.000000
0.000000
0.000000
0.000000
0.000000
0.000000
0.000000
0.000000
0.000000
0.000000
0.000000
0.000000
0.000000
0.000000
0.000000
0.000000
0.000000
0.000000
0.000000
0.000000
0.000000
0.000000
0.000000
0.000000
0.000000
0.000000
