0.000000
0.000000
0.000000
0.000000
0.000000
0.000000
0.000000
0.000000
0.000000
0.000000
0.000000
0.000000
0.000000
0.434057
0.761264
1.886358
9.773424
15.071555
17.831300
25.796016
30.631572
48.115885
74.063053
96.760947
154.768845
207.946004
316.238174
450.916334
620.674029
834.319131
1114.533446
1438.057132
1845.381890
2346.340674
2976.670462
3665.308774
4430.937588
5428.196393
6462.897927
7588.128404
9046.797747
10491.637441
12142.073073
13948.693313
16003.076184
18316.908176
20672.113848
23431.117501
26006.310130
28750.554760
31663.977654
34656.974789
37704.987450
40903.829939
44260.371072
47712.295586
51065.352577
54669.794349
58247.279916
61667.707646
65150.950777
68728.979622
72443.792284
75678.859311
79176.709073
82696.387879
85770.675775
88849.929992
91972.615735
94946.127917
97657.362523
100277.943324
102875.569761
105277.792600
107564.608121
109763.390393
111819.562505
113608.346330
115373.239628
117061.422229
118245.301359
119818.602043
120742.504271
121403.994089
122313.790654
123090.059048
123748.535088
124006.061827
124146.084553
124022.040010
124049.094097
123927.819453
123585.467568
123383.150127
122767.740341
122244.221882
121271.560785
120406.077986
119108.207155
118302.777830
117256.796205
116177.584692
114995.176621
113739.218881
112690.604766
111280.807253
109864.380222
108601.788639
107081.706276
105532.669695
104066.649773
102290.424837
100567.110466
99060.348140
97403.844749
95628.560662
94031.091336
92212.817840
90465.476925
88790.030210
87123.721815
85254.977317
83299.990859
81613.762104
80002.653143
78236.932657
76361.981058
74555.503272
72841.302867
70884.264001
69406.792383
67625.611812
65885.877094
64147.734335
62459.513168
60878.006291
59325.616935
57699.807976
56210.349664
54512.203062
53140.193130
51662.623495
50223.646602
48935.088909
47378.215988
46034.677636
44623.809567
43358.408689
42133.302197
40751.473794
39474.714965
38250.551329
37068.607111
35820.486010
34607.286466
33548.563875
32394.630688
31249.368154
30165.274000
29111.057491
28297.967509
27359.446521
26406.719317
25412.576627
24396.329346
23480.136945
22627.701336
21803.192897
20913.400810
20140.713584
19403.469878
18679.339247
18035.072095
17378.401417
16762.254678
16077.161605
15410.261248
14710.913000
14103.715642
13544.313712
12973.753015
12353.370597
11888.558214
11454.349278
10989.837058
10526.889157
10146.777335
9694.242667
9281.949309
8876.912776
8539.777077
8198.069243
7824.751739
7485.170647
7142.987659
6832.367694
6515.560887
6174.680438
5923.610135
5682.362517
5407.794862
5132.333477
4887.913696
4694.228719
4470.168508
4242.645005
4016.561739
3783.813400
3629.247353
3473.907897
3303.124576
3150.708434
3016.263714
2879.565655
2730.214673
2590.191726
2479.421909
2349.908463
2241.672783
2113.179443
2001.502280
1911.899720
1799.826978
1690.176567
1630.532062
1552.655287
1475.131942
1393.927827
1305.830528
1230.258245
1167.529908
1102.221507
1047.476369
998.642776
946.485183
898.081273
836.594480
784.138187
760.273228
716.733054
682.360496
659.991289
621.006058
585.137795
548.876726
508.147729
476.819779
449.080699
418.492505
401.909345
384.725214
366.433771
350.121374
326.870638
308.419197
292.466259
275.945692
264.834283
244.804592
229.979144
216.989217
199.931576
182.074129
173.281030
166.849345
159.478161
150.952602
139.768463
133.886509
128.228632
118.641702
109.865214
101.447249
95.719882
87.946401
81.707941
81.513772
80.091489
76.742015
71.651566
69.555033
64.003301
58.907048
55.296021
49.627534
45.406773
43.252396
38.823237
39.331785
36.991711
31.065490
28.599412
25.497164
22.805407
21.166729
19.664739
17.549623
15.719362
14.569612
11.853410
14.043020
12.196317
10.026665
9.959196
9.206682
9.295310
7.541859
6.660251
5.844137
5.836710
5.441410
4.023794
3.432683
4.148049
4.086827
4.159167
3.859307
4.193819
4.008807
3.453117
2.997406
3.169711
3.066550
2.424204
3.586535
2.874444
3.182451
2.849295
3.110137
3.632449
3.128252
2.945381
2.998521
3.114962
2.382690
2.184082
2.400225
2.114151
1.679667
1.929784
1.852784
1.495815
1.274151
0.699413
1.023194
0.856571
0.991245
0.982999
0.989718
1.059757
1.483463
1.096508
0.752140
0.508530
0.610832
0.380268
0.263800
0.174809
0.361191
0.257549
0.312691
0.591914
0.617324
0.592547
0.431951
0.484593
0.272573
0.187883
0.081010
0.084067
0.000000
0.000000
0.000000
0.000000
0.000000
0.000000
0.000000
0.000000
0.000000
0.000000
0.000000
0.000000
0.000000
0.000000
0.000000
0.000000
0.000000
0.000000
0.000000
0.000000
0.000000
0.000000
0.000000
0.000000
0.000000
0.000000
0.000000
0.000000
0.000000
0.000000
0.000000
0.000000
0.000000
0.000000
0.000000
0.000000
0.000000
0.000000
0.000000
0.000000
0.000000
0.000000
0.000000
0.000000
0.000000
0.000000
0.000000
0.000000
0.000000
0.000000
0.000000
0.000000
0.000000
0.000000
0.000000
0.000000
0.000000
0.000000
0.000000
0.000000
0.000000
0.000000
0.000000
0.000000
0.000000
0.000000
0.000000
0.000000
0.000000
0.000000
0.000000
0.000000
0.000000
0.000000
0.000000
0.000000
0.000000
0.000000
0.000000
0.000000
0.000000
0.000000
0.000000
0.000000
0.000000
0.000000
0.000000
0.000000
0.000000
0.000000
0.000000
0.000000
0.000000
0.000000
0.000000
0.000000
0.000000
0.000000
0.000000
0.000000
0.000000
0.000000
0.000000
0.000000
0.000000
0.000000
0.000000
0.000000
0.000000
0.000000
0.000000
0.000000
0.000000
0.000000
0.000000
0.000000
0.000000
0.000000
0.000000
0.000000
0.000000
0.000000
0.000000
0.000000
0.000000
0.000000
0.000000
0.000000
0.000000
0.000000
0.000000
0.000000
0.000000
0.000000
0.000000
0.000000
0.000000
0.000000
0.000000
0.000000
0.000000
0.000000
0.000000
0.000000
0.000000
0.000000
0.000000
0.000000
0.000000
0.000000
0.000000
0.000000
0.000000
0.000000
0.000000
0.000000
0.000000
0.000000
0.000000
0.000000
0.000000
0.000000
0.000000
0.000000
0.000000
0.000000
0.000000
0.000000
0.000000
0.000000
0.000000
0.000000
0.000000
0.000000
0.000000
0.000000
0.000000
0.000000
0.000000
0.000000
0.000000
0.000000
0.000000
0.000000
0.000000
0.000000
0.000000
0.000000
0.000000
0.000000
0.000000
0.000000
0.000000
0.000000
0.000000
0.000000
0.000000
0.000000
0.000000
0.000000
0.000000
0.000000
0.000000
0.000000
0.000000
0.000000
0.000000
0.000000
0.000000
0.000000
0.000000
0.000000
0.000000
0.000000
0.000000
0.000000
0.000000
0.000000
0.000000
0.000000
0.000000
0.000000
0.000000
0.000000
0.000000
0.000000
0.000000
0.000000
0.000000
0.000000
0.000000
0.000000
0.000000
0.000000
0.000000
0.000000
0.000000
0.000000
0.000000
0.000000
0.000000
0.000000
0.000000
0.000000
0.000000
0.000000
0.000000
0.000000
0.000000
0.000000
0.000000
0.000000
0.000000
0.000000
0.000000
0.000000
0.000000
0.000000
0.000000
0.000000
0.000000
0.000000
0.000000
0.000000
0.000000
0.000000
0.000000
0.000000
0.000000
0.000000
0.000000
0.000000
0.000000
0.000000
0.000000
0.000000
0.000000
0.000000
0.000000
0.000000
0.000000
0.000000
0.000000
0.000000
0.000000
0.000000
0.000000
0.000000
0.000000
0.000000
0.000000
0.000000
0.000000
0.000000
0.000000
0.000000
0.000000
0.000000
0.000000
0.000000
0.000000
0.000000
0.000000
0.000000
0.000000
0.000000
0.000000
0.000000
0.000000
0.000000
0.000000
0.000000
0.000000
0.000000
0.000000
0.000000
0.000000
0.000000
0.000000
0.000000
0.000000
0.000000
0.000000
0.000000
0.000000
0.000000
0.000000
0.000000
0.000000
0.000000
0.000000
0.000000
0.000000
0.000000
0.000000
0.000000
0.000000
0.000000
0.000000
0.000000
0.000000
0.000000
0.000000
0.000000
0.000000
0.000000
0.000000
0.000000
0.000000
0.000000
0.000000
0.000000
0.000000
0.000000
0.000000
0.000000
0.000000
0.000000
0.000000
0.000000
0.000000
0.000000
0.000000
0.000000
0.000000
0.000000
0.000000
0.000000
0.000000
0.000000
0.000000
0.000000
0.000000
0.000000
0.000000
0.000000
0.000000
0.000000
0.000000
0.000000
0.000000
0.000000
0.000000
0.000000
0.000000
0.000000
0.000000
0.000000
0.000000
0.000000
0.000000
0.000000
0.000000
0.000000
0.000000
0.000000
0.000000
0.000000
0.000000
0.000000
0.000000
0.000000
0.000000
0.000000
0.000000
0.000000
0.000000
0.000000
0.000000
0.000000
0.000000
0.000000
0.000000
0.000000
0.000000
0.000000
0.000000
0.000000
0.000000
0.000000
0.000000
0.000000
0.000000
0.000000
0.000000
0.000000
0.000000
0.000000
0.000000
0.000000
0.000000
0.000000
0.000000
0.000000
0.000000
0.000000
0.000000
0.000000
0.000000
0.000000
0.000000
0.000000
0.000000
0.000000
0.000000
0.000000
0.000000
0.000000
0.000000
0.000000
0.000000
0.000000
0.000000
0.000000
0.000000
0.000000
0.000000
0.000000
0.000000
0.000000
0.000000
0.000000
0.000000
0.000000
0.000000
0.000000
0.000000
0.000000
0.000000
0.000000
0.000000
0.000000
0.000000
0.000000
0.000000
0.000000
0.000000
0.000000
0.000000
0.000000
0.000000
0.000000
0.000000
0.000000
0.000000
0.000000
0.000000
0.000000
0.000000
0.000000
0.000000
0.000000
0.000000
0.000000
0.000000
0.000000
0.000000
0.000000
0.000000
0.000000
0.000000
0.000000
0.000000
0.000000
0.000000
0.000000
0.000000
0.000000
0.000000
0.000000
0.000000
0.000000
0.000000
0.000000
0.000000
0.000000
0.000000
0.000000
0.000000
0.000000
0.000000
0.000000
0.000000
0.000000
0.000000
0.000000
0.000000
0.000000
0.000000
0.000000
0.000000
0.000000
0.000000
0.000000
0.000000
0.000000
0.000000
0.000000
0.000000
0.000000
0.000000
0.000000
0.000000
0.000000
0.000000
0.000000
0.000000
0.000000
0.000000
0.000000
0.000000
0.000000
0.000000
0.000000
0.000000
0.000000
0.000000
0.000000
0.000000
0.000000
0.000000
0.000000
0.000000
0.000000
0.000000
0.000000
0.000000
0.000000
0.000000
0.000000
0.000000
0.000000
0.000000
0.000000
0.000000
0.000000
0.000000
0.000000
0.000000
0.000000
0.000000
0.000000
0.000000
0.000000
0.000000
0.000000
0.000000
0.000000
0.000000
0.000000
0.000000
0.000000
0.000000
0.000000
0.000000
0.000000
0.000000
0.000000
0.000000
0.000000
0.000000
0.000000
0.000000
0.000000
0.000000
0.000000
0.000000
0.000000
0.000000
0.000000
0.000000
0.000000
0.000000
0.000000
0.000000
0.000000
0.000000
0.000000
0.000000
0.000000
0.000000
0.000000
0.000000
0.000000
0.000000
0.000000
0.000000
0.000000
0.000000
0.000000
0.000000
