0.000000
0.000000
0.000000
0.000000
0.000000
0.000000
0.000000
0.000000
0.000000
0.002874
0.000000
0.027076
0.013007
0.020846
0.052302
0.185613
0.233709
0.538070
1.362413
2.650147
5.089715
9.702432
19.017701
33.865773
61.272974
99.954297
165.676312
260.646135
407.711427
615.181261
917.782155
1331.016854
1896.301964
2632.799922
3603.001114
4828.618850
6359.748353
8251.862637
10518.157044
13210.400452
16363.909341
19981.367681
24064.590623
28621.029961
33657.329650
39083.179922
44906.385178
51113.106312
57564.940294
64206.777748
70985.963643
77832.246117
84627.404343
91331.153191
97800.355995
104059.206164
109978.022483
115460.929092
120550.414650
125074.613903
129224.999681
132756.224225
135818.287018
138330.486755
140256.197968
141747.392138
142700.856053
143203.069664
143294.538078
142977.857507
142332.735038
141307.457977
140007.788420
138444.152338
136688.905645
134733.854254
132680.032546
130424.276064
128147.657165
125764.681318
123361.892623
120912.788513
118467.798146
116032.591115
113662.915294
111306.606495
109051.397707
106787.519776
104663.847515
102597.045987
100595.636926
98703.960495
96917.524361
95182.065317
93588.403559
92062.621646
90676.383233
89321.126761
88077.715656
86956.726937
85896.251850
84936.024155
84036.057008
83238.513965
82493.480098
81817.424469
81186.466133
80619.771879
80078.518552
79584.089155
79116.965568
78689.488250
78260.881297
77856.892928
77465.348421
77053.985987
76634.285908
76200.277485
75753.308207
75256.621022
74754.070541
74181.470183
73582.014520
72923.356632
72201.698914
71440.935504
70599.065843
69721.041757
68739.238613
67709.053364
66612.934756
65414.123051
64173.337093
62836.991482
61443.406886
59980.434635
58457.060972
56859.921775
55203.465123
53502.572765
51751.998036
49951.493793
48121.471781
46254.979397
44377.698954
42483.907612
40568.870063
38659.742779
36746.129742
34852.623662
32972.639207
31122.097567
29295.591153
27519.636718
25786.073558
24090.271430
22464.719107
20872.705379
19362.455713
17903.639477
16511.499005
15192.525800
13934.032230
12755.637673
11636.251035
10592.218738
9608.762225
8700.214748
7847.736209
7066.054000
6342.135453
5673.531144
5064.869274
4503.133313
3994.793718
3536.896631
3119.036199
2744.281951
2406.890974
2103.185174
1835.226388
1596.131774
1383.562976
1196.764981
1029.910965
885.847929
758.759760
648.130974
551.880937
468.149236
397.023361
335.068529
281.835391
236.510844
198.137618
165.741926
137.661338
114.511207
94.677665
78.617299
64.159018
52.868411
42.882064
35.072735
28.297610
23.194668
18.635254
15.156892
12.088112
9.749254
7.763234
6.111388
4.848854
3.911707
3.080844
2.467863
1.900351
1.495790
1.150119
0.921964
0.704011
0.553231
0.414826
0.311778
0.231060
0.182179
0.141684
0.100764
0.085646
0.055576
0.047559
0.030396
0.035424
0.018155
0.020073
0.012692
0.009590
0.007302
0.005742
0.003599
0.001356
0.001417
0.000651
0.000261
0.000419
0.000345
0.000162
0.001012
0.000061
0.000801
0.000000
0.000028
0.000000
0.000000
0.000000
0.000000
0.000000
0.000000
0.000000
0.000000
0.000000
0.000000
0.000000
0.000000
0.000000
0.000000
0.000000
0.000000
0.000000
0.000000
0.000000
0.000000
0.000000
0.000000
0.000000
0.000000
0.000000
0.000000
0.000000
0.000000
0.000000
0.000000
0.000000
0.000000
0.000000
0.000000
0.000000
0.000000
0.000000
0.000000
0.000000
0.000000
0.000000
0.000000
0.000000
0.000000
0.000000
0.000000
0.000000
0.000000
0.000000
0.000000
0.000000
0.000000
0.000000
0.000000
0.000000
0.000000
0.000000
0.000000
0.000000
0.000000
0.000000
0.000000
0.000000
0.000000
0.000000
0.000000
0.000000
0.000000
0.000000
0.000000
0.000000
0.000000
0.000000
0.000000
0.000000
0.000000
0.000000
0.000000
0.000000
0.000000
0.000000
0.000000
0.000000
0.000000
0.000000
0.000000
0.000000
0.000000
0.000000
0.000000
0.000000
0.000000
0.000000
0.000000
0.000000
0.000000
0.000000
0.000000
0.000000
0.000000
0.000000
0.000000
0.000000
0.000000
0.000000
0.000000
0.000000
0.000000
0.000000
0.000000
0.000000
0.000000
0.000000
0.000000
0.000000
0.000000
0.000000
0.000000
0.000000
0.000000
0.000000
0.000000
0.000000
0.000000
0.000000
0.000000
0.000000
0.000000
0.000000
0.000000
0.000000
0.000000
0.000000
0.000000
0.000000
0.000000
0.000000
0.000000
0.000000
0.000000
0.000000
0.000000
0.000000
0.000000
0.000000
0.000000
0.000000
0.000000
0.000000
0.000000
0.000000
0.000000
0.000000
0.000000
0.000000
0.000000
0.000000
0.000000
0.000000
0.000000
0.000000
0.000000
0.000000
0.000000
0.000000
0.000000
0.000000
0.000000
0.000000
0.000000
0.000000
0.000000
0.000000
0.000000
0.000000
0.000000
0.000000
0.000000
0.000000
0.000000
0.000000
0.000000
0.000000
0.000000
0.000000
0.000000
0.000000
0.000000
0.000000
0.000000
0.000000
0.000000
0.000000
0.000000
0.000000
0.000000
0.000000
0.000000
0.000000
0.000000
0.000000
0.000000
0.000000
0.000000
0.000000
0.000000
0.000000
0.000000
0.000000
0.000000
0.000000
0.000000
0.000000
0.000000
0.000000
0.000000
0.000000
0.000000
0.000000
0.000000
0.000000
0.000000
0.000000
0.000000
0.000000
0.000000
0.000000
0.000000
0.000000
0.000000
0.000000
0.000000
0.000000
0.000000
0.000000
0.000000
0.000000
0.000000
0.000000
0.000000
0.000000
0.000000
0.000000
0.000000
0.000000
0.000000
0.000000
0.000000
0.000000
