0.000000
0.000000
0.000000
0.000000
0.000000
0.000000
0.000000
0.000000
0.000000
0.000000
0.000000
0.000000
0.958852
4.407051
5.559371
10.820778
20.160482
29.112328
43.826366
71.229181
92.896160
140.800475
182.399411
260.110973
354.135308
475.479429
655.965614
916.723489
1241.905994
1571.640832
2023.597932
2527.190609
3160.473483
3912.599621
4696.741986
5555.300577
6617.543768
7824.928124
9002.400812
10391.906635
11952.247909
13548.059508
15429.393852
17580.464113
19713.687541
21903.513015
24225.426349
26904.141015
29413.477022
32331.515811
35286.074620
38304.357893
41401.644796
44599.085629
47882.301935
51184.490824
54651.846428
57948.304385
61162.872612
64507.284931
67694.470668
71274.419100
74423.868413
77557.986433
80678.001801
83824.206504
86627.112482
89352.267944
92053.751408
94642.424879
97648.277592
100154.238843
102326.078204
104579.328720
106443.340183
108538.431281
110346.229382
111912.415966
113399.418157
114664.621882
116068.864027
117290.516939
118175.547333
119189.974107
119708.424760
120280.631923
120734.621002
120979.688016
121166.695491
121079.669164
121027.616582
120798.495313
120344.278462
119971.546738
119620.843995
119018.564581
118512.779477
118081.020351
117166.661698
116299.643978
115300.997499
113976.640705
112896.838563
111603.268685
110218.695793
109011.867473
107737.932586
106135.171638
104180.951860
102593.358190
101113.481546
99848.928516
98084.813723
96483.025809
94958.786109
93510.638987
91759.010758
90238.563071
88596.697569
87021.583060
85165.530911
83557.009689
81609.920703
79933.071377
78063.384551
76366.819708
74681.435156
73051.424075
71355.423495
69562.111198
67981.627918
66468.563731
64797.954836
63296.748251
61603.889056
60049.310210
58333.047961
56830.305756
55125.906161
53861.856145
52269.682199
50913.010902
49585.098300
48127.088852
46734.623638
45437.424763
44100.462197
42739.057517
41522.929689
40298.807209
39099.771233
37843.893289
36772.584443
35673.526922
34602.640567
33525.406783
32488.540172
31479.915848
30379.010290
29444.847309
28482.100126
27535.685297
26502.416323
25636.999187
24791.551185
23894.969700
23060.972078
22316.119524
21551.718298
20762.686749
20063.971005
19344.636238
18639.324926
17916.010472
17246.842177
16629.340337
16020.171540
15419.642000
14850.967111
14228.047533
13750.538627
13192.647084
12654.831430
12142.231519
11668.090115
11259.704243
10797.137957
10426.695955
10020.390530
9634.377178
9238.305047
8904.221868
8547.002797
8164.289017
7873.247984
7557.839266
7255.177998
6955.751688
6633.233188
6323.748675
6052.150853
5768.162467
5512.981230
5288.658282
5027.240204
4804.735640
4591.046699
4430.094725
4234.495515
4052.201928
3856.517721
3693.179050
3536.552200
3388.258087
3249.466679
3112.365190
2935.626822
2803.154540
2656.598279
2499.024668
2399.596237
2271.618254
2143.836073
2026.889038
1917.355054
1823.622552
1725.757147
1623.968938
1542.222506
1469.970594
1394.639705
1329.696158
1263.715058
1203.234074
1150.519069
1082.951397
1029.951315
969.474894
932.498913
868.776047
826.548238
782.043421
742.673084
706.875136
669.339653
638.659728
609.451998
577.908516
557.499318
533.597087
508.452107
487.106559
466.147436
445.268142
421.246240
394.893550
364.269530
334.672707
312.674235
299.257213
277.981040
255.966610
241.311868
225.239685
208.156578
194.219253
183.281069
171.299840
157.435053
151.997235
132.415288
130.825386
125.656960
122.098128
113.481242
103.350025
98.478083
93.345541
87.407328
83.595267
77.863149
75.585195
71.922551
67.060694
65.208001
57.296737
53.244629
50.985806
45.854798
40.954685
41.240296
36.828355
36.373720
32.218681
30.510851
29.070726
28.120315
26.276262
24.534442
21.669873
21.060396
20.945757
20.057180
19.771083
16.504990
15.631628
14.355094
13.026408
12.462614
11.926727
11.035570
10.480864
11.687328
9.036207
8.314401
7.783741
7.759432
7.412937
7.077081
6.825270
6.758968
6.107316
5.171973
5.227274
4.096880
3.913278
3.285705
2.937968
2.726425
2.651444
2.320937
1.821249
1.571923
1.079094
0.879428
0.837284
1.029012
0.732992
0.563114
0.579780
0.425916
0.490520
0.593080
0.762320
0.432573
0.499026
0.612507
0.177198
0.084730
0.154030
0.042308
0.001686
0.000000
0.000000
0.000000
0.000000
0.000000
0.000000
0.000000
0.000000
0.000000
0.000000
0.000000
0.000000
0.000000
0.000000
0.000000
0.000000
0.000000
0.000000
0.000000
0.000000
0.000000
0.000000
0.000000
0.000000
0.000000
0.000000
0.000000
0.000000
0.000000
0.000000
0.000000
0.000000
0.000000
0.000000
0.000000
0.000000
0.000000
0.000000
0.000000
0.000000
0.000000
0.000000
0.000000
0.000000
0.000000
0.000000
0.000000
0.000000
0.000000
0.000000
0.000000
0.000000
0.000000
0.000000
0.000000
0.000000
0.000000
0.000000
0.000000
0.000000
0.000000
0.000000
0.000000
0.000000
0.000000
0.000000
0.000000
0.000000
0.000000
0.000000
0.000000
0.000000
0.000000
0.000000
0.000000
0.000000
0.000000
0.000000
0.000000
0.000000
0.000000
0.000000
0.000000
0.000000
0.000000
0.000000
0.000000
0.000000
0.000000
0.000000
0.000000
0.000000
0.000000
0.000000
0.000000
0.000000
0.000000
0.000000
0.000000
0.000000
0.000000
0.000000
0.000000
0.000000
0.000000
0.000000
0.000000
0.000000
0.000000
0.000000
0.000000
0.000000
0.000000
0.000000
0.000000
0.000000
0.000000
0.000000
0.000000
0.000000
0.000000
0.000000
0.000000
0.000000
0.000000
0.000000
0.000000
0.000000
0.000000
0.000000
0.000000
0.000000
0.000000
0.000000
0.000000
0.000000
0.000000
0.000000
0.000000
0.000000
0.000000
0.000000
0.000000
0.000000
0.000000
0.000000
0.000000
0.000000
0.000000
0.000000
0.000000
0.000000
0.000000
0.000000
0.000000
0.000000
0.000000
0.000000
0.000000
0.000000
0.000000
0.000000
0.000000
0.000000
0.000000
0.000000
0.000000
0.000000
0.000000
0.000000
0.000000
0.000000
0.000000
0.000000
0.000000
0.000000
0.000000
0.000000
0.000000
0.000000
0.000000
0.000000
0.000000
0.000000
0.000000
0.000000
0.000000
0.000000
0.000000
0.000000
0.000000
0.000000
0.000000
0.000000
0.000000
0.000000
0.000000
0.000000
0.000000
0.000000
0.000000
0.000000
0.000000
0.000000
0.000000
0.000000
0.000000
0.000000
0.000000
0.000000
0.000000
0.000000
0.000000
0.000000
0.000000
0.000000
0.000000
0.000000
0.000000
0.000000
0.000000
0.000000
0.000000
0.000000
0.000000
0.000000
0.000000
0.000000
0.000000
0.000000
0.000000
0.000000
0.000000
0.000000
0.000000
0.000000
0.000000
0.000000
0.000000
0.000000
0.000000
0.000000
0.000000
0.000000
0.000000
0.000000
0.000000
0.000000
0.000000
0.000000
0.000000
0.000000
0.000000
0.000000
0.000000
0.000000
0.000000
0.000000
0.000000
0.000000
0.000000
0.000000
0.000000
0.000000
0.000000
0.000000
0.000000
0.000000
0.000000
0.000000
0.000000
0.000000
0.000000
0.000000
0.000000
0.000000
0.000000
0.000000
0.000000
0.000000
0.000000
0.000000
0.000000
0.000000
0.000000
0.000000
0.000000
0.000000
0.000000
0.000000
0.000000
0.000000
0.000000
0.000000
0.000000
0.000000
0.000000
0.000000
0.000000
0.000000
0.000000
0.000000
0.000000
0.000000
0.000000
0.000000
0.000000
0.000000
0.000000
0.000000
0.000000
0.000000
0.000000
0.000000
0.000000
0.000000
0.000000
0.000000
0.000000
0.000000
0.000000
0.000000
0.000000
0.000000
0.000000
0.000000
0.000000
0.000000
0.000000
0.000000
0.000000
0.000000
0.000000
0.000000
0.000000
0.000000
0.000000
0.000000
0.000000
0.000000
0.000000
0.000000
0.000000
0.000000
0.000000
0.000000
0.000000
0.000000
0.000000
0.000000
0.000000
0.000000
0.000000
0.000000
0.000000
0.000000
0.000000
0.000000
0.000000
0.000000
0.000000
0.000000
0.000000
0.000000
0.000000
0.000000
0.000000
0.000000
0.000000
0.000000
0.000000
0.000000
0.000000
0.000000
0.000000
0.000000
0.000000
0.000000
0.000000
0.000000
0.000000
0.000000
0.000000
0.000000
0.000000
0.000000
0.000000
0.000000
0.000000
0.000000
0.000000
0.000000
0.000000
0.000000
0.000000
0.000000
0.000000
0.000000
0.000000
0.000000
0.000000
0.000000
0.000000
0.000000
0.000000
0.000000
0.000000
0.000000
0.000000
0.000000
0.000000
0.000000
0.000000
0.000000
0.000000
0.000000
0.000000
0.000000
0.000000
0.000000
0.000000
0.000000
0.000000
0.000000
0.000000
0.000000
0.000000
0.000000
0.000000
0.000000
0.000000
0.000000
0.000000
0.000000
0.000000
0.000000
0.000000
0.000000
0.000000
0.000000
0.000000
0.000000
0.000000
0.000000
0.000000
0.000000
0.000000
0.000000
0.000000
0.000000
0.000000
0.000000
0.000000
0.000000
0.000000
0.000000
0.000000
0.000000
0.000000
0.000000
0.000000
0.000000
0.000000
0.000000
0.000000
0.000000
0.000000
0.000000
0.000000
0.000000
0.000000
0.000000
0.000000
0.000000
0.000000
0.000000
0.000000
0.000000
0.000000
0.000000
0.000000
0.000000
0.000000
0.000000
0.000000
0.000000
0.000000
0.000000
0.000000
0.000000
0.000000
0.000000
0.000000
0.000000
0.000000
0.000000
0.000000
0.000000
0.000000
0.000000
0.000000
0.000000
0.000000
0.000000
0.000000
0.000000
0.000000
0.000000
0.000000
0.000000
0.000000
0.000000
0.000000
0.000000
0.000000
0.000000
0.000000
0.000000
0.000000
0.000000
0.000000
0.000000
0.000000
0.000000
0.000000
0.000000
0.000000
0.000000
0.000000
0.000000
0.000000
0.000000
0.000000
0.000000
0.000000
0.000000
0.000000
0.000000
0.000000
0.000000
0.000000
0.000000
0.000000
0.000000
0.000000
0.000000
0.000000
0.000000
0.000000
0.000000
0.000000
0.000000
0.000000
0.000000
0.000000
0.000000
0.000000
0.000000
0.000000
0.000000
0.000000
0.000000
0.000000
0.000000
0.000000
0.000000
0.000000
0.000000
0.000000
0.000000
0.000000
0.000000
0.000000
0.000000
0.000000
0.000000
0.000000
0.000000
0.000000
0.000000
0.000000
0.000000
0.000000
0.000000
0.000000
0.000000
0.000000
0.000000
0.000000
0.000000
0.000000
0.000000
0.000000
0.000000
0.000000
0.000000
0.000000
0.000000
0.000000
0.000000
0.000000
0.000000
0.000000
0.000000
0.000000
0.000000
0.000000
0.000000
0.000000
0.000000
0.000000
0.000000
0.000000
0.000000
0.000000
0.000000
0.000000
0.000000
0.000000
0.000000
0.000000
0.000000
0.000000
0.000000
0.000000
0.000000
0.000000
0.000000
0.000000
0.000000
0.000000
0.000000
0.000000
0.000000
0.000000
0.000000
0.000000
0.000000
0.000000
0.000000
0.000000
0.000000
0.000000
0.000000
0.000000
0.000000
0.000000
0.000000
0.000000
