0.000000
0.000000
0.000000
0.000000
0.000000
0.000000
0.000000
0.000000
0.000000
0.000530
0.024037
0.486845
1.055213
1.602914
1.646158
2.292690
4.197043
6.282203
10.212658
17.130201
30.301885
48.254138
73.069872
100.544920
144.836202
201.854376
283.483232
376.472479
500.754130
667.335016
868.055637
1118.173750
1420.888913
1813.468904
2261.661174
2788.600908
3398.996225
4107.762031
4927.997073
5884.852820
6925.010896
8111.425226
9452.770807
10986.230259
12666.511033
14482.709413
16453.884240
18568.488716
20833.264283
23248.428479
25874.780590
28649.831073
31593.522565
34667.846332
37844.764142
41185.461633
44549.564736
48104.756978
51798.294518
55557.046081
59339.141708
63168.012019
67022.507356
70871.247160
74755.903931
78676.164335
82575.216848
86406.586573
90132.093209
93973.371879
97648.107375
101237.470263
104601.238244
107880.013868
111131.660545
114175.568673
117126.853776
119850.910587
122530.193948
125072.441326
127387.337862
129482.922815
131355.166698
133137.545819
134676.691676
135998.426141
137260.377278
138159.040874
138880.877378
139520.359796
139805.955917
139975.310967
139976.371529
139836.139730
139531.993755
139010.955222
138450.286606
137651.904835
136825.070450
135760.963082
134631.508118
133248.056014
131742.497292
130163.886304
128458.158978
126807.418454
125027.483238
123123.036023
121092.338530
119025.312697
116902.803921
114723.604860
112483.347850
110193.405327
107789.211210
105463.239049
103071.349276
100656.734819
98133.933191
95628.292632
93187.102844
90752.308705
88284.983019
85881.461541
83459.154078
81046.598550
78618.437769
76245.637724
73882.889359
71537.469730
69285.778020
67024.206001
64868.076737
62619.322131
60487.727220
58378.793501
56301.122650
54280.968412
52290.485605
50331.359603
48432.068650
46564.960980
44815.276456
43116.992184
41427.360606
39760.609841
38186.897391
36621.057868
35081.906550
33606.940124
32174.790184
30798.736880
29494.225044
28195.479681
26951.678846
25770.952856
24616.081535
23535.197617
22491.460368
21455.187166
20434.451414
19469.161519
18552.718435
17646.784002
16775.530116
15945.260805
15155.114432
14387.045449
13655.280623
12937.960016
12263.877865
11626.665909
11008.059442
10447.696070
9884.824256
9351.364545
8844.112242
8366.857404
7906.680911
7471.135309
7045.378350
6651.423251
6277.125068
5901.207835
5547.650823
5222.644632
4915.164458
4642.974777
4362.412931
4096.846393
3852.237397
3611.358594
3397.531988
3185.607846
2992.973469
2807.066641
2631.974814
2478.887121
2327.676133
2177.403505
2047.311155
1916.129453
1791.725102
1677.538280
1563.455028
1465.116402
1365.136786
1279.972176
1196.339777
1116.827279
1048.186007
977.748326
908.662929
847.253304
788.399453
735.186591
688.365735
639.896380
597.950670
554.873871
515.246910
474.640011
435.341953
407.893402
377.711747
351.562972
329.692820
307.939054
286.836823
263.854208
243.820255
224.581431
207.250915
189.597098
176.286954
164.130353
149.628893
137.763614
128.164001
118.761188
110.716938
102.209229
94.362478
86.791894
80.585890
73.691997
67.192138
61.450312
57.250431
52.804681
48.442134
43.883324
39.900379
37.576888
35.061238
32.065500
28.517685
25.942121
24.250426
21.951010
19.919517
17.966061
15.792026
14.739814
13.446525
12.019255
11.049460
10.063935
9.580192
8.780959
8.128312
7.717317
6.831284
6.212614
5.734537
5.007749
4.325781
4.245480
3.531009
3.106592
2.908907
2.571873
2.524120
2.252399
1.854890
1.650703
1.528080
1.295319
1.058075
0.977706
0.914482
0.924778
0.821772
0.786474
0.691392
0.655060
0.593205
0.506195
0.477196
0.521858
0.402148
0.473730
0.459582
0.440093
0.460867
0.359714
0.263954
0.276604
0.224558
0.249220
0.205384
0.166720
0.239736
0.204207
0.163162
0.172793
0.140871
0.123715
0.122571
0.078093
0.076454
0.083549
0.116054
0.100271
0.103869
0.082359
0.063469
0.080945
0.059568
0.037487
0.033290
0.014255
0.001487
0.004804
0.000000
0.000000
0.000000
0.000000
0.000000
0.000000
0.000000
0.000000
0.000000
0.000000
0.000000
0.000000
0.000000
0.000000
0.000000
0.000000
0.000000
0.000000
0.000000
0.000000
0.000000
0.000000
0.000000
0.000000
0.000000
0.000000
0.000000
0.000000
0.000000
0.000000
0.000000
0.000000
0.000000
0.000000
0.000000
0.000000
0.000000
0.000000
0.000000
0.000000
0.000000
0.000000
0.000000
0.000000
0.000000
0.000000
0.000000
0.000000
0.000000
0.000000
0.000000
0.000000
0.000000
0.000000
0.000000
0.000000
0.000000
0.000000
0.000000
0.000000
0.000000
0.000000
0.000000
0.000000
0.000000
0.000000
0.000000
0.000000
0.000000
0.000000
0.000000
0.000000
0.000000
0.000000
0.000000
0.000000
0.000000
0.000000
0.000000
0.000000
0.000000
0.000000
0.000000
0.000000
0.000000
0.000000
0.000000
0.000000
0.000000
0.000000
0.000000
0.000000
0.000000
0.000000
0.000000
0.000000
0.000000
0.000000
0.000000
0.000000
0.000000
0.000000
0.000000
0.000000
0.000000
0.000000
0.000000
0.000000
0.000000
0.000000
0.000000
0.000000
0.000000
0.000000
0.000000
0.000000
0.000000
0.000000
0.000000
0.000000
0.000000
0.000000
0.000000
0.000000
0.000000
0.000000
0.000000
0.000000
0.000000
0.000000
0.000000
0.000000
0.000000
0.000000
0.000000
0.000000
0.000000
0.000000
0.000000
0.000000
0.000000
0.000000
0.000000
0.000000
0.000000
0.000000
0.000000
0.000000
0.000000
0.000000
0.000000
0.000000
0.000000
0.000000
0.000000
0.000000
0.000000
0.000000
0.000000
0.000000
0.000000
0.000000
0.000000
0.000000
0.000000
0.000000
0.000000
0.000000
0.000000
0.000000
0.000000
0.000000
0.000000
0.000000
0.000000
0.000000
0.000000
0.000000
0.000000
0.000000
0.000000
0.000000
0.000000
0.000000
0.000000
0.000000
0.000000
0.000000
0.000000
0.000000
0.000000
0.000000
0.000000
0.000000
0.000000
0.000000
0.000000
0.000000
0.000000
0.000000
0.000000
0.000000
0.000000
0.000000
0.000000
0.000000
0.000000
0.000000
0.000000
0.000000
0.000000
0.000000
0.000000
0.000000
0.000000
0.000000
0.000000
0.000000
0.000000
0.000000
0.000000
0.000000
0.000000
0.000000
0.000000
0.000000
0.000000
0.000000
0.000000
0.000000
0.000000
0.000000
0.000000
0.000000
0.000000
0.000000
0.000000
0.000000
0.000000
0.000000
0.000000
0.000000
0.000000
0.000000
0.000000
0.000000
0.000000
0.000000
0.000000
0.000000
0.000000
0.000000
0.000000
0.000000
0.000000
0.000000
0.000000
0.000000
0.000000
0.000000
0.000000
0.000000
0.000000
0.000000
0.000000
0.000000
0.000000
0.000000
0.000000
0.000000
0.000000
0.000000
0.000000
0.000000
0.000000
0.000000
0.000000
0.000000
0.000000
0.000000
0.000000
0.000000
0.000000
0.000000
0.000000
0.000000
0.000000
0.000000
0.000000
0.000000
0.000000
0.000000
0.000000
0.000000
0.000000
0.000000
0.000000
0.000000
0.000000
0.000000
0.000000
0.000000
0.000000
0.000000
0.000000
0.000000
0.000000
0.000000
0.000000
0.000000
0.000000
0.000000
0.000000
0.000000
0.000000
0.000000
0.000000
0.000000
0.000000
0.000000
0.000000
0.000000
0.000000
0.000000
0.000000
0.000000
0.000000
0.000000
0.000000
0.000000
0.000000
0.000000
0.000000
0.000000
0.000000
0.000000
0.000000
0.000000
0.000000
0.000000
0.000000
0.000000
0.000000
0.000000
0.000000
0.000000
0.000000
0.000000
0.000000
0.000000
0.000000
0.000000
0.000000
0.000000
0.000000
0.000000
0.000000
0.000000
0.000000
0.000000
0.000000
0.000000
0.000000
0.000000
0.000000
0.000000
0.000000
0.000000
0.000000
0.000000
0.000000
0.000000
0.000000
0.000000
0.000000
0.000000
0.000000
0.000000
0.000000
0.000000
0.000000
0.000000
0.000000
0.000000
0.000000
0.000000
0.000000
0.000000
0.000000
0.000000
0.000000
0.000000
0.000000
0.000000
0.000000
0.000000
0.000000
0.000000
0.000000
0.000000
0.000000
0.000000
0.000000
0.000000
0.000000
0.000000
0.000000
0.000000
0.000000
0.000000
0.000000
0.000000
0.000000
0.000000
0.000000
0.000000
0.000000
0.000000
0.000000
0.000000
0.000000
0.000000
0.000000
0.000000
0.000000
0.000000
0.000000
0.000000
0.000000
0.000000
0.000000
0.000000
0.000000
0.000000
0.000000
0.000000
0.000000
0.000000
0.000000
0.000000
0.000000
0.000000
0.000000
0.000000
0.000000
0.000000
0.000000
0.000000
0.000000
0.000000
0.000000
0.000000
0.000000
0.000000
0.000000
0.000000
0.000000
0.000000
0.000000
0.000000
0.000000
0.000000
0.000000
0.000000
0.000000
0.000000
0.000000
0.000000
0.000000
0.000000
0.000000
0.000000
0.000000
0.000000
0.000000
0.000000
0.000000
0.000000
0.000000
0.000000
0.000000
0.000000
0.000000
0.000000
0.000000
0.000000
0.000000
0.000000
0.000000
0.000000
0.000000
0.000000
0.000000
0.000000
0.000000
0.000000
0.000000
0.000000
0.000000
0.000000
0.000000
0.000000
0.000000
0.000000
0.000000
0.000000
0.000000
0.000000
0.000000
0.000000
0.000000
0.000000
0.000000
0.000000
0.000000
0.000000
0.000000
0.000000
0.000000
0.000000
0.000000
0.000000
0.000000
0.000000
0.000000
0.000000
0.000000
0.000000
0.000000
0.000000
0.000000
0.000000
0.000000
0.000000
0.000000
0.000000
0.000000
0.000000
0.000000
0.000000
0.000000
0.000000
0.000000
0.000000
0.000000
0.000000
0.000000
0.000000
0.000000
0.000000
0.000000
0.000000
0.000000
0.000000
0.000000
0.000000
0.000000
0.000000
0.000000
0.000000
0.000000
0.000000
0.000000
0.000000
0.000000
0.000000
0.000000
0.000000
0.000000
0.000000
0.000000
0.000000
0.000000
0.000000
0.000000
0.000000
0.000000
0.000000
0.000000
0.000000
0.000000
0.000000
0.000000
0.000000
0.000000
0.000000
0.000000
0.000000
0.000000
0.000000
0.000000
0.000000
0.000000
0.000000
0.000000
0.000000
0.000000
0.000000
0.000000
0.000000
0.000000
0.000000
0.000000
0.000000
0.000000
0.000000
0.000000
0.000000
0.000000
0.000000
0.000000
0.000000
0.000000
0.000000
0.000000
0.000000
0.000000
0.000000
0.000000
0.000000
0.000000
0.000000
0.000000
0.000000
0.000000
0.000000
0.000000
0.000000
0.000000
0.000000
0.000000
0.000000
0.000000
0.000000
0.000000
0.000000
0.000000
0.000000
0.000000
0.000000
0.000000
0.000000
0.000000
0.000000
0.000000
0.000000
0.000000
0.000000
0.000000
0.000000
0.000000
0.000000
0.000000
0.000000
0.000000
0.000000
0.000000
0.000000
0.000000
0.000000
0.000000
0.000000
0.000000
0.000000
0.000000
0.000000
0.000000
