0.000000
0.000000
0.000000
0.000000
0.000000
0.000000
0.112127
0.790842
2.337662
5.740006
14.013233
26.627928
47.268771
86.231254
149.451621
252.278749
397.449110
601.726692
885.166405
1260.956653
1756.041200
2360.985795
3122.015085
4022.621002
5085.506156
6289.536637
7715.924560
9361.019589
11118.325594
13072.437075
15222.793105
17610.223012
20104.511077
22778.586898
25559.637131
28534.085297
31608.687988
34680.096520
37813.003973
40931.357732
44084.637114
47230.252919
50386.636481
53475.362655
56349.928125
59340.286429
62263.033451
65056.037097
67727.463340
70377.760441
72810.975629
75147.993918
77383.055877
79569.287945
81548.787487
83347.242288
85108.020082
86720.742130
88254.795670
89692.784152
91024.675974
92151.403637
93224.023960
94208.593199
95093.286683
95842.980585
96493.413354
96955.693447
97508.373325
97894.817825
98047.966874
98252.385396
98243.498717
98140.862210
98016.488349
97817.133534
97548.058834
97314.147508
96997.856947
96635.547665
96231.920807
95748.690091
95190.590550
94729.634748
94173.950612
93610.410222
93002.034425
92438.922857
91856.114892
91141.311590
90478.008783
89749.128924
89009.743384
88162.008987
87365.473916
86526.318604
85634.753366
84711.210916
83777.941900
82927.006456
82034.788760
81098.924220
80145.029064
79291.649534
78386.165749
77494.565359
76654.636406
75735.465788
74849.021448
73917.021577
73080.784964
72229.726662
71300.982829
70404.535801
69441.558610
68496.427739
67582.851649
66696.862964
65868.819324
64964.572595
64026.332521
63218.266860
62389.377507
61577.567376
60709.952156
59863.595162
58989.335132
58108.764472
57247.095573
56450.117368
55580.492018
54700.645209
53857.673243
53030.606453
52210.190843
51383.197244
50559.953778
49740.057628
48963.426323
48223.339129
47431.310588
46652.898966
45852.709995
45074.379923
44270.205507
43446.297307
42686.322838
41926.898304
41179.285306
40411.864245
39672.444033
38910.346145
38139.465954
37438.501885
36680.595505
36029.005718
35348.996383
34645.170053
33933.605623
33225.973346
32530.198185
31865.163743
31191.578682
30535.753101
29873.869604
29212.528140
28589.247606
27954.280837
27308.395955
26691.709075
26091.586234
25474.227446
24867.586407
24256.456039
23619.200910
23025.214345
22435.876327
21864.388552
21295.375275
20725.853763
20165.117204
19603.844738
19089.802769
18572.706346
18028.632659
17540.337000
17043.304704
16571.631645
16131.825393
15643.499408
15188.064960
14752.357005
14327.052447
13896.169221
13492.138205
13086.016575
12693.009033
12294.032933
11920.280435
11550.608766
11184.462592
10833.793857
10500.922433
10163.398475
9831.119848
9516.011960
9203.724374
8900.910431
8604.610012
8313.830821
8015.499822
7747.429649
7482.252337
7220.142220
6986.223579
6757.057792
6515.585706
6282.352866
6063.662575
5840.034028
5643.664252
5430.106514
5230.363069
5029.532026
4837.616018
4639.937233
4456.373066
4280.522295
4106.424490
3936.229682
3763.124284
3608.996502
3468.881044
3331.108337
3191.976043
3064.091270
2938.279321
2811.524301
2695.319131
2573.729359
2452.825320
2337.336787
2228.921548
2125.727769
2027.837623
1936.192928
1838.354937
1751.213354
1667.417124
1586.619359
1511.217623
1437.778081
1371.412424
1303.592812
1234.012983
1173.001572
1111.193849
1050.333736
996.096783
946.400611
902.521668
864.453080
815.151688
775.537222
737.863915
700.568852
666.867558
630.479592
601.267005
570.801188
542.020542
510.299711
486.166445
459.245101
434.894311
411.866439
390.882371
366.194787
343.790060
323.491342
303.647973
283.103439
266.993931
252.476480
237.284300
221.332021
208.025158
197.110771
185.457381
173.986398
163.241863
153.058380
142.240306
133.585726
126.112592
118.227667
109.976355
100.964554
94.195721
88.908297
82.453010
76.511824
70.631502
65.139269
60.806610
56.034073
53.176307
49.759035
46.284611
42.757728
38.819377
36.727441
34.055965
31.748021
29.329363
27.181417
25.134370
22.791957
20.556819
19.137179
17.806956
16.517311
15.467103
14.145648
13.697233
12.847928
11.997725
10.941694
10.134802
9.573823
9.097929
8.481280
7.828802
6.978964
6.280976
5.742800
5.252555
4.801639
4.460922
3.851809
3.117154
2.695812
2.456839
2.242408
2.136417
2.031130
1.714225
1.582779
1.397805
1.315806
1.051083
1.076974
1.134980
1.086376
1.055016
1.213472
1.202020
1.084587
1.096854
0.987065
0.933143
0.897655
0.794328
0.699383
0.656637
0.638807
0.624855
0.549458
0.521075
0.560387
0.447470
0.391958
0.370469
0.277407
0.279138
0.261244
0.278434
0.246277
0.233075
0.271101
0.237746
0.225378
0.207831
0.212978
0.192748
0.122634
0.139008
0.116784
0.126598
0.111703
0.104020
0.114656
0.091354
0.074680
0.079368
0.055452
0.020310
0.011476
0.007422
0.000831
0.000000
0.000000
0.000000
0.000000
0.000000
0.000000
0.000000
0.000000
0.000000
0.000000
0.000000
0.000000
0.000000
0.000000
0.000000
0.000000
0.000000
0.000000
0.000000
0.000000
0.000000
0.000000
0.000000
0.000000
0.000000
0.000000
0.000000
0.000000
0.000000
0.000000
0.000000
0.000000
0.000000
0.000000
0.000000
0.000000
0.000000
0.000000
0.000000
0.000000
0.000000
0.000000
0.000000
0.000000
0.000000
0.000000
0.000000
0.000000
0.000000
0.000000
0.000000
0.000000
0.000000
0.000000
0.000000
0.000000
0.000000
0.000000
0.000000
0.000000
0.000000
0.000000
0.000000
0.000000
0.000000
0.000000
0.000000
0.000000
0.000000
0.000000
0.000000
0.000000
0.000000
0.000000
0.000000
0.000000
0.000000
0.000000
0.000000
0.000000
0.000000
0.000000
0.000000
0.000000
0.000000
0.000000
0.000000
0.000000
0.000000
0.000000
0.000000
0.000000
0.000000
0.000000
0.000000
0.000000
0.000000
0.000000
0.000000
0.000000
0.000000
0.000000
0.000000
0.000000
0.000000
0.000000
0.000000
0.000000
0.000000
0.000000
0.000000
0.000000
0.000000
0.000000
0.000000
0.000000
0.000000
0.000000
0.000000
0.000000
0.000000
0.000000
0.000000
0.000000
0.000000
0.000000
0.000000
0.000000
0.000000
0.000000
0.000000
0.000000
0.000000
0.000000
0.000000
0.000000
0.000000
0.000000
0.000000
0.000000
0.000000
0.000000
0.000000
0.000000
0.000000
0.000000
0.000000
0.000000
0.000000
0.000000
0.000000
0.000000
0.000000
0.000000
0.000000
0.000000
0.000000
0.000000
0.000000
0.000000
0.000000
0.000000
0.000000
0.000000
0.000000
0.000000
0.000000
0.000000
0.000000
0.000000
0.000000
0.000000
0.000000
0.000000
0.000000
0.000000
0.000000
0.000000
0.000000
0.000000
0.000000
0.000000
0.000000
0.000000
0.000000
0.000000
0.000000
0.000000
0.000000
0.000000
0.000000
0.000000
0.000000
0.000000
0.000000
0.000000
0.000000
0.000000
0.000000
0.000000
0.000000
0.000000
0.000000
0.000000
0.000000
0.000000
0.000000
0.000000
0.000000
0.000000
0.000000
0.000000
0.000000
0.000000
0.000000
0.000000
0.000000
0.000000
0.000000
0.000000
0.000000
0.000000
0.000000
0.000000
0.000000
0.000000
0.000000
0.000000
0.000000
0.000000
0.000000
0.000000
0.000000
0.000000
0.000000
0.000000
0.000000
0.000000
0.000000
0.000000
0.000000
0.000000
0.000000
0.000000
0.000000
0.000000
0.000000
0.000000
0.000000
0.000000
0.000000
0.000000
0.000000
0.000000
0.000000
0.000000
0.000000
0.000000
0.000000
0.000000
0.000000
0.000000
0.000000
0.000000
0.000000
0.000000
0.000000
0.000000
0.000000
0.000000
0.000000
0.000000
0.000000
0.000000
0.000000
0.000000
0.000000
0.000000
0.000000
0.000000
0.000000
0.000000
0.000000
0.000000
0.000000
0.000000
0.000000
0.000000
0.000000
0.000000
0.000000
0.000000
0.000000
0.000000
0.000000
0.000000
0.000000
0.000000
0.000000
0.000000
0.000000
0.000000
0.000000
0.000000
0.000000
0.000000
0.000000
0.000000
0.000000
0.000000
0.000000
0.000000
0.000000
0.000000
0.000000
0.000000
0.000000
0.000000
0.000000
0.000000
0.000000
0.000000
0.000000
0.000000
0.000000
0.000000
0.000000
0.000000
0.000000
0.000000
0.000000
0.000000
0.000000
0.000000
0.000000
0.000000
0.000000
0.000000
0.000000
0.000000
0.000000
0.000000
0.000000
0.000000
0.000000
0.000000
0.000000
0.000000
0.000000
0.000000
0.000000
0.000000
0.000000
0.000000
0.000000
0.000000
0.000000
0.000000
0.000000
0.000000
0.000000
0.000000
0.000000
0.000000
0.000000
0.000000
0.000000
0.000000
0.000000
0.000000
0.000000
0.000000
0.000000
0.000000
0.000000
0.000000
0.000000
0.000000
0.000000
0.000000
0.000000
0.000000
0.000000
0.000000
0.000000
0.000000
0.000000
0.000000
0.000000
0.000000
0.000000
0.000000
0.000000
0.000000
0.000000
0.000000
0.000000
0.000000
0.000000
0.000000
0.000000
0.000000
0.000000
0.000000
0.000000
0.000000
0.000000
0.000000
0.000000
0.000000
0.000000
0.000000
0.000000
0.000000
0.000000
0.000000
0.000000
0.000000
0.000000
0.000000
0.000000
0.000000
0.000000
0.000000
0.000000
0.000000
0.000000
0.000000
0.000000
0.000000
0.000000
0.000000
0.000000
0.000000
0.000000
0.000000
0.000000
0.000000
0.000000
0.000000
0.000000
0.000000
0.000000
0.000000
0.000000
0.000000
0.000000
0.000000
0.000000
0.000000
0.000000
0.000000
0.000000
0.000000
0.000000
0.000000
0.000000
0.000000
0.000000
0.000000
0.000000
0.000000
0.000000
0.000000
0.000000
0.000000
0.000000
0.000000
0.000000
0.000000
0.000000
0.000000
0.000000
0.000000
0.000000
0.000000
0.000000
0.000000
0.000000
0.000000
0.000000
0.000000
0.000000
0.000000
0.000000
0.000000
0.000000
0.000000
0.000000
0.000000
0.000000
0.000000
0.000000
0.000000
0.000000
0.000000
0.000000
0.000000
0.000000
0.000000
0.000000
0.000000
0.000000
0.000000
0.000000
0.000000
0.000000
0.000000
0.000000
0.000000
0.000000
0.000000
0.000000
0.000000
0.000000
0.000000
0.000000
0.000000
0.000000
0.000000
0.000000
0.000000
0.000000
0.000000
0.000000
0.000000
0.000000
0.000000
0.000000
0.000000
0.000000
0.000000
0.000000
0.000000
0.000000
0.000000
0.000000
0.000000
0.000000
0.000000
0.000000
0.000000
0.000000
0.000000
0.000000
0.000000
0.000000
0.000000
0.000000
0.000000
0.000000
0.000000
0.000000
0.000000
0.000000
0.000000
0.000000
0.000000
0.000000
0.000000
0.000000
0.000000
0.000000
0.000000
0.000000
0.000000
0.000000
0.000000
0.000000
0.000000
0.000000
0.000000
0.000000
0.000000
0.000000
0.000000
0.000000
0.000000
0.000000
0.000000
0.000000
0.000000
0.000000
0.000000
0.000000
0.000000
0.000000
0.000000
0.000000
0.000000
0.000000
0.000000
0.000000
0.000000
0.000000
0.000000
0.000000
0.000000
0.000000
0.000000
0.000000
