0.000000
0.000000
0.000000
0.000000
0.000000
0.000000
0.000000
0.000000
0.001962
0.002774
0.016008
0.048477
0.068966
0.194381
0.476871
0.856080
1.336519
2.269346
3.384328
5.504572
8.846725
14.445352
23.011498
35.570856
55.562577
83.245436
123.432408
178.977733
252.126342
350.948194
480.321262
648.267660
859.018996
1120.498345
1441.081966
1838.284690
2310.146524
2877.758228
3542.222827
4314.896478
5224.614210
6277.278018
7460.950670
8805.423899
10316.640221
12005.245016
13866.463629
15894.372806
18107.743785
20482.446866
23062.332133
25820.670050
28757.217794
31855.599893
35128.083749
38540.902180
42123.764194
45837.137477
49665.369343
53610.672723
57641.174613
61765.787552
65933.240418
70158.473958
74369.710167
78581.661138
82840.822571
87065.933950
91245.437696
95362.548589
99402.590618
103293.019284
107114.865573
110748.074163
114284.449147
117665.715218
120874.789745
123907.787734
126794.353618
129502.847018
132025.372409
134345.001081
136480.668623
138382.197244
140106.545234
141607.818035
142878.532394
143981.733830
144858.429712
145496.046975
145965.266762
146182.559044
146254.036758
146082.038148
145728.585182
145215.253844
144490.751858
143596.989813
142538.203126
141310.776282
139952.304425
138451.760878
136860.051772
135110.768494
133243.892717
131264.643471
129185.352065
127003.520592
124767.771076
122466.490617
120070.333533
117648.090074
115173.302304
112664.834673
110111.662172
107534.563549
104926.034853
102284.993709
99644.124113
96995.873045
94359.921176
91684.264806
89037.116839
86378.693164
83740.541407
81116.771089
78503.091538
75940.114926
73393.904447
70893.004227
68437.247909
66013.943247
63637.325086
61306.141257
59043.004163
56812.748315
54625.068605
52514.729304
50435.183906
48394.173987
46404.937168
44474.317965
42594.053630
40755.312610
38975.547779
37253.239373
35576.853791
33950.632353
32388.153727
30890.394748
29422.504237
28014.567119
26664.158545
25363.989167
24100.367075
22888.503923
21724.354769
20606.829936
19533.848114
18510.920507
17532.578806
16598.785345
15698.772620
14842.951048
14026.699759
13251.294579
12503.070664
11800.513424
11132.941330
10491.354634
9887.609559
9307.733927
8762.300181
8240.420854
7752.572000
7280.966554
6838.051287
6420.199402
6021.085571
5643.774138
5282.436469
4942.508631
4620.188451
4316.609246
4031.821297
3766.712590
3513.571068
3278.406915
3057.689383
2848.979138
2651.533924
2469.846982
2297.440730
2137.466196
1987.413900
1846.672018
1712.845166
1588.899821
1470.869147
1361.148142
1258.568388
1163.034463
1074.128716
992.046341
917.353585
844.164048
775.861200
714.150368
656.744379
603.976858
554.571465
509.414540
468.010530
429.470900
393.932575
360.938956
330.884975
303.330009
278.263525
255.850994
234.453508
215.132611
196.758023
179.756766
164.296102
149.927991
136.904488
125.234881
114.124775
103.704951
93.857558
85.304816
77.832037
70.686015
63.980294
58.284798
52.980244
47.848074
43.593970
39.504485
35.780195
32.522714
30.019202
27.481778
25.277808
23.096456
21.268044
19.503349
17.843047
16.269952
14.994828
13.727236
12.618148
11.771680
10.959353
10.236250
9.371710
8.633203
8.016387
7.265860
6.604935
6.041554
5.608767
5.168486
4.670174
4.212436
3.792112
3.471519
3.215486
2.852574
2.536613
2.226319
2.047556
1.854990
1.686040
1.508825
1.317749
1.215454
1.081265
1.021328
0.974421
0.927227
0.869222
0.827084
0.743512
0.628242
0.575733
0.520416
0.458505
0.411719
0.344538
0.329870
0.276874
0.227867
0.193698
0.154146
0.133680
0.099576
0.081040
0.044473
0.034604
0.017880
0.018843
0.013852
0.007787
0.005518
0.002764
0.001059
0.000231
0.000000
0.000000
0.000000
0.000000
0.000000
0.000000
0.000000
0.000000
0.000000
0.000000
0.000000
0.000000
0.000000
0.000000
0.000000
0.000000
0.000000
0.000000
0.000000
0.000000
0.000000
0.000000
0.000000
0.000000
0.000000
0.000000
0.000000
0.000000
0.000000
0.000000
0.000000
0.000000
0.000000
0.000000
0.000000
0.000000
0.000000
0.000000
0.000000
0.000000
0.000000
0.000000
0.000000
0.000000
0.000000
0.000000
0.000000
0.000000
0.000000
0.000000
0.000000
0.000000
0.000000
0.000000
0.000000
0.000000
0.000000
0.000000
0.000000
0.000000
0.000000
0.000000
0.000000
0.000000
0.000000
0.000000
0.000000
0.000000
0.000000
0.000000
0.000000
0.000000
0.000000
0.000000
0.000000
0.000000
0.000000
0.000000
0.000000
0.000000
0.000000
0.000000
0.000000
0.000000
0.000000
0.000000
0.000000
0.000000
0.000000
0.000000
0.000000
0.000000
0.000000
0.000000
0.000000
0.000000
0.000000
0.000000
0.000000
0.000000
0.000000
0.000000
0.000000
0.000000
0.000000
0.000000
0.000000
0.000000
0.000000
0.000000
0.000000
0.000000
0.000000
0.000000
0.000000
0.000000
0.000000
0.000000
0.000000
0.000000
0.000000
0.000000
0.000000
0.000000
0.000000
0.000000
0.000000
0.000000
0.000000
0.000000
0.000000
0.000000
0.000000
0.000000
0.000000
0.000000
0.000000
0.000000
0.000000
0.000000
0.000000
0.000000
0.000000
0.000000
0.000000
0.000000
0.000000
0.000000
0.000000
0.000000
0.000000
0.000000
0.000000
0.000000
0.000000
0.000000
0.000000
0.000000
0.000000
0.000000
0.000000
0.000000
0.000000
0.000000
0.000000
0.000000
0.000000
0.000000
0.000000
0.000000
0.000000
0.000000
0.000000
0.000000
0.000000
0.000000
0.000000
0.000000
0.000000
0.000000
0.000000
0.000000
0.000000
0.000000
0.000000
0.000000
0.000000
0.000000
0.000000
0.000000
0.000000
0.000000
0.000000
0.000000
0.000000
0.000000
0.000000
0.000000
0.000000
0.000000
0.000000
0.000000
0.000000
0.000000
0.000000
0.000000
0.000000
0.000000
0.000000
0.000000
0.000000
0.000000
0.000000
0.000000
0.000000
0.000000
0.000000
0.000000
0.000000
0.000000
0.000000
0.000000
0.000000
0.000000
0.000000
0.000000
0.000000
0.000000
0.000000
0.000000
0.000000
0.000000
0.000000
0.000000
0.000000
0.000000
0.000000
0.000000
0.000000
0.000000
0.000000
0.000000
0.000000
0.000000
0.000000
0.000000
0.000000
0.000000
0.000000
0.000000
0.000000
0.000000
0.000000
0.000000
0.000000
0.000000
0.000000
0.000000
0.000000
0.000000
0.000000
0.000000
0.000000
0.000000
0.000000
0.000000
0.000000
0.000000
0.000000
0.000000
0.000000
0.000000
0.000000
0.000000
0.000000
0.000000
0.000000
0.000000
0.000000
0.000000
0.000000
0.000000
0.000000
0.000000
0.000000
0.000000
0.000000
0.000000
0.000000
0.000000
0.000000
0.000000
0.000000
0.000000
0.000000
0.000000
0.000000
0.000000
0.000000
0.000000
0.000000
0.000000
0.000000
0.000000
0.000000
0.000000
0.000000
0.000000
0.000000
0.000000
0.000000
0.000000
0.000000
0.000000
0.000000
0.000000
0.000000
0.000000
0.000000
0.000000
0.000000
0.000000
0.000000
0.000000
0.000000
0.000000
0.000000
0.000000
0.000000
0.000000
0.000000
0.000000
0.000000
0.000000
0.000000
0.000000
0.000000
0.000000
0.000000
0.000000
0.000000
0.000000
0.000000
0.000000
0.000000
0.000000
0.000000
0.000000
0.000000
0.000000
0.000000
0.000000
0.000000
0.000000
0.000000
0.000000
0.000000
0.000000
0.000000
0.000000
0.000000
0.000000
0.000000
0.000000
0.000000
0.000000
0.000000
0.000000
0.000000
0.000000
0.000000
0.000000
0.000000
0.000000
0.000000
0.000000
0.000000
0.000000
0.000000
0.000000
0.000000
0.000000
0.000000
0.000000
0.000000
0.000000
0.000000
0.000000
0.000000
0.000000
0.000000
0.000000
0.000000
0.000000
0.000000
0.000000
0.000000
0.000000
0.000000
0.000000
0.000000
0.000000
0.000000
0.000000
0.000000
0.000000
0.000000
0.000000
0.000000
0.000000
0.000000
0.000000
0.000000
0.000000
0.000000
0.000000
0.000000
0.000000
0.000000
0.000000
0.000000
0.000000
0.000000
0.000000
0.000000
0.000000
0.000000
0.000000
0.000000
0.000000
0.000000
0.000000
0.000000
0.000000
0.000000
0.000000
0.000000
0.000000
0.000000
0.000000
0.000000
0.000000
0.000000
0.000000
0.000000
0.000000
0.000000
0.000000
0.000000
0.000000
0.000000
0.000000
0.000000
0.000000
0.000000
0.000000
0.000000
0.000000
0.000000
0.000000
0.000000
0.000000
0.000000
0.000000
0.000000
0.000000
0.000000
0.000000
0.000000
0.000000
0.000000
0.000000
0.000000
0.000000
0.000000
0.000000
0.000000
0.000000
0.000000
0.000000
0.000000
0.000000
0.000000
0.000000
0.000000
0.000000
0.000000
0.000000
0.000000
0.000000
0.000000
0.000000
0.000000
0.000000
0.000000
0.000000
0.000000
0.000000
0.000000
0.000000
0.000000
0.000000
0.000000
0.000000
0.000000
0.000000
0.000000
0.000000
0.000000
0.000000
0.000000
0.000000
0.000000
0.000000
0.000000
0.000000
0.000000
0.000000
0.000000
0.000000
0.000000
0.000000
0.000000
0.000000
0.000000
0.000000
0.000000
0.000000
0.000000
0.000000
0.000000
0.000000
0.000000
0.000000
0.000000
0.000000
0.000000
0.000000
0.000000
0.000000
0.000000
0.000000
0.000000
0.000000
0.000000
0.000000
0.000000
0.000000
0.000000
0.000000
0.000000
0.000000
0.000000
0.000000
0.000000
0.000000
0.000000
0.000000
0.000000
0.000000
0.000000
0.000000
0.000000
0.000000
0.000000
0.000000
0.000000
0.000000
0.000000
0.000000
0.000000
0.000000
0.000000
0.000000
0.000000
0.000000
0.000000
0.000000
0.000000
0.000000
0.000000
0.000000
0.000000
0.000000
0.000000
0.000000
0.000000
0.000000
0.000000
0.000000
0.000000
0.000000
0.000000
0.000000
0.000000
0.000000
0.000000
0.000000
0.000000
0.000000
0.000000
0.000000
0.000000
0.000000
0.000000
0.000000
0.000000
0.000000
0.000000
0.000000
0.000000
0.000000
0.000000
0.000000
0.000000
0.000000
0.000000
0.000000
0.000000
0.000000
0.000000
0.000000
0.000000
0.000000
0.000000
0.000000
0.000000
0.000000
0.000000
0.000000
0.000000
0.000000
0.000000
0.000000
0.000000
0.000000
0.000000
0.000000
0.000000
0.000000
0.000000
0.000000
0.000000
0.000000
0.000000
0.000000
0.000000
0.000000
0.000000
0.000000
0.000000
0.000000
0.000000
0.000000
0.000000
0.000000
0.000000
0.000000
0.000000
0.000000
0.000000
0.000000
0.000000
0.000000
0.000000
0.000000
0.000000
0.000000
0.000000
0.000000
0.000000
0.000000
0.000000
0.000000
0.000000
0.000000
0.000000
0.000000
0.000000
0.000000
0.000000
0.000000
0.000000
0.000000
0.000000
0.000000
0.000000
0.000000
0.000000
0.000000
0.000000
0.000000
