0.000000
0.000000
0.000000
0.000000
0.000000
0.000000
0.000000
0.000000
0.000000
0.002300
0.029570
0.192365
0.545372
1.399163
3.612544
8.082728
18.867864
39.798074
77.373888
145.970465
262.138249
458.426699
770.678431
1248.437152
1963.706486
2978.554880
4420.761527
6364.578974
8961.017531
12299.008241
16492.678419
21646.929379
27879.581845
35157.575695
43635.685744
53113.262675
63702.856397
75144.586970
87404.877604
100153.040898
113292.725475
126460.057042
139579.843437
152274.246035
164244.547320
175448.415405
185486.381763
194319.139929
201883.767140
207936.689914
212470.910781
215573.509318
217172.760078
217340.613157
216216.272642
213824.156607
210291.169457
205781.598144
200407.565603
194377.347523
187698.485980
180613.300651
173197.186017
165548.380146
157788.890482
150015.984640
142297.936806
134707.540450
127278.669610
120090.844054
113218.095095
106551.048482
100277.304960
94294.709986
88648.644208
83309.369766
78336.299405
73624.333926
69328.760957
65221.538084
61531.688970
58016.084091
54840.170589
51883.798374
49172.659529
46675.360943
44426.840033
42342.696938
40461.988695
38773.204008
37243.713708
35849.419999
34600.441680
33496.502476
32511.512107
31630.465774
30891.372336
30224.721521
29676.155237
29200.905712
28839.310835
28537.325769
28329.714937
28180.393701
28108.710686
28094.154590
28167.836339
28273.606544
28449.502095
28685.225351
28965.064026
29292.283898
29661.702719
30082.668667
30530.188107
31025.574836
31555.045148
32107.414619
32703.590848
33307.415619
33931.872978
34580.533877
35236.482810
35893.861190
36557.103812
37197.531061
37859.973824
38479.384555
39112.349241
39694.887453
40261.249003
40767.014606
41257.852608
41680.041146
42053.960137
42368.072647
42603.952535
42788.709629
42879.323021
42910.568016
42848.953154
42702.874311
42472.119916
42145.214394
41736.084279
41234.641967
40651.311545
39982.690239
39222.231126
38395.962733
37478.647372
36508.736168
35458.432168
34361.226200
33198.159305
31995.531814
30749.838242
29489.578937
28179.727476
26872.231883
25541.255865
24213.874853
22889.212908
21572.072339
20280.047887
19005.439950
17761.851675
16547.498346
15371.668051
14239.404538
13147.909645
12106.399130
11112.433280
10171.395246
9279.343403
8443.989492
7660.265813
6931.181044
6248.735234
5618.659364
5038.192446
4502.611335
4011.314807
3562.824655
3154.454379
2785.062620
2450.387978
2150.909959
1880.285864
1641.946453
1426.291443
1237.545158
1069.063411
922.761872
792.725017
680.295478
580.393866
494.867272
419.848045
355.834983
300.482996
252.846397
212.200714
177.117310
148.184808
122.880790
102.349883
84.189741
69.528654
56.963305
46.916625
38.181532
31.230811
25.258780
20.539965
16.596031
13.358276
10.751945
8.632956
6.986052
5.483136
4.444812
3.479776
2.762128
2.170486
1.719865
1.342224
1.011939
0.796692
0.605367
0.478320
0.358737
0.295383
0.216415
0.177782
0.127762
0.099166
0.079095
0.062872
0.044592
0.037088
0.025463
0.020264
0.015763
0.013417
0.007825
0.005915
0.005706
0.003898
0.002203
0.001932
0.001426
0.000628
0.000653
0.000060
0.000550
0.000360
0.000241
0.000097
0.000035
0.000000
0.000000
0.000000
0.000000
0.000000
0.000000
0.000000
0.000000
0.000000
0.000000
0.000000
0.000000
0.000000
0.000000
0.000000
0.000000
0.000000
0.000000
0.000000
0.000000
0.000000
0.000000
0.000000
0.000000
0.000000
0.000000
0.000000
0.000000
0.000000
0.000000
0.000000
0.000000
0.000000
0.000000
0.000000
0.000000
0.000000
0.000000
0.000000
0.000000
0.000000
0.000000
0.000000
0.000000
0.000000
0.000000
0.000000
0.000000
0.000000
0.000000
0.000000
0.000000
0.000000
0.000000
0.000000
0.000000
0.000000
0.000000
0.000000
0.000000
0.000000
0.000000
0.000000
0.000000
0.000000
0.000000
0.000000
0.000000
0.000000
0.000000
0.000000
0.000000
0.000000
0.000000
0.000000
0.000000
0.000000
0.000000
0.000000
0.000000
0.000000
0.000000
0.000000
0.000000
0.000000
0.000000
0.000000
0.000000
0.000000
0.000000
0.000000
0.000000
0.000000
0.000000
0.000000
0.000000
0.000000
0.000000
0.000000
0.000000
0.000000
0.000000
0.000000
0.000000
0.000000
0.000000
0.000000
0.000000
0.000000
0.000000
0.000000
0.000000
0.000000
0.000000
0.000000
0.000000
0.000000
0.000000
0.000000
0.000000
0.000000
0.000000
0.000000
0.000000
0.000000
0.000000
0.000000
0.000000
0.000000
0.000000
0.000000
0.000000
0.000000
0.000000
0.000000
0.000000
0.000000
0.000000
0.000000
0.000000
0.000000
0.000000
0.000000
0.000000
0.000000
0.000000
0.000000
0.000000
0.000000
0.000000
0.000000
0.000000
0.000000
0.000000
0.000000
0.000000
0.000000
0.000000
0.000000
0.000000
0.000000
0.000000
0.000000
0.000000
0.000000
0.000000
0.000000
0.000000
0.000000
0.000000
0.000000
0.000000
0.000000
0.000000
0.000000
0.000000
0.000000
0.000000
0.000000
0.000000
0.000000
0.000000
0.000000
0.000000
0.000000
0.000000
0.000000
0.000000
0.000000
0.000000
0.000000
0.000000
0.000000
0.000000
0.000000
0.000000
0.000000
0.000000
0.000000
0.000000
0.000000
0.000000
0.000000
0.000000
0.000000
0.000000
0.000000
0.000000
0.000000
0.000000
0.000000
0.000000
0.000000
0.000000
0.000000
0.000000
0.000000
0.000000
0.000000
0.000000
0.000000
0.000000
0.000000
0.000000
0.000000
0.000000
0.000000
0.000000
0.000000
0.000000
0.000000
0.000000
0.000000
0.000000
0.000000
0.000000
0.000000
0.000000
0.000000
0.000000
0.000000
