6.841471
47.201413
194.422626
585.372546
1378.467893
2788.103255
5115.130854
8484.632924
13082.602098
19105.230924
26488.000800
35298.234848
45084.739024
55988.139371
67421.219194
79036.578981
90781.001677
102243.164240
113401.528225
123587.413650
133038.254323
141309.208552
148342.347109
154209.858702
158858.315983
162308.725892
164441.292933
165519.575608
165729.380057
165108.548505
163463.843789
161405.162131
158333.803205
155061.881214
151319.605724
147314.263943
143030.194601
138500.600430
134100.648744
129581.214269
125080.200436
120606.751067
116034.212075
111571.268791
107220.963248
103009.557424
98993.981129
95005.933823
91363.381824
87745.724235
84148.830764
80786.690067
77579.280123
74562.540061
71664.174242
68833.899569
66173.711043
63638.859469
61265.924230
59022.668171
56948.455327
54921.654967
53000.657384
51130.840701
49428.829757
47794.567409
46225.775674
44730.799194
43364.312766
42051.879173
40798.689979
39526.161041
38406.258112
37296.974261
36310.742282
35316.846940
34413.638493
33602.270972
32748.110950
31919.807033
31185.902423
30449.539654
29743.770953
29075.694221
28469.128365
27896.376787
27312.760106
26781.808742
26291.130096
25836.235769
25434.770054
25002.813809
24581.755751
24211.459378
23853.235301
23512.539525
23199.964641
22900.475872
22634.990874
22328.770280
22064.843050
21828.344167
21590.228579
21368.262343
21166.737059
20957.535518
20787.277824
20596.108719
20415.867364
20294.984019
20162.742064
20023.946477
19913.853761
19773.017082
19676.947698
19592.367032
19520.419861
19413.315957
19360.323478
19313.391933
19251.937084
19196.736269
19157.748348
19107.631488
19062.996574
19019.476834
19012.171539
18973.596127
18967.674522
18964.740466
18897.592314
18911.375008
18895.628691
18858.357336
18854.948666
18850.058829
18888.585314
18908.049935
18939.805750
18940.794159
18938.986088
18962.842447
18991.280435
18988.332248
18987.964560
19027.657055
19037.695908
19041.783858
19044.891839
19063.035295
19066.208435
19084.038872
19098.870467
19129.819817
19149.297581
19153.728413
19177.346050
19201.584079
19206.048280
19208.055818
19182.400109
19212.014448
19237.731440
19251.428640
19263.873583
19285.022565
19283.869566
19285.247874
19296.576045
19293.776588
19297.692363
19298.477671
19302.854888
19308.330280
19338.776334
19340.009384
19318.417839
19284.984174
19239.511715
19210.691173
19208.984162
19169.214990
19162.225924
19140.972691
19109.338992
19081.722318
19057.670143
19043.867079
19010.793464
18946.891785
18874.325714
18836.128521
18760.497187
18691.264567
18638.688358
18575.176473
18509.044544
18435.230898
18365.428939
18302.275051
18216.075956
18124.297689
18021.238261
17915.858387
17831.045275
17717.422452
17610.610866
17494.179212
17374.915339
17246.010722
17102.832713
16978.696677
16842.496422
16720.177879
16572.604993
16422.147072
16264.530202
16118.759575
15976.136390
15826.110310
15644.617183
15483.368213
15321.597293
15145.078521
14973.889130
14808.775273
14639.982789
14473.399001
14301.207071
14139.140073
13972.049463
13781.970459
13610.200781
13435.527749
13256.670065
13052.182971
12862.788150
12681.669568
12502.818667
12310.445573
12120.647151
11929.250690
11748.370577
11574.656188
11373.345524
11193.225504
10993.826362
10803.846813
10608.461846
10414.721177
10221.806305
10036.551643
9849.232608
9668.811237
9465.344405
9262.981438
9078.639792
8894.741993
8697.487876
8513.453052
8312.458583
8151.339189
7972.549167
7790.896297
7613.301608
7439.909445
7265.982903
7092.412059
6910.903285
6745.493657
6574.167511
6404.177028
6233.864487
6072.746106
5912.257713
5743.667692
5598.122801
5458.305628
5315.445085
5161.935483
5018.931192
4883.694076
4745.467857
4607.418490
4466.327807
4341.880354
4207.805169
4078.734673
3959.239971
3828.667840
3716.413139
3596.273879
3486.539903
3368.951644
3254.180680
3142.666152
3031.988980
2937.486717
2841.416913
2742.386549
2651.998100
2554.662523
2461.492593
2380.097573
2290.846448
2207.696875
2125.131424
2037.760155
1959.344986
1888.672535
1819.264254
1752.248498
1685.295761
1618.634889
1555.656650
1492.222284
1433.477120
1379.184632
1323.794806
1268.072631
1216.331216
1166.692556
1119.291161
1073.698526
1029.185373
984.876047
944.792136
904.660754
865.157489
826.700581
788.714073
754.062961
719.776369
686.127270
652.507493
620.889133
587.993636
561.545599
538.236943
514.461377
487.036148
462.069362
435.802274
415.130343
394.216861
376.147546
355.826861
338.306512
321.822794
304.042894
286.462710
270.720486
256.780165
243.247133
230.894971
217.759220
207.082862
195.648248
184.224265
173.021375
161.143816
150.083055
142.342766
134.712120
127.801795
120.214926
111.806629
105.891630
100.536501
94.695003
89.251031
83.669498
77.155179
73.550461
68.869891
64.368565
60.400147
56.324622
53.281967
50.565259
47.793633
45.087482
42.250414
40.170636
37.072134
34.385698
32.430217
30.196516
27.865911
25.918642
23.590524
22.547674
20.633233
19.485598
18.379271
17.126409
15.355158
14.247097
12.961488
12.384470
11.365289
10.613384
9.619751
8.864098
8.137642
7.600682
7.227508
6.896376
6.491599
5.687933
5.141084
4.864962
4.625444
4.109017
3.804057
3.507824
3.303949
2.973089
2.875225
2.963197
2.812606
2.625868
2.317767
2.102881
1.988053
1.922455
1.627811
1.539483
1.419546
1.242274
1.163851
1.156025
1.131130
0.962285
0.848360
0.746938
0.727233
0.686380
0.623262
0.467611
0.375129
0.314999
0.243490
0.217625
0.200350
0.163511
0.148225
0.096522
0.091557
0.077125
0.056352
0.050637
0.054893
0.070420
0.079248
0.112628
0.077687
0.058744
0.061928
0.045630
0.048040
0.041294
0.030302
0.034143
0.019398
0.027126
0.030066
0.011516
0.000940
0.000000
0.000000
0.000000
0.000000
0.000000
0.000000
0.000000
0.000000
0.000000
0.000000
0.000000
0.000000
0.000000
0.000000
0.000000
0.000000
0.000000
0.000000
0.000000
0.000000
0.000000
0.000000
0.000000
0.000000
0.000000
0.000000
0.000000
0.000000
0.000000
0.000000
0.000000
0.000000
0.000000
0.000000
0.000000
0.000000
0.000000
0.000000
0.000000
0.000000
0.000000
0.000000
0.000000
0.000000
0.000000
0.000000
0.000000
0.000000
0.000000
0.000000
0.000000
0.000000
0.000000
0.000000
0.000000
0.000000
0.000000
0.000000
0.000000
0.000000
0.000000
0.000000
0.000000
0.000000
0.000000
0.000000
0.000000
0.000000
0.000000
0.000000
0.000000
0.000000
0.000000
0.000000
0.000000
0.000000
0.000000
0.000000
0.000000
0.000000
0.000000
0.000000
0.000000
0.000000
0.000000
0.000000
0.000000
0.000000
0.000000
0.000000
0.000000
0.000000
0.000000
0.000000
0.000000
0.000000
0.000000
0.000000
0.000000
0.000000
0.000000
0.000000
0.000000
0.000000
0.000000
0.000000
0.000000
0.000000
0.000000
0.000000
0.000000
0.000000
0.000000
0.000000
0.000000
0.000000
0.000000
0.000000
0.000000
0.000000
0.000000
0.000000
0.000000
0.000000
0.000000
0.000000
0.000000
0.000000
0.000000
0.000000
0.000000
0.000000
0.000000
0.000000
0.000000
0.000000
0.000000
0.000000
0.000000
0.000000
0.000000
0.000000
0.000000
0.000000
0.000000
0.000000
0.000000
0.000000
0.000000
0.000000
0.000000
0.000000
0.000000
0.000000
0.000000
0.000000
0.000000
0.000000
0.000000
0.000000
0.000000
0.000000
0.000000
0.000000
0.000000
0.000000
0.000000
0.000000
0.000000
0.000000
0.000000
0.000000
0.000000
0.000000
0.000000
0.000000
0.000000
0.000000
0.000000
0.000000
0.000000
0.000000
0.000000
0.000000
0.000000
0.000000
0.000000
0.000000
0.000000
0.000000
0.000000
0.000000
0.000000
0.000000
0.000000
0.000000
0.000000
0.000000
0.000000
0.000000
0.000000
0.000000
0.000000
0.000000
0.000000
0.000000
0.000000
0.000000
0.000000
0.000000
0.000000
0.000000
0.000000
0.000000
0.000000
0.000000
0.000000
0.000000
0.000000
0.000000
0.000000
0.000000
0.000000
0.000000
0.000000
0.000000
0.000000
0.000000
0.000000
0.000000
0.000000
0.000000
0.000000
0.000000
0.000000
0.000000
0.000000
0.000000
0.000000
0.000000
0.000000
0.000000
0.000000
0.000000
0.000000
0.000000
0.000000
0.000000
0.000000
0.000000
0.000000
0.000000
0.000000
0.000000
0.000000
0.000000
0.000000
0.000000
0.000000
0.000000
0.000000
0.000000
0.000000
0.000000
0.000000
0.000000
0.000000
0.000000
0.000000
0.000000
0.000000
0.000000
0.000000
0.000000
0.000000
0.000000
0.000000
0.000000
0.000000
0.000000
0.000000
0.000000
0.000000
0.000000
0.000000
0.000000
0.000000
0.000000
0.000000
0.000000
0.000000
0.000000
0.000000
0.000000
0.000000
0.000000
0.000000
0.000000
0.000000
0.000000
0.000000
0.000000
0.000000
0.000000
0.000000
0.000000
0.000000
0.000000
0.000000
0.000000
0.000000
0.000000
0.000000
0.000000
0.000000
0.000000
0.000000
0.000000
0.000000
0.000000
0.000000
0.000000
0.000000
0.000000
0.000000
0.000000
0.000000
0.000000
0.000000
0.000000
0.000000
0.000000
0.000000
0.000000
0.000000
0.000000
0.000000
0.000000
0.000000
0.000000
0.000000
0.000000
0.000000
0.000000
0.000000
0.000000
0.000000
0.000000
0.000000
0.000000
0.000000
0.000000
0.000000
0.000000
0.000000
0.000000
0.000000
0.000000
0.000000
0.000000
0.000000
0.000000
0.000000
0.000000
0.000000
0.000000
0.000000
0.000000
0.000000
0.000000
0.000000
0.000000
0.000000
0.000000
0.000000
0.000000
0.000000
0.000000
0.000000
0.000000
0.000000
0.000000
0.000000
0.000000
0.000000
0.000000
0.000000
0.000000
0.000000
0.000000
0.000000
0.000000
0.000000
0.000000
0.000000
0.000000
0.000000
0.000000
0.000000
0.000000
0.000000
0.000000
0.000000
0.000000
0.000000
0.000000
0.000000
0.000000
0.000000
0.000000
0.000000
0.000000
0.000000
0.000000
0.000000
0.000000
0.000000
0.000000
0.000000
0.000000
0.000000
0.000000
0.000000
0.000000
0.000000
0.000000
0.000000
0.000000
0.000000
0.000000
0.000000
0.000000
0.000000
0.000000
0.000000
0.000000
0.000000
0.000000
0.000000
0.000000
0.000000
0.000000
0.000000
0.000000
0.000000
0.000000
0.000000
0.000000
0.000000
0.000000
0.000000
0.000000
0.000000
0.000000
0.000000
0.000000
0.000000
0.000000
0.000000
0.000000
0.000000
0.000000
0.000000
0.000000
0.000000
0.000000
0.000000
0.000000
0.000000
0.000000
0.000000
0.000000
0.000000
0.000000
0.000000
0.000000
0.000000
0.000000
0.000000
0.000000
0.000000
0.000000
0.000000
0.000000
0.000000
0.000000
0.000000
0.000000
0.000000
0.000000
0.000000
0.000000
0.000000
0.000000
0.000000
0.000000
0.000000
0.000000
0.000000
0.000000
0.000000
0.000000
0.000000
0.000000
0.000000
0.000000
0.000000
0.000000
0.000000
0.000000
0.000000
0.000000
0.000000
0.000000
0.000000
0.000000
0.000000
0.000000
0.000000
0.000000
0.000000
0.000000
0.000000
0.000000
0.000000
0.000000
0.000000
0.000000
0.000000
0.000000
0.000000
0.000000
