0.000000
0.000000
0.000000
3.421734
23.661282
62.586910
122.808478
221.960337
342.007125
611.507132
1001.766625
1502.464330
2150.966058
2986.640480
4059.926416
5345.761228
6854.823269
8671.312180
10508.889787
12761.127913
15060.611726
17653.790025
20236.861827
23230.525604
26060.491698
29197.211228
32180.429826
35296.544087
38460.624081
41424.791375
44616.928249
47730.533735
50681.477882
53681.325438
56519.799631
59188.539266
61259.997220
63822.690045
66052.191217
68017.136180
70124.679385
72092.613060
73884.396866
75346.371074
76505.707017
77773.887553
79019.375534
80114.928249
80678.712739
81486.557690
82183.542143
82895.391802
83402.133281
83724.478148
83963.769308
83941.269228
83999.244821
83914.345893
83926.725004
83731.084976
83208.515251
82983.524821
82513.203641
81927.180879
81505.476284
80896.038601
79943.775988
79280.545547
78984.889076
78531.362852
78101.399173
77400.957233
77006.904687
76261.847016
75784.724371
75021.000913
74409.180141
73618.312368
72844.212032
72213.791893
71669.433194
70909.952316
70431.249939
69540.114212
68941.205230
68286.216851
67656.919239
66767.895492
65971.009921
65413.863131
64685.608269
64037.723301
63216.257253
62508.064736
61723.819731
60945.855141
60137.599009
59445.650558
58777.650228
58182.383468
57771.241393
57250.712272
56597.616757
56166.785350
55629.145151
54991.621594
54424.860547
53870.890384
53417.728074
53008.105878
52597.408683
52252.177158
51747.450072
51315.131714
50708.560809
50238.060797
49663.480243
49186.601344
48800.430086
48430.784558
48081.898288
47645.088360
47398.738609
46912.294283
46417.406883
45982.407707
45429.797131
45030.295011
44715.172269
44318.315367
43971.092871
43653.815169
43224.169538
42760.388511
42304.516485
41995.059886
41612.527462
41244.564270
40788.721762
40506.642535
40225.752046
39969.740738
39567.038739
39064.359439
38654.622713
38321.721886
37929.600363
37531.620137
37096.484599
36686.030748
36324.584383
35863.731008
35545.593554
35308.747104
34933.845959
34611.817410
34184.148819
33859.483664
33536.905908
33235.921991
32992.983792
32662.870762
32343.112967
31971.134272
31651.665118
31254.521236
30890.880623
30622.128032
30330.900781
29963.760818
29545.127272
29132.306019
28686.523954
28387.118108
27998.875647
27666.749428
27353.689834
26950.057722
26691.300576
26349.493291
25956.863725
25645.026088
25364.714000
25089.326041
24710.836110
24423.628536
24117.594162
23797.217326
23550.078767
23240.866018
22872.019522
22552.352574
22226.228128
21938.164402
21662.508045
21260.375340
20886.501768
20556.877972
20189.227031
19949.085678
19660.805138
19341.040901
18968.424838
18677.064095
18344.108721
18069.394268
17765.699165
17491.658578
17246.872337
16946.678694
16593.595662
16365.666617
16017.836890
15754.869115
15525.594078
15189.384164
14881.526047
14536.281804
14276.032697
13976.764966
13770.892928
13555.665565
13374.742624
13096.862137
12850.417986
12588.133891
12382.450262
12164.766135
11931.376345
11702.361533
11424.391866
11130.313619
10918.249943
10737.934159
10529.778005
10288.596326
10093.428516
9888.915321
9633.276355
9439.261130
9238.488038
9039.974073
8815.950457
8633.821416
8453.730538
8286.368145
8100.478010
7898.946891
7724.874039
7594.128103
7399.174456
7236.285653
7036.731712
6879.824213
6707.735884
6527.347223
6329.388330
6170.829091
5975.490610
5874.453528
5722.060164
5582.049671
5444.562904
5348.165149
5170.642657
5062.437449
4925.416890
4774.660512
4665.617185
4531.011615
4419.511330
4251.295102
4127.453979
4021.039837
3916.389298
3785.976481
3672.145039
3539.832316
3436.499434
3325.826250
3231.108411
3143.212579
3052.660455
2990.474133
2905.044275
2831.374595
2772.054021
2683.016820
2592.350216
2479.864599
2399.278365
2318.420151
2227.904184
2164.887042
2094.919256
2017.480317
1935.970839
1868.091168
1813.975619
1770.951414
1732.293347
1688.252534
1634.554477
1570.659727
1520.127783
1458.049479
1403.219206
1356.541164
1301.846897
1272.411053
1218.312591
1169.678521
1113.763283
1076.583010
1026.137312
1004.827105
953.969690
917.441783
878.081296
848.230408
817.526624
770.244765
730.079224
709.916487
677.460285
665.450606
643.099955
617.903636
592.160674
564.348211
543.416086
527.325954
506.616044
489.881936
465.352362
440.222310
429.014761
402.623373
390.962817
371.794756
354.580150
348.871818
328.617604
316.434976
298.468799
284.948408
279.481839
268.036491
259.184900
246.257901
233.594475
222.401962
210.881660
199.742637
193.588593
185.637422
178.147028
169.519230
160.667632
156.523096
146.969210
142.214392
136.143798
133.967731
128.096827
120.188753
112.765177
107.359978
105.073014
101.898882
92.230432
86.339760
80.457237
76.501995
70.698326
64.678424
60.820533
55.093495
51.920504
49.777983
44.406408
44.542584
39.683949
37.624668
32.467965
30.357412
26.858788
23.721693
23.614765
20.965660
18.929326
17.877574
17.935461
15.721955
13.416415
12.295967
11.316398
10.929242
10.152068
10.881813
9.781603
8.656661
8.036979
7.414584
6.655891
6.287434
5.903425
5.999271
6.123162
6.045377
5.848407
5.308996
4.055505
4.034116
4.176012
3.845180
3.860339
4.092594
3.699274
3.839917
4.295383
3.885709
3.883530
3.448507
3.288774
2.844159
2.802734
2.533731
2.578040
2.886849
3.105367
3.218081
3.049098
2.981113
3.339822
2.988015
3.133106
2.449278
2.095915
1.898580
2.083453
1.585697
1.499930
1.491919
1.604135
1.822745
1.669362
1.692659
1.733568
1.881083
2.279519
1.502287
1.334680
0.840737
0.583148
0.579977
0.361280
0.184075
0.218586
0.083217
0.047176
0.089896
0.024980
0.000000
0.000000
0.000000
0.000000
0.000000
0.000000
0.000000
0.000000
0.000000
0.000000
0.000000
0.000000
0.000000
0.000000
0.000000
0.000000
0.000000
0.000000
0.000000
0.000000
0.000000
0.000000
0.000000
0.000000
0.000000
0.000000
0.000000
0.000000
0.000000
0.000000
0.000000
0.000000
0.000000
0.000000
0.000000
0.000000
0.000000
0.000000
0.000000
0.000000
0.000000
0.000000
0.000000
0.000000
0.000000
0.000000
0.000000
0.000000
0.000000
0.000000
0.000000
0.000000
0.000000
0.000000
0.000000
0.000000
0.000000
0.000000
0.000000
0.000000
0.000000
0.000000
0.000000
0.000000
0.000000
0.000000
0.000000
0.000000
0.000000
0.000000
0.000000
0.000000
0.000000
0.000000
0.000000
0.000000
0.000000
0.000000
0.000000
0.000000
0.000000
0.000000
0.000000
0.000000
0.000000
0.000000
0.000000
0.000000
0.000000
0.000000
0.000000
0.000000
0.000000
0.000000
0.000000
0.000000
0.000000
0.000000
0.000000
0.000000
0.000000
0.000000
0.000000
0.000000
0.000000
0.000000
0.000000
0.000000
0.000000
0.000000
0.000000
0.000000
0.000000
0.000000
0.000000
0.000000
0.000000
0.000000
0.000000
0.000000
0.000000
0.000000
0.000000
0.000000
0.000000
0.000000
0.000000
0.000000
0.000000
0.000000
0.000000
0.000000
0.000000
0.000000
0.000000
0.000000
0.000000
0.000000
0.000000
0.000000
0.000000
0.000000
0.000000
0.000000
0.000000
0.000000
0.000000
0.000000
0.000000
0.000000
0.000000
0.000000
0.000000
0.000000
0.000000
0.000000
0.000000
0.000000
0.000000
0.000000
0.000000
0.000000
0.000000
0.000000
0.000000
0.000000
0.000000
0.000000
0.000000
0.000000
0.000000
0.000000
0.000000
0.000000
0.000000
0.000000
0.000000
0.000000
0.000000
0.000000
0.000000
0.000000
0.000000
0.000000
0.000000
0.000000
0.000000
0.000000
0.000000
0.000000
0.000000
0.000000
0.000000
0.000000
0.000000
0.000000
0.000000
0.000000
0.000000
0.000000
0.000000
0.000000
0.000000
0.000000
0.000000
0.000000
0.000000
0.000000
0.000000
0.000000
0.000000
0.000000
0.000000
0.000000
0.000000
0.000000
0.000000
0.000000
0.000000
0.000000
0.000000
0.000000
0.000000
0.000000
0.000000
0.000000
0.000000
0.000000
0.000000
0.000000
0.000000
0.000000
0.000000
0.000000
0.000000
0.000000
0.000000
0.000000
0.000000
0.000000
0.000000
0.000000
0.000000
0.000000
0.000000
0.000000
0.000000
0.000000
0.000000
0.000000
0.000000
0.000000
0.000000
0.000000
0.000000
0.000000
0.000000
0.000000
0.000000
0.000000
0.000000
0.000000
0.000000
0.000000
0.000000
0.000000
0.000000
0.000000
0.000000
0.000000
0.000000
0.000000
0.000000
0.000000
0.000000
0.000000
0.000000
0.000000
0.000000
0.000000
0.000000
0.000000
0.000000
0.000000
0.000000
0.000000
0.000000
0.000000
0.000000
0.000000
0.000000
0.000000
0.000000
0.000000
0.000000
0.000000
0.000000
0.000000
0.000000
0.000000
0.000000
0.000000
0.000000
0.000000
0.000000
0.000000
0.000000
0.000000
0.000000
0.000000
0.000000
0.000000
0.000000
0.000000
0.000000
0.000000
0.000000
0.000000
0.000000
0.000000
0.000000
0.000000
0.000000
0.000000
0.000000
0.000000
0.000000
0.000000
0.000000
0.000000
0.000000
0.000000
0.000000
0.000000
0.000000
0.000000
0.000000
0.000000
0.000000
0.000000
0.000000
0.000000
0.000000
0.000000
0.000000
0.000000
0.000000
0.000000
0.000000
0.000000
0.000000
0.000000
0.000000
0.000000
0.000000
0.000000
0.000000
0.000000
0.000000
0.000000
0.000000
0.000000
0.000000
0.000000
0.000000
0.000000
0.000000
0.000000
0.000000
0.000000
0.000000
0.000000
0.000000
0.000000
0.000000
0.000000
0.000000
0.000000
0.000000
0.000000
0.000000
0.000000
0.000000
0.000000
0.000000
0.000000
0.000000
0.000000
0.000000
0.000000
0.000000
0.000000
0.000000
0.000000
0.000000
0.000000
0.000000
0.000000
0.000000
0.000000
0.000000
0.000000
0.000000
0.000000
0.000000
0.000000
0.000000
0.000000
0.000000
0.000000
0.000000
0.000000
0.000000
0.000000
0.000000
0.000000
0.000000
0.000000
0.000000
0.000000
0.000000
0.000000
0.000000
0.000000
0.000000
0.000000
0.000000
0.000000
0.000000
0.000000
0.000000
0.000000
0.000000
0.000000
0.000000
0.000000
0.000000
0.000000
0.000000
0.000000
0.000000
0.000000
0.000000
0.000000
0.000000
0.000000
0.000000
0.000000
0.000000
0.000000
0.000000
0.000000
0.000000
0.000000
0.000000
0.000000
0.000000
0.000000
0.000000
0.000000
0.000000
0.000000
0.000000
0.000000
0.000000
0.000000
0.000000
0.000000
0.000000
0.000000
0.000000
0.000000
0.000000
0.000000
0.000000
0.000000
0.000000
0.000000
0.000000
0.000000
0.000000
0.000000
0.000000
0.000000
0.000000
0.000000
0.000000
0.000000
0.000000
0.000000
0.000000
0.000000
0.000000
0.000000
0.000000
0.000000
0.000000
0.000000
0.000000
0.000000
0.000000
0.000000
0.000000
0.000000
0.000000
0.000000
0.000000
0.000000
0.000000
0.000000
0.000000
0.000000
0.000000
0.000000
0.000000
0.000000
0.000000
0.000000
0.000000
0.000000
0.000000
0.000000
0.000000
0.000000
0.000000
0.000000
0.000000
0.000000
0.000000
0.000000
0.000000
0.000000
0.000000
0.000000
0.000000
0.000000
0.000000
0.000000
