0.000000
0.000000
0.000000
0.000000
0.000000
0.000000
0.000000
0.000000
0.000000
0.000000
0.000000
0.000000
0.000000
0.000000
0.000000
0.000000
0.000000
0.000000
0.000000
0.001010
0.051507
0.147858
0.590529
1.303504
3.010477
5.644724
10.782321
18.958882
30.372041
48.121797
78.675874
124.293303
186.547214
276.549665
402.985928
579.313612
816.456106
1127.411162
1536.748682
2060.928495
2720.862741
3515.653592
4509.621722
5684.933865
7058.193300
8674.094246
10523.498910
12632.391700
15008.901763
17613.853827
20582.324098
23731.011617
27189.397781
30828.919789
34719.886401
38870.267660
43211.333855
47621.772572
52153.383792
56798.364243
61530.660385
66226.526710
70988.442159
75727.259993
80330.410865
84905.863825
89383.373810
93650.014926
97776.149830
101768.339228
105602.305565
109092.968781
112460.860185
115669.116157
118593.817569
121296.350028
123747.662194
125977.482228
127914.267999
129699.899489
131321.339768
132777.044084
134017.945282
135057.160432
135952.311173
136592.068063
137145.268174
137437.568950
137765.223361
137854.530511
137739.785342
137564.637884
137332.345460
136889.305345
136387.764497
135812.647039
135046.045741
134239.309358
133326.944956
132416.489266
131338.977786
130163.456616
128860.079323
127517.688402
126175.746075
124733.345488
123268.142250
121749.144828
120244.742765
118567.714800
116899.843941
115235.373630
113449.882342
111622.124382
109777.142065
107886.783138
106029.634379
104033.682759
101985.041246
99951.137180
97924.319058
95792.618132
93669.015584
91581.342608
89391.657754
87186.420120
84942.555514
82767.456625
80516.066145
78264.227772
76027.889196
73768.522285
71523.626910
69247.878997
66948.769440
64720.485149
62467.112524
60251.715830
58030.455986
55852.992387
53691.999736
51504.177320
49358.173363
47268.226169
45175.738277
43157.578766
41170.978461
39183.141213
37257.730370
35366.483537
33528.525290
31742.051463
29984.999395
28295.976697
26682.219276
25112.280132
23602.628381
22140.054093
20736.359345
19400.655537
18111.023270
16888.587554
15731.065497
14617.767056
13556.357662
12549.669241
11604.095933
10705.192938
9863.906741
9066.729871
8323.259005
7634.246219
6984.668145
6389.949349
5831.226638
5309.291475
4816.591870
4375.850139
3967.213097
3590.325548
3236.380621
2917.197899
2626.487593
2356.107836
2108.567227
1884.097673
1681.927196
1498.508439
1338.395520
1187.365926
1053.438873
931.716767
827.834667
731.857145
645.202650
568.100921
497.283089
438.507996
382.878409
333.472020
290.780073
253.575963
222.512419
192.275103
166.353004
143.240482
124.508805
106.885522
92.908264
79.806808
68.748135
58.999254
50.637773
42.802492
36.805704
31.145782
27.059273
23.505858
20.032703
17.165762
14.804180
12.551182
10.494408
8.785525
7.478279
6.055323
5.126198
4.104375
3.433914
2.836782
2.271291
1.748787
1.501206
1.303975
0.965269
0.829184
0.659813
0.559105
0.461391
0.391382
0.324454
0.266473
0.185325
0.142612
0.117854
0.102954
0.074581
0.072282
0.073048
0.076031
0.046753
0.033035
0.032795
0.035645
0.029926
0.028327
0.013251
0.012573
0.002798
0.005745
0.005818
0.002849
0.003805
0.004555
0.001645
0.003647
0.000531
0.000000
0.000000
0.000000
0.000000
0.000000
0.000000
0.000000
0.000000
0.000000
0.000000
0.000000
0.000000
0.000000
0.000000
0.000000
0.000000
0.000000
0.000000
0.000000
0.000000
0.000000
0.000000
0.000000
0.000000
0.000000
0.000000
0.000000
0.000000
0.000000
0.000000
0.000000
0.000000
0.000000
0.000000
0.000000
0.000000
0.000000
0.000000
0.000000
0.000000
0.000000
0.000000
0.000000
0.000000
0.000000
0.000000
0.000000
0.000000
0.000000
0.000000
0.000000
0.000000
0.000000
0.000000
0.000000
0.000000
0.000000
0.000000
0.000000
0.000000
0.000000
0.000000
0.000000
0.000000
0.000000
0.000000
0.000000
0.000000
0.000000
0.000000
0.000000
0.000000
0.000000
0.000000
0.000000
0.000000
0.000000
0.000000
0.000000
0.000000
0.000000
0.000000
0.000000
0.000000
0.000000
0.000000
0.000000
0.000000
0.000000
0.000000
0.000000
0.000000
0.000000
0.000000
0.000000
0.000000
0.000000
0.000000
0.000000
0.000000
0.000000
0.000000
0.000000
0.000000
0.000000
0.000000
0.000000
0.000000
0.000000
0.000000
0.000000
0.000000
0.000000
0.000000
0.000000
0.000000
0.000000
0.000000
0.000000
0.000000
0.000000
0.000000
0.000000
0.000000
0.000000
0.000000
0.000000
0.000000
0.000000
0.000000
0.000000
0.000000
0.000000
0.000000
0.000000
0.000000
0.000000
0.000000
0.000000
0.000000
0.000000
0.000000
0.000000
0.000000
0.000000
0.000000
0.000000
0.000000
0.000000
0.000000
0.000000
0.000000
0.000000
0.000000
0.000000
0.000000
0.000000
0.000000
0.000000
0.000000
0.000000
0.000000
0.000000
0.000000
0.000000
0.000000
0.000000
0.000000
0.000000
0.000000
0.000000
0.000000
0.000000
0.000000
0.000000
0.000000
0.000000
0.000000
0.000000
0.000000
0.000000
0.000000
0.000000
0.000000
0.000000
0.000000
0.000000
0.000000
0.000000
0.000000
0.000000
0.000000
0.000000
0.000000
0.000000
0.000000
0.000000
0.000000
0.000000
0.000000
0.000000
0.000000
0.000000
0.000000
0.000000
0.000000
0.000000
0.000000
0.000000
0.000000
0.000000
0.000000
0.000000
0.000000
0.000000
0.000000
0.000000
0.000000
0.000000
0.000000
0.000000
0.000000
0.000000
0.000000
0.000000
0.000000
0.000000
0.000000
0.000000
0.000000
0.000000
0.000000
0.000000
0.000000
