0.000000
0.000000
0.000000
0.007335
0.029232
0.112013
0.168718
0.347590
0.759058
1.700808
3.614332
7.501275
13.747892
23.249344
37.464332
59.418457
91.047404
135.411554
199.491894
285.403283
397.711088
547.571697
741.161289
982.316405
1277.051385
1638.116900
2083.961916
2614.743971
3241.029640
3970.412214
4808.314454
5759.459417
6837.428391
8037.004815
9373.853722
10855.328006
12455.816559
14200.543682
16079.326659
18111.729126
20282.227408
22590.741894
24976.611022
27492.267887
30126.059221
32856.669677
35666.584589
38569.888783
41529.124905
44558.753526
47600.079501
50692.977417
53812.690874
56944.862464
60107.832852
63233.855658
66350.420956
69440.253080
72482.741181
75492.585667
78421.515576
81286.684843
84070.686634
86765.622716
89384.782232
91974.555158
94386.591789
96732.603549
98926.105298
101070.130014
103071.881196
104973.769738
106714.951830
108339.851296
109858.315283
111257.650145
112488.241402
113597.783976
114611.838642
115483.090806
116280.436408
116888.136550
117404.060744
117829.770805
118131.147917
118335.956576
118429.898687
118410.074728
118266.681534
118035.353576
117706.406675
117293.029172
116790.852313
116178.502067
115498.621615
114727.430895
113909.244035
113023.115501
112080.120595
111076.399673
109987.706959
108836.388269
107639.250694
106399.629374
105122.259274
103831.123715
102465.031381
101047.184809
99632.208016
98163.683613
96676.739829
95172.357867
93644.688637
92115.695362
90559.249056
88997.677540
87416.008428
85839.611385
84228.087537
82607.000749
80989.492265
79374.946082
77773.550085
76168.051721
74531.896574
72923.291029
71316.927101
69708.088204
68125.933824
66527.109647
64957.091500
63382.853579
61819.478366
60261.261295
58732.293618
57191.414670
55674.359654
54194.053951
52725.308131
51283.885618
49847.090534
48432.507911
47041.109829
45674.249861
44327.690417
43000.453178
41694.180233
40427.291934
39169.781868
37942.643123
36731.910976
35550.510769
34401.738229
33270.079225
32160.453938
31076.857389
30012.671441
28990.316956
27981.208683
26988.414966
26035.930998
25095.196360
24179.116620
23289.842637
22425.993720
21575.735445
20759.160823
19966.353198
19189.702787
18446.251617
17719.047005
17010.732088
16322.888088
15659.254101
15013.316118
14394.558022
13796.134654
13218.858536
12652.773448
12103.096676
11582.419733
11074.169335
10586.367722
10124.241645
9666.015753
9219.162122
8799.053214
8390.827509
7997.395614
7619.236680
7249.840975
6903.924721
6570.627369
6253.858535
5946.653834
5651.807892
5366.906498
5094.959744
4835.603695
4587.218636
4350.319252
4120.301388
3906.239637
3699.348544
3504.555568
3314.885350
3136.130384
2966.701901
2803.811567
2645.837767
2497.893946
2359.298364
2226.714176
2100.419651
1980.460111
1867.842524
1762.299601
1659.293932
1561.929073
1470.237407
1382.687078
1301.533616
1222.665297
1148.880554
1079.300910
1012.914551
950.127367
892.307301
837.080405
784.026351
735.698208
688.920089
645.591475
603.958501
564.724153
528.495579
494.831979
463.855482
434.104171
405.737527
379.218401
353.963440
330.953539
307.639548
286.701998
267.233303
249.314181
232.342101
216.346460
201.094790
187.473820
174.140143
161.672188
150.837051
139.879717
129.744769
120.524484
111.870680
103.390214
96.232294
89.246138
83.300026
76.866871
71.094322
65.809742
60.861548
56.079284
51.714119
47.585649
43.901844
40.494412
37.341227
34.603300
31.813850
29.335691
27.130194
24.957177
22.951441
21.180718
19.644270
18.221538
16.769733
15.562744
14.231584
13.190592
12.275356
11.245882
10.403318
9.634419
8.933493
8.080554
7.343800
6.659837
6.107800
5.675889
5.100627
4.778865
4.372290
4.076942
3.720469
3.424290
3.109650
2.882693
2.581332
2.410225
2.192170
1.974113
1.760394
1.587108
1.463443
1.318934
1.195433
1.102578
1.006877
0.880910
0.808467
0.752393
0.638359
0.558983
0.469352
0.368876
0.334199
0.294125
0.267125
0.235944
0.199191
0.175564
0.164912
0.143052
0.133159
0.112107
0.103804
0.089324
0.078539
0.074730
0.058986
0.047559
0.043842
0.039233
0.038539
0.030954
0.030754
0.024993
0.021291
0.019979
0.014423
0.014389
0.010866
0.009793
0.010365
0.011787
0.013859
0.011624
0.008890
0.010802
0.015457
0.011617
0.011222
0.008584
0.006317
0.004309
0.001754
0.000355
0.000287
0.001435
0.000325
0.000048
0.000000
0.000000
0.000000
0.000000
0.000000
0.000000
0.000000
0.000000
0.000000
0.000000
0.000000
0.000000
0.000000
0.000000
0.000000
0.000000
0.000000
0.000000
0.000000
0.000000
0.000000
0.000000
0.000000
0.000000
0.000000
0.000000
0.000000
0.000000
0.000000
0.000000
0.000000
0.000000
0.000000
0.000000
0.000000
0.000000
0.000000
0.000000
0.000000
0.000000
0.000000
0.000000
0.000000
0.000000
0.000000
0.000000
0.000000
0.000000
0.000000
0.000000
0.000000
0.000000
0.000000
0.000000
0.000000
0.000000
0.000000
0.000000
0.000000
0.000000
0.000000
0.000000
0.000000
0.000000
0.000000
0.000000
0.000000
0.000000
0.000000
0.000000
0.000000
0.000000
0.000000
0.000000
0.000000
0.000000
0.000000
0.000000
0.000000
0.000000
0.000000
0.000000
0.000000
0.000000
0.000000
0.000000
0.000000
0.000000
0.000000
0.000000
0.000000
0.000000
0.000000
0.000000
0.000000
0.000000
0.000000
0.000000
0.000000
0.000000
0.000000
0.000000
0.000000
0.000000
0.000000
0.000000
0.000000
0.000000
0.000000
0.000000
0.000000
0.000000
0.000000
0.000000
0.000000
0.000000
0.000000
0.000000
0.000000
0.000000
0.000000
0.000000
0.000000
0.000000
0.000000
0.000000
0.000000
0.000000
0.000000
0.000000
0.000000
0.000000
0.000000
0.000000
0.000000
0.000000
0.000000
0.000000
0.000000
0.000000
0.000000
0.000000
0.000000
0.000000
0.000000
0.000000
0.000000
0.000000
0.000000
0.000000
0.000000
0.000000
0.000000
0.000000
0.000000
0.000000
0.000000
0.000000
0.000000
0.000000
0.000000
0.000000
0.000000
0.000000
0.000000
0.000000
0.000000
0.000000
0.000000
0.000000
0.000000
0.000000
0.000000
0.000000
0.000000
0.000000
0.000000
0.000000
0.000000
0.000000
0.000000
0.000000
0.000000
0.000000
0.000000
0.000000
0.000000
0.000000
0.000000
0.000000
0.000000
0.000000
0.000000
0.000000
0.000000
0.000000
0.000000
0.000000
0.000000
0.000000
0.000000
0.000000
0.000000
0.000000
0.000000
0.000000
0.000000
0.000000
0.000000
0.000000
0.000000
0.000000
0.000000
0.000000
0.000000
0.000000
0.000000
0.000000
0.000000
0.000000
0.000000
0.000000
0.000000
0.000000
0.000000
0.000000
0.000000
0.000000
0.000000
0.000000
0.000000
0.000000
0.000000
0.000000
0.000000
0.000000
0.000000
0.000000
0.000000
0.000000
0.000000
0.000000
0.000000
0.000000
0.000000
0.000000
0.000000
0.000000
0.000000
0.000000
0.000000
0.000000
0.000000
0.000000
0.000000
0.000000
0.000000
0.000000
0.000000
0.000000
0.000000
0.000000
0.000000
0.000000
0.000000
0.000000
0.000000
0.000000
0.000000
0.000000
0.000000
0.000000
0.000000
0.000000
0.000000
0.000000
0.000000
0.000000
0.000000
0.000000
0.000000
0.000000
0.000000
0.000000
0.000000
0.000000
0.000000
0.000000
0.000000
0.000000
0.000000
0.000000
0.000000
0.000000
0.000000
0.000000
0.000000
0.000000
0.000000
0.000000
0.000000
0.000000
0.000000
0.000000
0.000000
0.000000
0.000000
0.000000
0.000000
0.000000
0.000000
0.000000
0.000000
0.000000
0.000000
0.000000
0.000000
0.000000
0.000000
0.000000
0.000000
0.000000
0.000000
0.000000
0.000000
0.000000
0.000000
0.000000
0.000000
0.000000
0.000000
0.000000
0.000000
0.000000
0.000000
0.000000
0.000000
0.000000
0.000000
0.000000
0.000000
0.000000
0.000000
0.000000
0.000000
0.000000
0.000000
0.000000
0.000000
0.000000
0.000000
0.000000
0.000000
0.000000
0.000000
0.000000
0.000000
0.000000
0.000000
0.000000
0.000000
0.000000
0.000000
0.000000
0.000000
0.000000
0.000000
0.000000
0.000000
0.000000
0.000000
0.000000
0.000000
0.000000
0.000000
0.000000
0.000000
0.000000
0.000000
0.000000
0.000000
0.000000
0.000000
0.000000
0.000000
0.000000
0.000000
0.000000
0.000000
0.000000
0.000000
0.000000
0.000000
0.000000
0.000000
0.000000
0.000000
0.000000
0.000000
0.000000
0.000000
0.000000
0.000000
0.000000
0.000000
0.000000
0.000000
0.000000
0.000000
0.000000
0.000000
0.000000
0.000000
0.000000
0.000000
0.000000
0.000000
0.000000
0.000000
0.000000
0.000000
0.000000
0.000000
0.000000
0.000000
0.000000
0.000000
0.000000
0.000000
0.000000
0.000000
0.000000
0.000000
0.000000
0.000000
0.000000
0.000000
0.000000
0.000000
0.000000
0.000000
0.000000
0.000000
0.000000
0.000000
0.000000
0.000000
0.000000
0.000000
0.000000
0.000000
0.000000
0.000000
0.000000
0.000000
0.000000
0.000000
0.000000
0.000000
0.000000
0.000000
0.000000
0.000000
0.000000
0.000000
0.000000
0.000000
0.000000
0.000000
0.000000
0.000000
0.000000
0.000000
0.000000
0.000000
0.000000
0.000000
0.000000
0.000000
0.000000
0.000000
0.000000
0.000000
0.000000
0.000000
0.000000
0.000000
0.000000
0.000000
0.000000
0.000000
0.000000
0.000000
0.000000
0.000000
0.000000
0.000000
0.000000
0.000000
0.000000
0.000000
0.000000
0.000000
0.000000
0.000000
0.000000
0.000000
0.000000
0.000000
0.000000
0.000000
0.000000
0.000000
0.000000
0.000000
0.000000
0.000000
0.000000
0.000000
0.000000
0.000000
0.000000
0.000000
0.000000
0.000000
0.000000
0.000000
0.000000
0.000000
0.000000
0.000000
0.000000
0.000000
0.000000
0.000000
0.000000
0.000000
0.000000
0.000000
0.000000
0.000000
0.000000
0.000000
0.000000
0.000000
0.000000
0.000000
0.000000
0.000000
0.000000
0.000000
0.000000
0.000000
0.000000
0.000000
0.000000
0.000000
0.000000
0.000000
0.000000
0.000000
0.000000
0.000000
0.000000
0.000000
0.000000
0.000000
0.000000
0.000000
0.000000
0.000000
0.000000
0.000000
0.000000
0.000000
0.000000
0.000000
0.000000
0.000000
0.000000
0.000000
0.000000
0.000000
0.000000
0.000000
0.000000
0.000000
0.000000
0.000000
0.000000
0.000000
0.000000
0.000000
0.000000
0.000000
0.000000
0.000000
0.000000
0.000000
0.000000
0.000000
0.000000
0.000000
0.000000
0.000000
0.000000
0.000000
0.000000
0.000000
0.000000
0.000000
0.000000
0.000000
0.000000
0.000000
0.000000
0.000000
0.000000
0.000000
0.000000
0.000000
0.000000
0.000000
0.000000
0.000000
0.000000
0.000000
0.000000
0.000000
0.000000
0.000000
0.000000
0.000000
0.000000
