0.000000
0.000000
0.000000
0.000000
0.000000
0.000000
0.000000
0.000000
0.000000
0.000000
0.000000
0.000000
0.000000
0.000000
0.000000
0.000000
0.000000
0.000000
0.000000
0.000000
0.000000
0.000000
0.000000
0.000000
0.000000
0.019269
0.014904
0.029163
0.079494
0.106100
0.220290
0.377270
0.702614
1.163227
2.152167
3.642752
5.921612
9.956973
15.800745
24.558768
38.835108
57.425323
87.031813
127.368331
184.753465
261.513178
370.585363
512.805120
702.714888
952.895643
1274.466011
1685.388490
2202.069715
2850.103557
3646.360328
4615.870378
5788.412893
7197.163524
8860.087921
10816.885357
13090.128079
15705.550690
18692.861571
22074.132802
25865.883505
30121.006409
34792.121143
39918.625431
45505.828970
51556.896071
58015.864677
64939.788483
72209.355405
79856.047379
87809.832102
96070.207710
104502.767173
113148.068253
121868.692298
130663.826540
139400.166563
148103.574458
156604.577418
164897.084680
172867.576006
180554.790576
187761.469448
194481.000948
200726.362887
206418.261947
211448.888959
215901.411877
219613.661333
222641.041215
224914.866574
226523.516036
227365.552517
227512.566586
226906.232276
225665.500273
223700.008987
221145.419997
217957.986926
214238.395788
209910.723505
205149.363964
199882.941744
194295.365853
188259.313867
181966.344380
175379.883556
168586.165406
161665.258468
154592.012760
147459.898401
140273.837249
133110.170852
125944.518110
118924.135525
111915.283101
105148.431013
98464.944625
92040.041700
85749.361020
79742.525595
73913.249326
68380.748948
63079.812045
58039.877145
53273.480644
48778.017968
44548.040135
40580.197813
36868.182485
33415.558353
30207.175978
27240.538772
24491.616502
21976.262300
19665.075195
17541.649306
15615.222151
13861.697705
12277.129349
10840.740050
9553.376135
8391.437098
7355.374913
6430.029583
5603.296820
4874.001967
4226.841205
3653.902850
3155.475795
2710.270352
2327.125146
1990.549668
1699.943000
1447.182990
1229.014328
1039.427375
878.717142
739.215907
621.284734
519.311014
434.182868
361.160739
300.324068
248.962306
205.210088
168.872005
138.743418
113.207898
92.544595
75.135805
61.445281
49.453773
40.124722
32.067336
25.908423
20.533405
16.441200
13.007616
10.314072
8.042093
6.405054
5.010825
3.963574
3.084598
2.372721
1.894153
1.442474
1.132631
0.844921
0.669074
0.514109
0.374783
0.294298
0.225033
0.179173
0.126574
0.096910
0.062885
0.045402
0.038007
0.024696
0.019632
0.015127
0.010650
0.005814
0.003729
0.002720
0.001791
0.001593
0.001059
0.000946
0.000379
0.000849
0.000424
0.000052
0.000000
0.000000
0.000000
0.000000
0.000000
0.000000
0.000000
0.000000
0.000000
0.000000
0.000000
0.000000
0.000000
0.000000
0.000000
0.000000
0.000000
0.000000
0.000000
0.000000
0.000000
0.000000
0.000000
0.000000
0.000000
0.000000
0.000000
0.000000
0.000000
0.000000
0.000000
0.000000
0.000000
0.000000
0.000000
0.000000
0.000000
0.000000
0.000000
0.000000
0.000000
0.000000
0.000000
0.000000
0.000000
0.000000
0.000000
0.000000
0.000000
0.000000
0.000000
0.000000
0.000000
0.000000
0.000000
0.000000
0.000000
0.000000
0.000000
0.000000
0.000000
0.000000
0.000000
0.000000
0.000000
0.000000
0.000000
0.000000
0.000000
0.000000
0.000000
0.000000
0.000000
0.000000
0.000000
0.000000
0.000000
0.000000
0.000000
0.000000
0.000000
0.000000
0.000000
0.000000
0.000000
0.000000
0.000000
0.000000
0.000000
0.000000
0.000000
0.000000
0.000000
0.000000
0.000000
0.000000
0.000000
0.000000
0.000000
0.000000
0.000000
0.000000
0.000000
0.000000
0.000000
0.000000
0.000000
0.000000
0.000000
0.000000
0.000000
0.000000
0.000000
0.000000
0.000000
0.000000
0.000000
0.000000
0.000000
0.000000
0.000000
0.000000
0.000000
0.000000
0.000000
0.000000
0.000000
0.000000
0.000000
0.000000
0.000000
0.000000
0.000000
0.000000
0.000000
0.000000
0.000000
0.000000
0.000000
0.000000
0.000000
0.000000
0.000000
0.000000
0.000000
0.000000
0.000000
0.000000
0.000000
0.000000
0.000000
0.000000
0.000000
0.000000
0.000000
0.000000
0.000000
0.000000
0.000000
0.000000
0.000000
0.000000
0.000000
0.000000
0.000000
0.000000
0.000000
0.000000
0.000000
0.000000
0.000000
0.000000
0.000000
0.000000
0.000000
0.000000
0.000000
0.000000
0.000000
0.000000
0.000000
0.000000
0.000000
0.000000
0.000000
0.000000
0.000000
0.000000
0.000000
0.000000
0.000000
0.000000
0.000000
0.000000
0.000000
0.000000
0.000000
0.000000
0.000000
0.000000
0.000000
0.000000
0.000000
0.000000
0.000000
0.000000
0.000000
0.000000
0.000000
0.000000
0.000000
0.000000
0.000000
0.000000
0.000000
0.000000
0.000000
0.000000
0.000000
0.000000
0.000000
0.000000
0.000000
0.000000
0.000000
0.000000
0.000000
0.000000
0.000000
0.000000
0.000000
0.000000
0.000000
0.000000
0.000000
0.000000
0.000000
0.000000
0.000000
0.000000
0.000000
0.000000
0.000000
0.000000
0.000000
0.000000
0.000000
0.000000
0.000000
0.000000
0.000000
0.000000
0.000000
0.000000
0.000000
0.000000
0.000000
0.000000
0.000000
0.000000
0.000000
0.000000
0.000000
0.000000
0.000000
0.000000
0.000000
0.000000
0.000000
0.000000
0.000000
0.000000
0.000000
0.000000
0.000000
0.000000
0.000000
0.000000
0.000000
0.000000
0.000000
