0.000000
0.000000
0.000000
0.000000
0.001052
0.017129
0.146632
0.368930
0.899223
2.127444
4.125015
8.201094
16.745809
31.559842
58.321200
96.892314
161.741404
254.286268
387.608972
572.178776
822.151695
1151.249887
1560.576247
2080.066877
2721.045522
3498.708990
4424.320971
5514.842162
6780.193817
8212.356225
9825.930081
11642.116619
13621.286074
15785.056092
18111.117809
20604.629700
23249.866422
26014.046826
28897.737741
31894.130668
34968.872997
38079.290228
41283.812455
44498.966345
47724.495274
50933.867870
54141.482421
57300.361592
60427.864759
63528.740287
66536.021441
69446.884662
72301.717855
75037.553447
77661.364633
80189.651907
82602.273201
84880.542394
87030.506550
89069.112581
90938.545042
92719.065563
94351.779476
95876.798496
97265.685798
98495.259408
99624.746690
100601.405983
101494.995647
102253.159572
102888.414433
103448.961844
103929.047650
104312.082809
104594.882016
104756.354127
104846.345184
104867.894576
104823.956508
104696.146152
104486.355673
104218.492585
103930.412953
103564.177993
103166.732779
102681.132720
102174.259668
101600.130327
101008.968930
100354.499254
99663.696403
98940.729523
98168.591097
97397.534288
96602.045225
95780.040743
94886.749340
94013.528184
93114.424103
92194.012431
91254.158506
90275.096433
89308.041681
88315.048887
87308.712907
86309.109730
85300.757453
84273.692687
83246.361533
82201.782321
81163.528028
80106.267429
79041.070877
77951.878726
76853.382215
75754.493310
74662.758583
73554.051952
72426.814804
71284.271864
70153.932241
69041.495776
67917.595346
66821.595739
65717.216785
64642.004694
63562.987544
62491.612393
61418.116376
60360.921968
59312.021505
58253.119311
57210.546357
56184.380897
55159.454687
54123.909087
53083.540999
52038.520166
51015.634169
49985.488778
48958.815400
47927.504187
46927.253652
45925.779639
44935.144045
43943.249738
42976.483145
42017.686735
41077.119696
40156.230622
39249.123901
38349.654929
37452.670873
36562.617013
35689.655647
34831.185131
33972.046285
33128.638225
32276.576217
31437.178997
30608.190941
29781.834239
28957.483086
28156.244089
27364.824437
26580.433285
25813.642714
25053.933473
24317.809845
23599.771116
22880.064518
22178.710598
21494.912207
20816.828706
20153.174714
19497.637937
18856.115154
18229.256610
17614.308611
17015.155740
16424.981492
15859.488584
15309.168022
14774.108822
14249.001540
13733.506317
13240.180810
12753.653308
12289.734295
11825.307055
11374.939031
10935.294270
10509.413980
10090.385286
9689.953874
9294.910341
8915.236185
8542.939212
8187.513357
7845.677654
7509.967032
7184.243037
6870.063318
6566.758529
6277.934909
6002.262753
5728.908279
5469.579535
5218.604364
4975.395127
4743.464096
4516.175278
4294.360314
4084.554257
3885.881600
3690.921995
3506.223131
3325.766202
3153.143932
2988.473941
2830.935688
2682.713913
2541.837822
2402.650870
2272.679819
2147.103661
2030.061099
1916.737360
1810.757339
1709.476363
1613.068232
1522.081240
1436.775791
1355.534931
1277.321804
1202.666989
1131.845677
1065.538397
1001.070012
942.567421
886.428173
832.337919
780.932233
733.379162
686.692111
642.900620
601.648607
563.239744
526.556067
491.329431
458.310988
428.212161
399.370660
370.819933
345.563853
320.988349
298.816309
277.957930
258.063167
239.562413
222.630285
205.947369
191.205593
177.311873
163.982509
151.893650
140.023175
128.984618
119.151655
110.456896
102.208472
94.891443
87.404232
80.929359
75.053949
69.192753
63.761758
58.691011
53.883858
49.602880
45.703060
41.713823
38.648846
35.409568
32.614761
29.750667
27.446816
25.276920
23.208501
21.312581
19.469068
17.806022
16.447823
14.936580
13.548663
12.432477
11.438839
10.405725
9.575771
8.730110
8.031701
7.338120
6.744460
6.185917
5.741252
5.256887
4.796283
4.384840
3.959376
3.535118
3.189026
2.929932
2.668172
2.441714
2.180302
2.006288
1.884972
1.694018
1.499825
1.387600
1.286814
1.187486
1.029195
0.942934
0.846262
0.779331
0.719734
0.670344
0.619631
0.542994
0.475935
0.404607
0.383747
0.350672
0.310934
0.270273
0.224971
0.204127
0.162117
0.149788
0.118643
0.093034
0.065913
0.047697
0.041579
0.036792
0.022627
0.021761
0.014802
0.009093
0.005878
0.004831
0.003888
0.003222
0.001343
0.000978
0.000638
0.000184
0.000000
0.000000
0.000000
0.000000
0.000000
0.000000
0.000000
0.000000
0.000000
0.000000
0.000000
0.000000
0.000000
0.000000
0.000000
0.000000
0.000000
0.000000
0.000000
0.000000
0.000000
0.000000
0.000000
0.000000
0.000000
0.000000
0.000000
0.000000
0.000000
0.000000
0.000000
0.000000
0.000000
0.000000
0.000000
0.000000
0.000000
0.000000
0.000000
0.000000
0.000000
0.000000
0.000000
0.000000
0.000000
0.000000
0.000000
0.000000
0.000000
0.000000
0.000000
0.000000
0.000000
0.000000
0.000000
0.000000
0.000000
0.000000
0.000000
0.000000
0.000000
0.000000
0.000000
0.000000
0.000000
0.000000
0.000000
0.000000
0.000000
0.000000
0.000000
0.000000
0.000000
0.000000
0.000000
0.000000
0.000000
0.000000
0.000000
0.000000
0.000000
0.000000
0.000000
0.000000
0.000000
0.000000
0.000000
0.000000
0.000000
0.000000
0.000000
0.000000
0.000000
0.000000
0.000000
0.000000
0.000000
0.000000
0.000000
0.000000
0.000000
0.000000
0.000000
0.000000
0.000000
0.000000
0.000000
0.000000
0.000000
0.000000
0.000000
0.000000
0.000000
0.000000
0.000000
0.000000
0.000000
0.000000
0.000000
0.000000
0.000000
0.000000
0.000000
0.000000
0.000000
0.000000
0.000000
0.000000
0.000000
0.000000
0.000000
0.000000
0.000000
0.000000
0.000000
0.000000
0.000000
0.000000
0.000000
0.000000
0.000000
0.000000
0.000000
0.000000
0.000000
0.000000
0.000000
0.000000
0.000000
0.000000
0.000000
0.000000
0.000000
0.000000
0.000000
0.000000
0.000000
0.000000
0.000000
0.000000
0.000000
0.000000
0.000000
0.000000
0.000000
0.000000
0.000000
0.000000
0.000000
0.000000
0.000000
0.000000
0.000000
0.000000
0.000000
0.000000
0.000000
0.000000
0.000000
0.000000
0.000000
0.000000
0.000000
0.000000
0.000000
0.000000
0.000000
0.000000
0.000000
0.000000
0.000000
0.000000
0.000000
0.000000
0.000000
0.000000
0.000000
0.000000
0.000000
0.000000
0.000000
0.000000
0.000000
0.000000
0.000000
0.000000
0.000000
0.000000
0.000000
0.000000
0.000000
0.000000
0.000000
0.000000
0.000000
0.000000
0.000000
0.000000
0.000000
0.000000
0.000000
0.000000
0.000000
0.000000
0.000000
0.000000
0.000000
0.000000
0.000000
0.000000
0.000000
0.000000
0.000000
0.000000
0.000000
0.000000
0.000000
0.000000
0.000000
0.000000
0.000000
0.000000
0.000000
0.000000
0.000000
0.000000
0.000000
0.000000
0.000000
0.000000
0.000000
0.000000
0.000000
0.000000
0.000000
0.000000
0.000000
0.000000
0.000000
0.000000
0.000000
0.000000
0.000000
0.000000
0.000000
0.000000
0.000000
0.000000
0.000000
0.000000
0.000000
0.000000
0.000000
0.000000
0.000000
0.000000
0.000000
0.000000
0.000000
0.000000
0.000000
0.000000
0.000000
0.000000
0.000000
0.000000
0.000000
0.000000
0.000000
0.000000
0.000000
0.000000
0.000000
0.000000
0.000000
0.000000
0.000000
0.000000
0.000000
0.000000
0.000000
0.000000
0.000000
0.000000
0.000000
0.000000
0.000000
0.000000
0.000000
0.000000
0.000000
0.000000
0.000000
0.000000
0.000000
0.000000
0.000000
0.000000
0.000000
0.000000
0.000000
0.000000
0.000000
0.000000
0.000000
0.000000
0.000000
0.000000
0.000000
0.000000
0.000000
0.000000
0.000000
0.000000
0.000000
0.000000
0.000000
0.000000
0.000000
0.000000
0.000000
0.000000
0.000000
0.000000
0.000000
0.000000
0.000000
0.000000
0.000000
0.000000
0.000000
0.000000
0.000000
0.000000
0.000000
0.000000
0.000000
0.000000
0.000000
0.000000
0.000000
0.000000
0.000000
0.000000
0.000000
0.000000
0.000000
0.000000
0.000000
0.000000
0.000000
0.000000
0.000000
0.000000
0.000000
0.000000
0.000000
0.000000
0.000000
0.000000
0.000000
0.000000
0.000000
0.000000
0.000000
0.000000
0.000000
0.000000
0.000000
0.000000
0.000000
0.000000
0.000000
0.000000
0.000000
0.000000
0.000000
0.000000
0.000000
0.000000
0.000000
0.000000
0.000000
0.000000
0.000000
0.000000
0.000000
0.000000
0.000000
0.000000
0.000000
0.000000
0.000000
0.000000
0.000000
0.000000
0.000000
0.000000
0.000000
0.000000
0.000000
0.000000
0.000000
0.000000
0.000000
0.000000
0.000000
0.000000
0.000000
0.000000
0.000000
0.000000
0.000000
0.000000
0.000000
0.000000
0.000000
0.000000
0.000000
0.000000
0.000000
0.000000
0.000000
0.000000
0.000000
0.000000
0.000000
0.000000
0.000000
0.000000
0.000000
0.000000
0.000000
0.000000
0.000000
0.000000
0.000000
0.000000
0.000000
0.000000
0.000000
0.000000
0.000000
0.000000
0.000000
0.000000
0.000000
0.000000
0.000000
0.000000
0.000000
0.000000
0.000000
0.000000
0.000000
0.000000
0.000000
0.000000
0.000000
0.000000
0.000000
0.000000
0.000000
0.000000
0.000000
0.000000
0.000000
0.000000
0.000000
0.000000
0.000000
0.000000
0.000000
0.000000
0.000000
0.000000
0.000000
0.000000
0.000000
0.000000
0.000000
0.000000
0.000000
0.000000
0.000000
0.000000
0.000000
0.000000
0.000000
0.000000
0.000000
0.000000
0.000000
0.000000
0.000000
0.000000
0.000000
0.000000
0.000000
0.000000
0.000000
0.000000
0.000000
0.000000
0.000000
0.000000
0.000000
0.000000
0.000000
0.000000
0.000000
0.000000
0.000000
0.000000
0.000000
0.000000
0.000000
0.000000
0.000000
0.000000
0.000000
0.000000
0.000000
0.000000
0.000000
0.000000
0.000000
0.000000
0.000000
0.000000
0.000000
0.000000
0.000000
0.000000
0.000000
0.000000
0.000000
0.000000
0.000000
0.000000
0.000000
0.000000
0.000000
0.000000
0.000000
0.000000
0.000000
0.000000
0.000000
0.000000
0.000000
0.000000
0.000000
0.000000
0.000000
0.000000
0.000000
0.000000
0.000000
0.000000
0.000000
0.000000
0.000000
0.000000
0.000000
0.000000
0.000000
0.000000
0.000000
0.000000
0.000000
0.000000
0.000000
0.000000
0.000000
0.000000
0.000000
0.000000
0.000000
0.000000
0.000000
0.000000
0.000000
0.000000
0.000000
0.000000
0.000000
0.000000
0.000000
0.000000
0.000000
0.000000
0.000000
0.000000
0.000000
0.000000
0.000000
0.000000
0.000000
0.000000
0.000000
0.000000
0.000000
0.000000
0.000000
0.000000
0.000000
0.000000
0.000000
0.000000
0.000000
0.000000
0.000000
0.000000
0.000000
0.000000
0.000000
0.000000
0.000000
0.000000
0.000000
0.000000
0.000000
