25.464056
234.140493
1113.532085
3688.522689
9601.650609
20768.052212
39035.116538
65556.188935
100288.082460
141884.690143
188269.027814
236568.540373
283430.959723
326211.085531
362361.672993
390698.654398
410245.230432
421129.954368
423676.746873
418906.847052
407876.588776
392070.443867
372717.604839
350850.564231
327525.652721
303419.250757
279324.749526
255872.321549
233239.941784
211750.546069
191619.043454
172963.977129
155756.837417
140035.339347
125796.226622
112867.571340
101231.016765
90762.613549
81344.135320
72978.356165
65537.444797
58899.765315
52962.412953
47694.741459
43031.020433
38816.874962
35085.044873
31758.980993
28838.622966
26236.379665
23883.632841
21806.844359
19940.588282
18255.036546
16746.283164
15394.952320
14185.551815
13076.746727
12075.088013
11174.491324
10354.242727
9615.042785
8957.403568
8353.410871
7807.545654
7303.347152
6852.432431
6432.988789
6058.899298
5704.437132
5392.121807
5100.199541
4843.991343
4599.126998
4375.691773
4174.041967
3979.898223
3808.958591
3645.926469
3499.787210
3365.690299
3236.432631
3117.944064
3009.042290
2906.026791
2819.171837
2736.701256
2659.543475
2587.834113
2526.120974
2468.016695
2418.255134
2368.276802
2322.508194
2281.103296
2243.825868
2210.596189
2183.099578
2152.869916
2126.692767
2103.137599
2085.316032
2067.586924
2054.896340
2040.185551
2030.611970
2019.772061
2013.499035
2008.353747
2003.754733
2002.739979
2002.374383
2004.599610
2008.537983
2009.532822
2019.333625
2026.296424
2034.965208
2047.142891
2058.998469
2073.743595
2087.793203
2102.847871
2121.937573
2140.347968
2160.094183
2177.555251
2199.917084
2220.761929
2242.760313
2264.172180
2287.326970
2311.719535
2341.371053
2370.810892
2401.629403
2435.851316
2468.358603
2502.450550
2542.462629
2583.143052
2623.883182
2669.673201
2715.025290
2759.727860
2811.541360
2856.742940
2907.509843
2954.759471
3007.037955
3058.413687
3105.930140
3157.266131
3211.599076
3269.714601
3332.117575
3394.787380
3458.189960
3523.425191
3586.989569
3654.729280
3719.733242
3787.690596
3854.904091
3921.419798
3990.016890
4054.898849
4131.087637
4205.840026
4279.230235
4356.595216
4432.462013
4510.179749
4587.996526
4665.032348
4746.300588
4827.842425
4911.503345
4995.086120
5080.471382
5168.895840
5253.364410
5342.823359
5425.849753
5505.260004
5588.998961
5667.847768
5746.166862
5828.322640
5906.467549
5988.218355
6073.586438
6155.998563
6233.730359
6312.823067
6390.843839
6469.695023
6539.919277
6615.130591
6693.082420
6765.029233
6837.949136
6907.889245
6979.842769
7046.976871
7110.791837
7175.145005
7232.663719
7288.532125
7346.822208
7400.469057
7450.424384
7504.583729
7551.602243
7594.441605
7640.202109
7681.833534
7720.689489
7755.426874
7787.953679
7816.735461
7839.796277
7862.284127
7878.545971
7892.118509
7899.316534
7907.647106
7913.857251
7922.551007
7922.734153
7920.126781
7914.222109
7904.403405
7893.309133
7876.578388
7852.719746
7826.959940
7790.083386
7757.020481
7720.278376
7675.295971
7634.520079
7585.360926
7532.796375
7474.834216
7414.655597
7346.103676
7274.720387
7203.906190
7126.256067
7052.151770
6973.029517
6896.377492
6811.767617
6728.235591
6642.041457
6555.040538
6466.665139
6377.846636
6284.148118
6192.256768
6097.103993
6001.352474
5908.260966
5813.590505
5718.747898
5618.635981
5514.959972
5410.902219
5305.381359
5205.645890
5103.622263
4996.908792
4886.755433
4780.294522
4671.934400
4561.834709
4448.895263
4340.612637
4230.334630
4120.286974
4009.262146
3897.169861
3785.216862
3673.349911
3565.583273
3457.707859
3350.161588
3245.820634
3142.594139
3039.519327
2939.519022
2839.316915
2740.519848
2646.416591
2551.787634
2458.586935
2368.169150
2278.153628
2191.280566
2108.130212
2025.237966
1947.031162
1868.681223
1794.300747
1720.340152
1649.416922
1579.767746
1512.282973
1447.354312
1382.931511
1321.125665
1260.467396
1202.720234
1147.500926
1093.429715
1040.971980
989.938667
941.609884
894.117816
847.162886
802.505796
761.801172
722.377540
684.224658
648.441041
613.148283
580.123310
548.403138
517.934727
488.813942
461.730346
435.030193
410.857826
387.160418
364.596062
343.715696
322.432969
302.615548
284.271810
266.759488
250.532350
235.009615
219.509781
205.899142
192.989683
180.511608
168.644974
157.730147
146.752699
136.333649
126.765625
118.337107
110.226853
102.653378
95.824309
89.242414
82.853241
76.778298
71.914334
66.743982
62.389862
57.905945
53.902821
49.946715
46.260084
42.959237
39.504980
36.587518
33.740333
30.975154
28.426507
26.055785
23.954198
22.037380
20.193572
18.480926
16.951478
15.509111
14.127995
13.078248
12.129668
11.164529
10.261928
9.581082
8.853190
8.104257
7.297974
6.646629
6.020528
5.425671
4.879245
4.399763
3.922220
3.545112
3.273735
2.981752
2.655134
2.403286
2.209377
1.973398
1.767058
1.558924
1.372098
1.215783
1.099429
0.970223
0.870013
0.755769
0.705800
0.626563
0.577985
0.543355
0.511294
0.474462
0.417127
0.394987
0.376525
0.364818
0.332572
0.296415
0.297233
0.272265
0.227670
0.210046
0.203119
0.183659
0.193116
0.184555
0.155764
0.132629
0.115234
0.108670
0.084484
0.066475
0.068806
0.057924
0.056652
0.046191
0.033954
0.025929
0.017787
0.012682
0.010379
0.007338
0.011086
0.008755
0.007655
0.003521
0.003425
0.002056
0.000677
0.000162
0.000000
0.000000
0.000000
0.000000
0.000000
0.000000
0.000000
0.000000
0.000000
0.000000
0.000000
0.000000
0.000000
0.000000
0.000000
0.000000
0.000000
0.000000
0.000000
0.000000
0.000000
0.000000
0.000000
0.000000
0.000000
0.000000
0.000000
0.000000
0.000000
0.000000
0.000000
0.000000
0.000000
0.000000
0.000000
0.000000
0.000000
0.000000
0.000000
0.000000
0.000000
0.000000
0.000000
0.000000
0.000000
0.000000
0.000000
0.000000
0.000000
0.000000
0.000000
0.000000
0.000000
0.000000
0.000000
0.000000
0.000000
0.000000
0.000000
0.000000
0.000000
0.000000
0.000000
0.000000
0.000000
0.000000
0.000000
0.000000
0.000000
0.000000
0.000000
0.000000
0.000000
0.000000
0.000000
0.000000
0.000000
0.000000
0.000000
0.000000
0.000000
0.000000
0.000000
0.000000
0.000000
0.000000
0.000000
0.000000
0.000000
0.000000
0.000000
0.000000
0.000000
0.000000
0.000000
0.000000
0.000000
0.000000
0.000000
0.000000
0.000000
0.000000
0.000000
0.000000
0.000000
0.000000
0.000000
0.000000
0.000000
0.000000
0.000000
0.000000
0.000000
0.000000
0.000000
0.000000
0.000000
0.000000
0.000000
0.000000
0.000000
0.000000
0.000000
0.000000
0.000000
0.000000
0.000000
0.000000
0.000000
0.000000
0.000000
0.000000
0.000000
0.000000
0.000000
0.000000
0.000000
0.000000
0.000000
0.000000
0.000000
0.000000
0.000000
0.000000
0.000000
0.000000
0.000000
0.000000
0.000000
0.000000
0.000000
0.000000
0.000000
0.000000
0.000000
0.000000
0.000000
0.000000
0.000000
0.000000
0.000000
0.000000
0.000000
0.000000
0.000000
0.000000
0.000000
0.000000
0.000000
0.000000
0.000000
0.000000
0.000000
0.000000
0.000000
0.000000
0.000000
0.000000
0.000000
0.000000
0.000000
0.000000
0.000000
0.000000
0.000000
0.000000
0.000000
0.000000
0.000000
0.000000
0.000000
0.000000
0.000000
0.000000
0.000000
0.000000
0.000000
0.000000
0.000000
0.000000
0.000000
0.000000
0.000000
0.000000
0.000000
0.000000
0.000000
0.000000
0.000000
0.000000
0.000000
0.000000
0.000000
0.000000
0.000000
0.000000
0.000000
0.000000
0.000000
0.000000
0.000000
0.000000
0.000000
0.000000
0.000000
0.000000
0.000000
0.000000
0.000000
0.000000
0.000000
0.000000
0.000000
0.000000
0.000000
0.000000
0.000000
0.000000
0.000000
0.000000
0.000000
0.000000
0.000000
0.000000
0.000000
0.000000
0.000000
0.000000
0.000000
0.000000
0.000000
0.000000
0.000000
0.000000
0.000000
0.000000
0.000000
0.000000
0.000000
0.000000
0.000000
0.000000
0.000000
0.000000
0.000000
0.000000
0.000000
0.000000
0.000000
0.000000
0.000000
0.000000
0.000000
0.000000
0.000000
0.000000
0.000000
0.000000
0.000000
0.000000
0.000000
0.000000
0.000000
0.000000
0.000000
0.000000
0.000000
0.000000
0.000000
0.000000
0.000000
0.000000
0.000000
0.000000
0.000000
0.000000
0.000000
0.000000
0.000000
0.000000
0.000000
0.000000
0.000000
0.000000
0.000000
0.000000
0.000000
0.000000
0.000000
0.000000
0.000000
0.000000
0.000000
0.000000
0.000000
0.000000
0.000000
0.000000
0.000000
0.000000
0.000000
0.000000
0.000000
0.000000
0.000000
0.000000
0.000000
0.000000
0.000000
0.000000
0.000000
0.000000
0.000000
0.000000
0.000000
0.000000
0.000000
0.000000
0.000000
0.000000
0.000000
0.000000
0.000000
0.000000
0.000000
0.000000
0.000000
0.000000
0.000000
0.000000
0.000000
0.000000
0.000000
0.000000
0.000000
0.000000
0.000000
0.000000
0.000000
0.000000
0.000000
0.000000
0.000000
0.000000
0.000000
0.000000
0.000000
0.000000
0.000000
0.000000
0.000000
0.000000
0.000000
0.000000
0.000000
0.000000
0.000000
0.000000
0.000000
0.000000
0.000000
0.000000
0.000000
0.000000
0.000000
0.000000
0.000000
0.000000
0.000000
0.000000
0.000000
0.000000
0.000000
0.000000
0.000000
0.000000
0.000000
0.000000
0.000000
0.000000
0.000000
0.000000
0.000000
0.000000
0.000000
0.000000
0.000000
0.000000
0.000000
0.000000
0.000000
0.000000
0.000000
0.000000
0.000000
0.000000
0.000000
0.000000
0.000000
0.000000
0.000000
0.000000
0.000000
0.000000
0.000000
0.000000
0.000000
0.000000
0.000000
0.000000
0.000000
0.000000
0.000000
0.000000
0.000000
0.000000
0.000000
0.000000
0.000000
0.000000
0.000000
0.000000
0.000000
0.000000
0.000000
0.000000
0.000000
0.000000
0.000000
0.000000
0.000000
0.000000
0.000000
0.000000
0.000000
0.000000
0.000000
0.000000
0.000000
0.000000
0.000000
0.000000
0.000000
0.000000
0.000000
0.000000
0.000000
0.000000
0.000000
0.000000
0.000000
0.000000
0.000000
0.000000
0.000000
0.000000
0.000000
0.000000
0.000000
0.000000
0.000000
0.000000
0.000000
0.000000
0.000000
0.000000
0.000000
0.000000
0.000000
0.000000
0.000000
0.000000
0.000000
0.000000
0.000000
0.000000
0.000000
0.000000
0.000000
0.000000
0.000000
0.000000
0.000000
0.000000
0.000000
0.000000
0.000000
0.000000
0.000000
0.000000
0.000000
0.000000
0.000000
0.000000
0.000000
0.000000
0.000000
0.000000
0.000000
0.000000
0.000000
0.000000
0.000000
0.000000
0.000000
0.000000
0.000000
0.000000
0.000000
0.000000
0.000000
0.000000
0.000000
0.000000
0.000000
0.000000
0.000000
0.000000
0.000000
0.000000
0.000000
0.000000
0.000000
0.000000
0.000000
0.000000
0.000000
0.000000
