0.000000
0.000000
0.000000
0.004011
0.024615
0.145579
0.569865
1.376658
4.110990
9.513338
19.499725
38.106272
72.781348
128.768479
218.927121
354.259762
548.031209
821.070779
1189.927885
1679.508209
2303.183814
3078.914861
4033.570244
5180.934432
6547.279967
8130.953037
9937.588358
11948.468063
14148.667329
16594.877126
19228.469835
22033.220517
24982.898131
28084.826812
31301.648523
34594.063109
37931.009694
41307.328624
44687.707818
48061.047715
51422.213972
54748.621592
57949.223398
61122.003947
64227.562600
67183.915139
70003.446839
72737.491838
75315.232116
77752.010626
80063.939603
82215.628539
84236.779035
86077.858859
87754.449919
89316.525498
90765.013614
92048.884916
93205.346513
94218.409276
95093.564637
95891.380506
96530.653052
97064.129149
97475.719908
97756.280932
97984.540442
98089.763104
98182.130581
98146.639081
98032.452595
97850.894515
97612.156073
97300.182112
96926.277160
96541.150854
96097.183457
95599.677477
95073.317756
94497.278104
93892.101930
93257.478024
92605.357650
91918.456163
91214.163752
90489.178867
89761.715616
88997.814624
88206.859458
87435.878062
86669.916577
85910.551877
85110.470318
84304.733707
83492.820693
82677.381647
81888.798774
81097.652063
80328.007706
79533.034161
78748.465960
77947.007610
77160.778572
76355.794770
75557.806925
74746.084261
73941.276535
73141.631027
72342.644339
71520.502554
70693.333719
69884.432523
69057.760396
68236.928569
67415.007511
66599.619913
65800.691681
64980.053164
64158.849457
63347.167902
62529.842467
61749.120443
60957.802330
60165.331396
59356.915063
58544.560222
57761.048078
56976.277383
56187.641191
55405.772392
54618.349878
53847.051317
53063.302593
52280.357431
51474.872830
50687.951532
49894.691564
49105.626504
48318.353908
47530.691757
46752.516950
45966.459274
45209.868793
44436.667978
43673.174278
42929.404166
42166.257613
41410.431037
40665.112884
39928.323197
39198.376049
38482.598600
37758.297410
37058.828343
36342.902558
35644.175463
34951.818415
34255.743308
33574.730921
32908.355670
32235.217498
31576.114726
30917.011153
30240.629556
29581.054291
28914.256755
28267.467318
27617.042068
26968.692501
26316.612491
25678.645201
25048.828807
24422.478938
23802.081067
23190.308585
22583.981068
21997.254521
21413.343937
20842.163136
20278.568109
19723.640352
19175.395129
18636.443471
18114.937958
17588.034821
17069.988928
16565.000921
16064.846217
15575.732984
15100.092869
14630.439629
14165.233465
13712.224571
13274.320568
12838.175655
12410.794684
11992.112411
11581.954380
11179.545244
10790.433640
10410.640964
10036.825982
9674.901352
9322.021981
8970.468143
8624.154533
8297.894759
7975.901830
7667.502636
7361.578942
7064.408407
6779.529064
6508.391218
6245.709522
5986.495439
5737.297334
5496.731244
5261.925531
5031.957566
4809.239996
4592.396220
4384.897876
4187.412509
3992.162526
3802.013630
3622.163750
3452.054679
3286.701753
3131.292893
2980.508867
2834.280546
2694.429506
2561.921278
2434.857565
2311.496456
2197.703400
2084.609959
1978.996761
1875.931923
1776.244340
1682.579667
1593.281866
1505.094880
1421.383013
1341.531603
1265.206376
1193.484875
1124.059836
1060.525925
997.283338
936.798296
879.298722
824.389246
773.067695
724.317701
679.835360
635.730663
593.473873
554.854384
517.824028
483.851119
452.352521
421.474355
392.233785
365.561037
341.122415
317.456092
295.302799
274.845527
255.824144
237.458791
220.411022
203.951400
188.991784
175.540456
161.965839
149.923434
138.697499
127.941540
118.605183
109.147203
100.755365
92.615971
85.053234
78.528140
71.868401
66.010609
60.795366
56.149988
51.644751
47.307169
43.386643
39.944300
36.423912
33.444530
30.746506
28.365651
25.871103
23.841037
22.001406
20.391163
18.726175
17.287922
15.886484
14.614188
13.399140
12.228919
11.217397
10.276612
9.573399
8.649813
7.813885
7.136737
6.418013
5.789003
5.255330
4.790497
4.400657
3.960323
3.599697
3.158924
2.891551
2.574210
2.313952
2.024710
1.781351
1.591386
1.410392
1.223994
1.100561
0.964428
0.851501
0.736204
0.666619
0.578050
0.508107
0.454071
0.388395
0.327657
0.294177
0.265829
0.247175
0.220248
0.203135
0.198369
0.177432
0.170352
0.158689
0.157899
0.169864
0.159016
0.139988
0.137467
0.129648
0.132364
0.110290
0.091703
0.084240
0.072586
0.070284
0.062463
0.060816
0.058010
0.048774
0.047216
0.041222
0.035937
0.028688
0.013486
0.008534
0.008954
0.006190
0.006114
0.003599
0.001975
0.001745
0.001580
0.001233
0.000048
0.000000
0.000000
0.000000
0.000000
0.000000
0.000000
0.000000
0.000000
0.000000
0.000000
0.000000
0.000000
0.000000
0.000000
0.000000
0.000000
0.000000
0.000000
0.000000
0.000000
0.000000
0.000000
0.000000
0.000000
0.000000
0.000000
0.000000
0.000000
0.000000
0.000000
0.000000
0.000000
0.000000
0.000000
0.000000
0.000000
0.000000
0.000000
0.000000
0.000000
0.000000
0.000000
0.000000
0.000000
0.000000
0.000000
0.000000
0.000000
0.000000
0.000000
0.000000
0.000000
0.000000
0.000000
0.000000
0.000000
0.000000
0.000000
0.000000
0.000000
0.000000
0.000000
0.000000
0.000000
0.000000
0.000000
0.000000
0.000000
0.000000
0.000000
0.000000
0.000000
0.000000
0.000000
0.000000
0.000000
0.000000
0.000000
0.000000
0.000000
0.000000
0.000000
0.000000
0.000000
0.000000
0.000000
0.000000
0.000000
0.000000
0.000000
0.000000
0.000000
0.000000
0.000000
0.000000
0.000000
0.000000
0.000000
0.000000
0.000000
0.000000
0.000000
0.000000
0.000000
0.000000
0.000000
0.000000
0.000000
0.000000
0.000000
0.000000
0.000000
0.000000
0.000000
0.000000
0.000000
0.000000
0.000000
0.000000
0.000000
0.000000
0.000000
0.000000
0.000000
0.000000
0.000000
0.000000
0.000000
0.000000
0.000000
0.000000
0.000000
0.000000
0.000000
0.000000
0.000000
0.000000
0.000000
0.000000
0.000000
0.000000
0.000000
0.000000
0.000000
0.000000
0.000000
0.000000
0.000000
0.000000
0.000000
0.000000
0.000000
0.000000
0.000000
0.000000
0.000000
0.000000
0.000000
0.000000
0.000000
0.000000
0.000000
0.000000
0.000000
0.000000
0.000000
0.000000
0.000000
0.000000
0.000000
0.000000
0.000000
0.000000
0.000000
0.000000
0.000000
0.000000
0.000000
0.000000
0.000000
0.000000
0.000000
0.000000
0.000000
0.000000
0.000000
0.000000
0.000000
0.000000
0.000000
0.000000
0.000000
0.000000
0.000000
0.000000
0.000000
0.000000
0.000000
0.000000
0.000000
0.000000
0.000000
0.000000
0.000000
0.000000
0.000000
0.000000
0.000000
0.000000
0.000000
0.000000
0.000000
0.000000
0.000000
0.000000
0.000000
0.000000
0.000000
0.000000
0.000000
0.000000
0.000000
0.000000
0.000000
0.000000
0.000000
0.000000
0.000000
0.000000
0.000000
0.000000
0.000000
0.000000
0.000000
0.000000
0.000000
0.000000
0.000000
0.000000
0.000000
0.000000
0.000000
0.000000
0.000000
0.000000
0.000000
0.000000
0.000000
0.000000
0.000000
0.000000
0.000000
0.000000
0.000000
0.000000
0.000000
0.000000
0.000000
0.000000
0.000000
0.000000
0.000000
0.000000
0.000000
0.000000
0.000000
0.000000
0.000000
0.000000
0.000000
0.000000
0.000000
0.000000
0.000000
0.000000
0.000000
0.000000
0.000000
0.000000
0.000000
0.000000
0.000000
0.000000
0.000000
0.000000
0.000000
0.000000
0.000000
0.000000
0.000000
0.000000
0.000000
0.000000
0.000000
0.000000
0.000000
0.000000
0.000000
0.000000
0.000000
0.000000
0.000000
0.000000
0.000000
0.000000
0.000000
0.000000
0.000000
0.000000
0.000000
0.000000
0.000000
0.000000
0.000000
0.000000
0.000000
0.000000
0.000000
0.000000
0.000000
0.000000
0.000000
0.000000
0.000000
0.000000
0.000000
0.000000
0.000000
0.000000
0.000000
0.000000
0.000000
0.000000
0.000000
0.000000
0.000000
0.000000
0.000000
0.000000
0.000000
0.000000
0.000000
0.000000
0.000000
0.000000
0.000000
0.000000
0.000000
0.000000
0.000000
0.000000
0.000000
0.000000
0.000000
0.000000
0.000000
0.000000
0.000000
0.000000
0.000000
0.000000
0.000000
0.000000
0.000000
0.000000
0.000000
0.000000
0.000000
0.000000
0.000000
0.000000
0.000000
0.000000
0.000000
0.000000
0.000000
0.000000
0.000000
0.000000
0.000000
0.000000
0.000000
0.000000
0.000000
0.000000
0.000000
0.000000
0.000000
0.000000
0.000000
0.000000
0.000000
0.000000
0.000000
0.000000
0.000000
0.000000
0.000000
0.000000
0.000000
0.000000
0.000000
0.000000
0.000000
0.000000
0.000000
0.000000
0.000000
0.000000
0.000000
0.000000
0.000000
0.000000
0.000000
0.000000
0.000000
0.000000
0.000000
0.000000
0.000000
0.000000
0.000000
0.000000
0.000000
0.000000
0.000000
0.000000
0.000000
0.000000
0.000000
0.000000
0.000000
0.000000
0.000000
0.000000
0.000000
0.000000
0.000000
0.000000
0.000000
0.000000
0.000000
0.000000
0.000000
0.000000
0.000000
0.000000
0.000000
0.000000
0.000000
0.000000
0.000000
0.000000
0.000000
0.000000
0.000000
0.000000
0.000000
0.000000
0.000000
0.000000
0.000000
0.000000
0.000000
0.000000
0.000000
0.000000
0.000000
0.000000
0.000000
0.000000
0.000000
0.000000
0.000000
0.000000
0.000000
0.000000
0.000000
0.000000
0.000000
0.000000
0.000000
0.000000
0.000000
0.000000
0.000000
0.000000
0.000000
0.000000
0.000000
0.000000
0.000000
0.000000
0.000000
0.000000
0.000000
0.000000
0.000000
0.000000
0.000000
0.000000
0.000000
0.000000
0.000000
0.000000
0.000000
0.000000
0.000000
0.000000
0.000000
0.000000
0.000000
0.000000
0.000000
0.000000
0.000000
0.000000
0.000000
0.000000
0.000000
0.000000
0.000000
0.000000
0.000000
0.000000
0.000000
0.000000
0.000000
0.000000
0.000000
0.000000
0.000000
0.000000
0.000000
0.000000
0.000000
0.000000
0.000000
0.000000
0.000000
0.000000
0.000000
0.000000
0.000000
0.000000
0.000000
0.000000
0.000000
0.000000
0.000000
0.000000
0.000000
0.000000
0.000000
0.000000
0.000000
0.000000
0.000000
0.000000
0.000000
0.000000
0.000000
0.000000
0.000000
0.000000
0.000000
0.000000
0.000000
0.000000
0.000000
0.000000
0.000000
0.000000
0.000000
0.000000
0.000000
0.000000
0.000000
0.000000
0.000000
0.000000
0.000000
0.000000
0.000000
0.000000
0.000000
0.000000
0.000000
0.000000
0.000000
0.000000
0.000000
0.000000
0.000000
0.000000
0.000000
0.000000
0.000000
0.000000
0.000000
0.000000
0.000000
0.000000
0.000000
0.000000
0.000000
0.000000
0.000000
0.000000
0.000000
0.000000
0.000000
0.000000
0.000000
0.000000
0.000000
0.000000
0.000000
0.000000
0.000000
0.000000
0.000000
