0.000000
0.000000
0.000000
0.000000
0.000000
0.000000
0.000000
0.000000
0.000000
0.000000
0.000000
0.000000
0.000000
0.000000
0.000000
0.000000
0.000000
0.000000
0.000000
0.000000
0.000000
0.000000
0.008512
0.016247
0.039390
0.105779
0.424766
0.596987
1.152875
2.613153
4.570840
8.205213
12.739027
20.379878
33.976637
52.297177
79.815106
121.871868
177.517569
257.215983
361.267767
511.823597
700.477983
958.622022
1284.091580
1714.294262
2247.511566
2885.492412
3671.009447
4610.745451
5728.821721
7041.368817
8581.340558
10377.783823
12415.988083
14757.440311
17315.783844
20181.233721
23344.511685
26820.363106
30603.253583
34668.874857
38923.364282
43474.341636
48329.195945
53399.032393
58642.250685
64122.884367
69767.027263
75522.559388
81362.306012
87219.910615
93158.043602
99069.828321
104869.796875
110600.497332
116215.233053
121687.940092
127044.617062
132181.234235
137084.611699
141847.982971
146266.328646
150392.953555
154240.035822
157842.780592
161123.201211
163921.519347
166462.702449
168659.211199
170555.843997
172165.867821
173309.523787
174123.229821
174684.155812
174927.833516
174867.050674
174357.389276
173522.686043
172410.507950
171067.902704
169572.603070
167809.051752
165816.923866
163508.795069
161139.345984
158504.883494
155723.883524
152786.376898
149643.326103
146429.690381
143050.474247
139614.960919
136092.196357
132416.285476
128785.801821
124942.852488
121183.141255
117367.894896
113486.652373
109567.524906
105648.923224
101755.445970
97915.141461
94052.569686
90221.716012
86431.144125
82740.218982
79090.321119
75471.980693
71930.198556
68451.927457
65128.117965
61811.834461
58605.252266
55449.842894
52418.035802
49490.517846
46637.218905
43924.340241
41284.349777
38749.988757
36304.685270
33981.320385
31779.606097
29627.159440
27639.216436
25747.477692
23941.061245
22202.058330
20565.387078
19016.217506
17561.490678
16195.492763
14927.502842
13714.232682
12593.027585
11549.661292
10561.004709
9648.225877
8781.840132
7990.814795
7266.852716
6599.057265
5972.850184
5392.606509
4867.029592
4392.739221
3957.841002
3558.021782
3198.338374
2854.677548
2552.316375
2284.378872
2034.308461
1814.612566
1611.297785
1430.570414
1270.421730
1125.574877
994.902077
875.292780
772.261862
680.577741
598.781199
523.727634
460.275706
401.877874
350.853134
305.952536
265.309788
231.509875
200.458649
172.662530
149.842599
129.205648
110.730177
95.708311
81.791000
70.694454
60.144210
52.217573
43.659078
37.283909
31.700767
26.439568
22.597068
18.892005
15.729498
13.239830
11.069716
9.167976
8.001535
6.678943
5.593415
4.665075
3.713470
3.049130
2.468126
2.026517
1.604512
1.318565
1.002665
0.862686
0.707177
0.544122
0.393030
0.345000
0.223816
0.176478
0.116967
0.080098
0.054489
0.047315
0.013353
0.000974
0.000000
0.000000
0.000000
0.000000
0.000000
0.000000
0.000000
0.000000
0.000000
0.000000
0.000000
0.000000
0.000000
0.000000
0.000000
0.000000
0.000000
0.000000
0.000000
0.000000
0.000000
0.000000
0.000000
0.000000
0.000000
0.000000
0.000000
0.000000
0.000000
0.000000
0.000000
0.000000
0.000000
0.000000
0.000000
0.000000
0.000000
0.000000
0.000000
0.000000
0.000000
0.000000
0.000000
0.000000
0.000000
0.000000
0.000000
0.000000
0.000000
0.000000
0.000000
0.000000
0.000000
0.000000
0.000000
0.000000
0.000000
0.000000
0.000000
0.000000
0.000000
0.000000
0.000000
0.000000
0.000000
0.000000
0.000000
0.000000
0.000000
0.000000
0.000000
0.000000
0.000000
0.000000
0.000000
0.000000
0.000000
0.000000
0.000000
0.000000
0.000000
0.000000
0.000000
0.000000
0.000000
0.000000
0.000000
0.000000
0.000000
0.000000
0.000000
0.000000
0.000000
0.000000
0.000000
0.000000
0.000000
0.000000
0.000000
0.000000
0.000000
0.000000
0.000000
0.000000
0.000000
0.000000
0.000000
0.000000
0.000000
0.000000
0.000000
0.000000
0.000000
0.000000
0.000000
0.000000
0.000000
0.000000
0.000000
0.000000
0.000000
0.000000
0.000000
0.000000
0.000000
0.000000
0.000000
0.000000
0.000000
0.000000
0.000000
0.000000
0.000000
0.000000
0.000000
0.000000
0.000000
0.000000
0.000000
0.000000
0.000000
0.000000
0.000000
0.000000
0.000000
0.000000
0.000000
0.000000
0.000000
0.000000
0.000000
0.000000
0.000000
0.000000
0.000000
0.000000
0.000000
0.000000
0.000000
0.000000
0.000000
0.000000
0.000000
0.000000
0.000000
0.000000
0.000000
0.000000
0.000000
0.000000
0.000000
0.000000
0.000000
0.000000
0.000000
0.000000
0.000000
0.000000
0.000000
0.000000
0.000000
0.000000
0.000000
0.000000
0.000000
0.000000
0.000000
0.000000
0.000000
0.000000
0.000000
0.000000
0.000000
0.000000
0.000000
0.000000
0.000000
0.000000
0.000000
0.000000
0.000000
0.000000
0.000000
0.000000
0.000000
0.000000
0.000000
0.000000
0.000000
0.000000
0.000000
0.000000
0.000000
0.000000
0.000000
0.000000
0.000000
0.000000
0.000000
0.000000
0.000000
0.000000
0.000000
0.000000
0.000000
0.000000
0.000000
0.000000
0.000000
0.000000
0.000000
0.000000
0.000000
0.000000
0.000000
0.000000
0.000000
0.000000
0.000000
0.000000
0.000000
0.000000
0.000000
0.000000
0.000000
0.000000
0.000000
0.000000
0.000000
0.000000
0.000000
0.000000
0.000000
0.000000
0.000000
0.000000
0.000000
0.000000
0.000000
0.000000
0.000000
0.000000
0.000000
0.000000
0.000000
