0.006574
0.261423
1.441329
4.279359
12.751908
33.457139
74.650522
149.961350
278.529249
475.595120
774.161368
1207.737871
1793.638935
2581.089674
3601.309656
4870.721476
6414.099878
8256.023814
10402.704963
12825.926676
15562.054090
18585.014076
21868.825516
25366.325522
29056.778080
32939.559037
36897.907452
40965.688525
45052.207608
49093.998627
53090.404709
57071.037985
60893.655881
64602.982092
68154.402459
71532.470820
74701.642244
77708.550567
80468.566933
82988.390254
85288.810900
87340.509225
89151.652416
90733.895925
92124.222054
93293.422542
94227.926364
94989.939897
95575.449570
95990.415335
96252.160334
96375.907688
96315.983064
96155.593327
95883.196704
95493.193296
95014.337081
94447.832064
93800.865037
93110.342243
92326.411889
91487.803936
90606.751829
89679.041506
88764.403535
87800.441693
86835.370555
85852.589352
84851.749537
83830.534437
82808.985146
81817.940673
80833.913391
79828.862072
78836.853739
77864.949167
76883.961932
75931.733064
74986.839655
74039.854223
73082.964917
72180.035725
71290.955119
70421.190846
69558.579872
68712.460278
67879.573822
67048.513705
66251.558366
65459.394567
64666.976611
63909.187881
63159.507792
62446.643666
61747.274101
61038.379491
60365.600363
59683.563636
59045.033994
58425.593643
57830.650385
57201.459998
56602.268626
56031.899037
55469.061289
54914.159856
54343.280639
53791.954377
53269.590722
52759.346735
52252.275356
51740.937791
51243.479559
50770.853432
50290.681524
49826.282916
49369.433286
48904.918717
48446.947478
47987.214660
47558.627639
47117.920386
46688.094321
46274.873200
45863.167579
45433.512311
45048.107431
44663.741480
44271.182243
43872.769320
43490.105313
43106.447913
42730.767112
42364.800460
41979.361191
41593.267018
41210.874661
40834.395520
40456.210914
40084.887003
39707.090928
39342.649433
38979.707454
38594.441367
38222.893382
37843.177940
37480.007430
37107.533885
36730.692978
36355.163093
35990.197980
35621.414217
35243.713153
34873.008225
34490.883272
34097.475937
33707.516367
33323.732312
32935.333436
32548.016435
32148.344499
31758.400473
31357.117564
30956.994439
30561.970899
30164.235811
29755.429028
29345.857482
28938.401432
28534.550923
28119.250190
27705.154600
27287.568671
26881.479361
26457.934016
26037.411125
25625.065221
25218.651645
24795.085081
24378.718459
23965.571453
23539.149231
23119.410417
22700.460959
22284.600976
21865.847183
21445.948714
21030.728502
20619.081032
20205.795726
19803.714420
19402.504468
19001.495159
18603.559043
18207.799547
17805.517188
17409.338142
17010.089841
16622.703789
16241.125891
15855.644823
15476.186459
15095.734020
14723.217563
14353.014855
13990.992796
13635.282411
13277.909520
12930.503023
12584.520875
12240.118062
11905.909490
11580.100930
11249.831927
10931.176455
10614.653782
10305.983630
9997.181043
9689.417870
9395.579654
9100.518686
8812.077535
8528.157050
8255.128449
7981.764472
7716.821194
7457.574563
7197.612196
6950.790143
6713.000794
6475.017576
6247.634329
6026.596045
5805.566181
5594.192059
5388.034004
5187.364325
4990.362467
4801.279683
4613.145281
4431.316778
4256.722574
4088.401345
3925.838997
3767.951792
3614.677118
3466.523250
3321.448248
3182.803723
3045.544427
2916.261548
2788.209361
2664.801937
2545.473765
2430.407932
2320.967545
2214.499808
2111.826268
2012.838485
1918.745595
1829.182485
1741.764342
1658.031288
1577.511826
1498.065224
1423.286112
1352.181080
1283.330218
1217.981806
1154.520904
1093.992464
1038.078897
982.409525
929.899257
880.678737
833.481602
788.206152
744.978208
704.202727
664.505129
626.546090
590.625600
556.023848
523.877186
493.903958
463.543177
436.820133
411.209564
386.381735
362.951362
340.376792
319.862770
300.239359
280.654370
263.560770
247.555798
231.735851
216.885451
202.475012
189.419266
177.596058
166.228309
155.320253
144.464735
135.084872
126.041404
117.428489
109.290688
101.563763
94.605395
88.036255
82.123226
76.182149
71.073243
65.772986
61.181055
56.755791
52.722483
48.896306
45.302343
41.992215
38.939356
36.042700
33.295633
30.700243
28.194452
26.021814
23.914125
22.251545
20.463305
18.824792
17.448525
15.921551
14.554529
13.463404
12.294464
11.256941
10.401374
9.498657
8.694009
7.879615
7.306364
6.670291
6.096208
5.511528
5.022522
4.553717
4.186251
3.744939
3.416110
3.151297
2.876369
2.604386
2.396408
2.177866
1.995912
1.827410
1.601627
1.428169
1.318950
1.149294
1.009918
0.897090
0.786896
0.696697
0.616091
0.539900
0.522906
0.433137
0.401140
0.365279
0.307957
0.263143
0.224372
0.177058
0.151593
0.122680
0.102964
0.101056
0.091114
0.079758
0.085377
0.071608
0.063615
0.055242
0.038963
0.037566
0.031982
0.027827
0.025673
0.017851
0.017693
0.016460
0.014855
0.015718
0.009604
0.007808
0.009769
0.007679
0.005900
0.004052
0.003679
0.003430
0.003638
0.001188
0.001128
0.001326
0.000806
0.001096
0.001806
0.001668
0.001947
0.002318
0.000518
0.000360
0.000515
0.000475
0.000000
0.000000
0.000000
0.000000
0.000000
0.000000
0.000000
0.000000
0.000000
0.000000
0.000000
0.000000
0.000000
0.000000
0.000000
0.000000
0.000000
0.000000
0.000000
0.000000
0.000000
0.000000
0.000000
0.000000
0.000000
0.000000
0.000000
0.000000
0.000000
0.000000
0.000000
0.000000
0.000000
0.000000
0.000000
0.000000
0.000000
0.000000
0.000000
0.000000
0.000000
0.000000
0.000000
0.000000
0.000000
0.000000
0.000000
0.000000
0.000000
0.000000
0.000000
0.000000
0.000000
0.000000
0.000000
0.000000
0.000000
0.000000
0.000000
0.000000
0.000000
0.000000
0.000000
0.000000
0.000000
0.000000
0.000000
0.000000
0.000000
0.000000
0.000000
0.000000
0.000000
0.000000
0.000000
0.000000
0.000000
0.000000
0.000000
0.000000
0.000000
0.000000
0.000000
0.000000
0.000000
0.000000
0.000000
0.000000
0.000000
0.000000
0.000000
0.000000
0.000000
0.000000
0.000000
0.000000
0.000000
0.000000
0.000000
0.000000
0.000000
0.000000
0.000000
0.000000
0.000000
0.000000
0.000000
0.000000
0.000000
0.000000
0.000000
0.000000
0.000000
0.000000
0.000000
0.000000
0.000000
0.000000
0.000000
0.000000
0.000000
0.000000
0.000000
0.000000
0.000000
0.000000
0.000000
0.000000
0.000000
0.000000
0.000000
0.000000
0.000000
0.000000
0.000000
0.000000
0.000000
0.000000
0.000000
0.000000
0.000000
0.000000
0.000000
0.000000
0.000000
0.000000
0.000000
0.000000
0.000000
0.000000
0.000000
0.000000
0.000000
0.000000
0.000000
0.000000
0.000000
0.000000
0.000000
0.000000
0.000000
0.000000
0.000000
0.000000
0.000000
0.000000
0.000000
0.000000
0.000000
0.000000
0.000000
0.000000
0.000000
0.000000
0.000000
0.000000
0.000000
0.000000
0.000000
0.000000
0.000000
0.000000
0.000000
0.000000
0.000000
0.000000
0.000000
0.000000
0.000000
0.000000
0.000000
0.000000
0.000000
0.000000
0.000000
0.000000
0.000000
0.000000
0.000000
0.000000
0.000000
0.000000
0.000000
0.000000
0.000000
0.000000
0.000000
0.000000
0.000000
0.000000
0.000000
0.000000
0.000000
0.000000
0.000000
0.000000
0.000000
0.000000
0.000000
0.000000
0.000000
0.000000
0.000000
0.000000
0.000000
0.000000
0.000000
0.000000
0.000000
0.000000
0.000000
0.000000
0.000000
0.000000
0.000000
0.000000
0.000000
0.000000
0.000000
0.000000
0.000000
0.000000
0.000000
0.000000
0.000000
0.000000
0.000000
0.000000
0.000000
0.000000
0.000000
0.000000
0.000000
0.000000
0.000000
0.000000
0.000000
0.000000
0.000000
0.000000
0.000000
0.000000
0.000000
0.000000
0.000000
0.000000
0.000000
0.000000
0.000000
0.000000
0.000000
0.000000
0.000000
0.000000
0.000000
0.000000
0.000000
0.000000
0.000000
0.000000
0.000000
0.000000
0.000000
0.000000
0.000000
0.000000
0.000000
0.000000
0.000000
0.000000
0.000000
0.000000
0.000000
0.000000
0.000000
0.000000
0.000000
0.000000
0.000000
0.000000
0.000000
0.000000
0.000000
0.000000
0.000000
0.000000
0.000000
0.000000
0.000000
0.000000
0.000000
0.000000
0.000000
0.000000
0.000000
0.000000
0.000000
0.000000
0.000000
0.000000
0.000000
0.000000
0.000000
0.000000
0.000000
0.000000
0.000000
0.000000
0.000000
0.000000
0.000000
0.000000
0.000000
0.000000
0.000000
0.000000
0.000000
0.000000
0.000000
0.000000
0.000000
0.000000
0.000000
0.000000
0.000000
0.000000
0.000000
0.000000
0.000000
0.000000
0.000000
0.000000
0.000000
0.000000
0.000000
0.000000
0.000000
0.000000
0.000000
0.000000
0.000000
0.000000
0.000000
0.000000
0.000000
0.000000
0.000000
0.000000
0.000000
0.000000
0.000000
0.000000
0.000000
0.000000
0.000000
0.000000
0.000000
0.000000
0.000000
0.000000
0.000000
0.000000
0.000000
0.000000
0.000000
0.000000
0.000000
0.000000
0.000000
0.000000
0.000000
0.000000
0.000000
0.000000
0.000000
0.000000
0.000000
0.000000
0.000000
0.000000
0.000000
0.000000
0.000000
0.000000
0.000000
0.000000
0.000000
0.000000
0.000000
0.000000
0.000000
0.000000
0.000000
0.000000
0.000000
0.000000
0.000000
0.000000
0.000000
0.000000
0.000000
0.000000
0.000000
0.000000
0.000000
0.000000
0.000000
0.000000
0.000000
0.000000
0.000000
0.000000
0.000000
0.000000
0.000000
0.000000
0.000000
0.000000
0.000000
0.000000
0.000000
0.000000
0.000000
0.000000
0.000000
0.000000
0.000000
0.000000
0.000000
0.000000
0.000000
0.000000
0.000000
0.000000
0.000000
0.000000
0.000000
0.000000
0.000000
0.000000
0.000000
0.000000
0.000000
0.000000
0.000000
0.000000
0.000000
0.000000
0.000000
0.000000
0.000000
0.000000
0.000000
0.000000
0.000000
0.000000
0.000000
0.000000
0.000000
0.000000
0.000000
0.000000
0.000000
0.000000
0.000000
0.000000
0.000000
0.000000
0.000000
0.000000
0.000000
0.000000
0.000000
0.000000
0.000000
0.000000
0.000000
0.000000
0.000000
0.000000
0.000000
0.000000
0.000000
0.000000
0.000000
0.000000
0.000000
0.000000
0.000000
0.000000
0.000000
0.000000
0.000000
0.000000
0.000000
0.000000
0.000000
0.000000
0.000000
0.000000
0.000000
0.000000
0.000000
0.000000
0.000000
0.000000
0.000000
0.000000
0.000000
0.000000
0.000000
0.000000
0.000000
0.000000
0.000000
0.000000
0.000000
0.000000
0.000000
0.000000
0.000000
0.000000
0.000000
0.000000
0.000000
0.000000
0.000000
0.000000
0.000000
0.000000
0.000000
0.000000
0.000000
0.000000
0.000000
0.000000
0.000000
0.000000
0.000000
0.000000
0.000000
0.000000
0.000000
0.000000
0.000000
0.000000
0.000000
0.000000
0.000000
0.000000
0.000000
0.000000
0.000000
0.000000
0.000000
0.000000
0.000000
0.000000
0.000000
0.000000
0.000000
0.000000
0.000000
0.000000
