0.000000
2.275223
7.034763
15.023336
44.953446
120.507968
240.556399
434.925759
661.842341
1053.345319
1532.112074
2290.357815
3084.818064
4164.102309
5540.844516
7150.198510
9101.582707
11380.287279
13831.807756
16536.730613
19222.793367
22301.217994
25460.391899
28858.751122
32206.769966
35839.241561
39515.779759
42902.984885
46350.469163
50214.728892
53626.902105
57049.027215
59782.087237
62292.644872
64839.815190
67266.589588
69848.671752
72001.787224
74094.437411
75671.438284
77512.204742
78730.531362
79877.405092
80724.722009
81403.574788
81720.787676
82315.104000
82594.276511
83241.890121
83697.083043
83527.339409
83588.875703
83302.764700
82866.746392
82792.485593
82641.591860
82243.286644
81811.975158
81323.246492
80614.006541
80089.866264
79414.835847
78571.542286
78058.402708
77625.561013
77182.859534
76462.105014
75719.492557
74920.978748
74166.352326
73291.978913
72675.808406
72006.708924
71356.905832
70627.788511
70105.181394
69109.120100
68496.765163
67740.484104
66812.810349
66018.261811
65408.649208
64670.856946
63834.300520
63199.070543
62680.444044
62080.259973
61432.705481
60867.683210
60244.651393
59800.088052
59067.712487
58620.107306
58012.892054
57373.551041
56825.609726
56272.001832
55763.952453
55249.406007
54737.986702
54174.821390
53709.129694
53150.617493
52606.109262
52260.987217
51687.956278
51341.780068
50965.105199
50297.549342
49833.075157
49287.958822
48994.252349
48562.132185
48184.973780
47808.455500
47414.590913
46996.130123
46504.299625
46056.089214
45601.157901
45164.344963
44890.161846
44521.510186
44131.501332
43849.436997
43507.308152
43206.069268
42998.484076
42595.245118
42143.272154
41991.858721
41563.519653
41177.576563
40773.854070
40455.717961
40138.559149
39895.635659
39545.598370
39220.600302
38756.949975
38493.434755
38070.521608
37741.543325
37563.841610
37261.130821
36903.907653
36697.674021
36453.921235
36055.150312
35814.576652
35538.229225
35248.418894
34944.297425
34637.158810
34398.272445
34106.363820
33780.329445
33402.330650
33197.977259
32898.387312
32464.390178
32165.709693
31906.570957
31609.336642
31384.381754
31198.404753
30902.831550
30637.439504
30286.926714
29909.295289
29598.668763
29238.836128
28939.749149
28578.189939
28345.051525
28046.592172
27780.358600
27475.590906
27050.223212
26727.092037
26534.517518
26243.556896
25976.143217
25688.058328
25427.632329
25197.713468
24835.575715
24478.458275
24310.156598
24054.093879
23727.305705
23430.052991
23068.683873
22752.982765
22480.911792
22136.491702
21836.055573
21500.677993
21263.008419
20998.329695
20691.077167
20433.929777
20077.154946
19787.080350
19495.412267
19176.851617
18924.584493
18603.329656
18269.592701
17972.095901
17691.090667
17418.635421
17119.131598
16837.854447
16544.080953
16272.206794
16013.546854
15740.330531
15489.789539
15225.751952
14940.772332
14717.704238
14439.584778
14210.152585
13898.770843
13621.007135
13369.538275
13122.860408
12901.340135
12643.004370
12402.738693
12173.052705
11905.114331
11639.034023
11397.428715
11126.600980
10876.595066
10614.296940
10420.496142
10181.937745
9964.001575
9795.746671
9558.572329
9382.167392
9149.219539
8917.843604
8678.741194
8487.191153
8335.082153
8164.639608
8018.019827
7829.997407
7654.882478
7490.178182
7320.441192
7170.945077
6999.054220
6826.184756
6649.596483
6545.253657
6402.781886
6262.594610
6095.341492
5965.894347
5814.285886
5682.195041
5551.176681
5434.722765
5294.484620
5163.840154
5048.510645
4956.145527
4843.322272
4730.224645
4622.969425
4495.863011
4374.167438
4247.849060
4106.094624
3998.049096
3907.445171
3794.426903
3707.612017
3595.199262
3448.991809
3329.320714
3213.102623
3144.173599
3070.733961
2975.592479
2878.486236
2786.035682
2702.636814
2625.819418
2526.640546
2460.271986
2372.730403
2279.343076
2205.435996
2117.385456
2050.399767
2000.477115
1941.038279
1870.173905
1798.081926
1745.297409
1699.224853
1641.247725
1596.528012
1547.408707
1499.468071
1447.885426
1383.477494
1351.284553
1304.516245
1249.251287
1205.557270
1165.637936
1135.062027
1092.316362
1058.340617
1006.798819
962.381530
917.593767
892.590113
862.822831
835.466311
809.016038
783.975228
758.534882
738.298354
706.007198
673.725429
656.296533
623.913234
606.199599
575.870760
549.170444
532.616327
520.560570
506.478037
483.622023
468.614664
442.526426
427.424563
413.955970
411.882505
396.582706
375.434416
361.292742
343.406081
329.581950
319.286395
306.213863
298.550222
294.433488
278.972499
266.267657
250.776112
237.674208
222.586395
214.452967
200.071040
194.948689
182.539500
174.432529
163.407376
150.692893
142.206114
130.923656
123.438654
116.617696
114.874100
110.175389
99.145790
94.208293
89.532904
84.411347
82.859615
78.285079
76.903124
75.631590
71.646291
69.612153
65.322927
63.007206
60.350915
53.496517
55.057982
50.825301
47.268870
46.638143
43.133668
38.926587
39.284483
35.917999
36.249288
35.902613
34.493094
31.877308
30.354231
29.863466
28.748186
28.847813
28.002257
26.260643
25.943236
22.096735
20.452016
20.677831
19.957009
20.545834
20.092793
18.674979
16.973054
16.589381
16.214252
15.114811
13.883912
12.351336
12.100520
10.920362
10.003671
9.875519
10.203658
9.211251
9.036534
7.871726
7.224278
7.954763
7.828593
7.789955
7.172614
7.246288
6.761811
5.089354
4.510916
4.399991
3.812631
3.947192
3.279869
3.128439
2.265236
1.923479
1.723305
1.237738
1.547096
1.603494
1.015036
0.909367
0.752809
0.547258
0.462559
0.580845
0.578377
0.565765
0.514169
0.514206
0.468865
0.688628
0.684445
0.586399
0.701545
0.478912
0.470457
0.278634
0.239236
0.035233
0.083213
0.080793
0.012235
0.016333
0.000000
0.000000
0.000000
0.000000
0.000000
0.000000
0.000000
0.000000
0.000000
0.000000
0.000000
0.000000
0.000000
0.000000
0.000000
0.000000
0.000000
0.000000
0.000000
0.000000
0.000000
0.000000
0.000000
0.000000
0.000000
0.000000
0.000000
0.000000
0.000000
0.000000
0.000000
0.000000
0.000000
0.000000
0.000000
0.000000
0.000000
0.000000
0.000000
0.000000
0.000000
0.000000
0.000000
0.000000
0.000000
0.000000
0.000000
0.000000
0.000000
0.000000
0.000000
0.000000
0.000000
0.000000
0.000000
0.000000
0.000000
0.000000
0.000000
0.000000
0.000000
0.000000
0.000000
0.000000
0.000000
0.000000
0.000000
0.000000
0.000000
0.000000
0.000000
0.000000
0.000000
0.000000
0.000000
0.000000
0.000000
0.000000
0.000000
0.000000
0.000000
0.000000
0.000000
0.000000
0.000000
0.000000
0.000000
0.000000
0.000000
0.000000
0.000000
0.000000
0.000000
0.000000
0.000000
0.000000
0.000000
0.000000
0.000000
0.000000
0.000000
0.000000
0.000000
0.000000
0.000000
0.000000
0.000000
0.000000
0.000000
0.000000
0.000000
0.000000
0.000000
0.000000
0.000000
0.000000
0.000000
0.000000
0.000000
0.000000
0.000000
0.000000
0.000000
0.000000
0.000000
0.000000
0.000000
0.000000
0.000000
0.000000
0.000000
0.000000
0.000000
0.000000
0.000000
0.000000
0.000000
0.000000
0.000000
0.000000
0.000000
0.000000
0.000000
0.000000
0.000000
0.000000
0.000000
0.000000
0.000000
0.000000
0.000000
0.000000
0.000000
0.000000
0.000000
0.000000
0.000000
0.000000
0.000000
0.000000
0.000000
0.000000
0.000000
0.000000
0.000000
0.000000
0.000000
0.000000
0.000000
0.000000
0.000000
0.000000
0.000000
0.000000
0.000000
0.000000
0.000000
0.000000
0.000000
0.000000
0.000000
0.000000
0.000000
0.000000
0.000000
0.000000
0.000000
0.000000
0.000000
0.000000
0.000000
0.000000
0.000000
0.000000
0.000000
0.000000
0.000000
0.000000
0.000000
0.000000
0.000000
0.000000
0.000000
0.000000
0.000000
0.000000
0.000000
0.000000
0.000000
0.000000
0.000000
0.000000
0.000000
0.000000
0.000000
0.000000
0.000000
0.000000
0.000000
0.000000
0.000000
0.000000
0.000000
0.000000
0.000000
0.000000
0.000000
0.000000
0.000000
0.000000
0.000000
0.000000
0.000000
0.000000
0.000000
0.000000
0.000000
0.000000
0.000000
0.000000
0.000000
0.000000
0.000000
0.000000
0.000000
0.000000
0.000000
0.000000
0.000000
0.000000
0.000000
0.000000
0.000000
0.000000
0.000000
0.000000
0.000000
0.000000
0.000000
0.000000
0.000000
0.000000
0.000000
0.000000
0.000000
0.000000
0.000000
0.000000
0.000000
0.000000
0.000000
0.000000
0.000000
0.000000
0.000000
0.000000
0.000000
0.000000
0.000000
0.000000
0.000000
0.000000
0.000000
0.000000
0.000000
0.000000
0.000000
0.000000
0.000000
0.000000
0.000000
0.000000
0.000000
0.000000
0.000000
0.000000
0.000000
0.000000
0.000000
0.000000
0.000000
0.000000
0.000000
0.000000
0.000000
0.000000
0.000000
0.000000
0.000000
0.000000
0.000000
0.000000
0.000000
0.000000
0.000000
0.000000
0.000000
0.000000
0.000000
0.000000
0.000000
0.000000
0.000000
0.000000
0.000000
0.000000
0.000000
0.000000
0.000000
0.000000
0.000000
0.000000
0.000000
0.000000
0.000000
0.000000
0.000000
0.000000
0.000000
0.000000
0.000000
0.000000
0.000000
0.000000
0.000000
0.000000
0.000000
0.000000
0.000000
0.000000
0.000000
0.000000
0.000000
0.000000
0.000000
0.000000
0.000000
0.000000
0.000000
0.000000
0.000000
0.000000
0.000000
0.000000
0.000000
0.000000
0.000000
0.000000
0.000000
0.000000
0.000000
0.000000
0.000000
0.000000
0.000000
0.000000
0.000000
0.000000
0.000000
0.000000
0.000000
0.000000
0.000000
0.000000
0.000000
0.000000
0.000000
0.000000
0.000000
0.000000
0.000000
0.000000
0.000000
0.000000
0.000000
0.000000
0.000000
0.000000
0.000000
0.000000
0.000000
0.000000
0.000000
0.000000
0.000000
0.000000
0.000000
0.000000
0.000000
0.000000
0.000000
0.000000
0.000000
0.000000
0.000000
0.000000
0.000000
0.000000
0.000000
0.000000
0.000000
0.000000
0.000000
0.000000
0.000000
0.000000
0.000000
0.000000
0.000000
0.000000
0.000000
0.000000
0.000000
0.000000
0.000000
0.000000
0.000000
0.000000
0.000000
0.000000
0.000000
0.000000
0.000000
0.000000
0.000000
0.000000
0.000000
0.000000
0.000000
0.000000
0.000000
0.000000
0.000000
0.000000
0.000000
0.000000
0.000000
0.000000
0.000000
0.000000
0.000000
0.000000
0.000000
0.000000
0.000000
0.000000
0.000000
0.000000
0.000000
0.000000
0.000000
0.000000
0.000000
0.000000
0.000000
0.000000
0.000000
0.000000
0.000000
0.000000
0.000000
0.000000
0.000000
0.000000
0.000000
0.000000
0.000000
0.000000
0.000000
0.000000
0.000000
0.000000
0.000000
0.000000
0.000000
0.000000
0.000000
0.000000
0.000000
0.000000
0.000000
0.000000
0.000000
0.000000
0.000000
0.000000
0.000000
0.000000
0.000000
0.000000
0.000000
0.000000
0.000000
0.000000
0.000000
0.000000
0.000000
0.000000
0.000000
0.000000
0.000000
0.000000
0.000000
0.000000
0.000000
0.000000
0.000000
0.000000
0.000000
