0.000000
0.000000
0.000000
0.000000
0.000000
0.000000
0.000000
0.000000
0.000000
0.000000
0.188176
0.764323
1.837194
3.294925
5.196540
8.711814
14.168434
23.324575
37.545740
53.172978
86.954433
133.097746
193.891697
281.662299
398.024406
564.418007
781.177955
1033.334130
1363.505372
1776.509547
2287.352427
2880.150368
3577.791480
4401.739434
5358.586364
6438.153747
7622.867817
9026.312959
10572.242244
12251.949680
14102.447273
16132.234482
18308.416019
20649.138997
23092.286801
25666.846968
28431.147503
31325.081912
34292.694860
37376.740219
40602.089798
43816.290142
47142.498887
50477.102544
53959.576588
57368.682272
60766.698649
64171.672701
67562.332890
70907.446718
74226.324353
77434.493116
80604.743575
83728.814403
86929.293845
89904.286576
92728.378434
95373.232291
97985.023916
100418.778784
102691.288818
104944.025392
107043.469118
109026.347906
110886.279222
112556.991307
114074.837577
115439.592452
116717.721013
117770.622169
118792.356269
119635.952767
120327.709122
120939.702415
121386.934941
121696.977687
121844.686954
121962.925436
121891.155163
121710.079514
121458.075929
121001.921400
120549.083404
119973.970653
119330.685913
118608.581973
117712.006209
116706.829076
115674.248101
114608.663007
113533.289811
112410.110647
111108.889951
109894.666470
108524.769318
107146.789399
105649.219072
104213.081140
102765.747171
101240.988072
99649.221016
98081.358030
96466.552191
94819.243671
93208.176082
91535.006126
89861.476176
88212.599597
86517.906719
84838.866380
83134.465815
81410.981802
79774.006456
78019.646071
76286.515797
74601.846157
72898.122951
71174.361681
69547.278694
67838.591272
66211.844150
64699.322709
63038.278850
61507.693090
59890.397646
58331.594043
56775.940263
55256.260916
53714.450899
52231.432083
50782.014213
49310.588806
47903.085135
46487.923917
45079.056077
43624.779521
42275.271732
40941.668326
39649.524822
38401.545196
37178.015431
35940.400761
34747.827405
33659.133436
32534.722693
31420.069946
30349.195892
29288.852445
28305.267527
27342.185372
26400.908644
25437.179499
24524.571543
23606.403518
22725.531315
21869.759071
21053.699167
20261.961074
19497.953078
18755.351882
18042.454227
17331.199886
16643.233311
16000.404390
15358.530305
14777.090161
14202.382169
13627.562480
13059.469586
12521.560736
12007.909126
11534.992999
11054.502699
10603.840553
10157.888024
9727.155506
9295.539236
8902.919770
8520.679202
8138.026261
7756.371017
7405.413243
7059.300613
6738.371994
6426.880036
6124.562680
5842.019561
5563.841221
5297.236534
5030.185793
4779.184354
4545.342759
4327.143817
4112.118153
3903.767808
3699.818976
3509.717786
3322.570199
3152.049798
2994.695934
2844.551535
2695.167832
2552.767078
2425.283744
2287.277364
2163.331164
2038.409478
1927.023344
1826.366091
1722.271459
1619.031935
1525.187883
1432.913936
1347.645600
1267.370214
1189.770643
1118.764143
1050.993799
988.358300
924.308168
867.791487
812.513874
758.514106
712.212123
669.894543
628.374295
590.235847
552.570309
516.194566
482.242576
449.768814
415.917522
387.157403
363.324168
341.061261
320.748025
298.470003
273.749809
256.640923
239.053295
220.856704
205.369433
190.831568
177.782686
163.292305
151.344053
140.512095
130.353773
120.044577
111.512746
103.459678
97.549982
90.498285
84.260227
78.284242
74.419443
68.941500
64.835025
58.777154
55.046158
51.548352
48.258810
45.223802
41.190039
37.915601
35.896477
33.454005
30.524181
27.456809
24.713619
22.506916
20.589237
19.232866
17.413043
15.862465
14.600500
13.027022
11.666944
10.233852
8.985248
8.371421
7.908053
7.337864
6.926226
6.527376
6.111880
5.594157
5.206566
5.065668
4.170732
3.947571
3.626907
3.381987
2.962650
2.336400
2.158270
1.857369
1.676630
1.697993
1.476582
1.352956
1.132304
1.004597
0.783779
0.740654
0.693062
0.633675
0.567567
0.544259
0.490572
0.472921
0.294891
0.225553
0.193277
0.211892
0.140098
0.148486
0.143428
0.131451
0.111282
0.074305
0.051798
0.051142
0.041671
0.014978
0.026894
0.031000
0.018487
0.008690
0.005789
0.002929
0.001429
0.000000
0.000000
0.000000
0.000000
0.000000
0.000000
0.000000
0.000000
0.000000
0.000000
0.000000
0.000000
0.000000
0.000000
0.000000
0.000000
0.000000
0.000000
0.000000
0.000000
0.000000
0.000000
0.000000
0.000000
0.000000
0.000000
0.000000
0.000000
0.000000
0.000000
0.000000
0.000000
0.000000
0.000000
0.000000
0.000000
0.000000
0.000000
0.000000
0.000000
0.000000
0.000000
0.000000
0.000000
0.000000
0.000000
0.000000
0.000000
0.000000
0.000000
0.000000
0.000000
0.000000
0.000000
0.000000
0.000000
0.000000
0.000000
0.000000
0.000000
0.000000
0.000000
0.000000
0.000000
0.000000
0.000000
0.000000
0.000000
0.000000
0.000000
0.000000
0.000000
0.000000
0.000000
0.000000
0.000000
0.000000
0.000000
0.000000
0.000000
0.000000
0.000000
0.000000
0.000000
0.000000
0.000000
0.000000
0.000000
0.000000
0.000000
0.000000
0.000000
0.000000
0.000000
0.000000
0.000000
0.000000
0.000000
0.000000
0.000000
0.000000
0.000000
0.000000
0.000000
0.000000
0.000000
0.000000
0.000000
0.000000
0.000000
0.000000
0.000000
0.000000
0.000000
0.000000
0.000000
0.000000
0.000000
0.000000
0.000000
0.000000
0.000000
0.000000
0.000000
0.000000
0.000000
0.000000
0.000000
0.000000
0.000000
0.000000
0.000000
0.000000
0.000000
0.000000
0.000000
0.000000
0.000000
0.000000
0.000000
0.000000
0.000000
0.000000
0.000000
0.000000
0.000000
0.000000
0.000000
0.000000
0.000000
0.000000
0.000000
0.000000
0.000000
0.000000
0.000000
0.000000
0.000000
0.000000
0.000000
0.000000
0.000000
0.000000
0.000000
0.000000
0.000000
0.000000
0.000000
0.000000
0.000000
0.000000
0.000000
0.000000
0.000000
0.000000
0.000000
0.000000
0.000000
0.000000
0.000000
0.000000
0.000000
0.000000
0.000000
0.000000
0.000000
0.000000
0.000000
0.000000
0.000000
0.000000
0.000000
0.000000
0.000000
0.000000
0.000000
0.000000
0.000000
0.000000
0.000000
0.000000
0.000000
0.000000
0.000000
0.000000
0.000000
0.000000
0.000000
0.000000
0.000000
0.000000
0.000000
0.000000
0.000000
0.000000
0.000000
0.000000
0.000000
0.000000
0.000000
0.000000
0.000000
0.000000
0.000000
0.000000
0.000000
0.000000
0.000000
0.000000
0.000000
0.000000
0.000000
0.000000
0.000000
0.000000
0.000000
0.000000
0.000000
0.000000
0.000000
0.000000
0.000000
0.000000
0.000000
0.000000
0.000000
0.000000
0.000000
0.000000
0.000000
0.000000
0.000000
0.000000
0.000000
0.000000
0.000000
0.000000
0.000000
0.000000
0.000000
0.000000
0.000000
0.000000
0.000000
0.000000
0.000000
0.000000
0.000000
0.000000
0.000000
0.000000
0.000000
0.000000
0.000000
0.000000
0.000000
0.000000
0.000000
0.000000
0.000000
0.000000
0.000000
0.000000
0.000000
0.000000
0.000000
0.000000
0.000000
0.000000
0.000000
0.000000
0.000000
0.000000
0.000000
0.000000
0.000000
0.000000
0.000000
0.000000
0.000000
0.000000
0.000000
0.000000
0.000000
0.000000
0.000000
0.000000
0.000000
0.000000
0.000000
0.000000
0.000000
0.000000
0.000000
0.000000
0.000000
0.000000
0.000000
0.000000
0.000000
0.000000
0.000000
0.000000
0.000000
0.000000
0.000000
0.000000
0.000000
0.000000
0.000000
0.000000
0.000000
0.000000
0.000000
0.000000
0.000000
0.000000
0.000000
0.000000
0.000000
0.000000
0.000000
0.000000
0.000000
0.000000
0.000000
0.000000
0.000000
0.000000
0.000000
0.000000
0.000000
0.000000
0.000000
0.000000
0.000000
0.000000
0.000000
0.000000
0.000000
0.000000
0.000000
0.000000
0.000000
0.000000
0.000000
0.000000
0.000000
0.000000
0.000000
0.000000
0.000000
0.000000
0.000000
0.000000
0.000000
0.000000
0.000000
0.000000
0.000000
0.000000
0.000000
0.000000
0.000000
0.000000
0.000000
0.000000
0.000000
0.000000
0.000000
0.000000
0.000000
0.000000
0.000000
0.000000
0.000000
0.000000
0.000000
0.000000
0.000000
0.000000
0.000000
0.000000
0.000000
0.000000
0.000000
0.000000
0.000000
0.000000
0.000000
0.000000
0.000000
0.000000
0.000000
0.000000
0.000000
0.000000
0.000000
0.000000
0.000000
0.000000
0.000000
0.000000
0.000000
0.000000
0.000000
0.000000
0.000000
0.000000
0.000000
0.000000
0.000000
0.000000
0.000000
0.000000
0.000000
0.000000
0.000000
0.000000
0.000000
0.000000
0.000000
0.000000
0.000000
0.000000
0.000000
0.000000
0.000000
0.000000
0.000000
0.000000
0.000000
0.000000
0.000000
0.000000
0.000000
0.000000
0.000000
0.000000
0.000000
0.000000
0.000000
0.000000
0.000000
0.000000
0.000000
0.000000
0.000000
0.000000
0.000000
0.000000
0.000000
0.000000
0.000000
0.000000
0.000000
0.000000
0.000000
0.000000
0.000000
0.000000
0.000000
0.000000
0.000000
0.000000
0.000000
0.000000
0.000000
0.000000
0.000000
0.000000
0.000000
0.000000
0.000000
0.000000
0.000000
0.000000
0.000000
0.000000
0.000000
0.000000
0.000000
0.000000
0.000000
0.000000
0.000000
0.000000
0.000000
0.000000
0.000000
0.000000
0.000000
0.000000
0.000000
0.000000
0.000000
0.000000
0.000000
0.000000
0.000000
0.000000
0.000000
0.000000
0.000000
0.000000
0.000000
0.000000
0.000000
0.000000
0.000000
0.000000
0.000000
0.000000
0.000000
0.000000
0.000000
0.000000
0.000000
0.000000
0.000000
0.000000
0.000000
0.000000
0.000000
0.000000
0.000000
0.000000
0.000000
0.000000
0.000000
0.000000
0.000000
0.000000
0.000000
0.000000
0.000000
0.000000
0.000000
0.000000
0.000000
0.000000
0.000000
0.000000
0.000000
0.000000
0.000000
0.000000
0.000000
0.000000
0.000000
0.000000
0.000000
0.000000
0.000000
0.000000
0.000000
0.000000
0.000000
0.000000
0.000000
0.000000
0.000000
0.000000
0.000000
0.000000
0.000000
0.000000
0.000000
0.000000
0.000000
0.000000
0.000000
0.000000
0.000000
0.000000
0.000000
0.000000
0.000000
0.000000
0.000000
0.000000
0.000000
0.000000
0.000000
0.000000
0.000000
0.000000
0.000000
0.000000
0.000000
0.000000
0.000000
0.000000
0.000000
0.000000
0.000000
0.000000
0.000000
0.000000
0.000000
0.000000
0.000000
0.000000
0.000000
0.000000
0.000000
0.000000
0.000000
0.000000
0.000000
0.000000
0.000000
0.000000
0.000000
0.000000
0.000000
0.000000
0.000000
0.000000
0.000000
0.000000
0.000000
0.000000
0.000000
0.000000
0.000000
0.000000
0.000000
0.000000
0.000000
0.000000
0.000000
0.000000
0.000000
0.000000
0.000000
0.000000
0.000000
0.000000
