19.862975
195.604127
893.914102
2851.543451
7282.486638
15193.013242
27361.020765
44582.464676
66789.093209
92326.912136
120550.699441
148860.942267
176252.409998
202033.692049
224380.414413
241135.364977
253814.999373
262551.384896
268272.097519
270773.809260
268331.406781
263076.632947
256401.656201
246939.044714
236006.478787
224582.053423
213204.401746
201989.566184
190701.743211
179285.177100
168204.811884
157716.466843
147510.563948
137766.962328
128910.044996
120411.710386
112479.220030
105462.544788
98725.779523
92242.016042
86451.834484
81332.467870
76017.974362
71337.667650
66879.690275
62894.776148
59186.861025
55843.805622
52572.782930
49564.635118
47096.912362
44613.414570
42303.067448
40299.736236
38154.412885
36069.832915
34590.969220
33128.740056
31598.702672
30144.182674
28775.545522
27690.930965
26610.409502
25405.944590
24368.243502
23622.726964
22882.774600
22013.554743
21398.374092
20696.043362
20003.202060
19311.790102
18819.006453
18277.166928
17850.522196
17481.440558
16887.925340
16359.089090
15942.655400
15588.699769
15107.169500
14733.568764
14303.769797
13973.989188
13647.766974
13295.046149
13038.869671
12797.451004
12632.097792
12375.993273
12145.307023
12005.519057
11841.540311
11716.479867
11536.993737
11383.795329
11275.936806
11162.027554
11065.705129
10992.048987
10901.479389
10875.329224
10707.309233
10494.762891
10356.812924
10254.115061
10163.608590
10063.984924
9984.024017
9855.268682
9744.827058
9642.894442
9731.585247
9691.190042
9635.872839
9634.075011
9630.186608
9564.054642
9514.376588
9511.444660
9449.678295
9458.789903
9407.361897
9388.936796
9384.177388
9406.420189
9364.417839
9320.840134
9327.231444
9425.759219
9486.674111
9507.796094
9510.501678
9498.704284
9527.071992
9550.599768
9624.366663
9721.448877
9818.872842
9837.501283
9916.405514
9968.586294
9988.436439
9995.723452
9993.627070
10073.825773
10077.017447
10079.775226
10104.148166
10156.267694
10210.571005
10310.116673
10340.445411
10362.310333
10397.469871
10441.547975
10554.463883
10583.250064
10592.000711
10631.500641
10736.662767
10755.505715
10778.824296
10884.258590
10899.096378
10955.250639
11018.234470
11095.058919
11152.329951
11215.227163
11259.114398
11309.026282
11335.616804
11386.117959
11336.899876
11350.799792
11363.603308
11447.226959
11399.228384
11380.397057
11386.034160
11386.234286
11479.958919
11572.994729
11614.925734
11675.671787
11662.106059
11686.525930
11659.190461
11705.069101
11752.424444
11719.175062
11704.245905
11734.374042
11750.686209
11809.748937
11783.940941
11852.201933
11922.976665
11979.172873
11987.215735
11995.554396
11975.030274
12016.730569
12012.112422
11982.940261
12013.186280
12032.735642
12004.316923
12011.311200
12029.084121
12026.665546
12063.378082
12056.311979
12081.193674
12044.016370
11996.305974
11944.238075
11999.926813
11988.125251
11990.918363
12001.217255
11981.667649
11964.888713
11975.686544
11954.192687
11939.241926
11911.410982
11925.489511
11908.403667
11894.460824
11860.065598
11830.158192
11814.100085
11786.091947
11731.636515
11644.639360
11627.194697
11595.908744
11583.833358
11557.293809
11459.631697
11378.941010
11343.927191
11257.577801
11172.126026
11081.516205
11021.539284
10967.284110
10895.293239
10864.593660
10743.711608
10689.515842
10574.733765
10495.088384
10422.270931
10333.954576
10306.127771
10212.329107
10141.745749
10028.168335
9970.922791
9910.516094
9838.884376
9765.023429
9708.193709
9597.452232
9496.349188
9425.322568
9333.930141
9190.262727
9101.781138
8978.882160
8888.384958
8766.671558
8699.629678
8595.432945
8485.343209
8371.545654
8268.037778
8197.796153
8150.923382
8045.033089
7953.191178
7855.857528
7782.249204
7682.815048
7567.757498
7431.802268
7291.478099
7195.030907
7081.901170
6944.416466
6830.478951
6694.565214
6595.620795
6487.850339
6365.729441
6286.094822
6170.914668
6030.959482
5926.452684
5822.262136
5670.175690
5546.786606
5472.839270
5396.310096
5284.287434
5190.122017
5083.637057
4990.937078
4870.855672
4756.358957
4626.761721
4545.322941
4456.656600
4367.158889
4270.738963
4166.389710
4066.674340
3974.018900
3889.141630
3776.749733
3682.584914
3581.006729
3503.338411
3399.307101
3302.772191
3231.257800
3159.709242
3083.915137
3010.451534
2932.803546
2859.887715
2806.169827
2745.421120
2686.934104
2623.117936
2552.134410
2505.457194
2440.758820
2365.034765
2300.971108
2240.889360
2171.335416
2090.384910
2020.597998
1967.195040
1930.270514
1873.855222
1821.347693
1789.088138
1743.957211
1702.011224
1648.953679
1596.605550
1537.747901
1480.669611
1427.793591
1371.376913
1327.082055
1283.815488
1253.956271
1212.650557
1169.781384
1130.859828
1088.615916
1060.945449
1023.250238
986.490359
956.506790
919.407545
891.146173
862.101328
827.512401
796.441340
766.269902
738.466315
720.292566
700.519703
684.020709
665.952920
645.106683
623.984420
602.483814
577.896989
537.986379
520.502513
502.500679
478.726869
465.641521
447.545266
428.383474
414.156482
404.095561
385.562936
366.365269
351.718953
346.083576
331.043396
316.403089
300.669014
285.557452
274.818895
265.615506
256.677469
251.737390
242.455905
234.373068
226.678907
215.155534
206.967053
197.001950
190.434308
182.305248
174.931948
164.532263
153.575618
144.323405
142.445169
139.801706
133.529799
127.494578
117.576066
109.196768
107.602770
107.735927
103.338231
97.591622
92.810118
88.630645
84.356992
77.205178
73.020749
71.940786
69.876692
68.950229
66.388629
63.263536
59.118570
59.437860
54.964979
53.524772
49.427597
49.236694
44.054837
41.558287
39.380809
36.208996
34.399957
31.894775
30.292955
27.584594
25.837689
24.074480
22.565506
21.082412
19.741691
18.639968
16.357522
14.995356
13.739272
11.526153
12.043320
10.396310
9.173733
8.268457
7.319254
7.351048
6.688657
6.636954
6.992348
6.397606
5.848324
5.244029
4.287287
4.283094
3.956272
4.253527
4.389144
4.165025
4.266951
3.409061
3.443236
2.561003
2.373871
2.330220
2.140603
1.975015
1.682103
1.247390
1.435371
1.478474
1.368490
1.248598
1.149436
1.362744
1.155790
1.088680
0.961909
0.835953
0.831863
0.498776
0.477836
0.454993
0.538867
0.176061
0.023399
0.000000
0.000000
0.000000
0.000000
0.000000
0.000000
0.000000
0.000000
0.000000
0.000000
0.000000
0.000000
0.000000
0.000000
0.000000
0.000000
0.000000
0.000000
0.000000
0.000000
0.000000
0.000000
0.000000
0.000000
0.000000
0.000000
0.000000
0.000000
0.000000
0.000000
0.000000
0.000000
0.000000
0.000000
0.000000
0.000000
0.000000
0.000000
0.000000
0.000000
0.000000
0.000000
0.000000
0.000000
0.000000
0.000000
0.000000
0.000000
0.000000
0.000000
0.000000
0.000000
0.000000
0.000000
0.000000
0.000000
0.000000
0.000000
0.000000
0.000000
0.000000
0.000000
0.000000
0.000000
0.000000
0.000000
0.000000
0.000000
0.000000
0.000000
0.000000
0.000000
0.000000
0.000000
0.000000
0.000000
0.000000
0.000000
0.000000
0.000000
0.000000
0.000000
0.000000
0.000000
0.000000
0.000000
0.000000
0.000000
0.000000
0.000000
0.000000
0.000000
0.000000
0.000000
0.000000
0.000000
0.000000
0.000000
0.000000
0.000000
0.000000
0.000000
0.000000
0.000000
0.000000
0.000000
0.000000
0.000000
0.000000
0.000000
0.000000
0.000000
0.000000
0.000000
0.000000
0.000000
0.000000
0.000000
0.000000
0.000000
0.000000
0.000000
0.000000
0.000000
0.000000
0.000000
0.000000
0.000000
0.000000
0.000000
0.000000
0.000000
0.000000
0.000000
0.000000
0.000000
0.000000
0.000000
0.000000
0.000000
0.000000
0.000000
0.000000
0.000000
0.000000
0.000000
0.000000
0.000000
0.000000
0.000000
0.000000
0.000000
0.000000
0.000000
0.000000
0.000000
0.000000
0.000000
0.000000
0.000000
0.000000
0.000000
0.000000
0.000000
0.000000
0.000000
0.000000
0.000000
0.000000
0.000000
0.000000
0.000000
0.000000
0.000000
0.000000
0.000000
0.000000
0.000000
0.000000
0.000000
0.000000
0.000000
0.000000
0.000000
0.000000
0.000000
0.000000
0.000000
0.000000
0.000000
0.000000
0.000000
0.000000
0.000000
0.000000
0.000000
0.000000
0.000000
0.000000
0.000000
0.000000
0.000000
0.000000
0.000000
0.000000
0.000000
0.000000
0.000000
0.000000
0.000000
0.000000
0.000000
0.000000
0.000000
0.000000
0.000000
0.000000
0.000000
0.000000
0.000000
0.000000
0.000000
0.000000
0.000000
0.000000
0.000000
0.000000
0.000000
0.000000
0.000000
0.000000
0.000000
0.000000
0.000000
0.000000
0.000000
0.000000
0.000000
0.000000
0.000000
0.000000
0.000000
0.000000
0.000000
0.000000
0.000000
0.000000
0.000000
0.000000
0.000000
0.000000
0.000000
0.000000
0.000000
0.000000
0.000000
0.000000
0.000000
0.000000
0.000000
0.000000
0.000000
0.000000
0.000000
0.000000
0.000000
0.000000
0.000000
0.000000
0.000000
0.000000
0.000000
0.000000
0.000000
0.000000
0.000000
0.000000
0.000000
0.000000
0.000000
0.000000
0.000000
0.000000
0.000000
0.000000
0.000000
0.000000
0.000000
0.000000
0.000000
0.000000
0.000000
0.000000
0.000000
0.000000
0.000000
0.000000
0.000000
0.000000
0.000000
0.000000
0.000000
0.000000
0.000000
0.000000
0.000000
0.000000
0.000000
0.000000
0.000000
0.000000
0.000000
0.000000
0.000000
0.000000
0.000000
0.000000
0.000000
0.000000
0.000000
0.000000
0.000000
0.000000
0.000000
0.000000
0.000000
0.000000
0.000000
0.000000
0.000000
0.000000
0.000000
0.000000
0.000000
0.000000
0.000000
0.000000
0.000000
0.000000
0.000000
0.000000
0.000000
0.000000
0.000000
0.000000
0.000000
0.000000
0.000000
0.000000
0.000000
0.000000
0.000000
0.000000
0.000000
0.000000
0.000000
0.000000
0.000000
0.000000
0.000000
0.000000
0.000000
0.000000
0.000000
0.000000
0.000000
0.000000
0.000000
0.000000
0.000000
0.000000
0.000000
0.000000
0.000000
0.000000
0.000000
0.000000
0.000000
0.000000
0.000000
0.000000
0.000000
0.000000
0.000000
0.000000
0.000000
0.000000
0.000000
0.000000
0.000000
0.000000
0.000000
0.000000
0.000000
0.000000
0.000000
0.000000
0.000000
0.000000
0.000000
0.000000
0.000000
0.000000
0.000000
0.000000
0.000000
0.000000
0.000000
0.000000
0.000000
0.000000
0.000000
0.000000
0.000000
0.000000
0.000000
0.000000
0.000000
0.000000
0.000000
0.000000
0.000000
0.000000
0.000000
0.000000
0.000000
0.000000
0.000000
0.000000
0.000000
0.000000
0.000000
0.000000
0.000000
0.000000
0.000000
0.000000
0.000000
0.000000
0.000000
0.000000
0.000000
0.000000
0.000000
0.000000
0.000000
0.000000
0.000000
0.000000
0.000000
0.000000
0.000000
0.000000
0.000000
0.000000
0.000000
0.000000
0.000000
0.000000
0.000000
0.000000
0.000000
0.000000
0.000000
0.000000
0.000000
0.000000
0.000000
0.000000
0.000000
0.000000
0.000000
0.000000
0.000000
0.000000
0.000000
0.000000
0.000000
0.000000
0.000000
0.000000
0.000000
0.000000
0.000000
0.000000
0.000000
0.000000
0.000000
0.000000
0.000000
0.000000
0.000000
0.000000
