49.084572
302.084830
1065.131323
2804.094334
6090.098205
11446.613293
19404.563568
30196.437673
43950.661697
60515.202052
79447.815331
100054.698618
121820.061655
143814.615269
165215.031534
185517.623173
204070.483790
220319.666643
234015.170540
245013.459928
252996.931183
258291.870575
260828.685346
260901.704170
258681.921929
254559.070243
248841.235117
241842.441168
233550.610604
224454.914579
214817.264651
204832.980278
194615.295401
184337.843771
174103.701038
164089.179764
154335.276365
144862.984668
135802.121530
127125.911310
118869.102107
111117.205044
103756.943938
96851.319990
90380.688612
84393.930910
78788.821372
73538.016612
68665.244895
64155.543347
59989.942398
56114.392985
52517.716059
49194.817499
46128.996440
43294.463211
40672.552108
38250.879131
36008.141590
33934.927691
31991.371082
30214.244889
28555.397875
27023.510595
25598.246028
24269.333256
23038.066703
21904.753363
20862.847211
19879.456612
18962.891407
18125.384351
17332.232419
16598.644362
15909.134649
15279.878164
14692.412239
14146.357081
13644.533757
13181.044989
12736.520870
12326.335607
11942.486635
11585.133652
11258.742239
10958.574141
10667.856462
10401.198861
10154.844120
9919.314838
9700.657195
9503.672754
9318.896425
9154.229531
8998.391085
8860.223038
8731.467358
8608.804582
8493.749454
8392.309884
8300.018404
8211.600763
8127.696463
8056.755289
8000.963367
7947.484536
7901.485669
7854.645476
7822.416870
7799.117080
7775.452751
7752.034187
7738.214836
7727.652804
7727.123143
7728.857610
7728.272373
7736.468520
7740.253866
7754.675856
7776.017028
7801.594369
7837.223174
7865.975925
7893.965925
7939.290518
7981.309372
8028.943700
8077.453628
8131.203234
8189.042617
8244.293435
8297.598089
8354.153714
8418.472387
8480.547569
8544.094132
8613.687690
8689.207276
8760.516059
8841.174663
8925.280213
9004.688700
9088.407556
9176.166117
9257.167811
9352.357357
9440.715399
9532.155640
9626.571140
9722.649616
9823.516030
9924.709319
10027.711601
10127.710454
10228.418935
10327.408667
10424.515036
10533.946877
10634.905909
10741.127414
10853.790916
10961.201982
11067.098958
11179.440121
11292.459029
11396.951056
11493.480581
11600.699247
11708.040119
11811.440336
11906.546143
12010.540000
12114.809982
12215.698713
12307.793188
12408.285513
12494.407221
12580.787167
12672.739589
12756.053076
12849.661827
12932.764022
13017.490156
13096.863472
13166.560341
13243.249250
13313.448195
13377.350451
13438.038160
13498.554756
13558.705388
13616.550761
13664.760977
13709.846372
13745.667500
13780.300045
13815.915252
13845.712601
13868.535824
13897.146315
13909.918457
13926.244897
13930.643968
13936.442234
13936.725134
13929.389792
13918.600806
13908.185378
13885.723729
13864.023550
13827.041404
13804.202385
13767.171973
13720.735188
13676.228492
13632.080376
13584.927789
13526.964392
13465.840299
13392.743776
13322.045217
13247.154052
13168.771383
13080.944910
12991.065959
12891.658612
12796.097171
12695.998735
12584.131055
12470.642459
12356.133581
12236.259538
12115.320119
11986.059405
11855.749379
11722.503322
11589.650183
11445.345133
11296.522943
11144.609686
10998.166856
10846.328720
10690.771430
10531.951090
10374.795054
10212.840048
10050.486830
9882.986082
9710.689901
9540.829330
9370.836986
9195.078775
9023.670336
8849.162458
8676.045859
8500.568046
8328.495616
8152.438287
7983.134136
7811.767700
7640.330896
7463.620782
7292.484111
7120.030417
6947.461133
6779.664126
6610.056852
6438.494280
6269.957783
6099.528110
5937.932541
5776.215118
5620.372483
5464.685601
5310.655179
5154.720393
5003.074895
4852.578995
4705.558030
4559.914426
4414.569125
4271.669903
4134.627662
3994.999963
3864.108044
3731.800703
3603.289257
3476.404243
3350.359455
3229.710103
3112.366868
3000.450465
2887.870708
2778.581025
2674.561249
2570.097817
2470.370836
2373.535096
2277.791651
2187.405825
2098.490788
2013.216119
1928.536961
1848.675927
1768.910520
1692.638477
1617.047426
1546.478068
1475.071826
1408.020780
1342.982807
1281.290357
1221.862567
1163.115210
1107.919574
1053.897102
1001.466047
952.382636
904.421023
859.392190
816.762476
775.487492
735.958108
697.826332
660.019737
624.829223
591.709107
560.091905
529.475669
500.222837
472.940015
446.571080
421.652729
397.442016
374.686277
352.808024
332.479582
313.148021
294.620747
276.720928
260.116290
244.944063
229.378301
215.225418
201.522283
188.902079
176.919025
165.297531
154.583398
144.396493
135.050502
126.297602
117.850875
109.997733
102.755941
95.847500
88.982470
83.136272
77.186155
71.525514
67.111451
62.619942
58.236620
54.008045
50.118362
46.620232
43.041402
39.959818
37.015777
34.517463
32.087267
29.817424
27.724475
25.874402
24.053026
22.112778
20.400886
18.735792
17.307234
16.070095
14.757711
13.562273
12.557202
11.525994
10.681285
9.844316
8.923075
8.301821
7.614691
7.017418
6.406345
5.920046
5.374868
4.917948
4.510578
4.232291
3.945898
3.657483
3.321152
3.053245
2.790562
2.522555
2.282802
2.037164
1.810708
1.670965
1.538419
1.387404
1.249205
1.170312
1.092152
0.974418
0.851889
0.753438
0.695271
0.654052
0.598126
0.513552
0.488216
0.453247
0.413508
0.390654
0.361965
0.322036
0.299894
0.293903
0.266171
0.231352
0.209370
0.200959
0.168240
0.152918
0.131100
0.113698
0.093266
0.086025
0.083157
0.071744
0.057476
0.049214
0.049766
0.034840
0.031077
0.030171
0.027909
0.029124
0.028947
0.024760
0.022399
0.020071
0.017377
0.017307
0.016743
0.013247
0.008558
0.009825
0.009785
0.010822
0.011021
0.010843
0.008671
0.006581
0.002740
0.002056
0.002454
0.002725
0.003788
0.004641
0.002512
0.001564
0.002424
0.001372
0.000830
0.002038
0.001525
0.001123
0.000570
0.000968
0.000447
0.000254
0.000119
0.000000
0.000000
0.000000
0.000000
0.000000
0.000000
0.000000
0.000000
0.000000
0.000000
0.000000
0.000000
0.000000
0.000000
0.000000
0.000000
0.000000
0.000000
0.000000
0.000000
0.000000
0.000000
0.000000
0.000000
0.000000
0.000000
0.000000
0.000000
0.000000
0.000000
0.000000
0.000000
0.000000
0.000000
0.000000
0.000000
0.000000
0.000000
0.000000
0.000000
0.000000
0.000000
0.000000
0.000000
0.000000
0.000000
0.000000
0.000000
0.000000
0.000000
0.000000
0.000000
0.000000
0.000000
0.000000
0.000000
0.000000
0.000000
0.000000
0.000000
0.000000
0.000000
0.000000
0.000000
0.000000
0.000000
0.000000
0.000000
0.000000
0.000000
0.000000
0.000000
0.000000
0.000000
0.000000
0.000000
0.000000
0.000000
0.000000
0.000000
0.000000
0.000000
0.000000
0.000000
0.000000
0.000000
0.000000
0.000000
0.000000
0.000000
0.000000
0.000000
0.000000
0.000000
0.000000
0.000000
0.000000
0.000000
0.000000
0.000000
0.000000
0.000000
0.000000
0.000000
0.000000
0.000000
0.000000
0.000000
0.000000
0.000000
0.000000
0.000000
0.000000
0.000000
0.000000
0.000000
0.000000
0.000000
0.000000
0.000000
0.000000
0.000000
0.000000
0.000000
0.000000
0.000000
0.000000
0.000000
0.000000
0.000000
0.000000
0.000000
0.000000
0.000000
0.000000
0.000000
0.000000
0.000000
0.000000
0.000000
0.000000
0.000000
0.000000
0.000000
0.000000
0.000000
0.000000
0.000000
0.000000
0.000000
0.000000
0.000000
0.000000
0.000000
0.000000
0.000000
0.000000
0.000000
0.000000
0.000000
0.000000
0.000000
0.000000
0.000000
0.000000
0.000000
0.000000
0.000000
0.000000
0.000000
0.000000
0.000000
0.000000
0.000000
0.000000
0.000000
0.000000
0.000000
0.000000
0.000000
0.000000
0.000000
0.000000
0.000000
0.000000
0.000000
0.000000
0.000000
0.000000
0.000000
0.000000
0.000000
0.000000
0.000000
0.000000
0.000000
0.000000
0.000000
0.000000
0.000000
0.000000
0.000000
0.000000
0.000000
0.000000
0.000000
0.000000
0.000000
0.000000
0.000000
0.000000
0.000000
0.000000
0.000000
0.000000
0.000000
0.000000
0.000000
0.000000
0.000000
0.000000
0.000000
0.000000
0.000000
0.000000
0.000000
0.000000
0.000000
0.000000
0.000000
0.000000
0.000000
0.000000
0.000000
0.000000
0.000000
0.000000
0.000000
0.000000
0.000000
0.000000
0.000000
0.000000
0.000000
0.000000
0.000000
0.000000
0.000000
0.000000
0.000000
0.000000
0.000000
0.000000
0.000000
0.000000
0.000000
0.000000
0.000000
0.000000
0.000000
0.000000
0.000000
0.000000
0.000000
0.000000
0.000000
0.000000
0.000000
0.000000
0.000000
0.000000
0.000000
0.000000
0.000000
0.000000
0.000000
0.000000
0.000000
0.000000
0.000000
0.000000
0.000000
0.000000
0.000000
0.000000
0.000000
0.000000
0.000000
0.000000
0.000000
0.000000
0.000000
0.000000
0.000000
0.000000
0.000000
0.000000
0.000000
0.000000
0.000000
0.000000
0.000000
0.000000
0.000000
0.000000
0.000000
0.000000
0.000000
0.000000
0.000000
0.000000
0.000000
0.000000
0.000000
0.000000
0.000000
0.000000
0.000000
0.000000
0.000000
0.000000
0.000000
0.000000
0.000000
0.000000
0.000000
0.000000
0.000000
0.000000
0.000000
0.000000
0.000000
0.000000
0.000000
0.000000
0.000000
0.000000
0.000000
0.000000
0.000000
0.000000
0.000000
0.000000
0.000000
0.000000
0.000000
0.000000
0.000000
0.000000
0.000000
0.000000
0.000000
0.000000
0.000000
0.000000
0.000000
0.000000
0.000000
0.000000
0.000000
0.000000
0.000000
0.000000
0.000000
0.000000
0.000000
0.000000
0.000000
0.000000
0.000000
0.000000
0.000000
0.000000
0.000000
0.000000
0.000000
0.000000
0.000000
0.000000
0.000000
0.000000
0.000000
0.000000
0.000000
0.000000
0.000000
0.000000
0.000000
0.000000
0.000000
0.000000
0.000000
0.000000
0.000000
0.000000
0.000000
0.000000
0.000000
0.000000
0.000000
0.000000
0.000000
0.000000
0.000000
0.000000
0.000000
0.000000
0.000000
0.000000
0.000000
0.000000
0.000000
0.000000
0.000000
0.000000
0.000000
0.000000
0.000000
0.000000
0.000000
0.000000
0.000000
0.000000
0.000000
0.000000
0.000000
0.000000
0.000000
0.000000
0.000000
0.000000
0.000000
0.000000
0.000000
0.000000
0.000000
0.000000
0.000000
0.000000
0.000000
0.000000
0.000000
0.000000
0.000000
0.000000
0.000000
0.000000
0.000000
0.000000
0.000000
0.000000
0.000000
0.000000
0.000000
0.000000
0.000000
0.000000
0.000000
0.000000
0.000000
0.000000
0.000000
0.000000
0.000000
0.000000
0.000000
0.000000
0.000000
0.000000
0.000000
0.000000
0.000000
0.000000
0.000000
0.000000
0.000000
0.000000
0.000000
0.000000
0.000000
0.000000
0.000000
0.000000
0.000000
0.000000
0.000000
0.000000
0.000000
0.000000
0.000000
0.000000
0.000000
0.000000
0.000000
0.000000
0.000000
0.000000
0.000000
0.000000
0.000000
0.000000
0.000000
0.000000
0.000000
0.000000
0.000000
0.000000
0.000000
0.000000
0.000000
0.000000
0.000000
0.000000
0.000000
0.000000
0.000000
0.000000
0.000000
0.000000
