0.000000
0.000000
0.000000
0.000000
0.000000
0.000000
0.000000
0.000000
0.022414
0.153421
0.539820
1.817225
3.773105
10.084183
23.795192
52.398028
107.691854
211.534216
385.263541
687.582809
1161.623608
1895.688651
2994.108325
4573.868322
6732.082600
9618.512844
13316.821198
18001.942948
23763.179769
30685.235213
38637.970993
47642.439694
57747.078134
68668.358807
80295.651079
92433.847799
104613.655772
116864.866166
128857.378259
140363.698946
150937.643393
160779.036181
169474.328788
177087.945252
183430.138903
188363.924154
191955.095923
194254.010203
195236.579959
195057.387872
193624.646897
191227.029792
187983.360520
183952.471479
179379.493334
174140.928214
168502.507158
162555.836174
156219.786125
149960.222127
143661.441946
137279.108221
130954.265145
124861.103693
118876.227566
113149.241265
107647.411673
102310.173269
97060.826524
92225.429302
87596.581047
83222.930362
79108.959343
75219.850860
71552.966372
68132.291850
64932.316845
61852.168193
59074.500443
56402.749623
53984.916170
51775.977503
49695.115278
47756.311885
45945.061218
44260.509544
42674.042718
41275.203501
40019.760431
38841.825149
37810.568451
36858.537283
35951.243126
35134.358425
34387.792118
33756.794901
33166.317257
32673.970906
32210.040236
31809.127533
31485.554877
31216.852927
31017.822283
30831.853868
30695.474825
30652.749969
30632.032378
30644.310323
30707.873312
30807.389737
30939.100871
31111.871077
31311.730542
31529.755307
31802.486658
32092.753229
32430.562733
32758.636477
33104.343245
33450.141203
33824.559352
34216.469031
34600.243950
34987.255692
35358.591972
35740.731451
36137.632114
36501.631950
36872.603015
37241.607667
37579.734059
37893.535132
38176.819615
38475.430636
38760.153228
38971.215571
39185.479201
39359.137380
39497.197674
39591.550101
39630.402911
39672.192228
39653.403629
39577.553936
39486.093084
39327.995010
39149.615333
38914.237006
38631.517283
38317.871287
37971.484822
37569.467532
37124.830500
36633.363972
36094.602661
35499.656997
34871.024067
34181.593197
33473.649062
32744.907284
31958.595469
31186.122246
30336.996379
29488.192243
28620.583013
27717.659822
26810.775243
25907.967850
24986.405578
24043.257818
23110.101285
22174.231277
21238.489914
20298.860934
19373.896462
18467.606833
17555.077499
16657.136458
15781.251417
14943.983829
14117.828531
13306.112478
12513.557385
11768.766986
11044.099885
10330.501855
9662.588445
9013.039628
8383.398183
7797.511788
7219.939134
6687.927193
6176.885659
5695.522228
5239.280487
4819.556058
4425.086712
4043.580241
3695.814901
3367.076492
3065.135933
2794.145398
2537.092257
2301.262102
2084.533588
1879.382753
1693.282470
1526.630382
1370.383735
1227.241348
1099.373793
980.570025
874.671110
778.252480
689.940419
611.472530
538.294999
474.885604
419.148015
369.416559
321.846240
282.428054
247.240877
216.585133
188.967212
163.948035
141.330636
122.702311
105.637565
90.957935
78.427549
68.631285
58.792011
50.597437
43.296202
37.002405
31.613725
26.757780
22.172499
18.917105
15.997187
13.584077
11.308635
9.618384
8.068650
6.684951
5.642444
4.705673
3.856531
3.266324
2.734376
2.286292
1.844703
1.573927
1.304553
1.096874
0.893738
0.817378
0.642256
0.543105
0.434096
0.357293
0.241834
0.167378
0.147722
0.115792
0.102689
0.080305
0.056759
0.043414
0.042394
0.026830
0.026693
0.015147
0.008763
0.017953
0.012243
0.007636
0.002041
0.000000
0.000000
0.000000
0.000000
0.000000
0.000000
0.000000
0.000000
0.000000
0.000000
0.000000
0.000000
0.000000
0.000000
0.000000
0.000000
0.000000
0.000000
0.000000
0.000000
0.000000
0.000000
0.000000
0.000000
0.000000
0.000000
0.000000
0.000000
0.000000
0.000000
0.000000
0.000000
0.000000
0.000000
0.000000
0.000000
0.000000
0.000000
0.000000
0.000000
0.000000
0.000000
0.000000
0.000000
0.000000
0.000000
0.000000
0.000000
0.000000
0.000000
0.000000
0.000000
0.000000
0.000000
0.000000
0.000000
0.000000
0.000000
0.000000
0.000000
0.000000
0.000000
0.000000
0.000000
0.000000
0.000000
0.000000
0.000000
0.000000
0.000000
0.000000
0.000000
0.000000
0.000000
0.000000
0.000000
0.000000
0.000000
0.000000
0.000000
0.000000
0.000000
0.000000
0.000000
0.000000
0.000000
0.000000
0.000000
0.000000
0.000000
0.000000
0.000000
0.000000
0.000000
0.000000
0.000000
0.000000
0.000000
0.000000
0.000000
0.000000
0.000000
0.000000
0.000000
0.000000
0.000000
0.000000
0.000000
0.000000
0.000000
0.000000
0.000000
0.000000
0.000000
0.000000
0.000000
0.000000
0.000000
0.000000
0.000000
0.000000
0.000000
0.000000
0.000000
0.000000
0.000000
0.000000
0.000000
0.000000
0.000000
0.000000
0.000000
0.000000
0.000000
0.000000
0.000000
0.000000
0.000000
0.000000
0.000000
0.000000
0.000000
0.000000
0.000000
0.000000
0.000000
0.000000
0.000000
0.000000
0.000000
0.000000
0.000000
0.000000
0.000000
0.000000
0.000000
0.000000
0.000000
0.000000
0.000000
0.000000
0.000000
0.000000
0.000000
0.000000
0.000000
0.000000
0.000000
0.000000
0.000000
0.000000
0.000000
0.000000
0.000000
0.000000
0.000000
0.000000
0.000000
0.000000
0.000000
0.000000
0.000000
0.000000
0.000000
0.000000
0.000000
0.000000
0.000000
0.000000
0.000000
0.000000
0.000000
0.000000
0.000000
0.000000
0.000000
0.000000
0.000000
0.000000
0.000000
0.000000
0.000000
0.000000
0.000000
0.000000
0.000000
0.000000
0.000000
0.000000
0.000000
0.000000
0.000000
0.000000
0.000000
0.000000
0.000000
0.000000
0.000000
0.000000
0.000000
0.000000
0.000000
