0.000000
0.000000
0.000000
0.000000
0.000000
0.000000
0.000000
0.002084
0.085457
0.480487
1.588709
4.426994
12.270999
29.659102
66.507479
147.815028
289.368868
553.133144
983.122041
1669.339058
2748.094799
4334.375869
6595.751991
9635.914708
13763.927773
19032.544693
25616.994753
33621.220164
43064.115908
53924.254024
66057.619196
79274.296767
93439.209047
108170.725935
123198.313748
138168.809446
152677.245930
166520.225080
179300.660317
190690.983228
200734.106299
208943.738475
215425.432791
220147.202126
223279.403401
224636.298743
224308.182511
222611.015595
219620.810812
215482.529378
210242.189022
204011.011163
197174.756568
189908.873111
182208.394017
174284.029940
166275.238963
158102.958933
149934.762818
141935.434939
134165.286462
126620.766998
119314.943264
112430.389531
105770.588436
99534.175620
93580.074762
88063.768327
82794.851091
77971.105153
73402.558913
69165.944593
65198.458208
61518.774098
58127.590296
55023.128090
52067.121339
49364.253023
46868.475635
44548.676076
42392.906541
40340.404552
38514.180968
36840.873858
35274.180528
33897.850703
32560.228752
31311.577738
30262.263402
29266.622479
28351.491284
27537.784094
26782.037341
26150.338133
25554.801990
25012.772940
24535.623041
24088.627316
23687.105237
23415.424339
23137.026968
22917.584564
22764.697074
22624.282160
22515.192106
22466.113963
22448.108851
22470.275521
22536.556401
22598.765131
22731.351277
22858.935616
23017.080379
23221.915667
23421.179567
23656.550700
23922.947372
24199.252811
24490.373748
24801.780297
25150.101364
25507.334135
25888.122694
26282.019180
26649.055651
27034.664012
27389.629525
27766.587530
28108.942266
28512.304995
28882.020999
29273.354322
29627.367617
29961.069089
30285.429741
30615.651896
30901.184966
31175.755032
31449.969810
31689.593191
31899.767627
32078.253037
32238.519947
32389.173044
32487.362780
32550.451481
32589.711713
32573.938171
32522.307696
32450.661173
32326.647579
32193.643030
31990.880695
31764.022606
31472.370106
31130.673952
30764.016104
30351.712680
29924.783886
29432.733773
28921.498793
28357.269222
27765.939005
27131.178828
26478.749640
25817.690968
25113.353757
24405.552604
23662.046616
22903.868367
22150.012433
21367.117187
20561.835410
19765.349966
18963.495236
18172.143325
17360.627297
16563.827122
15769.472367
14994.408062
14234.121775
13474.469962
12738.893725
12022.987934
11318.442337
10631.318833
9966.915165
9332.158223
8734.400016
8155.342362
7603.878216
7064.905912
6552.816901
6078.118322
5618.109769
5192.552402
4789.657662
4412.074621
4049.492819
3711.499128
3394.609127
3102.247222
2826.389685
2568.775804
2330.012073
2107.339346
1903.611908
1717.487606
1550.776481
1399.904795
1259.387154
1127.207558
1008.469887
903.801412
805.907552
714.620487
634.034141
564.478055
498.561437
440.721286
388.574936
342.807440
300.183299
263.227163
231.349843
201.997698
175.556466
152.709789
132.464287
114.344412
99.544573
85.417964
74.602047
64.827689
55.591298
47.949947
41.348277
34.428088
29.141965
24.829120
20.827559
17.393948
14.670608
12.286636
10.137421
8.442144
7.043533
6.037547
5.026580
4.073152
3.316745
2.636833
2.232797
1.813167
1.593963
1.334761
1.039347
0.883760
0.686660
0.573299
0.456523
0.337680
0.281095
0.224623
0.194407
0.122235
0.069062
0.048191
0.054821
0.034296
0.030124
0.023173
0.015318
0.006094
0.000371
0.000000
0.000000
0.000000
0.000000
0.000000
0.000000
0.000000
0.000000
0.000000
0.000000
0.000000
0.000000
0.000000
0.000000
0.000000
0.000000
0.000000
0.000000
0.000000
0.000000
0.000000
0.000000
0.000000
0.000000
0.000000
0.000000
0.000000
0.000000
0.000000
0.000000
0.000000
0.000000
0.000000
0.000000
0.000000
0.000000
0.000000
0.000000
0.000000
0.000000
0.000000
0.000000
0.000000
0.000000
0.000000
0.000000
0.000000
0.000000
0.000000
0.000000
0.000000
0.000000
0.000000
0.000000
0.000000
0.000000
0.000000
0.000000
0.000000
0.000000
0.000000
0.000000
0.000000
0.000000
0.000000
0.000000
0.000000
0.000000
0.000000
0.000000
0.000000
0.000000
0.000000
0.000000
0.000000
0.000000
0.000000
0.000000
0.000000
0.000000
0.000000
0.000000
0.000000
0.000000
0.000000
0.000000
0.000000
0.000000
0.000000
0.000000
0.000000
0.000000
0.000000
0.000000
0.000000
0.000000
0.000000
0.000000
0.000000
0.000000
0.000000
0.000000
0.000000
0.000000
0.000000
0.000000
0.000000
0.000000
0.000000
0.000000
0.000000
0.000000
0.000000
0.000000
0.000000
0.000000
0.000000
0.000000
0.000000
0.000000
0.000000
0.000000
0.000000
0.000000
0.000000
0.000000
0.000000
0.000000
0.000000
0.000000
0.000000
0.000000
0.000000
0.000000
0.000000
0.000000
0.000000
0.000000
0.000000
0.000000
0.000000
0.000000
0.000000
0.000000
0.000000
0.000000
0.000000
0.000000
0.000000
0.000000
0.000000
0.000000
0.000000
0.000000
0.000000
0.000000
0.000000
0.000000
0.000000
0.000000
0.000000
0.000000
0.000000
0.000000
0.000000
0.000000
0.000000
0.000000
0.000000
0.000000
0.000000
0.000000
0.000000
0.000000
0.000000
0.000000
0.000000
0.000000
0.000000
0.000000
0.000000
0.000000
0.000000
0.000000
0.000000
0.000000
0.000000
0.000000
0.000000
0.000000
0.000000
0.000000
0.000000
0.000000
0.000000
0.000000
0.000000
0.000000
0.000000
0.000000
0.000000
0.000000
0.000000
0.000000
0.000000
0.000000
0.000000
0.000000
0.000000
0.000000
0.000000
0.000000
0.000000
0.000000
0.000000
0.000000
0.000000
0.000000
0.000000
0.000000
0.000000
0.000000
0.000000
0.000000
0.000000
0.000000
