0.000000
0.000000
0.000000
0.000000
0.000000
0.000000
0.000000
0.005135
0.010235
0.033673
0.128284
0.606517
1.787075
4.398526
11.717351
25.873359
54.884132
108.883619
210.614041
381.831935
673.563517
1137.732120
1858.389904
2917.423346
4451.547670
6589.869853
9499.473827
13312.617211
18180.531571
24297.615120
31739.599729
40556.685750
50853.127176
62496.442309
75518.379581
89662.095413
104718.841134
120549.316980
136666.661591
152900.804539
168682.232396
183982.242430
198141.979531
211054.353391
222486.451357
232171.743593
239969.415102
245900.757266
249714.762061
251602.274055
251622.510496
249824.766310
246379.581631
241421.361641
235224.311857
227881.803446
219628.186390
210663.163594
201186.639769
191355.816942
181330.447409
171266.018273
161235.633525
151365.082099
141765.392385
132443.992496
123503.047993
114967.354994
106873.818826
99275.041517
92085.656076
85419.262376
79160.354567
73369.086461
67996.459630
63045.451178
58479.189069
54312.536082
50456.554643
46958.102265
43737.288332
40817.262593
38151.324226
35720.267904
33524.913967
31538.249935
29734.674445
28095.798497
26647.646431
25333.126850
24149.707516
23101.026364
22167.077230
21349.724012
20623.479758
20009.417452
19459.196622
19027.982026
18624.406011
18328.892923
18081.065924
17919.556688
17805.302744
17743.291119
17754.063924
17797.524519
17908.873959
18047.178726
18258.694368
18494.943507
18779.612253
19101.154422
19468.345137
19873.505696
20319.103711
20797.227997
21311.002182
21854.251355
22427.794575
23027.033221
23655.646902
24293.721274
24967.525096
25650.804759
26344.017204
27043.328229
27755.045478
28454.348469
29146.931338
29836.447564
30504.933028
31159.274610
31781.272976
32385.194058
32925.415484
33460.988663
33912.989617
34348.713718
34694.345719
34999.112019
35226.826393
35395.288624
35491.212706
35506.355372
35448.600154
35316.052233
35087.759287
34794.194960
34406.465539
33951.473360
33411.283020
32801.520489
32122.109937
31374.925679
30557.870942
29702.336086
28773.027288
27806.672651
26791.541660
25743.445223
24671.414112
23571.167630
22462.654142
21340.793396
20219.480139
19098.950350
17986.611253
16885.287611
15814.390788
14759.396758
13739.586730
12748.696491
11793.866344
10879.162988
9999.122956
9169.283186
8376.973900
7633.497068
6935.570023
6280.632602
5668.948496
5102.950679
4578.007181
4094.223634
3650.670675
3246.103016
2876.481415
2538.628501
2239.393707
1965.829475
1721.732884
1501.874487
1308.322547
1134.775574
981.570814
845.746103
726.750291
622.792691
532.435823
452.706862
384.404521
325.333680
274.628644
230.652462
193.436553
161.739431
134.608667
112.016458
92.554700
76.344182
62.873739
51.730607
42.309320
34.634550
28.089320
22.821970
18.328265
14.921967
11.923700
9.646406
7.643508
6.112604
4.860351
3.884616
3.062595
2.434293
1.855434
1.448534
1.126100
0.884132
0.684502
0.535702
0.412907
0.305535
0.224296
0.178571
0.132086
0.099893
0.074629
0.053478
0.047913
0.030732
0.025438
0.017787
0.014093
0.012105
0.006118
0.005551
0.002527
0.002888
0.001781
0.000606
0.001024
0.000268
0.000220
0.000151
0.000049
0.000086
0.000202
0.000065
0.000000
0.000000
0.000000
0.000000
0.000000
0.000000
0.000000
0.000000
0.000000
0.000000
0.000000
0.000000
0.000000
0.000000
0.000000
0.000000
0.000000
0.000000
0.000000
0.000000
0.000000
0.000000
0.000000
0.000000
0.000000
0.000000
0.000000
0.000000
0.000000
0.000000
0.000000
0.000000
0.000000
0.000000
0.000000
0.000000
0.000000
0.000000
0.000000
0.000000
0.000000
0.000000
0.000000
0.000000
0.000000
0.000000
0.000000
0.000000
0.000000
0.000000
0.000000
0.000000
0.000000
0.000000
0.000000
0.000000
0.000000
0.000000
0.000000
0.000000
0.000000
0.000000
0.000000
0.000000
0.000000
0.000000
0.000000
0.000000
0.000000
0.000000
0.000000
0.000000
0.000000
0.000000
0.000000
0.000000
0.000000
0.000000
0.000000
0.000000
0.000000
0.000000
0.000000
0.000000
0.000000
0.000000
0.000000
0.000000
0.000000
0.000000
0.000000
0.000000
0.000000
0.000000
0.000000
0.000000
0.000000
0.000000
0.000000
0.000000
0.000000
0.000000
0.000000
0.000000
0.000000
0.000000
0.000000
0.000000
0.000000
0.000000
0.000000
0.000000
0.000000
0.000000
0.000000
0.000000
0.000000
0.000000
0.000000
0.000000
0.000000
0.000000
0.000000
0.000000
0.000000
0.000000
0.000000
0.000000
0.000000
0.000000
0.000000
0.000000
0.000000
0.000000
0.000000
0.000000
0.000000
0.000000
0.000000
0.000000
0.000000
0.000000
0.000000
0.000000
0.000000
0.000000
0.000000
0.000000
0.000000
0.000000
0.000000
0.000000
0.000000
0.000000
0.000000
0.000000
0.000000
0.000000
0.000000
0.000000
0.000000
0.000000
0.000000
0.000000
0.000000
0.000000
0.000000
0.000000
0.000000
0.000000
0.000000
0.000000
0.000000
0.000000
0.000000
0.000000
0.000000
0.000000
0.000000
0.000000
0.000000
0.000000
0.000000
0.000000
0.000000
0.000000
0.000000
0.000000
0.000000
0.000000
0.000000
0.000000
0.000000
0.000000
0.000000
0.000000
0.000000
0.000000
0.000000
0.000000
0.000000
0.000000
0.000000
0.000000
0.000000
0.000000
0.000000
0.000000
0.000000
0.000000
0.000000
0.000000
0.000000
0.000000
0.000000
0.000000
0.000000
0.000000
0.000000
0.000000
0.000000
0.000000
0.000000
0.000000
0.000000
0.000000
0.000000
0.000000
0.000000
0.000000
0.000000
0.000000
0.000000
0.000000
0.000000
0.000000
0.000000
0.000000
0.000000
0.000000
0.000000
