0.000000
0.000000
0.000000
0.000000
0.000000
0.000000
0.000000
0.000000
0.000000
0.000000
0.000000
0.000000
0.000000
0.000000
0.015251
0.305772
0.113561
0.276243
0.724158
2.853591
6.393734
14.842768
24.560301
38.768049
57.472374
87.624638
127.867698
182.462418
256.780528
360.196998
490.669208
657.859313
861.869972
1135.197230
1472.447885
1872.500131
2367.361587
2948.847055
3640.073769
4452.960059
5393.701541
6466.131862
7688.098985
9092.652824
10664.438983
12365.647445
14267.799489
16286.816618
18525.842449
20949.856223
23512.343179
26261.397970
29262.654383
32384.030753
35630.728683
39046.056172
42543.149008
46187.217556
49873.266334
53701.922641
57659.724678
61647.005567
65724.875471
69731.111731
73784.513061
77865.035000
81967.445637
86075.129542
90016.921762
93907.237469
97743.947584
101476.595662
105038.427997
108561.671600
111950.157845
115166.761456
118212.536391
121063.811067
123767.192508
126269.377893
128652.609056
130725.324716
132751.149758
134493.688054
136097.999182
137485.157348
138660.255555
139592.304634
140364.942483
140819.636077
141262.799877
141498.761407
141485.727379
141391.250637
141150.171964
140634.211698
139981.370233
139110.167791
138097.993681
137026.568157
135773.145799
134385.338273
132905.090137
131377.863518
129728.999481
127957.715042
126128.999795
124102.095673
122093.518141
119999.112019
117747.880332
115541.702998
113241.719329
110958.836885
108557.712284
106088.556591
103669.391310
101252.631409
98727.469563
96227.119826
93828.869042
91386.513473
88974.653023
86531.807200
84089.796996
81667.596564
79299.430564
76912.753135
74556.434631
72180.919418
69913.082275
67635.939693
65393.545936
63159.979596
60930.004131
58806.445903
56646.573300
54601.170980
52588.429289
50613.706748
48667.466786
46796.663771
44972.498546
43180.525415
41411.140061
39769.803026
38159.840268
36559.749104
35056.673571
33589.430958
32141.243087
30752.939314
29427.667128
28095.799961
26891.876220
25665.419886
24501.856212
23401.870887
22318.491574
21278.908334
20271.436289
19323.527436
18395.266778
17476.577958
16598.706731
15802.134420
15011.758501
14274.408714
13549.468924
12858.208996
12174.007948
11533.093345
10931.557360
10361.810693
9807.728029
9276.972704
8764.447566
8310.010987
7854.364038
7411.450940
6982.398154
6577.499664
6178.961190
5817.139380
5483.140955
5163.142093
4866.737282
4569.831026
4303.013779
4039.792991
3802.810536
3566.841739
3343.213870
3129.678014
2931.205858
2747.255381
2572.569298
2405.068743
2250.599666
2111.232382
1973.703461
1843.058668
1725.504188
1612.013166
1505.407974
1410.398691
1317.279216
1228.460188
1142.897708
1065.720459
993.830196
924.986475
862.711697
803.941848
750.083141
695.617847
644.550483
593.636422
551.830766
512.122306
472.785128
438.362833
407.051025
380.505416
352.397256
323.586583
297.093173
275.195936
255.786190
235.002600
214.303191
196.219005
181.439926
167.340675
153.882353
142.810872
130.504866
121.390972
111.342978
102.251631
95.348023
87.834485
80.756221
72.812611
66.752747
62.430175
56.814313
52.064417
47.564219
43.764393
40.864788
37.588472
34.327316
31.789711
28.684801
26.412628
23.825909
21.616955
19.516986
17.871730
16.744890
15.282560
14.092868
13.307909
12.122945
11.356705
10.710832
9.917252
9.085786
8.104233
7.313615
6.760947
6.406655
6.167994
5.553083
4.794864
4.437034
4.038015
3.714326
3.272388
2.760529
2.558223
2.112178
2.077083
2.098402
2.034188
1.819688
1.657121
1.565465
1.367044
1.353888
1.256735
1.173400
1.056249
0.863636
0.813403
0.789468
0.686912
0.666029
0.580725
0.458132
0.447565
0.428771
0.432589
0.425150
0.353006
0.244537
0.229310
0.187153
0.189848
0.130596
0.108586
0.093460
0.084275
0.063031
0.022257
0.033856
0.015619
0.011737
0.014696
0.020771
0.014582
0.009774
0.005373
0.000000
0.000000
0.000000
0.000000
0.000000
0.000000
0.000000
0.000000
0.000000
0.000000
0.000000
0.000000
0.000000
0.000000
0.000000
0.000000
0.000000
0.000000
0.000000
0.000000
0.000000
0.000000
0.000000
0.000000
0.000000
0.000000
0.000000
0.000000
0.000000
0.000000
0.000000
0.000000
0.000000
0.000000
0.000000
0.000000
0.000000
0.000000
0.000000
0.000000
0.000000
0.000000
0.000000
0.000000
0.000000
0.000000
0.000000
0.000000
0.000000
0.000000
0.000000
0.000000
0.000000
0.000000
0.000000
0.000000
0.000000
0.000000
0.000000
0.000000
0.000000
0.000000
0.000000
0.000000
0.000000
0.000000
0.000000
0.000000
0.000000
0.000000
0.000000
0.000000
0.000000
0.000000
0.000000
0.000000
0.000000
0.000000
0.000000
0.000000
0.000000
0.000000
0.000000
0.000000
0.000000
0.000000
0.000000
0.000000
0.000000
0.000000
0.000000
0.000000
0.000000
0.000000
0.000000
0.000000
0.000000
0.000000
0.000000
0.000000
0.000000
0.000000
0.000000
0.000000
0.000000
0.000000
0.000000
0.000000
0.000000
0.000000
0.000000
0.000000
0.000000
0.000000
0.000000
0.000000
0.000000
0.000000
0.000000
0.000000
0.000000
0.000000
0.000000
0.000000
0.000000
0.000000
0.000000
0.000000
0.000000
0.000000
0.000000
0.000000
0.000000
0.000000
0.000000
0.000000
0.000000
0.000000
0.000000
0.000000
0.000000
0.000000
0.000000
0.000000
0.000000
0.000000
0.000000
0.000000
0.000000
0.000000
0.000000
0.000000
0.000000
0.000000
0.000000
0.000000
0.000000
0.000000
0.000000
0.000000
0.000000
0.000000
0.000000
0.000000
0.000000
0.000000
0.000000
0.000000
0.000000
0.000000
0.000000
0.000000
0.000000
0.000000
0.000000
0.000000
0.000000
0.000000
0.000000
0.000000
0.000000
0.000000
0.000000
0.000000
0.000000
0.000000
0.000000
0.000000
0.000000
0.000000
0.000000
0.000000
0.000000
0.000000
0.000000
0.000000
0.000000
0.000000
0.000000
0.000000
0.000000
0.000000
0.000000
0.000000
0.000000
0.000000
0.000000
0.000000
0.000000
0.000000
0.000000
0.000000
0.000000
0.000000
0.000000
0.000000
0.000000
0.000000
0.000000
0.000000
0.000000
0.000000
0.000000
0.000000
0.000000
0.000000
0.000000
0.000000
0.000000
0.000000
0.000000
0.000000
0.000000
0.000000
0.000000
0.000000
0.000000
0.000000
0.000000
0.000000
0.000000
0.000000
0.000000
0.000000
0.000000
0.000000
0.000000
0.000000
0.000000
0.000000
0.000000
0.000000
0.000000
0.000000
0.000000
0.000000
0.000000
0.000000
0.000000
0.000000
0.000000
0.000000
0.000000
0.000000
0.000000
0.000000
0.000000
0.000000
0.000000
0.000000
0.000000
0.000000
0.000000
0.000000
0.000000
0.000000
0.000000
0.000000
0.000000
0.000000
0.000000
0.000000
0.000000
0.000000
0.000000
0.000000
0.000000
0.000000
0.000000
0.000000
0.000000
0.000000
0.000000
0.000000
0.000000
0.000000
0.000000
0.000000
0.000000
0.000000
0.000000
0.000000
0.000000
0.000000
0.000000
0.000000
0.000000
0.000000
0.000000
0.000000
0.000000
0.000000
0.000000
0.000000
0.000000
0.000000
0.000000
0.000000
0.000000
0.000000
0.000000
0.000000
0.000000
0.000000
0.000000
0.000000
0.000000
0.000000
0.000000
0.000000
0.000000
0.000000
0.000000
0.000000
0.000000
0.000000
0.000000
0.000000
0.000000
0.000000
0.000000
0.000000
0.000000
0.000000
0.000000
0.000000
0.000000
0.000000
0.000000
0.000000
0.000000
0.000000
0.000000
0.000000
0.000000
0.000000
0.000000
0.000000
0.000000
0.000000
0.000000
0.000000
0.000000
0.000000
0.000000
0.000000
0.000000
0.000000
0.000000
0.000000
0.000000
0.000000
0.000000
0.000000
0.000000
0.000000
0.000000
0.000000
0.000000
0.000000
0.000000
0.000000
0.000000
0.000000
0.000000
0.000000
0.000000
0.000000
0.000000
0.000000
0.000000
0.000000
0.000000
0.000000
0.000000
0.000000
0.000000
0.000000
0.000000
0.000000
0.000000
0.000000
0.000000
0.000000
0.000000
0.000000
0.000000
0.000000
0.000000
0.000000
0.000000
0.000000
0.000000
0.000000
0.000000
0.000000
0.000000
0.000000
0.000000
0.000000
0.000000
0.000000
0.000000
0.000000
0.000000
0.000000
0.000000
0.000000
0.000000
0.000000
0.000000
0.000000
0.000000
0.000000
0.000000
0.000000
0.000000
0.000000
0.000000
0.000000
0.000000
0.000000
0.000000
0.000000
0.000000
0.000000
0.000000
0.000000
0.000000
0.000000
0.000000
0.000000
0.000000
0.000000
0.000000
0.000000
0.000000
0.000000
0.000000
0.000000
0.000000
0.000000
0.000000
0.000000
0.000000
0.000000
0.000000
0.000000
0.000000
0.000000
0.000000
0.000000
0.000000
0.000000
0.000000
0.000000
0.000000
0.000000
0.000000
0.000000
0.000000
0.000000
0.000000
0.000000
0.000000
0.000000
0.000000
0.000000
0.000000
0.000000
0.000000
0.000000
0.000000
0.000000
0.000000
0.000000
0.000000
0.000000
0.000000
0.000000
0.000000
0.000000
0.000000
0.000000
0.000000
0.000000
0.000000
0.000000
0.000000
0.000000
0.000000
0.000000
0.000000
0.000000
0.000000
0.000000
0.000000
0.000000
0.000000
0.000000
0.000000
0.000000
0.000000
0.000000
0.000000
0.000000
0.000000
0.000000
0.000000
0.000000
0.000000
0.000000
0.000000
0.000000
0.000000
0.000000
0.000000
0.000000
0.000000
0.000000
0.000000
0.000000
0.000000
0.000000
0.000000
0.000000
0.000000
0.000000
0.000000
0.000000
0.000000
0.000000
0.000000
0.000000
0.000000
0.000000
0.000000
0.000000
0.000000
0.000000
0.000000
0.000000
0.000000
0.000000
0.000000
0.000000
0.000000
0.000000
0.000000
0.000000
0.000000
0.000000
0.000000
0.000000
0.000000
0.000000
0.000000
0.000000
0.000000
0.000000
0.000000
0.000000
0.000000
0.000000
0.000000
0.000000
0.000000
0.000000
0.000000
0.000000
0.000000
0.000000
0.000000
0.000000
0.000000
0.000000
0.000000
0.000000
0.000000
0.000000
0.000000
0.000000
0.000000
0.000000
0.000000
0.000000
0.000000
0.000000
0.000000
0.000000
0.000000
0.000000
0.000000
0.000000
0.000000
0.000000
0.000000
0.000000
0.000000
0.000000
0.000000
0.000000
0.000000
0.000000
0.000000
0.000000
0.000000
0.000000
0.000000
0.000000
0.000000
0.000000
0.000000
0.000000
0.000000
0.000000
0.000000
0.000000
0.000000
0.000000
0.000000
0.000000
0.000000
0.000000
0.000000
0.000000
0.000000
0.000000
0.000000
0.000000
0.000000
0.000000
0.000000
0.000000
0.000000
0.000000
0.000000
0.000000
0.000000
0.000000
0.000000
0.000000
0.000000
0.000000
0.000000
0.000000
0.000000
0.000000
0.000000
0.000000
0.000000
0.000000
0.000000
0.000000
0.000000
0.000000
0.000000
