0.000000
0.000000
0.000000
0.000000
0.000000
0.000000
0.000000
0.000000
0.000336
0.132301
0.825791
1.740329
3.501943
5.713439
9.863394
16.474974
23.739467
33.773495
54.053286
77.042149
110.493957
154.519519
223.059300
302.989794
403.729555
525.410653
696.600756
912.708118
1171.611691
1490.930100
1885.234845
2353.313541
2922.901182
3563.126740
4322.935537
5181.185289
6114.003846
7178.430107
8365.665356
9704.303134
11168.351502
12797.341798
14516.733936
16426.805188
18462.208562
20644.519118
23003.314057
25548.793604
28250.576662
31057.812319
33943.137169
37022.793516
40105.202534
43373.052243
46664.379054
49991.676920
53403.536787
56816.275106
60325.822284
63778.690734
67271.126119
70807.117374
74387.215636
77831.112256
81219.032927
84550.031739
87865.243075
91059.112484
94130.834918
97182.014617
100068.098075
102928.316185
105692.734434
108435.104267
110838.774087
113157.111157
115433.267364
117560.887452
119358.741938
121034.640987
122654.418228
124067.097353
125356.107121
126391.167336
127429.860676
128233.643938
128847.837742
129257.829823
129708.109788
129994.103383
130058.260843
130029.106589
129869.296732
129499.287467
128981.172920
128393.603176
127660.972027
126888.627281
125919.974797
124784.870086
123654.713671
122407.849870
121135.408800
119727.592903
118176.393727
116615.298570
114961.553410
113349.739361
111540.638818
109680.848703
107869.078495
105927.213281
103906.110617
102010.589563
100028.551076
98071.015241
96035.317412
93965.656032
91915.751019
89866.815522
87826.410261
85711.488300
83675.772594
81596.282662
79553.774947
77516.847842
75414.409947
73390.701803
71390.842850
69387.929149
67446.003688
65531.239494
63635.711518
61738.683429
59900.136842
58075.051529
56254.087936
54483.480586
52796.158990
51097.026979
49457.481815
47817.778142
46220.181881
44689.678978
43204.857535
41700.124665
40228.134704
38782.525254
37385.634899
36067.450950
34712.822047
33478.985280
32236.524157
31043.085950
29893.677479
28762.163540
27670.240363
26595.418736
25548.079623
24553.507329
23576.296897
22604.651408
21685.126187
20817.264614
19958.143806
19133.933622
18339.540414
17561.451384
16811.052866
16068.529055
15378.139476
14720.857302
14070.601456
13415.073517
12810.926800
12222.276064
11646.934604
11113.164221
10599.279821
10106.046961
9628.958904
9174.198724
8724.398478
8292.458603
7891.795523
7492.619681
7112.322713
6749.794014
6414.617756
6089.452239
5767.625187
5484.100592
5213.154096
4930.357304
4665.538795
4423.299889
4186.296912
3946.714815
3731.256069
3524.698078
3344.653973
3161.291146
2986.714081
2820.270217
2662.521873
2521.189604
2380.188786
2256.450561
2129.602272
2006.471282
1886.860582
1782.766047
1678.176006
1581.752511
1491.315122
1403.303500
1311.815962
1235.296674
1164.750010
1091.623306
1021.995034
963.707348
902.163614
844.422968
791.641958
744.401164
694.240781
652.617687
614.150981
577.318553
540.557538
509.188598
477.866166
446.356387
417.578149
388.641955
361.623853
336.960873
315.379449
294.213993
275.548129
256.855337
240.808597
224.751210
206.315682
191.534871
177.172070
164.048074
152.508693
143.567089
136.019839
125.484386
115.902322
107.562759
98.870989
91.870176
85.855920
79.646607
73.886055
68.315660
63.023506
58.413987
54.080974
50.421360
46.928682
44.409952
41.045289
37.189938
34.564204
32.262906
30.681330
28.965281
26.176528
23.863796
21.505768
19.689388
18.559112
17.395128
15.986156
14.710194
13.536726
12.151128
11.026287
9.990002
9.024999
8.070140
7.376325
6.884914
6.349179
5.999978
5.694302
5.501529
5.175248
5.023660
4.887250
4.430984
3.904739
3.478001
3.045115
3.069509
2.733160
2.438197
2.300516
2.213692
1.933485
1.866648
1.688917
1.588148
1.449933
1.357936
1.274324
1.019626
0.957110
0.878669
0.781022
0.673360
0.671627
0.613557
0.501053
0.499685
0.523843
0.423244
0.402670
0.310818
0.229505
0.177993
0.123517
0.099066
0.090851
0.120351
0.131176
0.100487
0.109033
0.063378
0.054412
0.059543
0.048579
0.027118
0.019850
0.004166
0.000368
0.000000
0.000000
0.000000
0.000000
0.000000
0.000000
0.000000
0.000000
0.000000
0.000000
0.000000
0.000000
0.000000
0.000000
0.000000
0.000000
0.000000
0.000000
0.000000
0.000000
0.000000
0.000000
0.000000
0.000000
0.000000
0.000000
0.000000
0.000000
0.000000
0.000000
0.000000
0.000000
0.000000
0.000000
0.000000
0.000000
0.000000
0.000000
0.000000
0.000000
0.000000
0.000000
0.000000
0.000000
0.000000
0.000000
0.000000
0.000000
0.000000
0.000000
0.000000
0.000000
0.000000
0.000000
0.000000
0.000000
0.000000
0.000000
0.000000
0.000000
0.000000
0.000000
0.000000
0.000000
0.000000
0.000000
0.000000
0.000000
0.000000
0.000000
0.000000
0.000000
0.000000
0.000000
0.000000
0.000000
0.000000
0.000000
0.000000
0.000000
0.000000
0.000000
0.000000
0.000000
0.000000
0.000000
0.000000
0.000000
0.000000
0.000000
0.000000
0.000000
0.000000
0.000000
0.000000
0.000000
0.000000
0.000000
0.000000
0.000000
0.000000
0.000000
0.000000
0.000000
0.000000
0.000000
0.000000
0.000000
0.000000
0.000000
0.000000
0.000000
0.000000
0.000000
0.000000
0.000000
0.000000
0.000000
0.000000
0.000000
0.000000
0.000000
0.000000
0.000000
0.000000
0.000000
0.000000
0.000000
0.000000
0.000000
0.000000
0.000000
0.000000
0.000000
0.000000
0.000000
0.000000
0.000000
0.000000
0.000000
0.000000
0.000000
0.000000
0.000000
0.000000
0.000000
0.000000
0.000000
0.000000
0.000000
0.000000
0.000000
0.000000
0.000000
0.000000
0.000000
0.000000
0.000000
0.000000
0.000000
0.000000
0.000000
0.000000
0.000000
0.000000
0.000000
0.000000
0.000000
0.000000
0.000000
0.000000
0.000000
0.000000
0.000000
0.000000
0.000000
0.000000
0.000000
0.000000
0.000000
0.000000
0.000000
0.000000
0.000000
0.000000
0.000000
0.000000
0.000000
0.000000
0.000000
0.000000
0.000000
0.000000
0.000000
0.000000
0.000000
0.000000
0.000000
0.000000
0.000000
0.000000
0.000000
0.000000
0.000000
0.000000
0.000000
0.000000
0.000000
0.000000
0.000000
0.000000
0.000000
0.000000
0.000000
0.000000
0.000000
0.000000
0.000000
0.000000
0.000000
0.000000
0.000000
0.000000
0.000000
0.000000
0.000000
0.000000
0.000000
0.000000
0.000000
0.000000
0.000000
0.000000
0.000000
0.000000
0.000000
0.000000
0.000000
0.000000
0.000000
0.000000
0.000000
0.000000
0.000000
0.000000
0.000000
0.000000
0.000000
0.000000
0.000000
0.000000
0.000000
0.000000
0.000000
0.000000
0.000000
0.000000
0.000000
0.000000
0.000000
0.000000
0.000000
0.000000
0.000000
0.000000
0.000000
0.000000
0.000000
0.000000
0.000000
0.000000
0.000000
0.000000
0.000000
0.000000
0.000000
0.000000
0.000000
0.000000
0.000000
0.000000
0.000000
0.000000
0.000000
0.000000
0.000000
0.000000
0.000000
0.000000
0.000000
0.000000
0.000000
0.000000
0.000000
0.000000
0.000000
0.000000
0.000000
0.000000
0.000000
0.000000
0.000000
0.000000
0.000000
0.000000
0.000000
0.000000
0.000000
0.000000
0.000000
0.000000
0.000000
0.000000
0.000000
0.000000
0.000000
0.000000
0.000000
0.000000
0.000000
0.000000
0.000000
0.000000
0.000000
0.000000
0.000000
0.000000
0.000000
0.000000
0.000000
0.000000
0.000000
0.000000
0.000000
0.000000
0.000000
0.000000
0.000000
0.000000
0.000000
0.000000
0.000000
0.000000
0.000000
0.000000
0.000000
0.000000
0.000000
0.000000
0.000000
0.000000
0.000000
0.000000
0.000000
0.000000
0.000000
0.000000
0.000000
0.000000
0.000000
0.000000
0.000000
0.000000
0.000000
0.000000
0.000000
0.000000
0.000000
0.000000
0.000000
0.000000
0.000000
0.000000
0.000000
0.000000
0.000000
0.000000
0.000000
0.000000
0.000000
0.000000
0.000000
0.000000
0.000000
0.000000
0.000000
0.000000
0.000000
0.000000
0.000000
0.000000
0.000000
0.000000
0.000000
0.000000
0.000000
0.000000
0.000000
0.000000
0.000000
0.000000
0.000000
0.000000
0.000000
0.000000
0.000000
0.000000
0.000000
0.000000
0.000000
0.000000
0.000000
0.000000
0.000000
0.000000
0.000000
0.000000
0.000000
0.000000
0.000000
0.000000
0.000000
0.000000
0.000000
0.000000
0.000000
0.000000
0.000000
0.000000
0.000000
0.000000
0.000000
0.000000
0.000000
0.000000
0.000000
0.000000
0.000000
0.000000
0.000000
0.000000
0.000000
0.000000
0.000000
0.000000
0.000000
0.000000
0.000000
0.000000
0.000000
0.000000
0.000000
0.000000
0.000000
0.000000
0.000000
0.000000
0.000000
0.000000
0.000000
0.000000
0.000000
0.000000
0.000000
0.000000
0.000000
0.000000
0.000000
0.000000
0.000000
0.000000
0.000000
0.000000
0.000000
0.000000
0.000000
0.000000
0.000000
0.000000
0.000000
0.000000
0.000000
0.000000
0.000000
0.000000
0.000000
0.000000
0.000000
0.000000
0.000000
0.000000
0.000000
0.000000
0.000000
0.000000
0.000000
0.000000
0.000000
0.000000
0.000000
0.000000
0.000000
0.000000
0.000000
0.000000
0.000000
0.000000
0.000000
0.000000
0.000000
0.000000
0.000000
0.000000
0.000000
0.000000
0.000000
0.000000
0.000000
0.000000
0.000000
0.000000
0.000000
0.000000
0.000000
0.000000
0.000000
0.000000
0.000000
0.000000
0.000000
0.000000
0.000000
0.000000
0.000000
0.000000
0.000000
0.000000
0.000000
0.000000
0.000000
0.000000
0.000000
0.000000
0.000000
0.000000
0.000000
0.000000
0.000000
0.000000
0.000000
0.000000
0.000000
0.000000
0.000000
0.000000
0.000000
0.000000
0.000000
0.000000
0.000000
0.000000
0.000000
0.000000
0.000000
0.000000
0.000000
0.000000
0.000000
0.000000
0.000000
0.000000
0.000000
0.000000
0.000000
0.000000
0.000000
0.000000
0.000000
0.000000
0.000000
0.000000
0.000000
0.000000
0.000000
0.000000
0.000000
0.000000
0.000000
0.000000
0.000000
0.000000
0.000000
0.000000
0.000000
0.000000
0.000000
0.000000
0.000000
0.000000
0.000000
0.000000
0.000000
0.000000
0.000000
0.000000
0.000000
0.000000
0.000000
0.000000
0.000000
0.000000
0.000000
0.000000
0.000000
0.000000
0.000000
0.000000
0.000000
0.000000
0.000000
0.000000
0.000000
0.000000
0.000000
0.000000
0.000000
0.000000
0.000000
0.000000
0.000000
0.000000
0.000000
0.000000
0.000000
0.000000
0.000000
0.000000
0.000000
0.000000
0.000000
0.000000
0.000000
0.000000
0.000000
0.000000
0.000000
0.000000
0.000000
0.000000
0.000000
0.000000
0.000000
0.000000
0.000000
0.000000
0.000000
0.000000
0.000000
0.000000
0.000000
