362.904530
2011.889646
6417.709109
15117.944172
29394.267688
49635.952128
76083.804273
107838.219689
143284.972543
180168.859030
216947.396285
251213.472393
281967.287174
307792.604758
327901.005899
342643.230167
351617.487402
355147.147294
353410.164901
347300.639903
337633.166346
325298.797223
311083.315800
295193.403252
277955.682739
260351.896758
243195.206839
225883.752521
209323.889365
193186.308788
177855.346888
163601.120359
150086.983416
137642.911372
126090.470264
115456.986372
105613.368490
96682.470210
88537.932500
80963.451474
73964.472549
67780.551364
62199.551578
57054.129375
52339.279170
48105.119434
44300.641329
40838.093940
37698.782877
34820.630333
32195.641896
29887.228237
27765.771294
25805.337653
24013.061274
22405.299809
20939.732749
19620.540833
18408.759997
17259.111379
16221.059848
15309.144072
14467.375839
13664.390493
12937.086658
12269.729072
11633.961512
11074.698842
10573.090486
10062.244983
9598.348907
9202.464297
8826.012103
8450.595238
8103.597641
7798.378250
7510.198632
7253.486139
7009.168993
6762.981184
6547.024606
6338.758869
6162.526423
5978.474022
5809.022214
5678.741383
5544.933207
5413.961900
5302.453611
5191.167197
5088.954515
4984.282688
4877.888248
4787.118615
4704.732040
4625.686874
4551.636222
4469.037909
4414.966833
4363.074864
4320.575360
4265.528965
4224.483640
4185.805409
4144.361660
4102.591770
4079.255493
4050.659036
4029.116743
4005.353027
3983.345274
3972.021318
3959.394388
3950.918971
3945.829268
3950.082454
3951.361801
3952.800893
3938.098566
3939.604856
3941.504028
3944.918481
3958.397141
3984.386839
3992.644988
4013.109825
4023.948746
4049.307163
4070.874401
4082.395601
4104.215075
4121.094906
4147.029608
4165.446287
4188.046727
4223.410821
4250.468329
4283.890350
4309.570557
4351.149991
4382.370810
4412.584921
4438.617098
4471.022293
4515.374718
4567.412840
4614.361942
4661.212153
4699.209275
4737.313386
4771.918983
4798.878322
4843.884577
4894.240269
4927.867091
4973.826679
5034.177167
5097.279412
5124.034625
5179.496357
5236.861613
5286.595769
5330.504773
5389.945129
5449.210249
5506.623195
5563.704943
5626.871778
5670.998811
5735.076409
5791.641562
5850.334159
5914.588544
5984.824094
6048.160697
6109.428314
6171.591749
6232.655655
6289.039986
6358.083818
6413.635143
6459.276359
6518.643278
6586.226606
6663.505509
6718.978462
6782.958950
6852.739568
6904.559500
6958.477713
7009.273182
7074.967109
7128.970307
7175.897699
7218.957133
7265.973490
7304.127418
7353.391982
7383.454178
7422.174572
7454.483166
7505.661262
7541.766379
7575.756293
7598.825726
7644.393909
7669.586432
7699.670990
7717.077141
7735.019629
7753.017471
7773.779188
7789.586933
7795.464550
7817.031613
7832.236138
7846.865209
7884.569555
7902.098306
7925.831669
7921.241698
7942.824925
7948.618449
7962.167853
7951.461328
7951.017765
7964.184018
7937.655929
7931.936658
7934.681893
7940.090202
7909.213951
7901.962956
7872.658058
7864.561125
7842.592919
7813.868767
7790.228109
7751.166439
7723.661583
7681.840932
7634.755929
7598.168028
7553.435296
7506.916302
7450.208917
7400.628050
7356.228817
7300.279605
7245.993549
7201.626002
7142.622518
7079.035350
7012.513766
6943.328883
6878.088488
6815.145768
6742.744442
6678.427033
6601.863909
6536.175716
6471.010169
6405.530689
6326.531735
6243.657871
6165.569869
6092.966318
6025.194633
5943.060535
5856.455757
5780.651181
5690.525262
5618.025877
5537.306746
5447.717134
5359.602140
5271.605141
5182.869843
5098.594173
5022.371873
4933.471415
4845.769196
4766.064388
4669.508555
4593.451128
4498.545688
4406.356481
4318.110879
4226.190954
4132.485838
4041.047377
3956.094182
3863.998121
3773.605270
3687.375544
3599.684951
3513.370405
3437.191184
3350.283762
3269.607984
3182.745982
3104.271458
3022.379063
2945.891545
2861.333288
2783.944914
2709.235890
2634.860464
2553.865746
2481.564989
2407.096717
2334.542547
2265.765067
2194.894624
2126.714206
2061.117121
1998.494133
1936.836981
1881.139229
1824.476028
1764.615748
1708.072719
1651.123885
1603.468649
1549.942751
1492.873691
1441.578313
1391.112104
1344.838767
1300.466668
1254.313542
1210.074350
1165.150910
1123.314003
1080.120465
1041.730780
1001.981428
963.172386
927.690707
891.961452
858.699769
821.041485
786.487324
757.559559
730.059444
703.010883
670.751447
644.792493
618.597350
593.354678
569.519562
545.374426
521.227796
498.604900
475.552240
454.683751
434.664654
414.051729
395.991933
377.786213
362.374354
346.598944
330.627022
314.343062
297.871040
283.238847
271.858380
259.226044
249.177988
234.754749
223.958780
213.967487
203.019653
189.840651
180.326241
171.864715
162.893796
153.341066
145.195584
137.847951
130.792967
123.550115
117.613439
111.790209
106.388673
100.065988
95.689320
91.228824
85.922299
80.180685
74.119069
69.085651
64.727631
61.009332
57.009917
53.059126
49.488009
46.024228
42.872510
40.290899
38.027517
35.870361
33.630417
31.928770
29.200552
27.253424
25.692932
24.868363
23.295938
22.162438
20.534926
19.229550
18.111818
17.006409
15.739901
14.991665
13.961788
13.003640
12.068619
10.853900
9.790425
8.987990
8.326391
7.690316
6.948131
6.636438
6.276677
5.802536
5.433475
5.011757
4.549337
4.058776
3.580268
3.550637
3.353273
3.176748
2.835355
2.719711
2.569521
2.339561
2.043647
1.781084
1.652464
1.715211
1.534125
1.401185
1.221548
1.215108
1.051737
0.839702
0.708145
0.750483
0.670898
0.622991
0.503352
0.458837
0.359695
0.376818
0.376383
0.323061
0.292598
0.280649
0.225724
0.233013
0.171857
0.155019
0.154095
0.148966
0.121664
0.139436
0.102254
0.138499
0.118004
0.123615
0.126130
0.105486
0.101615
0.059783
0.032336
0.011624
0.006267
0.014055
0.005894
0.004536
0.002044
0.005118
0.000907
0.000000
0.000000
0.000000
0.000000
0.000000
0.000000
0.000000
0.000000
0.000000
0.000000
0.000000
0.000000
0.000000
0.000000
0.000000
0.000000
0.000000
0.000000
0.000000
0.000000
0.000000
0.000000
0.000000
0.000000
0.000000
0.000000
0.000000
0.000000
0.000000
0.000000
0.000000
0.000000
0.000000
0.000000
0.000000
0.000000
0.000000
0.000000
0.000000
0.000000
0.000000
0.000000
0.000000
0.000000
0.000000
0.000000
0.000000
0.000000
0.000000
0.000000
0.000000
0.000000
0.000000
0.000000
0.000000
0.000000
0.000000
0.000000
0.000000
0.000000
0.000000
0.000000
0.000000
0.000000
0.000000
0.000000
0.000000
0.000000
0.000000
0.000000
0.000000
0.000000
0.000000
0.000000
0.000000
0.000000
0.000000
0.000000
0.000000
0.000000
0.000000
0.000000
0.000000
0.000000
0.000000
0.000000
0.000000
0.000000
0.000000
0.000000
0.000000
0.000000
0.000000
0.000000
0.000000
0.000000
0.000000
0.000000
0.000000
0.000000
0.000000
0.000000
0.000000
0.000000
0.000000
0.000000
0.000000
0.000000
0.000000
0.000000
0.000000
0.000000
0.000000
0.000000
0.000000
0.000000
0.000000
0.000000
0.000000
0.000000
0.000000
0.000000
0.000000
0.000000
0.000000
0.000000
0.000000
0.000000
0.000000
0.000000
0.000000
0.000000
0.000000
0.000000
0.000000
0.000000
0.000000
0.000000
0.000000
0.000000
0.000000
0.000000
0.000000
0.000000
0.000000
0.000000
0.000000
0.000000
0.000000
0.000000
0.000000
0.000000
0.000000
0.000000
0.000000
0.000000
0.000000
0.000000
0.000000
0.000000
0.000000
0.000000
0.000000
0.000000
0.000000
0.000000
0.000000
0.000000
0.000000
0.000000
0.000000
0.000000
0.000000
0.000000
0.000000
0.000000
0.000000
0.000000
0.000000
0.000000
0.000000
0.000000
0.000000
0.000000
0.000000
0.000000
0.000000
0.000000
0.000000
0.000000
0.000000
0.000000
0.000000
0.000000
0.000000
0.000000
0.000000
0.000000
0.000000
0.000000
0.000000
0.000000
0.000000
0.000000
0.000000
0.000000
0.000000
0.000000
0.000000
0.000000
0.000000
0.000000
0.000000
0.000000
0.000000
0.000000
0.000000
0.000000
0.000000
0.000000
0.000000
0.000000
0.000000
0.000000
0.000000
0.000000
0.000000
0.000000
0.000000
0.000000
0.000000
0.000000
0.000000
0.000000
0.000000
0.000000
0.000000
0.000000
0.000000
0.000000
0.000000
0.000000
0.000000
0.000000
0.000000
0.000000
0.000000
0.000000
0.000000
0.000000
0.000000
0.000000
0.000000
0.000000
0.000000
0.000000
0.000000
0.000000
0.000000
0.000000
0.000000
0.000000
0.000000
0.000000
0.000000
0.000000
0.000000
0.000000
0.000000
0.000000
0.000000
0.000000
0.000000
0.000000
0.000000
0.000000
0.000000
0.000000
0.000000
0.000000
0.000000
0.000000
0.000000
0.000000
0.000000
0.000000
0.000000
0.000000
0.000000
0.000000
0.000000
0.000000
0.000000
0.000000
0.000000
0.000000
0.000000
0.000000
0.000000
0.000000
0.000000
0.000000
0.000000
0.000000
0.000000
0.000000
0.000000
0.000000
0.000000
0.000000
0.000000
0.000000
0.000000
0.000000
0.000000
0.000000
0.000000
0.000000
0.000000
0.000000
0.000000
0.000000
0.000000
0.000000
0.000000
0.000000
0.000000
0.000000
0.000000
0.000000
0.000000
0.000000
0.000000
0.000000
0.000000
0.000000
0.000000
0.000000
0.000000
0.000000
0.000000
0.000000
0.000000
0.000000
0.000000
0.000000
0.000000
0.000000
0.000000
0.000000
0.000000
0.000000
0.000000
0.000000
0.000000
0.000000
0.000000
0.000000
0.000000
0.000000
0.000000
0.000000
0.000000
0.000000
0.000000
0.000000
0.000000
0.000000
0.000000
0.000000
0.000000
0.000000
0.000000
0.000000
0.000000
0.000000
0.000000
0.000000
0.000000
0.000000
0.000000
0.000000
0.000000
0.000000
0.000000
0.000000
0.000000
0.000000
0.000000
0.000000
0.000000
0.000000
0.000000
0.000000
0.000000
0.000000
0.000000
0.000000
0.000000
0.000000
0.000000
0.000000
0.000000
0.000000
0.000000
0.000000
0.000000
0.000000
0.000000
0.000000
0.000000
0.000000
0.000000
0.000000
0.000000
0.000000
0.000000
0.000000
0.000000
0.000000
0.000000
0.000000
0.000000
0.000000
0.000000
0.000000
0.000000
0.000000
0.000000
0.000000
0.000000
0.000000
0.000000
0.000000
0.000000
0.000000
0.000000
0.000000
0.000000
0.000000
0.000000
0.000000
0.000000
0.000000
0.000000
0.000000
0.000000
0.000000
0.000000
0.000000
0.000000
0.000000
0.000000
0.000000
0.000000
0.000000
0.000000
0.000000
0.000000
0.000000
0.000000
0.000000
0.000000
0.000000
0.000000
0.000000
0.000000
0.000000
0.000000
0.000000
0.000000
0.000000
0.000000
0.000000
0.000000
0.000000
0.000000
0.000000
0.000000
0.000000
0.000000
0.000000
0.000000
0.000000
0.000000
0.000000
0.000000
0.000000
0.000000
0.000000
0.000000
0.000000
0.000000
0.000000
0.000000
0.000000
0.000000
0.000000
0.000000
0.000000
0.000000
0.000000
0.000000
0.000000
0.000000
0.000000
0.000000
0.000000
0.000000
0.000000
0.000000
0.000000
0.000000
0.000000
