0.000000
0.000000
0.000000
0.000000
0.000000
0.000000
0.000000
0.000000
0.000000
0.000000
0.000000
0.819936
3.997729
11.321912
16.597978
25.137144
43.668279
60.589201
87.755430
123.416610
173.090171
238.465546
330.485893
466.047637
616.726817
781.362387
1017.742032
1255.244130
1604.215231
2044.050914
2589.292225
3156.106336
3848.986340
4656.462068
5526.903612
6442.821834
7557.893231
8642.731859
9980.615888
11548.967525
13325.605789
15116.179667
17212.161890
19416.841952
21594.721777
23796.384587
26265.849264
28930.653147
31440.327145
34212.664773
37130.431213
40069.362691
42915.992523
46022.854765
49170.512016
52217.437324
55673.021563
58705.574629
61761.485278
64797.236723
68179.442907
71401.188862
74416.113371
77372.514470
80227.463336
82998.375944
85711.258406
88249.281439
90838.885930
93509.848982
96104.686965
98485.241884
100653.620287
102937.099393
105000.833724
106695.664574
108657.430431
110092.516616
111695.085828
113033.818170
113912.633874
115050.160530
116352.916104
117184.149074
117811.381742
117949.285170
118040.653548
118309.838511
118493.205069
118743.697052
118522.016164
118295.815431
118069.213971
117642.155013
117216.739016
116710.958116
115982.874657
115429.468469
114528.759289
113577.020654
112786.703730
111965.719236
111088.003127
109943.518432
108530.054405
107189.989055
105763.374067
104724.885404
103543.748623
102277.763393
100718.491639
99277.099407
97897.298225
96424.826251
94686.908155
93109.671170
91244.644991
89726.602845
88205.690977
86483.865090
84908.665631
83287.889378
81662.476091
79905.908622
78348.232445
76638.458945
75157.404003
73492.442991
71729.368878
70022.999093
68348.871750
66755.099679
65288.393810
63735.257035
62195.229544
60654.706697
59154.524430
57566.653165
56071.377575
54646.861585
53178.036716
51704.014456
50327.253220
48911.280873
47499.985452
46213.871791
44984.640993
43732.791235
42410.779611
41262.415470
40054.528594
38933.407688
37778.160503
36618.843813
35358.934575
34282.466462
33172.168231
32179.697740
31041.490869
30146.197913
29243.150092
28216.295043
27276.069065
26330.152102
25569.105060
24708.186387
23864.377641
23125.127919
22320.125178
21539.186383
20782.922648
20047.903587
19354.159109
18597.924459
17796.240984
17145.397724
16542.151239
15868.771488
15249.451699
14668.918380
14079.345855
13555.569487
13106.193614
12670.316451
12201.301137
11754.784119
11329.946961
10858.167903
10416.601029
10002.180460
9609.218870
9207.964261
8823.410411
8411.065229
8042.325938
7728.927974
7319.353776
6983.849361
6746.255918
6454.804972
6184.010677
5936.821465
5638.928309
5394.438232
5150.970184
4907.945908
4726.398421
4487.497379
4310.071002
4106.782393
3944.564600
3795.286818
3624.650871
3443.196596
3284.752679
3132.797133
2966.033752
2824.189171
2711.011656
2565.608469
2440.275608
2323.486162
2179.586444
2078.929944
1980.420922
1899.807191
1818.000124
1718.613299
1625.679156
1549.774644
1466.980554
1403.325854
1339.371573
1259.472501
1180.119341
1118.138358
1073.947465
1037.455635
998.127371
944.643901
876.809486
846.122342
798.047068
761.773599
714.917796
680.670167
638.770942
605.831087
579.817784
550.022044
527.089729
493.191882
457.328066
429.081160
403.811312
380.283018
361.396657
337.115536
320.542391
302.541757
284.329714
273.377317
262.073021
241.758314
223.878548
207.729258
199.197028
195.081453
181.660088
171.178826
165.072766
156.416626
148.672734
141.289157
135.223710
128.041185
122.577261
112.142335
112.198047
107.038843
98.187612
92.896152
88.026621
82.278449
80.046128
71.062016
65.490722
65.049653
59.072182
55.601715
52.530367
47.211033
42.634136
40.031330
35.776781
35.081793
33.744432
30.627859
28.691222
28.273065
27.450186
24.435094
24.530543
22.933093
21.333032
21.950600
21.650711
20.065045
19.952013
18.942352
16.083435
13.165675
11.567519
10.998965
9.006468
9.227335
9.333999
9.084281
7.858792
7.499140
7.153773
7.090491
5.333028
4.787441
4.402770
4.623827
3.798356
3.939725
3.873336
4.213038
3.721564
3.149842
3.351847
4.036205
4.085874
3.648660
3.609718
3.123276
3.808650
3.123714
2.268229
2.013178
1.935952
1.931574
2.053878
1.568986
1.479171
1.542699
2.011482
2.593552
3.245460
2.433160
2.152604
1.897346
1.470711
1.330753
1.040728
0.883185
0.989342
0.816050
0.860725
0.761781
0.492496
0.382672
0.499142
0.661093
0.422239
0.472585
0.458256
0.265564
0.050439
0.092083
0.130791
0.245032
0.087452
0.020548
0.000000
0.000000
0.000000
0.000000
0.000000
0.000000
0.000000
0.000000
0.000000
0.000000
0.000000
0.000000
0.000000
0.000000
0.000000
0.000000
0.000000
0.000000
0.000000
0.000000
0.000000
0.000000
0.000000
0.000000
0.000000
0.000000
0.000000
0.000000
0.000000
0.000000
0.000000
0.000000
0.000000
0.000000
0.000000
0.000000
0.000000
0.000000
0.000000
0.000000
0.000000
0.000000
0.000000
0.000000
0.000000
0.000000
0.000000
0.000000
0.000000
0.000000
0.000000
0.000000
0.000000
0.000000
0.000000
0.000000
0.000000
0.000000
0.000000
0.000000
0.000000
0.000000
0.000000
0.000000
0.000000
0.000000
0.000000
0.000000
0.000000
0.000000
0.000000
0.000000
0.000000
0.000000
0.000000
0.000000
0.000000
0.000000
0.000000
0.000000
0.000000
0.000000
0.000000
0.000000
0.000000
0.000000
0.000000
0.000000
0.000000
0.000000
0.000000
0.000000
0.000000
0.000000
0.000000
0.000000
0.000000
0.000000
0.000000
0.000000
0.000000
0.000000
0.000000
0.000000
0.000000
0.000000
0.000000
0.000000
0.000000
0.000000
0.000000
0.000000
0.000000
0.000000
0.000000
0.000000
0.000000
0.000000
0.000000
0.000000
0.000000
0.000000
0.000000
0.000000
0.000000
0.000000
0.000000
0.000000
0.000000
0.000000
0.000000
0.000000
0.000000
0.000000
0.000000
0.000000
0.000000
0.000000
0.000000
0.000000
0.000000
0.000000
0.000000
0.000000
0.000000
0.000000
0.000000
0.000000
0.000000
0.000000
0.000000
0.000000
0.000000
0.000000
0.000000
0.000000
0.000000
0.000000
0.000000
0.000000
0.000000
0.000000
0.000000
0.000000
0.000000
0.000000
0.000000
0.000000
0.000000
0.000000
0.000000
0.000000
0.000000
0.000000
0.000000
0.000000
0.000000
0.000000
0.000000
0.000000
0.000000
0.000000
0.000000
0.000000
0.000000
0.000000
0.000000
0.000000
0.000000
0.000000
0.000000
0.000000
0.000000
0.000000
0.000000
0.000000
0.000000
0.000000
0.000000
0.000000
0.000000
0.000000
0.000000
0.000000
0.000000
0.000000
0.000000
0.000000
0.000000
0.000000
0.000000
0.000000
0.000000
0.000000
0.000000
0.000000
0.000000
0.000000
0.000000
0.000000
0.000000
0.000000
0.000000
0.000000
0.000000
0.000000
0.000000
0.000000
0.000000
0.000000
0.000000
0.000000
0.000000
0.000000
0.000000
0.000000
0.000000
0.000000
0.000000
0.000000
0.000000
0.000000
0.000000
0.000000
0.000000
0.000000
0.000000
0.000000
0.000000
0.000000
0.000000
0.000000
0.000000
0.000000
0.000000
0.000000
0.000000
0.000000
0.000000
0.000000
0.000000
0.000000
0.000000
0.000000
0.000000
0.000000
0.000000
0.000000
0.000000
0.000000
0.000000
0.000000
0.000000
0.000000
0.000000
0.000000
0.000000
0.000000
0.000000
0.000000
0.000000
0.000000
0.000000
0.000000
0.000000
0.000000
0.000000
0.000000
0.000000
0.000000
0.000000
0.000000
0.000000
0.000000
0.000000
0.000000
0.000000
0.000000
0.000000
0.000000
0.000000
0.000000
0.000000
0.000000
0.000000
0.000000
0.000000
0.000000
0.000000
0.000000
0.000000
0.000000
0.000000
0.000000
0.000000
0.000000
0.000000
0.000000
0.000000
0.000000
0.000000
0.000000
0.000000
0.000000
0.000000
0.000000
0.000000
0.000000
0.000000
0.000000
0.000000
0.000000
0.000000
0.000000
0.000000
0.000000
0.000000
0.000000
0.000000
0.000000
0.000000
0.000000
0.000000
0.000000
0.000000
0.000000
0.000000
0.000000
0.000000
0.000000
0.000000
0.000000
0.000000
0.000000
0.000000
0.000000
0.000000
0.000000
0.000000
0.000000
0.000000
0.000000
0.000000
0.000000
0.000000
0.000000
0.000000
0.000000
0.000000
0.000000
0.000000
0.000000
0.000000
0.000000
0.000000
0.000000
0.000000
0.000000
0.000000
0.000000
0.000000
0.000000
0.000000
0.000000
0.000000
0.000000
0.000000
0.000000
0.000000
0.000000
0.000000
0.000000
0.000000
0.000000
0.000000
0.000000
0.000000
0.000000
0.000000
0.000000
0.000000
0.000000
0.000000
0.000000
0.000000
0.000000
0.000000
0.000000
0.000000
0.000000
0.000000
0.000000
0.000000
0.000000
0.000000
0.000000
0.000000
0.000000
0.000000
0.000000
0.000000
0.000000
0.000000
0.000000
0.000000
0.000000
0.000000
0.000000
0.000000
0.000000
0.000000
0.000000
0.000000
0.000000
0.000000
0.000000
0.000000
0.000000
0.000000
0.000000
0.000000
0.000000
0.000000
0.000000
0.000000
0.000000
0.000000
0.000000
0.000000
0.000000
0.000000
0.000000
0.000000
0.000000
0.000000
0.000000
0.000000
0.000000
0.000000
0.000000
0.000000
0.000000
0.000000
0.000000
0.000000
0.000000
0.000000
0.000000
0.000000
0.000000
0.000000
0.000000
0.000000
0.000000
0.000000
0.000000
0.000000
0.000000
0.000000
0.000000
0.000000
0.000000
0.000000
0.000000
0.000000
0.000000
0.000000
0.000000
0.000000
0.000000
0.000000
0.000000
0.000000
0.000000
0.000000
0.000000
0.000000
0.000000
0.000000
0.000000
0.000000
0.000000
0.000000
0.000000
0.000000
0.000000
0.000000
0.000000
0.000000
0.000000
0.000000
0.000000
0.000000
0.000000
0.000000
0.000000
0.000000
0.000000
0.000000
0.000000
0.000000
0.000000
0.000000
0.000000
0.000000
0.000000
0.000000
0.000000
0.000000
0.000000
0.000000
0.000000
0.000000
0.000000
0.000000
0.000000
0.000000
0.000000
0.000000
0.000000
0.000000
0.000000
0.000000
0.000000
0.000000
0.000000
0.000000
0.000000
0.000000
0.000000
0.000000
0.000000
0.000000
0.000000
0.000000
0.000000
0.000000
0.000000
0.000000
0.000000
0.000000
0.000000
0.000000
0.000000
0.000000
0.000000
0.000000
0.000000
0.000000
0.000000
0.000000
0.000000
0.000000
0.000000
0.000000
0.000000
0.000000
0.000000
0.000000
0.000000
0.000000
0.000000
0.000000
0.000000
0.000000
0.000000
0.000000
0.000000
0.000000
0.000000
0.000000
0.000000
0.000000
0.000000
0.000000
0.000000
0.000000
0.000000
0.000000
0.000000
0.000000
0.000000
0.000000
0.000000
0.000000
0.000000
0.000000
0.000000
0.000000
0.000000
0.000000
0.000000
0.000000
0.000000
0.000000
0.000000
0.000000
0.000000
0.000000
0.000000
0.000000
0.000000
0.000000
0.000000
0.000000
