18.697660
118.439623
435.993721
1195.934191
2700.067289
5302.731048
9357.188420
15150.897744
22878.721258
32595.049985
44265.724575
57670.667091
72537.059208
88289.888725
104589.464331
120921.742444
136855.696672
151934.235330
165712.222650
178018.695509
188584.684783
197242.652595
204118.406157
209132.364620
212328.715383
213811.605715
213648.819727
212060.491568
209267.230819
205396.905144
200502.993638
194882.814945
188722.734438
182156.015544
175204.934628
168047.252014
160734.422063
153448.705594
146195.730694
139100.581673
132136.099331
125388.709432
118859.209684
112567.912290
106564.341227
100809.117336
95313.615042
90084.119331
85146.894745
80480.155111
76103.175706
71953.143856
68081.033634
64405.325229
60957.341897
57733.499629
54766.934946
51967.328527
49343.300243
46880.170347
44570.409542
42400.754440
40383.818807
38482.362655
36707.897314
35060.669226
33523.459791
32108.543853
30745.883119
29484.880234
28298.924421
27199.688150
26171.172164
25202.074340
24298.766206
23443.646220
22643.981986
21902.657045
21213.643557
20568.191257
19962.055761
19395.767569
18868.590385
18372.573898
17905.019717
17469.231550
17054.822007
16673.039167
16308.465735
15971.045909
15656.622981
15360.301090
15075.638927
14815.430091
14576.010658
14344.089863
14143.025535
13937.722036
13765.221021
13595.693883
13439.572332
13294.036250
13170.633493
13046.290700
12941.373711
12847.617202
12758.816127
12669.403997
12598.317812
12538.269574
12482.300901
12430.011160
12386.073886
12353.075229
12324.879871
12300.877243
12279.876370
12271.363323
12266.476062
12269.773011
12289.424720
12299.056029
12324.010917
12351.304794
12379.523922
12407.050449
12447.707309
12489.968110
12536.426597
12583.376255
12637.322303
12689.860224
12740.360484
12799.020355
12854.946981
12911.023767
12977.862360
13043.318300
13112.682816
13176.979037
13256.565787
13327.938794
13402.365070
13478.361672
13557.678995
13641.224508
13720.317477
13800.840570
13877.649732
13959.760745
14043.786865
14131.656391
14223.617677
14318.058388
14412.241028
14498.789437
14591.892789
14682.050664
14775.481473
14872.873083
14960.957696
15055.448902
15147.744754
15239.849226
15325.768616
15403.385472
15498.365482
15589.963789
15679.121098
15761.139849
15847.609554
15926.496909
16010.127173
16089.094543
16172.882470
16240.140624
16308.433424
16373.406371
16429.222246
16493.679306
16547.544796
16608.932434
16669.970112
16719.444652
16767.333376
16822.206916
16854.894223
16884.839591
16919.972912
16948.457011
16963.581403
16975.315398
16992.919966
17000.697018
17001.945299
17000.475317
16981.314470
16966.091444
16942.356985
16922.237735
16892.638184
16851.084201
16809.799589
16770.844486
16718.494698
16663.217484
16602.143241
16537.132724
16459.382343
16383.830192
16303.599851
16213.347699
16120.854654
16015.710689
15908.134065
15797.474076
15685.919055
15565.285518
15438.177184
15307.575020
15173.332510
15024.846838
14878.358129
14725.393085
14576.146640
14420.211604
14255.913939
14083.001408
13917.853723
13747.804587
13569.908677
13389.855369
13216.060321
13030.509077
12838.661836
12645.001534
12447.990655
12254.148780
12049.513134
11844.904592
11645.845222
11443.038541
11237.893258
11033.296241
10823.735752
10616.485298
10409.938165
10201.327727
9990.233583
9776.843406
9564.159884
9352.374814
9145.714635
8942.424741
8737.204488
8531.967227
8323.152227
8116.491218
7916.305031
7718.625255
7520.861601
7324.321995
7129.771799
6935.388053
6746.096726
6557.467612
6371.527570
6188.086067
6006.845595
5829.575679
5652.034351
5475.947715
5307.039829
5139.017083
4972.734407
4808.986073
4649.857176
4493.800075
4340.870914
4191.079284
4046.030077
3904.232512
3764.603285
3624.291354
3489.420330
3362.273009
3234.582909
3111.287084
2994.045122
2879.477852
2766.416135
2655.129984
2548.213815
2444.536770
2341.380772
2241.878908
2146.271904
2053.039804
1965.706509
1880.407791
1796.574424
1716.898301
1638.346125
1562.639543
1490.038630
1421.520184
1355.794933
1294.221266
1232.009969
1171.742405
1113.187190
1058.172110
1005.442000
954.586684
907.239543
862.092084
816.653250
773.277024
731.512781
692.463541
654.376381
619.609807
586.347442
552.931897
521.906920
493.899100
466.667299
440.338866
415.190586
391.571174
368.802140
347.652250
326.999362
307.863535
289.339772
272.475570
256.248141
240.515861
225.564780
211.638040
198.416822
186.520006
174.925384
164.300680
154.228737
144.344222
135.281150
126.330169
118.190885
110.687386
103.309556
96.690016
90.134082
84.130994
78.685747
73.344879
68.379592
64.022677
59.567712
55.350692
51.794522
48.420680
45.271107
42.212620
39.389756
36.549396
33.870473
31.479749
29.335481
27.093664
25.047640
23.115872
21.239223
19.782099
18.331300
16.766981
15.527854
14.334312
13.183617
12.101754
11.179791
10.262477
9.494091
8.770329
8.130797
7.539899
6.878084
6.274038
5.746957
5.236965
4.873181
4.412437
4.009294
3.684872
3.382083
3.080706
2.796668
2.576383
2.327673
2.136315
1.901860
1.733911
1.534016
1.403123
1.251036
1.150609
1.044416
0.935283
0.863744
0.750164
0.632364
0.571681
0.522634
0.462641
0.421913
0.378561
0.321027
0.277637
0.246547
0.216225
0.193949
0.170959
0.158426
0.134568
0.143172
0.124925
0.123380
0.112635
0.097213
0.076699
0.068365
0.045299
0.035604
0.033347
0.027623
0.021827
0.017204
0.018044
0.017928
0.014567
0.010540
0.012622
0.009586
0.009771
0.008312
0.005352
0.003635
0.003801
0.001378
0.001887
0.001777
0.001199
0.000803
0.002633
0.001750
0.000875
0.000104
0.000000
0.000000
0.000000
0.000000
0.000000
0.000000
0.000000
0.000000
0.000000
0.000000
0.000000
0.000000
0.000000
0.000000
0.000000
0.000000
0.000000
0.000000
0.000000
0.000000
0.000000
0.000000
0.000000
0.000000
0.000000
0.000000
0.000000
0.000000
0.000000
0.000000
0.000000
0.000000
0.000000
0.000000
0.000000
0.000000
0.000000
0.000000
0.000000
0.000000
0.000000
0.000000
0.000000
0.000000
0.000000
0.000000
0.000000
0.000000
0.000000
0.000000
0.000000
0.000000
0.000000
0.000000
0.000000
0.000000
0.000000
0.000000
0.000000
0.000000
0.000000
0.000000
0.000000
0.000000
0.000000
0.000000
0.000000
0.000000
0.000000
0.000000
0.000000
0.000000
0.000000
0.000000
0.000000
0.000000
0.000000
0.000000
0.000000
0.000000
0.000000
0.000000
0.000000
0.000000
0.000000
0.000000
0.000000
0.000000
0.000000
0.000000
0.000000
0.000000
0.000000
0.000000
0.000000
0.000000
0.000000
0.000000
0.000000
0.000000
0.000000
0.000000
0.000000
0.000000
0.000000
0.000000
0.000000
0.000000
0.000000
0.000000
0.000000
0.000000
0.000000
0.000000
0.000000
0.000000
0.000000
0.000000
0.000000
0.000000
0.000000
0.000000
0.000000
0.000000
0.000000
0.000000
0.000000
0.000000
0.000000
0.000000
0.000000
0.000000
0.000000
0.000000
0.000000
0.000000
0.000000
0.000000
0.000000
0.000000
0.000000
0.000000
0.000000
0.000000
0.000000
0.000000
0.000000
0.000000
0.000000
0.000000
0.000000
0.000000
0.000000
0.000000
0.000000
0.000000
0.000000
0.000000
0.000000
0.000000
0.000000
0.000000
0.000000
0.000000
0.000000
0.000000
0.000000
0.000000
0.000000
0.000000
0.000000
0.000000
0.000000
0.000000
0.000000
0.000000
0.000000
0.000000
0.000000
0.000000
0.000000
0.000000
0.000000
0.000000
0.000000
0.000000
0.000000
0.000000
0.000000
0.000000
0.000000
0.000000
0.000000
0.000000
0.000000
0.000000
0.000000
0.000000
0.000000
0.000000
0.000000
0.000000
0.000000
0.000000
0.000000
0.000000
0.000000
0.000000
0.000000
0.000000
0.000000
0.000000
0.000000
0.000000
0.000000
0.000000
0.000000
0.000000
0.000000
0.000000
0.000000
0.000000
0.000000
0.000000
0.000000
0.000000
0.000000
0.000000
0.000000
0.000000
0.000000
0.000000
0.000000
0.000000
0.000000
0.000000
0.000000
0.000000
0.000000
0.000000
0.000000
0.000000
0.000000
0.000000
0.000000
0.000000
0.000000
0.000000
0.000000
0.000000
0.000000
0.000000
0.000000
0.000000
0.000000
0.000000
0.000000
0.000000
0.000000
0.000000
0.000000
0.000000
0.000000
0.000000
0.000000
0.000000
0.000000
0.000000
0.000000
0.000000
0.000000
0.000000
0.000000
0.000000
0.000000
0.000000
0.000000
0.000000
0.000000
0.000000
0.000000
0.000000
0.000000
0.000000
0.000000
0.000000
0.000000
0.000000
0.000000
0.000000
0.000000
0.000000
0.000000
0.000000
0.000000
0.000000
0.000000
0.000000
0.000000
0.000000
0.000000
0.000000
0.000000
0.000000
0.000000
0.000000
0.000000
0.000000
0.000000
0.000000
0.000000
0.000000
0.000000
0.000000
0.000000
0.000000
0.000000
0.000000
0.000000
0.000000
0.000000
0.000000
0.000000
0.000000
0.000000
0.000000
0.000000
0.000000
0.000000
0.000000
0.000000
0.000000
0.000000
0.000000
0.000000
0.000000
0.000000
0.000000
0.000000
0.000000
0.000000
0.000000
0.000000
0.000000
0.000000
0.000000
0.000000
0.000000
0.000000
0.000000
0.000000
0.000000
0.000000
0.000000
0.000000
0.000000
0.000000
0.000000
0.000000
0.000000
0.000000
0.000000
0.000000
0.000000
0.000000
0.000000
0.000000
0.000000
0.000000
0.000000
0.000000
0.000000
0.000000
0.000000
0.000000
0.000000
0.000000
0.000000
0.000000
0.000000
0.000000
0.000000
0.000000
0.000000
0.000000
0.000000
0.000000
0.000000
0.000000
0.000000
0.000000
0.000000
0.000000
0.000000
0.000000
0.000000
0.000000
0.000000
0.000000
0.000000
0.000000
0.000000
0.000000
0.000000
0.000000
0.000000
0.000000
0.000000
0.000000
0.000000
0.000000
0.000000
0.000000
0.000000
0.000000
0.000000
0.000000
0.000000
0.000000
0.000000
0.000000
0.000000
0.000000
0.000000
0.000000
0.000000
0.000000
0.000000
0.000000
0.000000
0.000000
0.000000
0.000000
0.000000
0.000000
0.000000
0.000000
0.000000
0.000000
0.000000
0.000000
0.000000
0.000000
0.000000
0.000000
0.000000
0.000000
0.000000
0.000000
0.000000
0.000000
0.000000
0.000000
0.000000
0.000000
0.000000
0.000000
0.000000
0.000000
0.000000
0.000000
0.000000
0.000000
0.000000
0.000000
0.000000
0.000000
0.000000
0.000000
0.000000
0.000000
0.000000
0.000000
0.000000
0.000000
0.000000
0.000000
0.000000
0.000000
0.000000
0.000000
0.000000
0.000000
0.000000
0.000000
0.000000
0.000000
0.000000
0.000000
0.000000
0.000000
0.000000
0.000000
0.000000
0.000000
0.000000
0.000000
0.000000
0.000000
0.000000
0.000000
0.000000
0.000000
0.000000
0.000000
0.000000
0.000000
0.000000
0.000000
0.000000
0.000000
0.000000
0.000000
0.000000
0.000000
0.000000
0.000000
0.000000
0.000000
0.000000
0.000000
0.000000
0.000000
0.000000
0.000000
0.000000
0.000000
0.000000
0.000000
0.000000
0.000000
0.000000
0.000000
0.000000
0.000000
0.000000
0.000000
0.000000
0.000000
0.000000
0.000000
0.000000
0.000000
0.000000
