0.000000
0.000000
0.000000
0.000000
0.000000
0.334573
1.816967
0.357786
3.251681
3.303173
2.136422
0.887513
4.148763
11.315306
19.889275
34.364056
62.833577
79.397164
116.203757
155.595251
260.742670
375.782281
519.654317
712.427084
918.516911
1129.971519
1496.987175
1884.654102
2391.245743
2912.623734
3594.924605
4265.727284
5095.795388
6079.909467
7240.723340
8489.289127
9881.373930
11399.264681
13113.185108
14832.168479
16656.225292
18720.109476
20959.549416
23249.494353
25557.465367
28094.069188
30816.544425
33406.439494
36065.148820
39258.328837
42144.598438
45228.112832
48321.016317
51239.450038
54176.175025
56948.775882
59973.379421
62858.089929
66025.231075
69019.307357
71963.419905
74729.916305
77580.622701
80190.366788
82579.862309
85061.005907
87782.093287
90054.336289
92247.393737
94227.440860
96204.960120
98192.013139
100003.917223
101711.259237
103384.129243
104977.212140
106466.711259
108006.582156
109048.449186
110040.894960
111116.344138
111975.053208
112784.927049
113441.487376
114091.069068
114416.236947
114754.027862
115079.218537
115388.899793
115425.420134
115355.445668
115130.392249
114556.625224
114010.925123
113351.481146
113018.893312
112565.470474
111847.420021
111030.465982
110161.023662
109338.474582
108537.664887
107312.900130
106075.596430
105008.925428
103834.107551
102283.280774
100962.661237
99592.047319
98508.189902
97120.104796
95778.484504
94202.504485
92776.245152
91249.859213
89618.725595
88013.368539
86453.184126
84825.944434
83215.591151
81579.533921
80145.376984
78522.408244
76754.150162
75335.838529
73831.300288
72374.174719
70742.335030
69031.294942
67497.978711
66059.411017
64458.593743
62823.363602
61355.237686
60008.867359
58632.029026
57262.182898
55909.543586
54750.325214
53378.494339
51923.555525
50500.302189
49275.652700
48044.747579
46857.658821
45505.563532
44287.065113
43120.038319
41984.429309
40703.967439
39552.468127
38531.746167
37431.454195
36331.999408
35307.610189
34371.133462
33444.024734
32385.201633
31413.551438
30486.278997
29611.686551
28669.544934
27789.575026
26871.760645
26140.852568
25458.077527
24577.987264
23739.304798
22916.425077
22238.714011
21547.564054
20880.052854
20125.731506
19433.575479
18832.236994
18144.500873
17494.469005
16919.718854
16300.921470
15726.546002
15086.808070
14538.660319
13983.703524
13458.350697
12968.796860
12524.569891
12136.129663
11723.932943
11277.505496
10883.925652
10482.067022
10084.690473
9709.586917
9371.021603
9047.853737
8750.701575
8467.141144
8150.003667
7867.328388
7583.032274
7295.288785
6988.606867
6712.236738
6467.839492
6223.792609
6017.219708
5804.543615
5600.049599
5369.672963
5134.162730
4932.008574
4727.033512
4566.459865
4397.488839
4246.612859
4068.241488
3908.941990
3712.219432
3544.916979
3395.332159
3251.209099
3121.535510
2995.741577
2881.861285
2774.055645
2675.655379
2556.106156
2442.116854
2320.357283
2224.189015
2150.211808
2036.652715
1935.093933
1844.495890
1756.350046
1676.876360
1585.528673
1506.480270
1418.955817
1358.195060
1295.031950
1233.915479
1167.898674
1119.072534
1061.850532
1006.176003
958.111523
926.256791
895.006954
851.857390
805.621397
755.527274
711.619357
676.613065
644.217239
612.769915
575.271101
548.902824
515.517717
488.441266
459.254624
429.987891
406.244348
384.618153
369.389152
343.398699
324.375893
301.708478
284.371784
272.265143
253.875546
243.342516
226.789592
214.906158
197.551474
182.439832
173.793904
159.156406
144.161740
133.266077
122.788296
115.950570
107.690911
98.490879
92.108059
91.671484
85.604971
77.543793
77.449039
71.534519
70.771736
67.500421
65.100233
58.488838
57.463047
54.071923
51.944234
48.915709
44.781369
41.466886
40.610228
39.022264
34.885422
32.634363
30.459721
27.362174
25.990787
23.575120
22.768399
21.563480
18.733147
16.691960
15.057283
14.017712
13.608235
13.754418
13.650201
13.482829
11.692560
11.826775
11.128990
11.627701
9.683479
9.598612
7.804659
7.215036
6.800680
5.908032
5.999128
5.741992
6.789869
6.411008
6.090172
5.125235
3.955168
3.439934
3.074138
3.006410
3.132851
3.520794
2.977840
3.526458
3.447034
2.847698
2.490798
2.662774
2.620140
2.620198
2.595730
2.850628
2.531471
2.247658
1.803978
1.894299
2.170981
1.837961
1.450471
1.538430
1.574095
1.257315
1.049798
0.958372
0.834933
0.946033
0.835733
0.734063
0.648845
0.727665
0.437999
0.487132
0.356673
0.317071
0.260294
0.163937
0.096101
0.093066
0.185522
0.302446
0.217402
0.080469
0.063226
0.037445
0.000000
0.000000
0.000000
0.000000
0.000000
0.000000
0.000000
0.000000
0.000000
0.000000
0.000000
0.000000
0.000000
0.000000
0.000000
0.000000
0.000000
0.000000
0.000000
0.000000
0.000000
0.000000
0.000000
0.000000
0.000000
0.000000
0.000000
0.000000
0.000000
0.000000
0.000000
0.000000
0.000000
0.000000
0.000000
0.000000
0.000000
0.000000
0.000000
0.000000
0.000000
0.000000
0.000000
0.000000
0.000000
0.000000
0.000000
0.000000
0.000000
0.000000
0.000000
0.000000
0.000000
0.000000
0.000000
0.000000
0.000000
0.000000
0.000000
0.000000
0.000000
0.000000
0.000000
0.000000
0.000000
0.000000
0.000000
0.000000
0.000000
0.000000
0.000000
0.000000
0.000000
0.000000
0.000000
0.000000
0.000000
0.000000
0.000000
0.000000
0.000000
0.000000
0.000000
0.000000
0.000000
0.000000
0.000000
0.000000
0.000000
0.000000
0.000000
0.000000
0.000000
0.000000
0.000000
0.000000
0.000000
0.000000
0.000000
0.000000
0.000000
0.000000
0.000000
0.000000
0.000000
0.000000
0.000000
0.000000
0.000000
0.000000
0.000000
0.000000
0.000000
0.000000
0.000000
0.000000
0.000000
0.000000
0.000000
0.000000
0.000000
0.000000
0.000000
0.000000
0.000000
0.000000
0.000000
0.000000
0.000000
0.000000
0.000000
0.000000
0.000000
0.000000
0.000000
0.000000
0.000000
0.000000
0.000000
0.000000
0.000000
0.000000
0.000000
0.000000
0.000000
0.000000
0.000000
0.000000
0.000000
0.000000
0.000000
0.000000
0.000000
0.000000
0.000000
0.000000
0.000000
0.000000
0.000000
0.000000
0.000000
0.000000
0.000000
0.000000
0.000000
0.000000
0.000000
0.000000
0.000000
0.000000
0.000000
0.000000
0.000000
0.000000
0.000000
0.000000
0.000000
0.000000
0.000000
0.000000
0.000000
0.000000
0.000000
0.000000
0.000000
0.000000
0.000000
0.000000
0.000000
0.000000
0.000000
0.000000
0.000000
0.000000
0.000000
0.000000
0.000000
0.000000
0.000000
0.000000
0.000000
0.000000
0.000000
0.000000
0.000000
0.000000
0.000000
0.000000
0.000000
0.000000
0.000000
0.000000
0.000000
0.000000
0.000000
0.000000
0.000000
0.000000
0.000000
0.000000
0.000000
0.000000
0.000000
0.000000
0.000000
0.000000
0.000000
0.000000
0.000000
0.000000
0.000000
0.000000
0.000000
0.000000
0.000000
0.000000
0.000000
0.000000
0.000000
0.000000
0.000000
0.000000
0.000000
0.000000
0.000000
0.000000
0.000000
0.000000
0.000000
0.000000
0.000000
0.000000
0.000000
0.000000
0.000000
0.000000
0.000000
0.000000
0.000000
0.000000
0.000000
0.000000
0.000000
0.000000
0.000000
0.000000
0.000000
0.000000
0.000000
0.000000
0.000000
0.000000
0.000000
0.000000
0.000000
0.000000
0.000000
0.000000
0.000000
0.000000
0.000000
0.000000
0.000000
0.000000
0.000000
0.000000
0.000000
0.000000
0.000000
0.000000
0.000000
0.000000
0.000000
0.000000
0.000000
0.000000
0.000000
0.000000
0.000000
0.000000
0.000000
0.000000
0.000000
0.000000
0.000000
0.000000
0.000000
0.000000
0.000000
0.000000
0.000000
0.000000
0.000000
0.000000
0.000000
0.000000
0.000000
0.000000
0.000000
0.000000
0.000000
0.000000
0.000000
0.000000
0.000000
0.000000
0.000000
0.000000
0.000000
0.000000
0.000000
0.000000
0.000000
0.000000
0.000000
0.000000
0.000000
0.000000
0.000000
0.000000
0.000000
0.000000
0.000000
0.000000
0.000000
0.000000
0.000000
0.000000
0.000000
0.000000
0.000000
0.000000
0.000000
0.000000
0.000000
0.000000
0.000000
0.000000
0.000000
0.000000
0.000000
0.000000
0.000000
0.000000
0.000000
0.000000
0.000000
0.000000
0.000000
0.000000
0.000000
0.000000
0.000000
0.000000
0.000000
0.000000
0.000000
0.000000
0.000000
0.000000
0.000000
0.000000
0.000000
0.000000
0.000000
0.000000
0.000000
0.000000
0.000000
0.000000
0.000000
0.000000
0.000000
0.000000
0.000000
0.000000
0.000000
0.000000
0.000000
0.000000
0.000000
0.000000
0.000000
0.000000
0.000000
0.000000
0.000000
0.000000
0.000000
0.000000
0.000000
0.000000
0.000000
0.000000
0.000000
0.000000
0.000000
0.000000
0.000000
0.000000
0.000000
0.000000
0.000000
0.000000
0.000000
0.000000
0.000000
0.000000
0.000000
0.000000
0.000000
0.000000
0.000000
0.000000
0.000000
0.000000
0.000000
0.000000
0.000000
0.000000
0.000000
0.000000
0.000000
0.000000
0.000000
0.000000
0.000000
0.000000
0.000000
0.000000
0.000000
0.000000
0.000000
0.000000
0.000000
0.000000
0.000000
0.000000
0.000000
0.000000
0.000000
0.000000
0.000000
0.000000
0.000000
0.000000
0.000000
0.000000
0.000000
0.000000
0.000000
0.000000
0.000000
0.000000
0.000000
0.000000
0.000000
0.000000
0.000000
0.000000
0.000000
0.000000
0.000000
0.000000
0.000000
0.000000
0.000000
0.000000
0.000000
0.000000
0.000000
0.000000
0.000000
0.000000
0.000000
0.000000
0.000000
0.000000
0.000000
0.000000
0.000000
0.000000
0.000000
0.000000
0.000000
0.000000
0.000000
0.000000
0.000000
0.000000
0.000000
0.000000
0.000000
0.000000
0.000000
0.000000
0.000000
0.000000
0.000000
0.000000
0.000000
0.000000
0.000000
0.000000
0.000000
0.000000
0.000000
0.000000
0.000000
0.000000
0.000000
0.000000
0.000000
0.000000
0.000000
0.000000
0.000000
0.000000
0.000000
0.000000
0.000000
0.000000
0.000000
0.000000
0.000000
0.000000
0.000000
0.000000
0.000000
0.000000
0.000000
0.000000
0.000000
0.000000
0.000000
0.000000
0.000000
0.000000
0.000000
0.000000
0.000000
0.000000
0.000000
0.000000
0.000000
0.000000
0.000000
0.000000
0.000000
0.000000
0.000000
0.000000
0.000000
0.000000
0.000000
0.000000
0.000000
0.000000
0.000000
0.000000
0.000000
0.000000
0.000000
0.000000
0.000000
0.000000
0.000000
0.000000
0.000000
0.000000
0.000000
0.000000
0.000000
0.000000
0.000000
0.000000
0.000000
0.000000
0.000000
0.000000
0.000000
0.000000
0.000000
0.000000
0.000000
0.000000
0.000000
0.000000
0.000000
0.000000
0.000000
0.000000
0.000000
0.000000
0.000000
0.000000
0.000000
0.000000
0.000000
