0.000000
0.000000
0.000000
0.000000
0.003774
0.007292
0.000794
0.009117
0.033160
0.044496
0.140994
0.357423
0.718514
1.173110
1.677249
2.809282
4.608161
7.395851
12.072058
18.210422
28.437971
43.259141
62.270673
90.254720
128.611085
179.772549
244.855090
332.251780
446.385899
588.364615
773.891482
996.842806
1269.488090
1603.797362
2004.254127
2474.680796
3037.065597
3685.566382
4440.778438
5318.100015
6294.314873
7397.517634
8653.214628
10044.719247
11585.640915
13277.198336
15127.729539
17146.176342
19307.994033
21652.277379
24169.152438
26826.170995
29654.090010
32663.638089
35805.937174
39097.956103
42514.781695
46049.812823
49683.492707
53426.854562
57281.781945
61212.643999
65186.068038
69234.705085
73276.741821
77341.670328
81416.068029
85462.377708
89481.461137
93444.290940
97334.815314
101123.601204
104836.370043
108452.176998
111950.768021
115293.912508
118545.911447
121620.121533
124501.002430
127212.042197
129739.323709
132080.173640
134221.466524
136183.675690
137941.876198
139514.185574
140826.062409
141962.074783
142930.028617
143686.623415
144217.095621
144549.133508
144714.169453
144704.086244
144474.133619
144100.758595
143535.591028
142787.154952
141871.428358
140788.149789
139566.973421
138238.250908
136750.165894
135158.011150
133441.809402
131613.741870
129668.632216
127635.395665
125486.555484
123242.386911
120953.587716
118593.612430
116173.747817
113713.042833
111195.165705
108646.865027
106060.815875
103432.791209
100781.252308
98132.003454
95474.319481
92784.273400
90116.834501
87438.408825
84795.969954
82160.398691
79535.127540
76950.999036
74389.578116
71831.328684
69341.993665
66889.192389
64481.751002
62104.190741
59798.325752
57516.698338
55288.802852
53122.314768
50983.149638
48898.511487
46891.168527
44928.135050
43017.876212
41158.352378
39357.034680
37614.358888
35919.102204
34289.511103
32722.328413
31191.497062
29709.180114
28296.127836
26924.905512
25606.301210
24335.760374
23115.918890
21944.220917
20827.070468
19749.948730
18713.733236
17721.966177
16770.253006
15859.363831
14991.129590
14170.464733
13386.036482
12639.049235
11928.758677
11243.942438
10596.378564
9987.537526
9397.547852
8841.273244
8311.726671
7818.883438
7345.375330
6900.155288
6473.611814
6070.831737
5690.249839
5332.613993
4995.377544
4679.595459
4379.645153
4094.948132
3828.722000
3574.470983
3342.269355
3120.954752
2909.872144
2716.601075
2534.492950
2363.350129
2203.637723
2050.683137
1911.531911
1778.563233
1655.781612
1540.589453
1430.258353
1329.749196
1233.913584
1143.963812
1061.130497
983.497103
912.738736
845.760437
783.804414
724.990701
671.694689
622.330387
575.764188
530.835254
490.763121
454.446756
418.796376
386.147123
355.737514
328.622824
303.077952
280.013123
258.461998
237.836875
218.956184
201.862783
185.693734
171.121725
157.669421
144.240831
131.972837
121.322794
111.025550
102.355850
94.297803
86.163497
78.994520
72.329503
65.483418
59.580893
54.380836
49.913065
45.510985
41.395233
37.692296
34.293118
30.911096
27.840288
25.193362
22.641030
20.313411
18.243246
16.480193
14.715316
13.165478
11.669899
10.501816
9.421697
8.429749
7.554355
6.739282
6.032423
5.361193
4.806653
4.332728
3.874566
3.387464
3.067480
2.804520
2.486135
2.183974
1.912719
1.754612
1.569941
1.401055
1.236775
1.090267
0.933741
0.868498
0.766901
0.666393
0.565769
0.488515
0.420385
0.343550
0.292263
0.258527
0.226079
0.181508
0.154120
0.140965
0.137054
0.131291
0.137625
0.117266
0.097213
0.098156
0.084913
0.074855
0.075872
0.064721
0.058869
0.063081
0.053322
0.051522
0.053518
0.048439
0.035657
0.034819
0.026898
0.020359
0.017476
0.018895
0.018808
0.021055
0.020051
0.011576
0.009272
0.008467
0.006897
0.009479
0.005360
0.004215
0.002826
0.001480
0.002526
0.004829
0.004147
0.004039
0.003718
0.002999
0.002127
0.002573
0.001926
0.000785
0.000347
0.000314
0.000103
0.000000
0.000000
0.000000
0.000000
0.000000
0.000000
0.000000
0.000000
0.000000
0.000000
0.000000
0.000000
0.000000
0.000000
0.000000
0.000000
0.000000
0.000000
0.000000
0.000000
0.000000
0.000000
0.000000
0.000000
0.000000
0.000000
0.000000
0.000000
0.000000
0.000000
0.000000
0.000000
0.000000
0.000000
0.000000
0.000000
0.000000
0.000000
0.000000
0.000000
0.000000
0.000000
0.000000
0.000000
0.000000
0.000000
0.000000
0.000000
0.000000
0.000000
0.000000
0.000000
0.000000
0.000000
0.000000
0.000000
0.000000
0.000000
0.000000
0.000000
0.000000
0.000000
0.000000
0.000000
0.000000
0.000000
0.000000
0.000000
0.000000
0.000000
0.000000
0.000000
0.000000
0.000000
0.000000
0.000000
0.000000
0.000000
0.000000
0.000000
0.000000
0.000000
0.000000
0.000000
0.000000
0.000000
0.000000
0.000000
0.000000
0.000000
0.000000
0.000000
0.000000
0.000000
0.000000
0.000000
0.000000
0.000000
0.000000
0.000000
0.000000
0.000000
0.000000
0.000000
0.000000
0.000000
0.000000
0.000000
0.000000
0.000000
0.000000
0.000000
0.000000
0.000000
0.000000
0.000000
0.000000
0.000000
0.000000
0.000000
0.000000
0.000000
0.000000
0.000000
0.000000
0.000000
0.000000
0.000000
0.000000
0.000000
0.000000
0.000000
0.000000
0.000000
0.000000
0.000000
0.000000
0.000000
0.000000
0.000000
0.000000
0.000000
0.000000
0.000000
0.000000
0.000000
0.000000
0.000000
0.000000
0.000000
0.000000
0.000000
0.000000
0.000000
0.000000
0.000000
0.000000
0.000000
0.000000
0.000000
0.000000
0.000000
0.000000
0.000000
0.000000
0.000000
0.000000
0.000000
0.000000
0.000000
0.000000
0.000000
0.000000
0.000000
0.000000
0.000000
0.000000
0.000000
0.000000
0.000000
0.000000
0.000000
0.000000
0.000000
0.000000
0.000000
0.000000
0.000000
0.000000
0.000000
0.000000
0.000000
0.000000
0.000000
0.000000
0.000000
0.000000
0.000000
0.000000
0.000000
0.000000
0.000000
0.000000
0.000000
0.000000
0.000000
0.000000
0.000000
0.000000
0.000000
0.000000
0.000000
0.000000
0.000000
0.000000
0.000000
0.000000
0.000000
0.000000
0.000000
0.000000
0.000000
0.000000
0.000000
0.000000
0.000000
0.000000
0.000000
0.000000
0.000000
0.000000
0.000000
0.000000
0.000000
0.000000
0.000000
0.000000
0.000000
0.000000
0.000000
0.000000
0.000000
0.000000
0.000000
0.000000
0.000000
0.000000
0.000000
0.000000
0.000000
0.000000
0.000000
0.000000
0.000000
0.000000
0.000000
0.000000
0.000000
0.000000
0.000000
0.000000
0.000000
0.000000
0.000000
0.000000
0.000000
0.000000
0.000000
0.000000
0.000000
0.000000
0.000000
0.000000
0.000000
0.000000
0.000000
0.000000
0.000000
0.000000
0.000000
0.000000
0.000000
0.000000
0.000000
0.000000
0.000000
0.000000
0.000000
0.000000
0.000000
0.000000
0.000000
0.000000
0.000000
0.000000
0.000000
0.000000
0.000000
0.000000
0.000000
0.000000
0.000000
0.000000
0.000000
0.000000
0.000000
0.000000
0.000000
0.000000
0.000000
0.000000
0.000000
0.000000
0.000000
0.000000
0.000000
0.000000
0.000000
0.000000
0.000000
0.000000
0.000000
0.000000
0.000000
0.000000
0.000000
0.000000
0.000000
0.000000
0.000000
0.000000
0.000000
0.000000
0.000000
0.000000
0.000000
0.000000
0.000000
0.000000
0.000000
0.000000
0.000000
0.000000
0.000000
0.000000
0.000000
0.000000
0.000000
0.000000
0.000000
0.000000
0.000000
0.000000
0.000000
0.000000
0.000000
0.000000
0.000000
0.000000
0.000000
0.000000
0.000000
0.000000
0.000000
0.000000
0.000000
0.000000
0.000000
0.000000
0.000000
0.000000
0.000000
0.000000
0.000000
0.000000
0.000000
0.000000
0.000000
0.000000
0.000000
0.000000
0.000000
0.000000
0.000000
0.000000
0.000000
0.000000
0.000000
0.000000
0.000000
0.000000
0.000000
0.000000
0.000000
0.000000
0.000000
0.000000
0.000000
0.000000
0.000000
0.000000
0.000000
0.000000
0.000000
0.000000
0.000000
0.000000
0.000000
0.000000
0.000000
0.000000
0.000000
0.000000
0.000000
0.000000
0.000000
0.000000
0.000000
0.000000
0.000000
0.000000
0.000000
0.000000
0.000000
0.000000
0.000000
0.000000
0.000000
0.000000
0.000000
0.000000
0.000000
0.000000
0.000000
0.000000
0.000000
0.000000
0.000000
0.000000
0.000000
0.000000
0.000000
0.000000
0.000000
0.000000
0.000000
0.000000
0.000000
0.000000
0.000000
0.000000
0.000000
0.000000
0.000000
0.000000
0.000000
0.000000
0.000000
0.000000
0.000000
0.000000
0.000000
0.000000
0.000000
0.000000
0.000000
0.000000
0.000000
0.000000
0.000000
0.000000
0.000000
0.000000
0.000000
0.000000
0.000000
0.000000
0.000000
0.000000
0.000000
0.000000
0.000000
0.000000
0.000000
0.000000
0.000000
0.000000
0.000000
0.000000
0.000000
0.000000
0.000000
0.000000
0.000000
0.000000
0.000000
0.000000
0.000000
0.000000
0.000000
0.000000
0.000000
0.000000
0.000000
0.000000
0.000000
0.000000
0.000000
0.000000
0.000000
0.000000
0.000000
0.000000
0.000000
0.000000
0.000000
0.000000
0.000000
0.000000
0.000000
0.000000
0.000000
0.000000
0.000000
0.000000
0.000000
0.000000
0.000000
0.000000
0.000000
0.000000
0.000000
0.000000
0.000000
0.000000
0.000000
0.000000
0.000000
0.000000
0.000000
0.000000
0.000000
0.000000
0.000000
0.000000
0.000000
0.000000
0.000000
0.000000
0.000000
0.000000
0.000000
0.000000
0.000000
0.000000
0.000000
0.000000
0.000000
0.000000
0.000000
0.000000
0.000000
0.000000
0.000000
0.000000
0.000000
0.000000
0.000000
0.000000
0.000000
0.000000
0.000000
0.000000
0.000000
0.000000
0.000000
0.000000
0.000000
0.000000
0.000000
0.000000
0.000000
0.000000
0.000000
0.000000
0.000000
0.000000
0.000000
0.000000
0.000000
0.000000
0.000000
0.000000
0.000000
0.000000
0.000000
0.000000
0.000000
0.000000
0.000000
0.000000
0.000000
0.000000
0.000000
0.000000
0.000000
0.000000
0.000000
0.000000
0.000000
0.000000
0.000000
0.000000
0.000000
0.000000
0.000000
0.000000
0.000000
0.000000
0.000000
0.000000
0.000000
0.000000
0.000000
0.000000
0.000000
0.000000
0.000000
0.000000
0.000000
0.000000
0.000000
0.000000
0.000000
0.000000
0.000000
0.000000
0.000000
0.000000
0.000000
0.000000
0.000000
0.000000
0.000000
0.000000
0.000000
0.000000
0.000000
0.000000
0.000000
0.000000
0.000000
0.000000
0.000000
0.000000
0.000000
0.000000
0.000000
0.000000
0.000000
0.000000
0.000000
0.000000
0.000000
