0.000000
0.000000
0.000000
0.000000
0.005179
0.016456
0.069509
0.159616
0.467724
1.025473
2.197648
4.668344
8.416804
14.364791
23.109016
36.345503
56.963298
85.822366
129.631455
187.479097
265.249586
371.663769
512.078989
689.507747
911.185147
1187.537809
1528.500812
1938.153427
2430.093236
3014.533194
3687.400150
4465.941206
5366.026351
6381.193871
7516.047843
8791.904714
10193.255642
11730.179726
13399.833394
15205.272066
17157.403800
19260.639090
21478.931680
23830.392968
26302.365230
28906.413787
31636.496309
34449.615000
37356.554977
40338.429946
43410.764278
46525.426872
49691.163441
52907.305746
56127.599092
59374.887197
62635.148156
65887.111045
69122.534942
72308.903281
75455.989133
78555.811417
81603.355934
84544.746982
87432.811305
90232.257711
92957.825071
95552.049950
98071.492922
100477.898264
102759.393983
104940.481097
106987.752187
108901.169683
110698.034661
112382.233689
113920.558015
115306.480077
116562.464439
117666.380632
118684.898079
119538.080863
120303.290561
120919.247168
121398.789481
121761.831945
121983.791749
122112.581668
122136.460400
122044.345289
121838.921182
121546.394537
121143.802642
120595.400748
120000.079908
119277.620679
118484.663598
117594.235309
116660.996728
115651.685029
114579.363725
113415.231299
112190.697341
110923.937899
109580.907777
108184.352946
106740.586721
105245.463827
103697.889202
102147.471746
100539.820129
98892.576091
97249.504064
95572.597913
93898.763767
92178.055230
90436.839145
88702.377390
86962.267790
85187.428977
83436.997817
81656.443933
79897.506732
78117.514391
76342.973224
74584.235911
72819.851684
71060.394731
69333.944309
67617.172768
65890.446610
64178.359248
62502.579425
60829.195583
59177.773021
57543.295425
55911.358166
54340.580374
52796.395201
51247.503832
49718.894840
48225.048020
46750.078240
45319.800000
43908.119335
42522.835578
41160.938226
39822.432037
38510.798879
37239.894335
35991.302255
34766.370548
33554.147148
32382.937052
31243.457392
30125.880953
29037.043406
27990.637263
26949.831132
25945.472600
24963.896727
24022.413159
23102.694739
22196.697679
21316.781970
20467.287010
19644.407739
18847.640830
18077.375340
17330.962962
16613.436218
15910.585753
15229.019698
14572.994969
13944.041449
13330.796356
12740.683680
12173.430178
11627.587630
11096.130836
10578.678592
10089.146205
9619.350012
9160.672393
8723.840055
8299.915137
7894.597298
7502.867267
7129.965444
6773.102892
6430.557987
6103.491155
5792.848049
5490.407846
5200.636992
4927.071641
4665.895001
4420.609731
4180.875558
3953.699733
3736.696389
3532.474207
3335.698227
3152.109393
2973.927122
2806.932900
2647.849606
2497.130415
2351.609313
2214.874799
2086.364278
1963.050773
1845.985936
1734.661969
1630.127187
1529.155682
1437.534380
1348.658956
1265.815291
1187.325870
1113.882536
1044.011465
978.236506
915.972228
855.946684
799.250418
747.888703
699.991286
654.302175
610.362789
569.307615
529.706672
493.794015
460.481699
428.389418
397.971192
370.890216
345.767198
321.730950
299.412344
278.280414
258.178082
239.298476
222.350048
206.243872
191.712880
177.593061
164.142276
151.684442
140.720532
129.837538
120.170879
110.734487
102.424327
94.745336
86.997220
80.031085
73.651940
67.854659
62.645757
57.841149
53.254720
48.699109
44.674493
41.103504
37.954098
34.834880
31.966298
29.386470
26.857047
24.823346
22.464315
20.356963
18.674274
16.819954
15.491215
14.002574
12.698253
11.425087
10.357746
9.435723
8.631299
7.818896
7.065562
6.281374
5.728717
5.171828
4.608349
4.127652
3.750205
3.344387
3.055384
2.691951
2.402570
2.176492
2.009987
1.791242
1.616076
1.503811
1.309714
1.168948
1.046789
0.962016
0.874674
0.803325
0.688987
0.639112
0.557831
0.526482
0.477646
0.418600
0.392557
0.360894
0.314147
0.288869
0.270362
0.254775
0.238693
0.221101
0.206164
0.175857
0.151622
0.122697
0.110377
0.113183
0.116645
0.111298
0.117884
0.114030
0.114747
0.107662
0.106413
0.093386
0.080948
0.068637
0.058271
0.054964
0.043866
0.033906
0.035203
0.026574
0.023302
0.019683
0.019741
0.018427
0.014082
0.012684
0.010787
0.008353
0.007357
0.008481
0.005991
0.006471
0.002452
0.004588
0.006222
0.004995
0.004097
0.002824
0.001843
0.001688
0.001136
0.000548
0.000253
0.000080
0.000000
0.000000
0.000000
0.000000
0.000000
0.000000
0.000000
0.000000
0.000000
0.000000
0.000000
0.000000
0.000000
0.000000
0.000000
0.000000
0.000000
0.000000
0.000000
0.000000
0.000000
0.000000
0.000000
0.000000
0.000000
0.000000
0.000000
0.000000
0.000000
0.000000
0.000000
0.000000
0.000000
0.000000
0.000000
0.000000
0.000000
0.000000
0.000000
0.000000
0.000000
0.000000
0.000000
0.000000
0.000000
0.000000
0.000000
0.000000
0.000000
0.000000
0.000000
0.000000
0.000000
0.000000
0.000000
0.000000
0.000000
0.000000
0.000000
0.000000
0.000000
0.000000
0.000000
0.000000
0.000000
0.000000
0.000000
0.000000
0.000000
0.000000
0.000000
0.000000
0.000000
0.000000
0.000000
0.000000
0.000000
0.000000
0.000000
0.000000
0.000000
0.000000
0.000000
0.000000
0.000000
0.000000
0.000000
0.000000
0.000000
0.000000
0.000000
0.000000
0.000000
0.000000
0.000000
0.000000
0.000000
0.000000
0.000000
0.000000
0.000000
0.000000
0.000000
0.000000
0.000000
0.000000
0.000000
0.000000
0.000000
0.000000
0.000000
0.000000
0.000000
0.000000
0.000000
0.000000
0.000000
0.000000
0.000000
0.000000
0.000000
0.000000
0.000000
0.000000
0.000000
0.000000
0.000000
0.000000
0.000000
0.000000
0.000000
0.000000
0.000000
0.000000
0.000000
0.000000
0.000000
0.000000
0.000000
0.000000
0.000000
0.000000
0.000000
0.000000
0.000000
0.000000
0.000000
0.000000
0.000000
0.000000
0.000000
0.000000
0.000000
0.000000
0.000000
0.000000
0.000000
0.000000
0.000000
0.000000
0.000000
0.000000
0.000000
0.000000
0.000000
0.000000
0.000000
0.000000
0.000000
0.000000
0.000000
0.000000
0.000000
0.000000
0.000000
0.000000
0.000000
0.000000
0.000000
0.000000
0.000000
0.000000
0.000000
0.000000
0.000000
0.000000
0.000000
0.000000
0.000000
0.000000
0.000000
0.000000
0.000000
0.000000
0.000000
0.000000
0.000000
0.000000
0.000000
0.000000
0.000000
0.000000
0.000000
0.000000
0.000000
0.000000
0.000000
0.000000
0.000000
0.000000
0.000000
0.000000
0.000000
0.000000
0.000000
0.000000
0.000000
0.000000
0.000000
0.000000
0.000000
0.000000
0.000000
0.000000
0.000000
0.000000
0.000000
0.000000
0.000000
0.000000
0.000000
0.000000
0.000000
0.000000
0.000000
0.000000
0.000000
0.000000
0.000000
0.000000
0.000000
0.000000
0.000000
0.000000
0.000000
0.000000
0.000000
0.000000
0.000000
0.000000
0.000000
0.000000
0.000000
0.000000
0.000000
0.000000
0.000000
0.000000
0.000000
0.000000
0.000000
0.000000
0.000000
0.000000
0.000000
0.000000
0.000000
0.000000
0.000000
0.000000
0.000000
0.000000
0.000000
0.000000
0.000000
0.000000
0.000000
0.000000
0.000000
0.000000
0.000000
0.000000
0.000000
0.000000
0.000000
0.000000
0.000000
0.000000
0.000000
0.000000
0.000000
0.000000
0.000000
0.000000
0.000000
0.000000
0.000000
0.000000
0.000000
0.000000
0.000000
0.000000
0.000000
0.000000
0.000000
0.000000
0.000000
0.000000
0.000000
0.000000
0.000000
0.000000
0.000000
0.000000
0.000000
0.000000
0.000000
0.000000
0.000000
0.000000
0.000000
0.000000
0.000000
0.000000
0.000000
0.000000
0.000000
0.000000
0.000000
0.000000
0.000000
0.000000
0.000000
0.000000
0.000000
0.000000
0.000000
0.000000
0.000000
0.000000
0.000000
0.000000
0.000000
0.000000
0.000000
0.000000
0.000000
0.000000
0.000000
0.000000
0.000000
0.000000
0.000000
0.000000
0.000000
0.000000
0.000000
0.000000
0.000000
0.000000
0.000000
0.000000
0.000000
0.000000
0.000000
0.000000
0.000000
0.000000
0.000000
0.000000
0.000000
0.000000
0.000000
0.000000
0.000000
0.000000
0.000000
0.000000
0.000000
0.000000
0.000000
0.000000
0.000000
0.000000
0.000000
0.000000
0.000000
0.000000
0.000000
0.000000
0.000000
0.000000
0.000000
0.000000
0.000000
0.000000
0.000000
0.000000
0.000000
0.000000
0.000000
0.000000
0.000000
0.000000
0.000000
0.000000
0.000000
0.000000
0.000000
0.000000
0.000000
0.000000
0.000000
0.000000
0.000000
0.000000
0.000000
0.000000
0.000000
0.000000
0.000000
0.000000
0.000000
0.000000
0.000000
0.000000
0.000000
0.000000
0.000000
0.000000
0.000000
0.000000
0.000000
0.000000
0.000000
0.000000
0.000000
0.000000
0.000000
0.000000
0.000000
0.000000
0.000000
0.000000
0.000000
0.000000
0.000000
0.000000
0.000000
0.000000
0.000000
0.000000
0.000000
0.000000
0.000000
0.000000
0.000000
0.000000
0.000000
0.000000
0.000000
0.000000
0.000000
0.000000
0.000000
0.000000
0.000000
0.000000
0.000000
0.000000
0.000000
0.000000
0.000000
0.000000
0.000000
0.000000
0.000000
0.000000
0.000000
0.000000
0.000000
0.000000
0.000000
0.000000
0.000000
0.000000
0.000000
0.000000
0.000000
0.000000
0.000000
0.000000
0.000000
0.000000
0.000000
0.000000
0.000000
0.000000
0.000000
0.000000
0.000000
0.000000
0.000000
0.000000
0.000000
0.000000
0.000000
0.000000
0.000000
0.000000
0.000000
0.000000
0.000000
0.000000
0.000000
0.000000
0.000000
0.000000
0.000000
0.000000
0.000000
0.000000
0.000000
0.000000
0.000000
0.000000
0.000000
0.000000
0.000000
0.000000
0.000000
0.000000
0.000000
0.000000
0.000000
0.000000
0.000000
0.000000
0.000000
0.000000
0.000000
0.000000
0.000000
0.000000
0.000000
0.000000
0.000000
0.000000
0.000000
0.000000
0.000000
0.000000
0.000000
0.000000
0.000000
0.000000
0.000000
0.000000
0.000000
0.000000
0.000000
0.000000
0.000000
0.000000
0.000000
0.000000
0.000000
0.000000
0.000000
0.000000
0.000000
0.000000
0.000000
0.000000
0.000000
0.000000
0.000000
0.000000
0.000000
0.000000
0.000000
0.000000
0.000000
0.000000
0.000000
0.000000
0.000000
0.000000
0.000000
0.000000
0.000000
0.000000
0.000000
0.000000
0.000000
0.000000
0.000000
0.000000
0.000000
0.000000
0.000000
0.000000
0.000000
0.000000
0.000000
0.000000
0.000000
0.000000
0.000000
0.000000
0.000000
0.000000
0.000000
0.000000
0.000000
0.000000
0.000000
0.000000
0.000000
0.000000
0.000000
0.000000
0.000000
0.000000
0.000000
0.000000
0.000000
0.000000
0.000000
0.000000
0.000000
0.000000
0.000000
0.000000
0.000000
0.000000
