0.000000
0.000000
0.000000
0.000000
0.000000
0.000000
0.000000
0.000000
0.000000
0.000000
0.000000
0.000000
0.000000
0.000000
0.000000
0.000000
0.000000
0.000000
0.010481
0.031407
0.004294
0.006777
0.030408
0.147397
0.299711
0.778136
1.164873
2.040598
3.646338
6.125598
11.585458
18.554757
30.141074
48.795623
75.665441
114.406513
171.007409
250.521566
356.682140
500.566210
701.554931
951.348597
1284.244106
1704.726171
2218.162008
2885.267198
3691.561919
4660.022569
5803.055157
7134.454752
8726.955673
10501.632327
12515.057244
14796.693113
17353.283285
20187.503876
23360.573852
26737.907263
30447.925472
34409.060162
38628.639064
43027.458749
47688.470474
52535.507775
57671.488562
62850.453681
68149.700492
73524.040490
78943.003670
84433.874392
89842.289222
95262.799674
100576.406614
105850.863239
110959.167449
115809.342268
120642.232083
125233.471400
129589.738734
133682.223320
137513.836906
141139.597764
144482.335749
147594.740337
150397.732327
152911.687002
155075.645742
157060.558613
158661.688160
160080.476178
161179.663180
162011.614633
162522.003517
162884.210546
162895.831833
162699.413894
162258.301191
161593.025788
160694.650275
159701.204754
158467.980729
157062.109563
155380.041058
153596.263389
151649.823810
149653.321275
147385.261533
145024.526869
142530.608133
139940.629507
137281.273138
134529.565487
131712.887685
128750.542423
125766.407363
122667.381704
119494.053501
116292.606652
112986.940667
109724.675074
106352.373910
103053.749763
99751.748045
96421.973385
93089.413069
89806.478201
86543.748613
83270.704481
79994.884265
76799.363514
73614.168029
70528.396445
67468.191410
64466.850566
61533.210322
58667.753676
55842.035094
53085.599109
50414.341418
47792.810020
45304.826291
42851.271532
40499.673703
38212.981224
35995.683928
33887.145770
31864.379579
29899.726166
27987.880653
26160.218040
24437.485048
22785.900662
21222.071304
19745.491701
18321.934265
16975.300860
15701.640877
14502.653796
13374.935498
12326.891236
11329.356808
10407.657230
9553.189893
8735.761217
7971.194242
7289.179342
6635.224275
6032.266779
5472.471029
4963.021475
4492.146034
4048.510282
3644.461955
3274.911510
2944.577429
2644.167267
2366.295116
2116.458071
1888.285062
1678.114614
1489.323126
1323.429756
1174.296189
1037.486546
913.613860
804.856472
708.217547
620.892849
543.490503
476.879184
415.209782
363.129540
316.108854
272.051972
236.800626
205.742620
177.495679
152.771625
131.961503
114.315692
98.618283
85.132769
72.562425
62.148508
53.395486
45.720104
37.899049
32.361125
27.337778
23.655551
19.911433
17.170270
14.188629
12.338919
10.044615
8.384378
7.088083
5.620493
4.792602
3.924625
3.305027
2.706022
2.284112
1.937046
1.515886
1.230778
1.024399
0.771622
0.596435
0.419487
0.332559
0.241354
0.201114
0.134680
0.099699
0.080614
0.051800
0.025549
0.030922
0.016857
0.002433
0.000000
0.000000
0.000000
0.000000
0.000000
0.000000
0.000000
0.000000
0.000000
0.000000
0.000000
0.000000
0.000000
0.000000
0.000000
0.000000
0.000000
0.000000
0.000000
0.000000
0.000000
0.000000
0.000000
0.000000
0.000000
0.000000
0.000000
0.000000
0.000000
0.000000
0.000000
0.000000
0.000000
0.000000
0.000000
0.000000
0.000000
0.000000
0.000000
0.000000
0.000000
0.000000
0.000000
0.000000
0.000000
0.000000
0.000000
0.000000
0.000000
0.000000
0.000000
0.000000
0.000000
0.000000
0.000000
0.000000
0.000000
0.000000
0.000000
0.000000
0.000000
0.000000
0.000000
0.000000
0.000000
0.000000
0.000000
0.000000
0.000000
0.000000
0.000000
0.000000
0.000000
0.000000
0.000000
0.000000
0.000000
0.000000
0.000000
0.000000
0.000000
0.000000
0.000000
0.000000
0.000000
0.000000
0.000000
0.000000
0.000000
0.000000
0.000000
0.000000
0.000000
0.000000
0.000000
0.000000
0.000000
0.000000
0.000000
0.000000
0.000000
0.000000
0.000000
0.000000
0.000000
0.000000
0.000000
0.000000
0.000000
0.000000
0.000000
0.000000
0.000000
0.000000
0.000000
0.000000
0.000000
0.000000
0.000000
0.000000
0.000000
0.000000
0.000000
0.000000
0.000000
0.000000
0.000000
0.000000
0.000000
0.000000
0.000000
0.000000
0.000000
0.000000
0.000000
0.000000
0.000000
0.000000
0.000000
0.000000
0.000000
0.000000
0.000000
0.000000
0.000000
0.000000
0.000000
0.000000
0.000000
0.000000
0.000000
0.000000
0.000000
0.000000
0.000000
0.000000
0.000000
0.000000
0.000000
0.000000
0.000000
0.000000
0.000000
0.000000
0.000000
0.000000
0.000000
0.000000
0.000000
0.000000
0.000000
0.000000
0.000000
0.000000
0.000000
0.000000
0.000000
0.000000
0.000000
0.000000
0.000000
0.000000
0.000000
0.000000
0.000000
0.000000
0.000000
0.000000
0.000000
0.000000
0.000000
0.000000
0.000000
0.000000
0.000000
0.000000
0.000000
0.000000
0.000000
0.000000
0.000000
0.000000
0.000000
0.000000
0.000000
0.000000
0.000000
0.000000
0.000000
0.000000
0.000000
0.000000
0.000000
0.000000
0.000000
0.000000
0.000000
0.000000
0.000000
0.000000
0.000000
0.000000
0.000000
0.000000
0.000000
0.000000
0.000000
0.000000
0.000000
0.000000
0.000000
0.000000
0.000000
0.000000
0.000000
0.000000
0.000000
0.000000
0.000000
0.000000
0.000000
0.000000
0.000000
0.000000
0.000000
0.000000
0.000000
0.000000
0.000000
0.000000
0.000000
0.000000
0.000000
0.000000
0.000000
0.000000
0.000000
0.000000
0.000000
0.000000
