0.000000
2.016953
14.458917
29.539634
96.904660
217.215709
358.520752
742.956386
1205.949871
1918.263809
2773.098805
3836.503927
5432.389783
7182.328057
9364.515435
11861.289837
14702.292435
17958.720693
21328.383191
24862.783651
28763.407411
32511.071670
36550.397485
40707.203538
44576.093766
48610.122496
52306.322127
55857.140321
58985.594427
62102.713696
65163.433318
68093.352943
70726.233064
73253.576935
75366.123556
77271.187076
78826.138896
80512.334735
81679.151799
82852.710693
83745.353827
84447.530040
85041.328301
85200.418905
85401.835445
85545.062975
85292.287686
85092.579934
85011.520513
84774.681962
84157.267888
83871.199576
83129.825210
82220.553363
81435.620447
80748.111042
79914.782252
79321.887066
78449.037086
77619.506687
76985.964103
76156.955721
75338.563958
74417.036569
73547.814363
72959.888792
71948.109200
70618.361583
69908.758438
68987.034675
67947.037479
67062.889636
66337.929392
65506.543987
64870.223203
64048.832950
63168.511722
62646.565483
61874.900721
61049.262345
60178.749329
59510.994014
58866.565333
58205.122138
57600.880625
56935.935938
56391.648587
55814.263614
55205.474535
54550.865688
53965.202615
53485.512489
53095.581277
52503.763684
52072.094013
51578.046221
50986.381115
50643.367279
50224.765028
49744.526864
49306.582558
48751.370188
48299.182966
47886.787942
47507.357238
47082.310537
46636.971092
46344.276453
45960.699505
45686.378790
45223.111263
44908.170731
44554.121868
44262.599128
43985.890324
43603.687774
43286.379985
43163.563373
42874.228364
42371.006901
42091.326657
41612.465148
41343.279881
41003.929487
40570.598445
40195.187327
39874.621806
39670.189221
39454.923396
39058.290404
38618.506755
38242.761173
37919.479493
37639.599035
37434.688857
37354.069333
37087.826055
36817.758247
36554.304675
36244.944461
36097.677533
35795.888005
35559.868556
35295.534011
34977.174464
34698.170037
34439.469691
34114.853984
33819.101188
33521.977666
33255.593041
33018.806813
32857.410968
32565.688801
32325.717603
32198.024174
31946.318461
31719.008711
31407.924739
31186.075743
30948.844100
30846.337185
30621.773999
30487.711409
30320.699711
30157.380429
29985.500732
29760.247195
29500.222525
29198.088562
28926.186169
28717.015480
28423.055847
28212.068246
27981.406177
27778.351306
27555.513958
27255.328678
27012.852563
26763.683210
26589.029098
26331.876377
26180.955964
25946.974561
25705.555297
25484.541003
25249.687030
24959.920567
24789.445715
24648.295417
24420.403206
24263.180435
23978.109366
23694.429521
23381.616436
23035.687323
22730.870893
22385.749093
22105.629609
21857.381897
21527.997366
21314.616601
21023.561635
20706.533854
20346.040606
20106.911942
19848.937851
19462.067657
19179.048259
18937.347799
18697.907296
18448.275169
18210.233600
17939.185626
17607.849825
17309.958315
17086.161030
16809.167932
16596.167514
16417.165129
16152.298926
15980.214698
15730.041027
15543.072641
15230.062749
14936.204437
14664.182148
14384.181333
14110.185859
13913.314046
13692.980550
13448.828838
13229.494998
12980.672823
12787.420669
12544.866431
12337.230947
12081.780147
11877.835149
11698.152673
11530.938546
11245.134136
11043.773979
10809.011754
10632.366969
10468.660762
10273.580404
10040.808325
9846.452092
9636.472894
9428.416717
9178.812955
8987.567247
8799.772371
8596.847631
8383.454836
8192.350731
8004.257037
7810.313337
7643.485567
7483.841741
7272.666631
7076.649979
6936.409805
6782.506857
6623.523654
6450.167130
6326.341170
6178.706818
6011.527129
5861.302602
5691.351980
5560.455881
5417.153293
5326.108494
5187.783524
5009.872231
4916.446382
4809.061480
4672.424100
4563.621532
4454.886398
4327.163406
4209.105457
4080.779148
3939.924162
3802.597528
3679.234049
3597.206622
3510.952790
3410.506306
3312.946226
3206.250438
3118.512911
3036.566845
2936.367201
2866.189680
2778.586580
2689.726771
2610.684456
2527.594215
2426.258870
2348.588649
2297.663348
2199.300128
2140.756476
2063.658477
1998.230827
1949.485517
1876.859845
1801.662788
1751.138047
1685.772136
1629.144730
1583.662030
1524.739905
1480.418528
1426.496922
1389.291586
1352.005083
1306.831050
1268.785913
1234.088900
1178.660987
1124.015656
1082.696960
1045.551770
1008.693012
975.478661
943.878712
903.101395
876.243692
842.002489
807.635562
771.241400
724.100252
694.225954
670.498907
644.778594
622.287645
605.819053
581.842141
560.927628
532.058076
515.557275
488.551786
470.823294
446.937720
428.097105
411.827381
396.443056
379.756385
358.306501
339.093995
326.598511
310.651636
303.440112
290.071397
278.645695
272.413887
265.369019
249.641812
238.203438
228.497388
216.451234
203.591224
190.806175
181.943421
175.286204
167.084425
156.016022
148.152947
139.898536
133.027771
121.894932
117.699652
110.755370
105.600347
98.968892
95.453647
93.502888
86.431954
80.101019
77.966635
74.116550
69.685612
65.861936
59.748569
54.264798
51.244364
46.485399
41.846179
39.757457
37.623467
35.847487
33.582675
31.145095
28.567877
28.214565
26.487507
26.022446
25.097726
24.375358
21.450665
21.918392
21.880386
22.924135
21.403999
19.735993
17.374855
15.190790
14.076576
13.333209
10.502842
9.572127
10.115865
8.900699
9.999344
9.136072
8.170306
8.356956
7.720224
6.777541
6.687421
6.550686
6.333819
6.679248
6.556591
6.560214
7.149925
6.703898
6.689687
6.484197
6.727993
6.982259
6.811517
6.525397
5.936483
4.614176
4.297864
4.302993
4.335497
3.559724
2.920967
3.255719
2.795547
2.078721
1.510931
1.486995
1.175175
0.960464
0.788278
0.514065
0.569279
0.579759
0.462084
0.364260
0.405472
0.274226
0.140319
0.109663
0.281169
0.411686
0.352390
0.666975
0.414612
0.472437
0.467079
0.648949
0.557035
0.583204
0.475268
0.393860
0.267636
0.302231
0.330194
0.231986
0.079915
0.074226
0.029967
0.014790
0.003591
0.000000
0.000000
0.000000
0.000000
0.000000
0.000000
0.000000
0.000000
0.000000
0.000000
0.000000
0.000000
0.000000
0.000000
0.000000
0.000000
0.000000
0.000000
0.000000
0.000000
0.000000
0.000000
0.000000
0.000000
0.000000
0.000000
0.000000
0.000000
0.000000
0.000000
0.000000
0.000000
0.000000
0.000000
0.000000
0.000000
0.000000
0.000000
0.000000
0.000000
0.000000
0.000000
0.000000
0.000000
0.000000
0.000000
0.000000
0.000000
0.000000
0.000000
0.000000
0.000000
0.000000
0.000000
0.000000
0.000000
0.000000
0.000000
0.000000
0.000000
0.000000
0.000000
0.000000
0.000000
0.000000
0.000000
0.000000
0.000000
0.000000
0.000000
0.000000
0.000000
0.000000
0.000000
0.000000
0.000000
0.000000
0.000000
0.000000
0.000000
0.000000
0.000000
0.000000
0.000000
0.000000
0.000000
0.000000
0.000000
0.000000
0.000000
0.000000
0.000000
0.000000
0.000000
0.000000
0.000000
0.000000
0.000000
0.000000
0.000000
0.000000
0.000000
0.000000
0.000000
0.000000
0.000000
0.000000
0.000000
0.000000
0.000000
0.000000
0.000000
0.000000
0.000000
0.000000
0.000000
0.000000
0.000000
0.000000
0.000000
0.000000
0.000000
0.000000
0.000000
0.000000
0.000000
0.000000
0.000000
0.000000
0.000000
0.000000
0.000000
0.000000
0.000000
0.000000
0.000000
0.000000
0.000000
0.000000
0.000000
0.000000
0.000000
0.000000
0.000000
0.000000
0.000000
0.000000
0.000000
0.000000
0.000000
0.000000
0.000000
0.000000
0.000000
0.000000
0.000000
0.000000
0.000000
0.000000
0.000000
0.000000
0.000000
0.000000
0.000000
0.000000
0.000000
0.000000
0.000000
0.000000
0.000000
0.000000
0.000000
0.000000
0.000000
0.000000
0.000000
0.000000
0.000000
0.000000
0.000000
0.000000
0.000000
0.000000
0.000000
0.000000
0.000000
0.000000
0.000000
0.000000
0.000000
0.000000
0.000000
0.000000
0.000000
0.000000
0.000000
0.000000
0.000000
0.000000
0.000000
0.000000
0.000000
0.000000
0.000000
0.000000
0.000000
0.000000
0.000000
0.000000
0.000000
0.000000
0.000000
0.000000
0.000000
0.000000
0.000000
0.000000
0.000000
0.000000
0.000000
0.000000
0.000000
0.000000
0.000000
0.000000
0.000000
0.000000
0.000000
0.000000
0.000000
0.000000
0.000000
0.000000
0.000000
0.000000
0.000000
0.000000
0.000000
0.000000
0.000000
0.000000
0.000000
0.000000
0.000000
0.000000
0.000000
0.000000
0.000000
0.000000
0.000000
0.000000
0.000000
0.000000
0.000000
0.000000
0.000000
0.000000
0.000000
0.000000
0.000000
0.000000
0.000000
0.000000
0.000000
0.000000
0.000000
0.000000
0.000000
0.000000
0.000000
0.000000
0.000000
0.000000
0.000000
0.000000
0.000000
0.000000
0.000000
0.000000
0.000000
0.000000
0.000000
0.000000
0.000000
0.000000
0.000000
0.000000
0.000000
0.000000
0.000000
0.000000
0.000000
0.000000
0.000000
0.000000
0.000000
0.000000
0.000000
0.000000
0.000000
0.000000
0.000000
0.000000
0.000000
0.000000
0.000000
0.000000
0.000000
0.000000
0.000000
0.000000
0.000000
0.000000
0.000000
0.000000
0.000000
0.000000
0.000000
0.000000
0.000000
0.000000
0.000000
0.000000
0.000000
0.000000
0.000000
0.000000
0.000000
0.000000
0.000000
0.000000
0.000000
0.000000
0.000000
0.000000
0.000000
0.000000
0.000000
0.000000
0.000000
0.000000
0.000000
0.000000
0.000000
0.000000
0.000000
0.000000
0.000000
0.000000
0.000000
0.000000
0.000000
0.000000
0.000000
0.000000
0.000000
0.000000
0.000000
0.000000
0.000000
0.000000
0.000000
0.000000
0.000000
0.000000
0.000000
0.000000
0.000000
0.000000
0.000000
0.000000
0.000000
0.000000
0.000000
0.000000
0.000000
0.000000
0.000000
0.000000
0.000000
0.000000
0.000000
0.000000
0.000000
0.000000
0.000000
0.000000
0.000000
0.000000
0.000000
0.000000
0.000000
0.000000
0.000000
0.000000
0.000000
0.000000
0.000000
0.000000
0.000000
0.000000
0.000000
0.000000
0.000000
0.000000
0.000000
0.000000
0.000000
0.000000
0.000000
0.000000
0.000000
0.000000
0.000000
0.000000
0.000000
0.000000
0.000000
0.000000
0.000000
0.000000
0.000000
0.000000
0.000000
0.000000
0.000000
0.000000
0.000000
0.000000
0.000000
0.000000
0.000000
0.000000
0.000000
0.000000
0.000000
0.000000
0.000000
0.000000
0.000000
0.000000
0.000000
0.000000
0.000000
0.000000
0.000000
0.000000
0.000000
0.000000
0.000000
0.000000
0.000000
0.000000
0.000000
0.000000
0.000000
0.000000
0.000000
0.000000
0.000000
0.000000
0.000000
0.000000
0.000000
0.000000
0.000000
0.000000
0.000000
0.000000
0.000000
0.000000
0.000000
0.000000
0.000000
0.000000
0.000000
0.000000
0.000000
0.000000
0.000000
0.000000
0.000000
0.000000
0.000000
0.000000
0.000000
0.000000
0.000000
0.000000
0.000000
0.000000
0.000000
0.000000
0.000000
0.000000
0.000000
0.000000
0.000000
0.000000
0.000000
0.000000
0.000000
0.000000
0.000000
0.000000
0.000000
0.000000
0.000000
0.000000
0.000000
0.000000
0.000000
0.000000
0.000000
0.000000
0.000000
0.000000
0.000000
0.000000
