0.000000
0.000000
0.000000
0.000000
0.011145
0.022234
0.161903
0.450915
0.892461
1.789976
3.794479
6.949320
12.321944
21.570115
34.788013
56.962835
86.851412
129.705362
191.470735
275.554353
386.512971
532.407121
719.729417
960.474252
1253.608336
1614.266435
2052.766322
2570.355221
3186.240236
3893.860323
4720.427693
5661.635551
6726.925171
7918.043239
9242.601706
10704.394340
12316.695777
14052.058952
15929.703110
17966.185285
20119.222290
22383.028888
24792.875440
27298.413421
29934.403380
32645.682442
35454.114780
38356.598747
41312.114600
44333.483136
47430.096446
50527.969043
53652.241656
56794.213607
59930.866856
63084.817921
66212.350055
69287.596917
72332.320314
75342.229807
78294.788951
81178.901239
83987.070978
86717.074178
89358.204258
91904.964437
94360.920312
96693.794332
98928.921248
101074.991770
103077.998482
104964.907046
106754.405106
108406.725990
109961.795292
111361.248245
112641.784766
113775.020133
114792.124961
115693.296469
116438.393324
117100.855418
117639.005588
118054.623218
118354.573280
118530.375816
118593.170078
118559.618716
118436.404093
118201.146756
117872.806070
117446.141671
116944.727515
116338.355131
115676.320289
114932.546202
114113.197389
113204.230306
112240.714936
111231.659962
110144.640264
109014.198020
107812.223096
106555.154523
105284.425798
103971.828415
102584.918256
101170.219467
99762.415526
98328.680557
96836.941620
95329.926417
93797.066020
92247.036164
90687.847977
89115.046306
87557.373786
85928.987701
84314.256979
82740.607125
81105.567093
79483.265227
77850.120379
76227.836341
74591.020326
72990.604479
71371.790485
69750.027341
68138.846617
66546.491254
64961.551867
63382.585388
61800.490409
60265.824768
58738.353891
57216.540640
55712.198018
54216.742433
52749.796216
51304.300136
49877.845455
48473.065909
47094.661295
45732.680840
44373.166707
43031.604681
41723.310723
40436.473906
39182.869283
37949.409336
36743.024129
35554.362971
34391.633287
33252.998630
32140.175612
31055.316207
30001.851134
28959.647733
27941.420156
26951.810170
25984.232210
25048.517235
24132.130475
23236.395377
22373.892693
21538.102896
20714.463925
19920.857361
19143.277707
18390.784533
17657.880462
16948.119903
16269.740805
15615.294687
14979.175675
14357.829022
13757.657898
13170.576498
12606.205716
12063.828918
11531.040050
11022.683799
10536.615856
10063.751114
9604.735285
9171.303076
8746.041144
8342.997497
7953.295713
7579.228239
7217.607403
6872.501625
6545.181117
6223.503543
5915.686672
5619.438131
5339.205117
5066.954466
4803.414820
4556.536754
4319.174017
4092.814176
3875.074304
3669.232681
3474.045249
3288.161645
3111.315778
2943.338226
2780.322102
2625.735862
2478.524711
2337.546249
2204.891374
2081.032824
1962.895554
1849.187814
1739.632624
1639.581510
1540.742493
1449.571072
1365.626310
1281.510744
1204.821350
1131.759533
1062.322100
997.773129
936.573845
878.622618
824.371298
772.712949
724.567166
679.136328
635.511180
593.585982
556.963307
520.381638
487.367833
455.198734
426.320630
398.332905
371.849972
347.530502
324.118992
302.314436
281.237093
261.699695
243.522187
226.264741
210.682571
195.832371
182.369142
170.094449
157.795426
145.829958
134.892027
125.558711
116.327727
108.397342
100.573529
93.426621
86.745011
80.573892
74.608846
68.888178
64.285106
59.581599
54.877644
50.625991
46.659483
42.996150
40.041385
36.967827
34.173112
31.912098
29.382632
27.020135
24.932083
23.172228
21.573001
19.842406
18.440335
16.814060
15.483042
14.256373
13.111104
12.118168
11.124804
10.291950
9.306948
8.513486
7.773740
7.034886
6.449541
5.741679
5.281496
4.807705
4.408969
4.017490
3.581407
3.271979
3.102842
2.802657
2.557468
2.319432
2.096395
1.896365
1.741939
1.589614
1.484808
1.331640
1.233623
1.106082
1.019663
0.906020
0.806105
0.716531
0.647829
0.569817
0.522605
0.499443
0.428873
0.366525
0.308991
0.270674
0.240249
0.213158
0.185863
0.174060
0.147438
0.129752
0.120753
0.104173
0.093273
0.090388
0.079872
0.072525
0.057744
0.051536
0.035440
0.033903
0.031104
0.027434
0.025809
0.023879
0.012743
0.012263
0.008299
0.005100
0.004395
0.006627
0.003819
0.001159
0.001736
0.000359
0.000441
0.000238
0.000000
0.000000
0.000000
0.000000
0.000000
0.000000
0.000000
0.000000
0.000000
0.000000
0.000000
0.000000
0.000000
0.000000
0.000000
0.000000
0.000000
0.000000
0.000000
0.000000
0.000000
0.000000
0.000000
0.000000
0.000000
0.000000
0.000000
0.000000
0.000000
0.000000
0.000000
0.000000
0.000000
0.000000
0.000000
0.000000
0.000000
0.000000
0.000000
0.000000
0.000000
0.000000
0.000000
0.000000
0.000000
0.000000
0.000000
0.000000
0.000000
0.000000
0.000000
0.000000
0.000000
0.000000
0.000000
0.000000
0.000000
0.000000
0.000000
0.000000
0.000000
0.000000
0.000000
0.000000
0.000000
0.000000
0.000000
0.000000
0.000000
0.000000
0.000000
0.000000
0.000000
0.000000
0.000000
0.000000
0.000000
0.000000
0.000000
0.000000
0.000000
0.000000
0.000000
0.000000
0.000000
0.000000
0.000000
0.000000
0.000000
0.000000
0.000000
0.000000
0.000000
0.000000
0.000000
0.000000
0.000000
0.000000
0.000000
0.000000
0.000000
0.000000
0.000000
0.000000
0.000000
0.000000
0.000000
0.000000
0.000000
0.000000
0.000000
0.000000
0.000000
0.000000
0.000000
0.000000
0.000000
0.000000
0.000000
0.000000
0.000000
0.000000
0.000000
0.000000
0.000000
0.000000
0.000000
0.000000
0.000000
0.000000
0.000000
0.000000
0.000000
0.000000
0.000000
0.000000
0.000000
0.000000
0.000000
0.000000
0.000000
0.000000
0.000000
0.000000
0.000000
0.000000
0.000000
0.000000
0.000000
0.000000
0.000000
0.000000
0.000000
0.000000
0.000000
0.000000
0.000000
0.000000
0.000000
0.000000
0.000000
0.000000
0.000000
0.000000
0.000000
0.000000
0.000000
0.000000
0.000000
0.000000
0.000000
0.000000
0.000000
0.000000
0.000000
0.000000
0.000000
0.000000
0.000000
0.000000
0.000000
0.000000
0.000000
0.000000
0.000000
0.000000
0.000000
0.000000
0.000000
0.000000
0.000000
0.000000
0.000000
0.000000
0.000000
0.000000
0.000000
0.000000
0.000000
0.000000
0.000000
0.000000
0.000000
0.000000
0.000000
0.000000
0.000000
0.000000
0.000000
0.000000
0.000000
0.000000
0.000000
0.000000
0.000000
0.000000
0.000000
0.000000
0.000000
0.000000
0.000000
0.000000
0.000000
0.000000
0.000000
0.000000
0.000000
0.000000
0.000000
0.000000
0.000000
0.000000
0.000000
0.000000
0.000000
0.000000
0.000000
0.000000
0.000000
0.000000
0.000000
0.000000
0.000000
0.000000
0.000000
0.000000
0.000000
0.000000
0.000000
0.000000
0.000000
0.000000
0.000000
0.000000
0.000000
0.000000
0.000000
0.000000
0.000000
0.000000
0.000000
0.000000
0.000000
0.000000
0.000000
0.000000
0.000000
0.000000
0.000000
0.000000
0.000000
0.000000
0.000000
0.000000
0.000000
0.000000
0.000000
0.000000
0.000000
0.000000
0.000000
0.000000
0.000000
0.000000
0.000000
0.000000
0.000000
0.000000
0.000000
0.000000
0.000000
0.000000
0.000000
0.000000
0.000000
0.000000
0.000000
0.000000
0.000000
0.000000
0.000000
0.000000
0.000000
0.000000
0.000000
0.000000
0.000000
0.000000
0.000000
0.000000
0.000000
0.000000
0.000000
0.000000
0.000000
0.000000
0.000000
0.000000
0.000000
0.000000
0.000000
0.000000
0.000000
0.000000
0.000000
0.000000
0.000000
0.000000
0.000000
0.000000
0.000000
0.000000
0.000000
0.000000
0.000000
0.000000
0.000000
0.000000
0.000000
0.000000
0.000000
0.000000
0.000000
0.000000
0.000000
0.000000
0.000000
0.000000
0.000000
0.000000
0.000000
0.000000
0.000000
0.000000
0.000000
0.000000
0.000000
0.000000
0.000000
0.000000
0.000000
0.000000
0.000000
0.000000
0.000000
0.000000
0.000000
0.000000
0.000000
0.000000
0.000000
0.000000
0.000000
0.000000
0.000000
0.000000
0.000000
0.000000
0.000000
0.000000
0.000000
0.000000
0.000000
0.000000
0.000000
0.000000
0.000000
0.000000
0.000000
0.000000
0.000000
0.000000
0.000000
0.000000
0.000000
0.000000
0.000000
0.000000
0.000000
0.000000
0.000000
0.000000
0.000000
0.000000
0.000000
0.000000
0.000000
0.000000
0.000000
0.000000
0.000000
0.000000
0.000000
0.000000
0.000000
0.000000
0.000000
0.000000
0.000000
0.000000
0.000000
0.000000
0.000000
0.000000
0.000000
0.000000
0.000000
0.000000
0.000000
0.000000
0.000000
0.000000
0.000000
0.000000
0.000000
0.000000
0.000000
0.000000
0.000000
0.000000
0.000000
0.000000
0.000000
0.000000
0.000000
0.000000
0.000000
0.000000
0.000000
0.000000
0.000000
0.000000
0.000000
0.000000
0.000000
0.000000
0.000000
0.000000
0.000000
0.000000
0.000000
0.000000
0.000000
0.000000
0.000000
0.000000
0.000000
0.000000
0.000000
0.000000
0.000000
0.000000
0.000000
0.000000
0.000000
0.000000
0.000000
0.000000
0.000000
0.000000
0.000000
0.000000
0.000000
0.000000
0.000000
0.000000
0.000000
0.000000
0.000000
0.000000
0.000000
0.000000
0.000000
0.000000
0.000000
0.000000
0.000000
0.000000
0.000000
0.000000
0.000000
0.000000
0.000000
0.000000
0.000000
0.000000
0.000000
0.000000
0.000000
0.000000
0.000000
0.000000
0.000000
0.000000
0.000000
0.000000
0.000000
0.000000
0.000000
0.000000
0.000000
0.000000
0.000000
0.000000
0.000000
0.000000
0.000000
0.000000
0.000000
0.000000
0.000000
0.000000
0.000000
0.000000
0.000000
0.000000
0.000000
0.000000
0.000000
0.000000
0.000000
0.000000
0.000000
0.000000
0.000000
0.000000
0.000000
0.000000
0.000000
0.000000
0.000000
0.000000
0.000000
0.000000
0.000000
0.000000
0.000000
0.000000
0.000000
0.000000
0.000000
0.000000
0.000000
0.000000
0.000000
0.000000
0.000000
0.000000
0.000000
0.000000
0.000000
0.000000
0.000000
0.000000
0.000000
0.000000
0.000000
0.000000
0.000000
0.000000
0.000000
0.000000
0.000000
0.000000
0.000000
0.000000
0.000000
0.000000
0.000000
0.000000
0.000000
0.000000
0.000000
0.000000
0.000000
0.000000
0.000000
0.000000
0.000000
0.000000
0.000000
0.000000
0.000000
0.000000
0.000000
0.000000
0.000000
0.000000
0.000000
0.000000
0.000000
0.000000
0.000000
0.000000
0.000000
0.000000
0.000000
0.000000
0.000000
0.000000
0.000000
0.000000
0.000000
0.000000
0.000000
0.000000
0.000000
0.000000
0.000000
0.000000
0.000000
0.000000
0.000000
0.000000
0.000000
0.000000
0.000000
0.000000
0.000000
0.000000
0.000000
0.000000
0.000000
0.000000
0.000000
