0.000000
0.000000
0.000000
0.000000
0.000000
0.000000
0.000000
0.000000
0.000000
1.198749
0.930574
2.307060
7.929708
18.400583
36.367939
71.930179
139.587370
225.162098
323.190986
436.236028
639.956626
900.629969
1281.535399
1750.204489
2261.214028
2925.312519
3705.998314
4629.441374
5585.174631
6913.554468
8315.399960
9891.148754
11547.485592
13312.760595
15408.384497
17469.985874
19692.538874
22239.233379
24850.732115
27549.352987
30475.919300
33415.575044
36021.914129
38836.987167
41826.760234
44725.209541
47701.634447
50665.307198
53214.130693
56059.838153
58603.206568
61192.044342
63856.971249
66431.123333
68964.957442
71262.336408
73536.353783
75576.719486
77925.561774
80236.154404
82058.709321
83718.273817
85196.359107
86508.336565
87953.759032
89231.102786
90947.209952
92217.449919
93042.439210
94085.942684
95239.622151
95671.096617
96131.438022
96645.854361
97111.259538
97497.314088
97817.498166
98083.299450
98380.782853
98393.748499
98503.644283
98321.798340
98065.746576
97678.049368
97310.300255
97117.286284
96527.886271
96321.905907
95873.424712
95767.624965
95165.572708
94432.490827
93507.474007
92957.815578
92227.764584
91568.483190
91047.276600
90163.816687
89499.868757
88727.754516
88020.176916
87183.992042
86471.656760
85705.229993
84765.012218
83867.774643
82800.682404
82098.875330
81246.594955
80378.143019
79509.425437
78818.026543
77770.250109
76716.863606
75630.862745
74868.257179
73719.040864
72649.787631
71773.618245
70817.275338
69749.036425
68776.459310
67658.085563
66418.045554
65425.341657
64417.628612
63622.799111
62679.561426
61627.700750
60658.343107
59807.059081
58798.212784
57718.073185
56582.498656
55384.722614
54389.832375
53527.672583
52744.396599
51897.664920
50981.469896
50212.949460
49352.933324
48510.110674
47795.305429
47072.996119
46152.902408
45224.261320
44369.772038
43402.346882
42675.636164
41844.722627
41030.569215
40228.836895
39449.302483
38669.388574
37903.476867
37280.212331
36439.053713
35750.985124
35021.578401
34141.790856
33460.970273
32763.168735
32082.429988
31376.217633
30784.668615
30057.957537
29412.359405
28841.123599
28142.528597
27574.832408
27067.665444
26526.366875
25974.774422
25341.960217
24719.216667
24181.346571
23432.357995
22857.016512
22228.693521
21618.998782
21167.663633
20557.152112
20061.915559
19517.770893
18884.021248
18416.895908
17937.921441
17456.521560
16977.150441
16437.295628
16004.309871
15556.495119
15133.431166
14755.843672
14359.307232
14010.696163
13599.289750
13232.066412
12832.286325
12449.753532
12068.217628
11714.725442
11391.200170
11110.472618
10826.745845
10545.167289
10202.353240
9894.352790
9576.983578
9262.399358
8947.896973
8727.198292
8481.429821
8198.766016
7955.250394
7724.409628
7482.862738
7194.421953
6953.147308
6699.478403
6482.763383
6299.630131
6080.347606
5887.134623
5723.705053
5534.836088
5323.719146
5157.398794
5012.717054
4837.750658
4681.494931
4528.763944
4405.500014
4252.931646
4104.979492
3964.842750
3859.540502
3715.568631
3547.783923
3428.167797
3328.465140
3247.420679
3128.371995
3002.636770
2896.368557
2796.770249
2684.775273
2601.494899
2508.879391
2409.012766
2310.311993
2207.317133
2142.239438
2069.210738
1983.890722
1918.392158
1858.442376
1790.544557
1714.993161
1654.574035
1586.812347
1503.594510
1437.337687
1377.181173
1312.910938
1253.405487
1194.417006
1129.899643
1077.798383
1040.762765
977.671814
925.121274
889.232474
847.629669
805.368757
760.098099
733.720958
702.963116
661.620451
627.716986
593.009991
574.388356
549.975379
523.444658
495.119002
478.970244
461.019373
436.060787
419.788936
400.055721
380.428176
350.138206
333.931716
316.133051
296.950025
286.813472
276.445361
255.954834
238.986766
227.284830
220.129291
212.401425
202.355135
189.490675
180.870809
166.596798
158.470147
154.746883
145.818735
133.610940
127.043936
118.857474
111.171638
102.444433
103.536966
102.787520
94.390958
89.010658
85.587726
78.311560
74.267116
69.483753
65.511283
59.136989
55.892644
51.161128
48.174317
47.758321
44.592271
39.320267
37.227157
32.612269
30.797533
27.229064
25.527215
21.462833
21.168605
18.326320
19.188158
17.968793
16.116498
15.234790
14.257102
13.173898
12.390184
11.017773
9.403127
8.735227
7.423374
6.710937
6.456538
5.234347
6.016205
5.898125
5.801232
6.103320
5.321968
5.871148
5.917365
5.461582
5.414868
4.844891
4.907718
5.237066
4.812654
3.684264
2.862382
2.408467
2.113429
2.156412
1.727380
1.637122
1.543480
1.194979
1.244974
1.550900
1.296636
1.505361
1.481802
1.254756
1.223003
1.358385
1.131349
1.099235
1.397384
1.302326
1.163163
1.212026
1.466434
1.818662
0.919352
0.906427
1.027322
0.813493
1.319642
1.267521
1.253905
1.489988
1.243173
1.371000
0.931412
0.582151
0.419465
0.641062
0.411697
0.264220
0.127971
0.168237
0.219150
0.457141
0.394242
0.525533
0.242446
0.163194
0.302902
0.237637
0.301684
0.328771
0.032268
0.059348
0.033962
0.000000
0.000000
0.000000
0.000000
0.000000
0.000000
0.000000
0.000000
0.000000
0.000000
0.000000
0.000000
0.000000
0.000000
0.000000
0.000000
0.000000
0.000000
0.000000
0.000000
0.000000
0.000000
0.000000
0.000000
0.000000
0.000000
0.000000
0.000000
0.000000
0.000000
0.000000
0.000000
0.000000
0.000000
0.000000
0.000000
0.000000
0.000000
0.000000
0.000000
0.000000
0.000000
0.000000
0.000000
0.000000
0.000000
0.000000
0.000000
0.000000
0.000000
0.000000
0.000000
0.000000
0.000000
0.000000
0.000000
0.000000
0.000000
0.000000
0.000000
0.000000
0.000000
0.000000
0.000000
0.000000
0.000000
0.000000
0.000000
0.000000
0.000000
0.000000
0.000000
0.000000
0.000000
0.000000
0.000000
0.000000
0.000000
0.000000
0.000000
0.000000
0.000000
0.000000
0.000000
0.000000
0.000000
0.000000
0.000000
0.000000
0.000000
0.000000
0.000000
0.000000
0.000000
0.000000
0.000000
0.000000
0.000000
0.000000
0.000000
0.000000
0.000000
0.000000
0.000000
0.000000
0.000000
0.000000
0.000000
0.000000
0.000000
0.000000
0.000000
0.000000
0.000000
0.000000
0.000000
0.000000
0.000000
0.000000
0.000000
0.000000
0.000000
0.000000
0.000000
0.000000
0.000000
0.000000
0.000000
0.000000
0.000000
0.000000
0.000000
0.000000
0.000000
0.000000
0.000000
0.000000
0.000000
0.000000
0.000000
0.000000
0.000000
0.000000
0.000000
0.000000
0.000000
0.000000
0.000000
0.000000
0.000000
0.000000
0.000000
0.000000
0.000000
0.000000
0.000000
0.000000
0.000000
0.000000
0.000000
0.000000
0.000000
0.000000
0.000000
0.000000
0.000000
0.000000
0.000000
0.000000
0.000000
0.000000
0.000000
0.000000
0.000000
0.000000
0.000000
0.000000
0.000000
0.000000
0.000000
0.000000
0.000000
0.000000
0.000000
0.000000
0.000000
0.000000
0.000000
0.000000
0.000000
0.000000
0.000000
0.000000
0.000000
0.000000
0.000000
0.000000
0.000000
0.000000
0.000000
0.000000
0.000000
0.000000
0.000000
0.000000
0.000000
0.000000
0.000000
0.000000
0.000000
0.000000
0.000000
0.000000
0.000000
0.000000
0.000000
0.000000
0.000000
0.000000
0.000000
0.000000
0.000000
0.000000
0.000000
0.000000
0.000000
0.000000
0.000000
0.000000
0.000000
0.000000
0.000000
0.000000
0.000000
0.000000
0.000000
0.000000
0.000000
0.000000
0.000000
0.000000
0.000000
0.000000
0.000000
0.000000
0.000000
0.000000
0.000000
0.000000
0.000000
0.000000
0.000000
0.000000
0.000000
0.000000
0.000000
0.000000
0.000000
0.000000
0.000000
0.000000
0.000000
0.000000
0.000000
0.000000
0.000000
0.000000
0.000000
0.000000
0.000000
0.000000
0.000000
0.000000
0.000000
0.000000
0.000000
0.000000
0.000000
0.000000
0.000000
0.000000
0.000000
0.000000
0.000000
0.000000
0.000000
0.000000
0.000000
0.000000
0.000000
0.000000
0.000000
0.000000
0.000000
0.000000
0.000000
0.000000
0.000000
0.000000
0.000000
0.000000
0.000000
0.000000
0.000000
0.000000
0.000000
0.000000
0.000000
0.000000
0.000000
0.000000
0.000000
0.000000
0.000000
0.000000
0.000000
0.000000
0.000000
0.000000
0.000000
0.000000
0.000000
0.000000
0.000000
0.000000
0.000000
0.000000
0.000000
0.000000
0.000000
0.000000
0.000000
0.000000
0.000000
0.000000
0.000000
0.000000
0.000000
0.000000
0.000000
0.000000
0.000000
0.000000
0.000000
0.000000
0.000000
0.000000
0.000000
0.000000
0.000000
0.000000
0.000000
0.000000
0.000000
0.000000
0.000000
0.000000
0.000000
0.000000
0.000000
0.000000
0.000000
0.000000
0.000000
0.000000
0.000000
0.000000
0.000000
0.000000
0.000000
0.000000
0.000000
0.000000
0.000000
0.000000
0.000000
0.000000
0.000000
0.000000
0.000000
0.000000
0.000000
0.000000
0.000000
0.000000
0.000000
0.000000
0.000000
0.000000
0.000000
0.000000
0.000000
0.000000
0.000000
0.000000
0.000000
0.000000
0.000000
0.000000
0.000000
0.000000
0.000000
0.000000
0.000000
0.000000
0.000000
0.000000
0.000000
0.000000
0.000000
0.000000
0.000000
0.000000
0.000000
0.000000
0.000000
0.000000
0.000000
0.000000
0.000000
0.000000
0.000000
0.000000
0.000000
0.000000
0.000000
0.000000
0.000000
0.000000
0.000000
0.000000
0.000000
0.000000
0.000000
0.000000
0.000000
0.000000
0.000000
0.000000
0.000000
0.000000
0.000000
0.000000
0.000000
0.000000
0.000000
0.000000
0.000000
0.000000
0.000000
0.000000
0.000000
0.000000
0.000000
0.000000
0.000000
0.000000
0.000000
0.000000
0.000000
0.000000
0.000000
0.000000
0.000000
0.000000
0.000000
0.000000
0.000000
0.000000
0.000000
0.000000
0.000000
0.000000
0.000000
0.000000
0.000000
0.000000
0.000000
0.000000
0.000000
0.000000
0.000000
0.000000
0.000000
0.000000
0.000000
0.000000
0.000000
0.000000
0.000000
0.000000
0.000000
0.000000
0.000000
0.000000
0.000000
0.000000
0.000000
0.000000
0.000000
0.000000
0.000000
0.000000
0.000000
0.000000
0.000000
0.000000
0.000000
0.000000
0.000000
0.000000
0.000000
0.000000
0.000000
0.000000
0.000000
0.000000
0.000000
0.000000
0.000000
0.000000
0.000000
0.000000
0.000000
0.000000
0.000000
0.000000
0.000000
0.000000
0.000000
0.000000
0.000000
0.000000
0.000000
0.000000
0.000000
0.000000
0.000000
0.000000
0.000000
0.000000
0.000000
0.000000
0.000000
0.000000
0.000000
0.000000
0.000000
0.000000
0.000000
0.000000
0.000000
0.000000
0.000000
0.000000
0.000000
0.000000
0.000000
0.000000
0.000000
0.000000
0.000000
0.000000
0.000000
0.000000
0.000000
0.000000
0.000000
0.000000
0.000000
0.000000
0.000000
0.000000
0.000000
0.000000
0.000000
0.000000
0.000000
0.000000
