0.000000
0.000000
0.000000
0.000000
0.000000
0.000000
0.000000
0.000000
0.000000
0.000000
0.000000
0.000000
0.000000
0.000000
0.000000
0.000000
0.000000
0.002587
0.010648
0.001962
0.008579
0.008064
0.032560
0.112947
0.186435
0.339551
0.683114
1.197538
2.581684
4.372370
8.078734
13.173027
22.038295
34.825974
55.896944
84.807574
128.051070
185.981314
274.089559
388.114757
545.934737
753.154660
1029.847499
1372.017478
1822.465330
2381.541588
3072.060940
3914.846592
4939.936554
6156.540493
7601.726403
9283.487764
11227.919020
13457.747570
16005.822601
18839.399869
21985.459282
25470.899809
29275.995402
33396.935797
37851.599355
42595.360303
47606.430082
52896.900466
58421.025517
64143.323797
70050.622280
76072.807397
82202.460330
88411.265207
94623.331931
100824.104282
106989.552871
113031.215066
118978.621969
124749.782257
130327.128140
135677.145853
140758.479104
145621.561223
150187.389722
154399.524740
158327.873201
161883.250487
165168.998001
168029.401248
170600.674087
172769.133014
174617.753737
176139.828569
177276.767465
178145.759452
178615.135514
178822.603795
178676.656224
178286.059836
177536.059594
176587.885437
175311.863320
173778.970552
172020.756907
170043.651800
167805.745350
165392.116319
162757.059179
159975.709299
156997.786000
153876.595508
150571.233054
147178.109854
143612.305703
139956.076931
136172.638252
132296.494002
128358.036109
124350.250342
120277.167521
116165.202543
112009.182940
107820.149796
103635.975300
99433.305335
95238.581977
91058.233287
86915.640576
82821.882924
78770.799265
74771.670634
70869.534467
66994.566512
63244.679146
59558.291996
56002.814181
52532.925088
49178.994765
45940.742970
42835.658992
39844.731388
36989.202128
34256.695675
31660.481422
29184.504669
26850.913254
24639.777373
22565.046954
20611.821406
18784.542388
17072.645701
15480.227548
14010.596553
12642.167255
11384.365418
10217.551623
9157.165309
8186.237503
7292.713541
6486.610848
5747.107056
5088.576232
4485.165123
3951.203870
3464.324861
3038.148064
2651.046782
2308.654928
2006.150454
1737.656027
1502.999062
1293.666051
1112.382203
954.125231
815.626244
695.925566
592.108983
502.570673
424.629229
358.839595
302.049124
254.035846
212.570202
177.649525
148.017736
123.085125
102.481742
84.176866
70.054263
57.114066
47.305828
38.223772
31.372742
25.525793
20.636078
16.782992
13.497833
10.948523
8.766574
7.035175
5.579209
4.449073
3.534062
2.816720
2.238952
1.768125
1.353432
1.076943
0.837604
0.652872
0.505104
0.412545
0.314399
0.251656
0.184691
0.142075
0.105192
0.088089
0.062743
0.047860
0.035746
0.024784
0.020345
0.016255
0.011905
0.006650
0.007427
0.004304
0.003587
0.002395
0.000961
0.001413
0.002517
0.000588
0.000460
0.000458
0.000292
0.000000
0.000000
0.000000
0.000000
0.000000
0.000000
0.000000
0.000000
0.000000
0.000000
0.000000
0.000000
0.000000
0.000000
0.000000
0.000000
0.000000
0.000000
0.000000
0.000000
0.000000
0.000000
0.000000
0.000000
0.000000
0.000000
0.000000
0.000000
0.000000
0.000000
0.000000
0.000000
0.000000
0.000000
0.000000
0.000000
0.000000
0.000000
0.000000
0.000000
0.000000
0.000000
0.000000
0.000000
0.000000
0.000000
0.000000
0.000000
0.000000
0.000000
0.000000
0.000000
0.000000
0.000000
0.000000
0.000000
0.000000
0.000000
0.000000
0.000000
0.000000
0.000000
0.000000
0.000000
0.000000
0.000000
0.000000
0.000000
0.000000
0.000000
0.000000
0.000000
0.000000
0.000000
0.000000
0.000000
0.000000
0.000000
0.000000
0.000000
0.000000
0.000000
0.000000
0.000000
0.000000
0.000000
0.000000
0.000000
0.000000
0.000000
0.000000
0.000000
0.000000
0.000000
0.000000
0.000000
0.000000
0.000000
0.000000
0.000000
0.000000
0.000000
0.000000
0.000000
0.000000
0.000000
0.000000
0.000000
0.000000
0.000000
0.000000
0.000000
0.000000
0.000000
0.000000
0.000000
0.000000
0.000000
0.000000
0.000000
0.000000
0.000000
0.000000
0.000000
0.000000
0.000000
0.000000
0.000000
0.000000
0.000000
0.000000
0.000000
0.000000
0.000000
0.000000
0.000000
0.000000
0.000000
0.000000
0.000000
0.000000
0.000000
0.000000
0.000000
0.000000
0.000000
0.000000
0.000000
0.000000
0.000000
0.000000
0.000000
0.000000
0.000000
0.000000
0.000000
0.000000
0.000000
0.000000
0.000000
0.000000
0.000000
0.000000
0.000000
0.000000
0.000000
0.000000
0.000000
0.000000
0.000000
0.000000
0.000000
0.000000
0.000000
0.000000
0.000000
0.000000
0.000000
0.000000
0.000000
0.000000
0.000000
0.000000
0.000000
0.000000
0.000000
0.000000
0.000000
0.000000
0.000000
0.000000
0.000000
0.000000
0.000000
0.000000
0.000000
0.000000
0.000000
0.000000
0.000000
0.000000
0.000000
0.000000
0.000000
0.000000
0.000000
0.000000
0.000000
0.000000
0.000000
0.000000
0.000000
0.000000
0.000000
0.000000
0.000000
0.000000
0.000000
0.000000
0.000000
0.000000
0.000000
0.000000
0.000000
0.000000
0.000000
0.000000
0.000000
0.000000
0.000000
0.000000
0.000000
0.000000
0.000000
0.000000
0.000000
0.000000
0.000000
0.000000
0.000000
0.000000
0.000000
0.000000
0.000000
0.000000
0.000000
0.000000
0.000000
0.000000
0.000000
0.000000
0.000000
0.000000
0.000000
0.000000
0.000000
0.000000
0.000000
0.000000
0.000000
0.000000
0.000000
0.000000
0.000000
0.000000
0.000000
0.000000
