0.000000
0.000000
0.000000
0.000000
0.000000
0.000000
0.000000
0.000000
0.000000
0.000000
0.000000
0.000000
0.000000
0.029119
0.130787
0.202509
0.641841
1.012738
2.091118
3.571709
7.036437
15.978487
30.962352
54.622693
93.223649
156.383040
245.342131
385.765503
583.389607
869.254259
1249.142785
1760.681049
2448.951733
3335.728699
4430.761500
5813.383803
7489.882440
9432.556138
11707.012507
14370.408350
17396.485963
20840.503621
24583.416409
28735.445892
33129.315393
37741.763868
42680.519302
47784.980886
53023.916366
58303.246736
63567.822335
68880.806552
74057.538719
79122.153514
83910.897376
88500.565810
92849.759188
96859.635532
100604.402790
103955.752582
106958.427328
109708.723533
111991.599207
113937.849447
115620.267307
116911.742992
117977.170973
118643.501249
119125.830180
119377.082485
119454.121993
119309.806308
118911.763180
118443.986265
117702.067437
116902.254951
115904.280189
114849.372104
113761.206092
112569.349002
111448.807869
110196.730383
109079.549381
107817.404116
106619.012280
105388.180887
104081.210059
102837.060410
101663.270546
100461.717799
99206.866092
98015.722090
96917.092212
95853.613927
94696.582909
93656.654943
92667.955174
91722.755470
90757.203385
89879.867974
89004.526032
88153.420101
87330.556271
86599.022720
85855.534312
85207.723697
84498.730465
83881.247348
83265.542462
82667.947136
82116.653484
81537.458113
81006.380532
80489.606496
79956.378753
79404.338495
78878.730185
78343.431281
77823.385863
77315.766006
76735.976655
76135.666291
75523.855339
74939.477448
74340.339638
73663.163481
72931.756892
72184.284327
71460.319909
70661.324159
69842.851311
69014.395603
68094.189943
67095.335777
66083.921752
65043.021517
63977.873918
62854.217513
61670.537721
60407.775415
59143.618161
57840.398939
56523.076099
55147.466832
53738.911628
52288.430855
50811.526211
49315.706233
47821.338697
46302.164076
44743.361231
43236.487193
41686.402164
40150.753754
38612.495259
37054.278669
35529.393506
34026.255398
32523.077501
31052.698692
29586.145807
28157.500439
26732.651295
25345.486984
24011.444255
22693.972240
21408.025975
20157.641018
18965.753919
17809.223445
16692.123842
15627.983924
14584.737090
13602.755391
12675.158242
11787.787919
10937.995622
10143.609876
9383.419742
8671.233103
7994.220741
7365.136044
6768.834172
6213.710940
5688.162541
5204.666997
4746.371425
4322.249222
3922.788684
3560.877741
3219.477311
2907.044804
2623.574598
2363.486377
2118.339982
1905.858497
1701.895325
1524.139322
1364.321731
1215.329910
1079.186488
957.392628
849.617361
747.832666
663.043403
583.977546
512.582959
449.424728
394.245634
342.763900
297.948689
257.946836
224.881167
195.366894
168.357739
145.455790
125.417512
107.645432
92.909773
80.452296
68.754977
58.108084
49.539252
41.568536
35.588547
29.853878
24.549236
20.605413
17.307232
14.138994
11.763397
10.157179
8.396922
6.996186
5.914190
4.811271
3.943778
3.304458
2.629565
2.188514
1.850523
1.442972
1.103255
0.929945
0.758874
0.553598
0.427416
0.313311
0.273438
0.173944
0.143094
0.143364
0.111194
0.112205
0.101495
0.074739
0.089810
0.066497
0.063595
0.066713
0.037328
0.028856
0.019559
0.016003
0.019458
0.021361
0.024821
0.019398
0.013069
0.015869
0.014617
0.013362
0.005752
0.001385
0.001871
0.001396
0.000000
0.000000
0.000000
0.000000
0.000000
0.000000
0.000000
0.000000
0.000000
0.000000
0.000000
0.000000
0.000000
0.000000
0.000000
0.000000
0.000000
0.000000
0.000000
0.000000
0.000000
0.000000
0.000000
0.000000
0.000000
0.000000
0.000000
0.000000
0.000000
0.000000
0.000000
0.000000
0.000000
0.000000
0.000000
0.000000
0.000000
0.000000
0.000000
0.000000
0.000000
0.000000
0.000000
0.000000
0.000000
0.000000
0.000000
0.000000
0.000000
0.000000
0.000000
0.000000
0.000000
0.000000
0.000000
0.000000
0.000000
0.000000
0.000000
0.000000
0.000000
0.000000
0.000000
0.000000
0.000000
0.000000
0.000000
0.000000
0.000000
0.000000
0.000000
0.000000
0.000000
0.000000
0.000000
0.000000
0.000000
0.000000
0.000000
0.000000
0.000000
0.000000
0.000000
0.000000
0.000000
0.000000
0.000000
0.000000
0.000000
0.000000
0.000000
0.000000
0.000000
0.000000
0.000000
0.000000
0.000000
0.000000
0.000000
0.000000
0.000000
0.000000
0.000000
0.000000
0.000000
0.000000
0.000000
0.000000
0.000000
0.000000
0.000000
0.000000
0.000000
0.000000
0.000000
0.000000
0.000000
0.000000
0.000000
0.000000
0.000000
0.000000
0.000000
0.000000
0.000000
0.000000
0.000000
0.000000
0.000000
0.000000
0.000000
0.000000
0.000000
0.000000
0.000000
0.000000
0.000000
0.000000
0.000000
0.000000
0.000000
0.000000
0.000000
0.000000
0.000000
0.000000
0.000000
0.000000
0.000000
0.000000
0.000000
0.000000
0.000000
0.000000
0.000000
0.000000
0.000000
0.000000
0.000000
0.000000
0.000000
0.000000
0.000000
0.000000
0.000000
0.000000
0.000000
0.000000
0.000000
0.000000
0.000000
0.000000
0.000000
0.000000
0.000000
0.000000
0.000000
0.000000
0.000000
0.000000
0.000000
0.000000
0.000000
0.000000
0.000000
0.000000
0.000000
0.000000
0.000000
0.000000
0.000000
0.000000
0.000000
0.000000
0.000000
0.000000
0.000000
0.000000
0.000000
0.000000
0.000000
0.000000
0.000000
0.000000
0.000000
0.000000
0.000000
0.000000
0.000000
0.000000
0.000000
0.000000
0.000000
0.000000
0.000000
0.000000
0.000000
0.000000
0.000000
0.000000
0.000000
0.000000
0.000000
0.000000
0.000000
