0.000000
0.000000
0.000000
0.000000
0.000000
0.000000
0.000000
0.000000
0.000000
0.000000
0.000000
0.000000
0.001228
0.056877
0.085840
0.451096
1.734151
3.120421
6.297472
12.641073
25.137581
45.499275
78.354875
138.816024
233.791239
383.007980
601.112549
916.476697
1365.581570
1970.894575
2794.213002
3894.422556
5300.250278
7055.000800
9257.600251
11917.351817
15053.985963
18730.637940
22934.343722
27675.055065
32981.113410
38720.493857
44983.772812
51576.059478
58506.511445
65684.963715
72882.474194
80160.442335
87397.910944
94624.626037
101395.291607
107909.649125
114053.252321
119644.603689
124834.304228
129411.544120
133451.857819
136839.291617
139654.226763
141804.067193
143375.506864
144319.576502
144774.124696
144822.623713
144299.051531
143346.246119
142066.596707
140430.915831
138476.412323
136333.909373
133839.141252
131336.605660
128577.526006
125825.019629
122980.682736
120064.493916
117154.805312
114296.753892
111429.389941
108569.185253
105801.549597
103081.250592
100476.120454
97939.031331
95521.802186
93215.652775
90991.891861
88923.840210
86899.235404
85034.370331
83265.125879
81620.746172
80068.514843
78601.118194
77248.839597
75980.982382
74802.284060
73693.751087
72730.500408
71769.258389
70916.113681
70151.501851
69434.937056
68832.634394
68227.168701
67749.508735
67288.646835
66884.468674
66479.500199
66170.136395
65866.707537
65622.898787
65377.664606
65189.944645
64980.181768
64773.871507
64637.602337
64487.151225
64327.973560
64185.462374
64038.327381
63832.798829
63632.064691
63400.953160
63131.448112
62853.475028
62530.985306
62155.123247
61723.211947
61286.778396
60774.977472
60216.955317
59609.975610
58920.192525
58192.443002
57423.525192
56575.702452
55663.686953
54687.224412
53660.274175
52575.302348
51416.952475
50238.053968
48993.086874
47708.774000
46376.841102
45026.746724
43624.349970
42155.900209
40697.947080
39203.811403
37714.544510
36200.337417
34677.356128
33150.517247
31625.358173
30119.079033
28629.697292
27145.409704
25694.128393
24254.735413
22859.382290
21502.083050
20170.175672
18891.414122
17644.761542
16446.924076
15286.668562
14190.309122
13131.647794
12120.697415
11169.392245
10270.936418
9405.611862
8606.024230
7852.197735
7148.977883
6491.789775
5879.386478
5311.058364
4792.378590
4311.825284
3873.316920
3465.864145
3100.129714
2759.218674
2455.560464
2171.979454
1923.552736
1695.986874
1490.587197
1307.066917
1147.656824
1001.424640
872.166537
760.008113
656.852778
568.761112
489.192955
421.071245
360.976152
310.077109
264.582249
224.116548
190.941106
161.718676
136.230680
114.926352
96.777016
80.572926
67.816766
56.186552
47.034524
39.615075
33.287863
27.629305
22.836028
18.868097
15.424097
12.656295
10.303819
8.439796
6.867144
5.563044
4.539496
3.611662
2.951934
2.278267
1.884635
1.493229
1.186635
0.961524
0.766165
0.520663
0.467399
0.372176
0.329934
0.287292
0.217296
0.149180
0.119468
0.086817
0.063811
0.062883
0.047159
0.033756
0.044684
0.020267
0.023660
0.015198
0.009047
0.008485
0.006551
0.003280
0.002267
0.001810
0.004243
0.002932
0.000785
0.000000
0.000000
0.000000
0.000000
0.000000
0.000000
0.000000
0.000000
0.000000
0.000000
0.000000
0.000000
0.000000
0.000000
0.000000
0.000000
0.000000
0.000000
0.000000
0.000000
0.000000
0.000000
0.000000
0.000000
0.000000
0.000000
0.000000
0.000000
0.000000
0.000000
0.000000
0.000000
0.000000
0.000000
0.000000
0.000000
0.000000
0.000000
0.000000
0.000000
0.000000
0.000000
0.000000
0.000000
0.000000
0.000000
0.000000
0.000000
0.000000
0.000000
0.000000
0.000000
0.000000
0.000000
0.000000
0.000000
0.000000
0.000000
0.000000
0.000000
0.000000
0.000000
0.000000
0.000000
0.000000
0.000000
0.000000
0.000000
0.000000
0.000000
0.000000
0.000000
0.000000
0.000000
0.000000
0.000000
0.000000
0.000000
0.000000
0.000000
0.000000
0.000000
0.000000
0.000000
0.000000
0.000000
0.000000
0.000000
0.000000
0.000000
0.000000
0.000000
0.000000
0.000000
0.000000
0.000000
0.000000
0.000000
0.000000
0.000000
0.000000
0.000000
0.000000
0.000000
0.000000
0.000000
0.000000
0.000000
0.000000
0.000000
0.000000
0.000000
0.000000
0.000000
0.000000
0.000000
0.000000
0.000000
0.000000
0.000000
0.000000
0.000000
0.000000
0.000000
0.000000
0.000000
0.000000
0.000000
0.000000
0.000000
0.000000
0.000000
0.000000
0.000000
0.000000
0.000000
0.000000
0.000000
0.000000
0.000000
0.000000
0.000000
0.000000
0.000000
0.000000
0.000000
0.000000
0.000000
0.000000
0.000000
0.000000
0.000000
0.000000
0.000000
0.000000
0.000000
0.000000
0.000000
0.000000
0.000000
0.000000
0.000000
0.000000
0.000000
0.000000
0.000000
0.000000
0.000000
0.000000
0.000000
0.000000
0.000000
0.000000
0.000000
0.000000
0.000000
0.000000
0.000000
0.000000
0.000000
0.000000
0.000000
0.000000
0.000000
0.000000
0.000000
0.000000
0.000000
0.000000
0.000000
0.000000
0.000000
0.000000
0.000000
0.000000
0.000000
0.000000
0.000000
0.000000
0.000000
0.000000
0.000000
0.000000
0.000000
0.000000
0.000000
0.000000
0.000000
0.000000
0.000000
0.000000
0.000000
0.000000
0.000000
0.000000
0.000000
0.000000
0.000000
0.000000
0.000000
0.000000
0.000000
0.000000
0.000000
0.000000
0.000000
0.000000
0.000000
0.000000
0.000000
0.000000
0.000000
0.000000
0.000000
0.000000
0.000000
0.000000
0.000000
0.000000
0.000000
0.000000
0.000000
