0.000000
0.000000
0.000000
0.000000
0.000000
0.000000
0.000000
0.000000
0.000000
0.000000
0.000000
0.000000
0.000000
0.000000
0.000000
0.000000
0.000000
0.019805
0.008786
0.008619
0.080543
0.260374
0.712928
1.287856
2.240992
3.873301
6.791517
10.399433
16.085527
28.712603
48.240917
76.627507
118.368784
177.667991
268.240906
390.865668
558.287745
787.742691
1076.185151
1458.740880
1966.008596
2580.105558
3337.697110
4260.153658
5361.985119
6650.966485
8176.656776
9939.636032
11933.649589
14198.154268
16734.170657
19526.772166
22558.731333
25847.862791
29414.658601
33294.297224
37294.861301
41520.954156
45881.149925
50441.270765
55080.468350
59832.253169
64697.354594
69580.989153
74461.886407
79279.053412
84116.297686
88843.213394
93390.188392
97807.933976
102092.731802
106274.335360
110275.323313
114057.338050
117623.144484
121010.787338
124139.736648
126938.391179
129586.649960
132015.256530
134191.263839
136129.511157
137866.358801
139303.467750
140543.500368
141617.955715
142537.082968
143218.813291
143741.509496
143976.689630
144158.410215
144255.639935
144146.204456
143867.786800
143489.700959
142943.044629
142271.267752
141473.816742
140490.274720
139538.933316
138335.317434
137155.347492
135873.166993
134428.093267
132956.385622
131367.208351
129767.266344
128055.055457
126305.396070
124428.280704
122559.540412
120637.569276
118545.644545
116448.667526
114296.050482
112062.495223
109778.315305
107499.657274
105189.901853
102877.686156
100508.422848
98144.537489
95658.034634
93206.704531
90680.852769
88205.855289
85720.425868
83176.555000
80699.483107
78164.628262
75643.863423
73098.138034
70559.760084
68082.581750
65612.487508
63124.414788
60690.196020
58300.013805
55909.972711
53554.748443
51235.044376
48971.587259
46751.369194
44557.909219
42414.347680
40332.323886
38286.127848
36310.219965
34379.220014
32488.909361
30664.871405
28920.868779
27248.247431
25610.033688
24010.189657
22479.113337
21029.898927
19642.456312
18321.964712
17066.245401
15855.589943
14718.532712
13628.614341
12627.700483
11671.723479
10753.948131
9896.954084
9104.142748
8362.078684
7657.247930
7006.722446
6400.651009
5847.148620
5325.927951
4842.686251
4397.256615
3990.847676
3605.516947
3258.981931
2930.384941
2636.739212
2365.171399
2117.982793
1896.603399
1694.804441
1511.664656
1341.119159
1194.929138
1060.476253
939.112743
831.321633
732.468380
643.436237
564.616830
498.246975
437.337198
381.529318
332.400673
288.388823
250.306770
217.919772
189.573795
164.113795
141.787717
121.862399
105.946663
91.142565
78.874694
67.607317
58.242854
49.816764
43.124722
36.423256
30.791392
26.332676
22.161382
18.359325
15.028453
12.453171
10.435071
8.871034
7.356678
6.285040
5.227530
4.222556
3.536379
3.026013
2.614381
2.194582
1.700396
1.305522
1.160905
0.819061
0.658439
0.503094
0.364419
0.279997
0.202860
0.167819
0.116179
0.103998
0.101797
0.094776
0.080124
0.068882
0.052429
0.034722
0.024491
0.023560
0.019874
0.001771
0.001993
0.006449
0.011174
0.012516
0.007356
0.003978
0.000000
0.000000
0.000000
0.000000
0.000000
0.000000
0.000000
0.000000
0.000000
0.000000
0.000000
0.000000
0.000000
0.000000
0.000000
0.000000
0.000000
0.000000
0.000000
0.000000
0.000000
0.000000
0.000000
0.000000
0.000000
0.000000
0.000000
0.000000
0.000000
0.000000
0.000000
0.000000
0.000000
0.000000
0.000000
0.000000
0.000000
0.000000
0.000000
0.000000
0.000000
0.000000
0.000000
0.000000
0.000000
0.000000
0.000000
0.000000
0.000000
0.000000
0.000000
0.000000
0.000000
0.000000
0.000000
0.000000
0.000000
0.000000
0.000000
0.000000
0.000000
0.000000
0.000000
0.000000
0.000000
0.000000
0.000000
0.000000
0.000000
0.000000
0.000000
0.000000
0.000000
0.000000
0.000000
0.000000
0.000000
0.000000
0.000000
0.000000
0.000000
0.000000
0.000000
0.000000
0.000000
0.000000
0.000000
0.000000
0.000000
0.000000
0.000000
0.000000
0.000000
0.000000
0.000000
0.000000
0.000000
0.000000
0.000000
0.000000
0.000000
0.000000
0.000000
0.000000
0.000000
0.000000
0.000000
0.000000
0.000000
0.000000
0.000000
0.000000
0.000000
0.000000
0.000000
0.000000
0.000000
0.000000
0.000000
0.000000
0.000000
0.000000
0.000000
0.000000
0.000000
0.000000
0.000000
0.000000
0.000000
0.000000
0.000000
0.000000
0.000000
0.000000
0.000000
0.000000
0.000000
0.000000
0.000000
0.000000
0.000000
0.000000
0.000000
0.000000
0.000000
0.000000
0.000000
0.000000
0.000000
0.000000
0.000000
0.000000
0.000000
0.000000
0.000000
0.000000
0.000000
0.000000
0.000000
0.000000
0.000000
0.000000
0.000000
0.000000
0.000000
0.000000
0.000000
0.000000
0.000000
0.000000
0.000000
0.000000
0.000000
0.000000
0.000000
0.000000
0.000000
0.000000
0.000000
0.000000
0.000000
0.000000
0.000000
0.000000
0.000000
0.000000
0.000000
0.000000
0.000000
0.000000
0.000000
0.000000
0.000000
0.000000
0.000000
0.000000
0.000000
0.000000
0.000000
0.000000
0.000000
0.000000
0.000000
0.000000
0.000000
0.000000
0.000000
0.000000
0.000000
0.000000
0.000000
0.000000
0.000000
0.000000
0.000000
0.000000
0.000000
0.000000
0.000000
0.000000
0.000000
0.000000
0.000000
0.000000
0.000000
0.000000
0.000000
0.000000
0.000000
0.000000
0.000000
0.000000
0.000000
0.000000
0.000000
0.000000
0.000000
0.000000
0.000000
0.000000
0.000000
0.000000
0.000000
0.000000
