0.000000
0.000000
0.000000
0.000000
0.000000
0.000000
0.000000
0.000000
0.000000
0.000000
0.000000
0.000000
0.000000
0.000000
0.000000
0.000000
0.000000
0.000000
0.000000
0.000000
0.000000
0.000000
0.000000
0.000000
0.000000
0.000000
0.000000
0.000000
0.000000
0.000000
0.008342
0.053197
0.152020
0.246959
0.473706
0.985847
1.621455
2.618843
4.249518
7.405397
10.925050
17.690766
27.386500
42.774277
65.087466
96.440774
140.963210
201.720982
286.671175
403.792253
559.060841
773.397271
1048.804888
1410.553059
1867.967345
2452.448118
3179.504895
4078.514604
5175.426076
6504.273494
8109.975517
10009.423054
12250.544366
14848.735542
17843.809946
21276.794647
25163.782146
29556.660381
34459.216943
39882.070759
45898.188078
52427.214522
59464.180267
66973.053034
74994.949718
83442.623415
92352.485115
101565.354259
111095.049523
120794.108117
130665.985550
140539.574040
150492.376570
160227.743458
169831.740289
179094.247028
188082.357518
196563.312248
204497.626500
211836.259311
218443.846381
224390.811161
229586.416152
233862.098370
237284.726260
239944.573519
241604.069333
242388.621258
242204.219219
241251.871905
239424.410304
236805.240731
233480.371282
229319.349788
224516.384556
219135.220561
213134.196940
206703.212732
199787.220096
192519.760753
184948.347392
177164.772423
169172.799236
161084.201473
152946.034878
144789.158672
136712.993260
128658.487449
120751.425792
113065.791633
105525.240169
98319.712892
91243.643817
84539.287439
78079.674209
71949.848083
66086.880630
60568.202475
55318.680740
50450.813496
45874.782754
41593.322726
37618.195841
33978.755103
30584.750185
27468.356833
24591.202196
21978.864478
19580.167013
17390.806441
15403.103586
13625.142633
12024.438227
10588.204555
9293.889943
8130.768816
7100.387652
6187.959806
5382.801010
4664.256317
4029.809895
3479.465133
2993.007381
2562.177309
2199.304390
1874.432203
1601.058418
1360.175557
1153.359797
978.394159
824.645337
695.690916
583.070135
490.667596
411.167602
342.917064
286.062382
237.448630
198.130869
162.780204
133.234377
110.531728
89.949079
73.062226
59.669608
48.567317
39.501703
32.109591
25.762396
20.697513
16.730462
13.468126
10.536852
8.267104
6.642775
5.257703
4.066130
3.282370
2.524853
2.026530
1.513182
1.268756
1.023103
0.815181
0.602763
0.447096
0.313567
0.270246
0.186440
0.113855
0.104276
0.058657
0.066399
0.052498
0.018186
0.019908
0.008818
0.014738
0.006529
0.004590
0.002460
0.001779
0.000345
0.000756
0.000000
0.000000
0.000000
0.000000
0.000000
0.000000
0.000000
0.000000
0.000000
0.000000
0.000000
0.000000
0.000000
0.000000
0.000000
0.000000
0.000000
0.000000
0.000000
0.000000
0.000000
0.000000
0.000000
0.000000
0.000000
0.000000
0.000000
0.000000
0.000000
0.000000
0.000000
0.000000
0.000000
0.000000
0.000000
0.000000
0.000000
0.000000
0.000000
0.000000
0.000000
0.000000
0.000000
0.000000
0.000000
0.000000
0.000000
0.000000
0.000000
0.000000
0.000000
0.000000
0.000000
0.000000
0.000000
0.000000
0.000000
0.000000
0.000000
0.000000
0.000000
0.000000
0.000000
0.000000
0.000000
0.000000
0.000000
0.000000
0.000000
0.000000
0.000000
0.000000
0.000000
0.000000
0.000000
0.000000
0.000000
0.000000
0.000000
0.000000
0.000000
0.000000
0.000000
0.000000
0.000000
0.000000
0.000000
0.000000
0.000000
0.000000
0.000000
0.000000
0.000000
0.000000
0.000000
0.000000
0.000000
0.000000
0.000000
0.000000
0.000000
0.000000
0.000000
0.000000
0.000000
0.000000
0.000000
0.000000
0.000000
0.000000
0.000000
0.000000
0.000000
0.000000
0.000000
0.000000
0.000000
0.000000
0.000000
0.000000
0.000000
0.000000
0.000000
0.000000
0.000000
0.000000
0.000000
0.000000
0.000000
0.000000
0.000000
0.000000
0.000000
0.000000
0.000000
0.000000
0.000000
0.000000
0.000000
0.000000
0.000000
0.000000
0.000000
0.000000
0.000000
0.000000
0.000000
0.000000
0.000000
0.000000
0.000000
0.000000
0.000000
0.000000
0.000000
0.000000
0.000000
0.000000
0.000000
0.000000
0.000000
0.000000
0.000000
0.000000
0.000000
0.000000
0.000000
0.000000
0.000000
0.000000
0.000000
0.000000
0.000000
0.000000
0.000000
0.000000
0.000000
0.000000
0.000000
0.000000
0.000000
0.000000
0.000000
0.000000
0.000000
0.000000
0.000000
0.000000
0.000000
0.000000
0.000000
0.000000
0.000000
0.000000
0.000000
0.000000
0.000000
0.000000
0.000000
0.000000
0.000000
0.000000
0.000000
0.000000
0.000000
0.000000
0.000000
0.000000
0.000000
0.000000
0.000000
0.000000
0.000000
0.000000
0.000000
0.000000
0.000000
0.000000
0.000000
0.000000
0.000000
0.000000
0.000000
0.000000
0.000000
0.000000
0.000000
0.000000
0.000000
0.000000
0.000000
0.000000
0.000000
0.000000
0.000000
0.000000
0.000000
0.000000
0.000000
0.000000
0.000000
0.000000
0.000000
0.000000
0.000000
0.000000
0.000000
0.000000
0.000000
0.000000
0.000000
0.000000
0.000000
0.000000
0.000000
0.000000
0.000000
0.000000
0.000000
0.000000
0.000000
0.000000
0.000000
0.000000
0.000000
0.000000
0.000000
0.000000
0.000000
0.000000
0.000000
0.000000
0.000000
0.000000
0.000000
0.000000
0.000000
0.000000
0.000000
0.000000
0.000000
0.000000
0.000000
0.000000
0.000000
0.000000
0.000000
