0.000000
0.000000
0.000000
0.000000
0.000000
0.000000
0.000000
0.000000
0.000000
0.000000
0.000000
0.000000
0.000000
0.275984
0.454100
1.098060
2.897584
5.575519
8.695113
15.121358
25.688159
42.104633
64.279659
101.284102
145.051536
209.615940
305.678204
421.753366
568.041648
759.565689
1010.771137
1316.161286
1696.609174
2163.909909
2707.468702
3368.623526
4146.785118
5035.678469
6057.840237
7204.688946
8531.469178
10037.372849
11679.646506
13480.099197
15463.579893
17659.544324
20036.617418
22510.076270
25196.622753
28000.486512
31002.998808
34151.049835
37387.092437
40737.575361
44154.976557
47669.515603
51292.235180
55019.731442
58768.304155
62550.219147
66255.053440
69945.108514
73606.272660
77254.677977
80838.663683
84338.613854
87845.011412
91216.381276
94516.551166
97777.997707
100897.015761
104094.355434
106932.007168
109656.063674
112314.823416
114814.827666
117156.103293
119348.924906
121416.486846
123405.348008
125030.607272
126537.285634
127935.060812
128948.432017
129931.323983
130831.926222
131630.486475
132189.415531
132519.342653
132706.702864
132775.186431
132758.518544
132571.322981
132099.443986
131491.072246
130737.093066
129916.112006
128997.059919
127966.879873
126847.605888
125658.831493
124286.911430
122989.518709
121534.384532
119898.316551
118314.137283
116585.057825
114857.753337
113102.947326
111346.281352
109493.127751
107533.111247
105502.865128
103554.086198
101611.116578
99438.836417
97302.517117
95280.407130
93120.363161
91058.361813
88883.873944
86769.523361
84661.006542
82559.662685
80422.213946
78373.507711
76270.354982
74208.433625
72210.170457
70168.170890
68158.912698
66184.217563
64138.929304
62177.882924
60242.439821
58384.504352
56533.236627
54732.642867
52932.458495
51173.052012
49458.295636
47778.366148
46133.529762
44599.086033
43062.799849
41554.349485
40055.581914
38622.291501
37245.831301
35859.496140
34495.819086
33182.582817
31901.725694
30672.655744
29476.674194
28319.197831
27170.424843
26059.343023
24987.367657
23930.104079
22971.806496
22048.975403
21133.320534
20241.348340
19392.613401
18546.134309
17727.231608
16948.582988
16163.207911
15410.617179
14703.390130
14004.274549
13367.828051
12749.884348
12145.139695
11575.975654
11008.652494
10479.878032
9995.310420
9507.855331
9055.612141
8606.750710
8165.878572
7743.052120
7341.691890
6981.457727
6623.913686
6274.291763
5935.049041
5629.256638
5338.122716
5050.373939
4791.597291
4541.110398
4298.779183
4058.632120
3829.624951
3618.664123
3411.991841
3211.712328
3031.507835
2853.216227
2698.197265
2539.438024
2392.378181
2243.033606
2109.659307
1992.081297
1878.970740
1761.617942
1651.267787
1545.510275
1449.456533
1355.277628
1273.154247
1196.925167
1117.550959
1045.086910
978.134318
912.168343
853.174735
796.265635
739.773838
692.200338
645.706612
605.357220
567.465588
533.772975
498.938403
464.986058
432.132377
403.068816
375.262720
353.832674
331.290741
310.697506
289.358211
270.034201
250.018234
232.207366
217.898222
200.549947
184.452231
172.905897
160.418018
149.683939
136.359536
125.400271
116.739151
106.655549
98.247455
90.771975
83.482792
75.613585
69.143909
62.665370
56.523481
51.713559
47.656384
42.875336
40.305475
36.523865
33.814966
31.056929
27.560300
25.350453
22.879230
20.937231
18.912406
17.918090
16.805847
15.525863
13.856479
12.404856
11.340223
10.078977
9.469108
8.623999
8.278665
7.682569
6.658050
6.046292
5.038851
4.697257
4.330680
3.887612
3.681283
3.329471
3.158426
2.972954
2.474353
2.300467
2.172360
2.011760
1.997548
1.880374
1.668855
1.491938
1.421989
1.428642
1.413878
1.249314
1.182249
1.162150
1.074249
0.861077
0.831670
0.698019
0.623149
0.491907
0.495930
0.374356
0.310796
0.286778
0.191514
0.154263
0.161963
0.123731
0.088203
0.123515
0.113129
0.090833
0.119619
0.121049
0.129245
0.092244
0.046318
0.045792
0.032245
0.017538
0.015568
0.016824
0.008745
0.008502
0.000000
0.000000
0.000000
0.000000
0.000000
0.000000
0.000000
0.000000
0.000000
0.000000
0.000000
0.000000
0.000000
0.000000
0.000000
0.000000
0.000000
0.000000
0.000000
0.000000
0.000000
0.000000
0.000000
0.000000
0.000000
0.000000
0.000000
0.000000
0.000000
0.000000
0.000000
0.000000
0.000000
0.000000
0.000000
0.000000
0.000000
0.000000
0.000000
0.000000
0.000000
0.000000
0.000000
0.000000
0.000000
0.000000
0.000000
0.000000
0.000000
0.000000
0.000000
0.000000
0.000000
0.000000
0.000000
0.000000
0.000000
0.000000
0.000000
0.000000
0.000000
0.000000
0.000000
0.000000
0.000000
0.000000
0.000000
0.000000
0.000000
0.000000
0.000000
0.000000
0.000000
0.000000
0.000000
0.000000
0.000000
0.000000
0.000000
0.000000
0.000000
0.000000
0.000000
0.000000
0.000000
0.000000
0.000000
0.000000
0.000000
0.000000
0.000000
0.000000
0.000000
0.000000
0.000000
0.000000
0.000000
0.000000
0.000000
0.000000
0.000000
0.000000
0.000000
0.000000
0.000000
0.000000
0.000000
0.000000
0.000000
0.000000
0.000000
0.000000
0.000000
0.000000
0.000000
0.000000
0.000000
0.000000
0.000000
0.000000
0.000000
0.000000
0.000000
0.000000
0.000000
0.000000
0.000000
0.000000
0.000000
0.000000
0.000000
0.000000
0.000000
0.000000
0.000000
0.000000
0.000000
0.000000
0.000000
0.000000
0.000000
0.000000
0.000000
0.000000
0.000000
0.000000
0.000000
0.000000
0.000000
0.000000
0.000000
0.000000
0.000000
0.000000
0.000000
0.000000
0.000000
0.000000
0.000000
0.000000
0.000000
0.000000
0.000000
0.000000
0.000000
0.000000
0.000000
0.000000
0.000000
0.000000
0.000000
0.000000
0.000000
0.000000
0.000000
0.000000
0.000000
0.000000
0.000000
0.000000
0.000000
0.000000
0.000000
0.000000
0.000000
0.000000
0.000000
0.000000
0.000000
0.000000
0.000000
0.000000
0.000000
0.000000
0.000000
0.000000
0.000000
0.000000
0.000000
0.000000
0.000000
0.000000
0.000000
0.000000
0.000000
0.000000
0.000000
0.000000
0.000000
0.000000
0.000000
0.000000
0.000000
0.000000
0.000000
0.000000
0.000000
0.000000
0.000000
0.000000
0.000000
0.000000
0.000000
0.000000
0.000000
0.000000
0.000000
0.000000
0.000000
0.000000
0.000000
0.000000
0.000000
0.000000
0.000000
0.000000
0.000000
0.000000
0.000000
0.000000
0.000000
0.000000
0.000000
0.000000
0.000000
0.000000
0.000000
0.000000
0.000000
0.000000
0.000000
0.000000
0.000000
0.000000
0.000000
0.000000
0.000000
0.000000
0.000000
0.000000
0.000000
0.000000
0.000000
0.000000
0.000000
0.000000
0.000000
0.000000
0.000000
0.000000
0.000000
0.000000
0.000000
0.000000
0.000000
0.000000
0.000000
0.000000
0.000000
0.000000
0.000000
0.000000
0.000000
0.000000
0.000000
0.000000
0.000000
0.000000
0.000000
0.000000
0.000000
0.000000
0.000000
0.000000
0.000000
0.000000
0.000000
0.000000
0.000000
0.000000
0.000000
0.000000
0.000000
0.000000
0.000000
0.000000
0.000000
0.000000
0.000000
0.000000
0.000000
0.000000
0.000000
0.000000
0.000000
0.000000
0.000000
0.000000
0.000000
0.000000
0.000000
0.000000
0.000000
0.000000
0.000000
0.000000
0.000000
0.000000
0.000000
0.000000
0.000000
0.000000
0.000000
0.000000
0.000000
0.000000
0.000000
0.000000
0.000000
0.000000
0.000000
0.000000
0.000000
0.000000
0.000000
0.000000
0.000000
0.000000
0.000000
0.000000
0.000000
0.000000
0.000000
0.000000
0.000000
0.000000
0.000000
0.000000
0.000000
0.000000
0.000000
0.000000
0.000000
0.000000
0.000000
0.000000
0.000000
0.000000
0.000000
0.000000
0.000000
0.000000
0.000000
0.000000
0.000000
0.000000
0.000000
0.000000
0.000000
0.000000
0.000000
0.000000
0.000000
0.000000
0.000000
0.000000
0.000000
0.000000
0.000000
0.000000
0.000000
0.000000
0.000000
0.000000
0.000000
0.000000
0.000000
0.000000
0.000000
0.000000
0.000000
0.000000
0.000000
0.000000
0.000000
0.000000
0.000000
0.000000
0.000000
0.000000
0.000000
0.000000
0.000000
0.000000
0.000000
0.000000
0.000000
0.000000
0.000000
0.000000
0.000000
0.000000
0.000000
0.000000
0.000000
0.000000
0.000000
0.000000
0.000000
0.000000
0.000000
0.000000
0.000000
0.000000
0.000000
0.000000
0.000000
0.000000
0.000000
0.000000
0.000000
0.000000
0.000000
0.000000
0.000000
0.000000
0.000000
0.000000
0.000000
0.000000
0.000000
0.000000
0.000000
0.000000
0.000000
0.000000
0.000000
0.000000
0.000000
0.000000
0.000000
0.000000
0.000000
0.000000
0.000000
0.000000
0.000000
0.000000
0.000000
0.000000
0.000000
0.000000
0.000000
0.000000
0.000000
0.000000
0.000000
0.000000
0.000000
0.000000
0.000000
0.000000
0.000000
0.000000
0.000000
0.000000
0.000000
0.000000
0.000000
0.000000
0.000000
0.000000
0.000000
0.000000
0.000000
0.000000
0.000000
0.000000
0.000000
0.000000
0.000000
0.000000
0.000000
0.000000
0.000000
0.000000
0.000000
0.000000
0.000000
0.000000
0.000000
0.000000
0.000000
0.000000
0.000000
0.000000
0.000000
0.000000
0.000000
0.000000
0.000000
0.000000
0.000000
0.000000
0.000000
0.000000
0.000000
0.000000
0.000000
0.000000
0.000000
0.000000
0.000000
0.000000
0.000000
0.000000
0.000000
0.000000
0.000000
0.000000
0.000000
0.000000
0.000000
0.000000
0.000000
0.000000
0.000000
0.000000
0.000000
0.000000
0.000000
0.000000
0.000000
0.000000
0.000000
0.000000
0.000000
0.000000
0.000000
0.000000
0.000000
0.000000
0.000000
0.000000
0.000000
0.000000
0.000000
0.000000
0.000000
0.000000
0.000000
0.000000
0.000000
0.000000
0.000000
0.000000
0.000000
0.000000
0.000000
0.000000
0.000000
0.000000
0.000000
0.000000
0.000000
0.000000
0.000000
0.000000
0.000000
0.000000
0.000000
0.000000
0.000000
0.000000
0.000000
0.000000
0.000000
0.000000
0.000000
0.000000
0.000000
0.000000
0.000000
0.000000
0.000000
0.000000
0.000000
0.000000
0.000000
0.000000
0.000000
0.000000
0.000000
0.000000
0.000000
0.000000
0.000000
0.000000
0.000000
0.000000
0.000000
0.000000
0.000000
0.000000
0.000000
0.000000
0.000000
0.000000
0.000000
0.000000
0.000000
0.000000
0.000000
0.000000
0.000000
0.000000
0.000000
0.000000
0.000000
0.000000
0.000000
0.000000
0.000000
0.000000
0.000000
0.000000
0.000000
0.000000
0.000000
0.000000
0.000000
0.000000
0.000000
0.000000
0.000000
0.000000
0.000000
0.000000
0.000000
0.000000
0.000000
0.000000
0.000000
0.000000
0.000000
0.000000
0.000000
