0.000000
0.000000
0.000000
0.000000
0.000000
0.000000
0.000000
0.000000
0.000000
0.000000
0.000000
0.000000
0.000000
0.000000
0.000000
0.000000
0.024616
0.054271
0.258545
0.486470
0.962801
2.428567
4.733946
7.775351
13.999461
25.130854
39.753792
66.398043
102.547620
159.219247
239.701105
353.721029
525.420322
750.730641
1054.365631
1463.016047
1973.488325
2630.439290
3452.544268
4466.710109
5674.793725
7122.762026
8774.583929
10708.298345
12893.024879
15358.768632
18137.436522
21181.369273
24498.771757
28081.156598
31886.961028
35993.832907
40197.555887
44542.282648
49029.371664
53612.456235
58250.145135
62979.037301
67709.815573
72415.948624
77005.234748
81551.090013
85888.109691
90072.140690
94105.548520
97957.869970
101583.844602
104993.970853
108111.774428
110994.779979
113684.798114
116202.916954
118428.908436
120402.471323
122144.087900
123688.264001
124974.645260
126061.543166
126988.272119
127615.130628
128111.509568
128479.371950
128638.690372
128612.349888
128538.808373
128285.559380
127881.816206
127367.329149
126774.805934
126095.936627
125366.774646
124561.708495
123675.543408
122728.366468
121739.412590
120692.449708
119776.560053
118763.850613
117689.850712
116548.093658
115410.525075
114217.293196
113073.026939
111946.095264
110815.657707
109629.519107
108444.256402
107289.556232
106102.165446
104869.695983
103677.619379
102429.933502
101156.222762
99799.653935
98497.708319
97192.673399
95873.203856
94535.122108
93153.678920
91736.369149
90196.330511
88722.856579
87230.900315
85723.185405
84112.116708
82505.520155
80927.285213
79272.175768
77642.896362
75923.819401
74260.647792
72558.301014
70775.120268
68986.995165
67156.298505
65339.331109
63480.928509
61631.652294
59816.607886
57951.675709
56069.250636
54202.616135
52337.284210
50438.389886
48561.943695
46707.600182
44861.336752
43053.318093
41280.082567
39509.960112
37744.266168
36031.812119
34344.802351
32688.788887
31058.569142
29466.660397
27927.983643
26399.743818
24961.048730
23551.485901
22185.995221
20895.344257
19647.144556
18411.520515
17242.632192
16116.848474
15058.448268
14030.853928
13045.528956
12134.157653
11249.147368
10417.228443
9632.381811
8878.932340
8186.216848
7524.759326
6914.839125
6330.551809
5789.225043
5288.106078
4819.331421
4378.134819
3980.552506
3613.676497
3270.475186
2950.559288
2666.188425
2398.076264
2152.317312
1929.493871
1724.983117
1536.089519
1369.573757
1212.113201
1077.463621
954.173943
844.018457
742.679406
652.390979
572.098777
502.099564
442.260189
385.900971
336.788885
294.052717
255.580413
221.241899
191.602730
165.298356
140.340703
120.813218
104.069588
89.682143
76.411559
65.420718
56.245078
47.476716
40.400344
34.089902
28.556715
24.332550
20.473041
17.021620
14.193654
11.695998
9.892638
8.414248
7.072607
5.811714
5.029829
4.372244
3.598185
3.072150
2.565110
2.030754
1.718112
1.518745
1.257054
1.044914
0.841082
0.698658
0.590267
0.486911
0.355097
0.294918
0.231267
0.178349
0.123828
0.101769
0.058131
0.050790
0.037491
0.036846
0.026163
0.018880
0.024077
0.026238
0.008954
0.008860
0.015122
0.013988
0.013497
0.003152
0.006712
0.007120
0.006898
0.000000
0.000000
0.000000
0.000000
0.000000
0.000000
0.000000
0.000000
0.000000
0.000000
0.000000
0.000000
0.000000
0.000000
0.000000
0.000000
0.000000
0.000000
0.000000
0.000000
0.000000
0.000000
0.000000
0.000000
0.000000
0.000000
0.000000
0.000000
0.000000
0.000000
0.000000
0.000000
0.000000
0.000000
0.000000
0.000000
0.000000
0.000000
0.000000
0.000000
0.000000
0.000000
0.000000
0.000000
0.000000
0.000000
0.000000
0.000000
0.000000
0.000000
0.000000
0.000000
0.000000
0.000000
0.000000
0.000000
0.000000
0.000000
0.000000
0.000000
0.000000
0.000000
0.000000
0.000000
0.000000
0.000000
0.000000
0.000000
0.000000
0.000000
0.000000
0.000000
0.000000
0.000000
0.000000
0.000000
0.000000
0.000000
0.000000
0.000000
0.000000
0.000000
0.000000
0.000000
0.000000
0.000000
0.000000
0.000000
0.000000
0.000000
0.000000
0.000000
0.000000
0.000000
0.000000
0.000000
0.000000
0.000000
0.000000
0.000000
0.000000
0.000000
0.000000
0.000000
0.000000
0.000000
0.000000
0.000000
0.000000
0.000000
0.000000
0.000000
0.000000
0.000000
0.000000
0.000000
0.000000
0.000000
0.000000
0.000000
0.000000
0.000000
0.000000
0.000000
0.000000
0.000000
0.000000
0.000000
0.000000
0.000000
0.000000
0.000000
0.000000
0.000000
0.000000
0.000000
0.000000
0.000000
0.000000
0.000000
0.000000
0.000000
0.000000
0.000000
0.000000
0.000000
0.000000
0.000000
0.000000
0.000000
0.000000
0.000000
0.000000
0.000000
0.000000
0.000000
0.000000
0.000000
0.000000
0.000000
0.000000
0.000000
0.000000
0.000000
0.000000
0.000000
0.000000
0.000000
0.000000
0.000000
0.000000
0.000000
0.000000
0.000000
0.000000
0.000000
0.000000
0.000000
0.000000
0.000000
0.000000
0.000000
0.000000
0.000000
0.000000
0.000000
0.000000
0.000000
0.000000
0.000000
0.000000
0.000000
0.000000
0.000000
0.000000
0.000000
0.000000
0.000000
0.000000
0.000000
0.000000
0.000000
0.000000
0.000000
0.000000
0.000000
0.000000
0.000000
0.000000
0.000000
0.000000
0.000000
0.000000
0.000000
0.000000
0.000000
0.000000
0.000000
0.000000
0.000000
0.000000
0.000000
0.000000
0.000000
0.000000
0.000000
0.000000
0.000000
0.000000
0.000000
0.000000
0.000000
0.000000
0.000000
0.000000
