0.000000
0.019513
0.087112
0.301349
1.038533
3.303110
7.335171
16.819717
33.153821
63.540883
111.538286
189.926807
302.640459
463.709003
692.784459
995.207989
1389.575813
1890.940515
2512.691240
3281.388565
4207.521922
5294.337472
6545.839259
7974.603232
9611.913617
11427.002929
13410.304041
15574.132232
17896.705343
20424.693015
23061.623162
25818.091659
28708.622249
31658.742440
34699.279669
37772.744274
40869.863579
43999.947017
47135.931467
50227.230712
53268.554868
56261.831185
59188.870280
62062.781263
64849.823629
67504.389342
70097.127708
72559.196632
74912.614903
77134.395337
79222.250435
81159.381752
82980.820687
84683.295605
86257.922689
87710.749041
89018.952812
90208.461317
91258.604599
92206.276712
93035.119957
93748.263812
94374.863902
94875.758148
95283.212916
95616.747800
95876.458949
96048.488862
96145.482975
96144.722956
96096.548738
95940.132931
95750.115172
95510.623397
95188.409284
94835.785913
94447.225334
93998.656128
93530.831698
93033.047805
92467.542664
91890.776848
91301.901325
90671.945976
90006.187250
89337.921457
88649.981218
87958.366671
87221.526071
86473.672629
85729.954707
84975.207983
84233.136144
83463.202506
82707.137402
81935.049518
81167.894459
80375.723204
79581.733723
78799.658706
78001.351846
77188.761871
76406.133788
75614.844968
74829.276206
74053.663919
73255.186132
72457.305928
71649.742183
70818.756186
69994.502627
69203.576126
68391.171235
67582.702863
66775.932925
65979.089098
65173.983781
64367.856692
63546.020054
62745.357511
61948.697199
61167.068864
60366.400543
59553.316113
58747.211756
57952.036619
57161.445284
56366.889269
55594.686264
54821.088313
54033.232775
53249.255835
52466.430624
51662.583108
50876.258939
50116.629726
49355.797104
48610.072338
47840.088828
47066.548692
46304.178906
45548.070114
44797.685436
44058.152926
43318.841799
42584.779854
41859.044853
41108.092517
40369.269694
39646.205981
38928.160253
38210.843410
37501.358712
36793.650294
36088.297655
35392.418143
34693.878441
34005.481327
33318.299959
32637.373288
31958.452348
31296.445757
30640.758446
29973.011831
29327.172880
28686.123368
28046.169274
27424.330657
26811.210282
26191.055411
25581.847981
24971.604342
24389.247177
23800.686189
23213.653881
22632.587581
22065.933019
21500.492969
20944.697939
20396.272484
19866.202868
19335.288963
18801.308928
18293.823953
17789.258103
17287.686516
16799.107850
16314.353813
15835.793067
15369.632083
14909.880863
14461.796621
14022.746342
13595.718755
13178.931577
12759.956872
12353.364608
11955.628735
11569.690845
11187.359837
10809.496561
10442.727864
10092.548644
9748.353122
9411.418593
9078.825924
8755.882216
8440.117364
8129.678091
7831.977190
7547.058971
7260.229547
6985.280164
6715.749627
6456.662630
6205.007807
5961.440716
5724.311419
5496.500883
5278.703228
5062.555776
4853.751640
4653.871064
4458.884583
4267.457438
4083.860078
3909.593113
3738.962298
3577.526895
3418.731276
3264.263911
3116.133777
2975.376059
2837.300015
2705.073127
2578.288007
2456.125389
2338.921810
2224.294190
2115.867515
2013.669163
1914.766806
1818.604235
1728.390762
1640.659905
1557.541130
1476.815458
1401.277392
1328.511208
1258.010338
1192.447248
1127.504623
1066.154853
1007.980777
953.695684
900.233655
850.108147
802.028810
756.077398
712.183097
671.255816
631.405183
595.524983
559.838143
526.787146
495.716904
466.215520
438.865585
411.744957
386.290559
362.539488
339.481103
318.118335
298.522034
279.474787
261.399741
243.992243
228.431193
213.583425
199.675686
186.479460
174.287908
162.830916
151.295120
140.872110
131.009219
122.449158
114.189788
106.534896
99.080556
91.649540
84.928611
78.574361
72.560149
67.176056
62.374313
57.897131
53.721086
49.917998
46.245520
43.025694
39.877964
37.057633
34.297509
31.809766
29.778815
27.616713
25.387608
23.433422
21.576360
19.861797
18.206329
16.767865
15.341913
14.321533
13.153503
12.219613
11.218368
10.379642
9.545327
8.913560
8.158288
7.465783
6.743716
6.242256
5.685144
5.237479
4.850431
4.396037
4.001463
3.658996
3.230368
2.992848
2.744305
2.503108
2.267006
2.070692
1.903011
1.737415
1.586234
1.459830
1.300528
1.205375
1.125758
1.021126
0.920145
0.835755
0.757559
0.643958
0.594194
0.541001
0.509656
0.473487
0.442700
0.385648
0.346726
0.328262
0.295604
0.282478
0.263165
0.227906
0.203449
0.205279
0.186108
0.153763
0.131165
0.106992
0.086861
0.077450
0.069803
0.064578
0.053107
0.049955
0.040532
0.032052
0.020988
0.023318
0.015026
0.014012
0.011020
0.009994
0.007139
0.005230
0.004641
0.002909
0.006871
0.003242
0.002812
0.001993
0.000735
0.001066
0.002151
0.001227
0.000000
0.000000
0.000000
0.000000
0.000000
0.000000
0.000000
0.000000
0.000000
0.000000
0.000000
0.000000
0.000000
0.000000
0.000000
0.000000
0.000000
0.000000
0.000000
0.000000
0.000000
0.000000
0.000000
0.000000
0.000000
0.000000
0.000000
0.000000
0.000000
0.000000
0.000000
0.000000
0.000000
0.000000
0.000000
0.000000
0.000000
0.000000
0.000000
0.000000
0.000000
0.000000
0.000000
0.000000
0.000000
0.000000
0.000000
0.000000
0.000000
0.000000
0.000000
0.000000
0.000000
0.000000
0.000000
0.000000
0.000000
0.000000
0.000000
0.000000
0.000000
0.000000
0.000000
0.000000
0.000000
0.000000
0.000000
0.000000
0.000000
0.000000
0.000000
0.000000
0.000000
0.000000
0.000000
0.000000
0.000000
0.000000
0.000000
0.000000
0.000000
0.000000
0.000000
0.000000
0.000000
0.000000
0.000000
0.000000
0.000000
0.000000
0.000000
0.000000
0.000000
0.000000
0.000000
0.000000
0.000000
0.000000
0.000000
0.000000
0.000000
0.000000
0.000000
0.000000
0.000000
0.000000
0.000000
0.000000
0.000000
0.000000
0.000000
0.000000
0.000000
0.000000
0.000000
0.000000
0.000000
0.000000
0.000000
0.000000
0.000000
0.000000
0.000000
0.000000
0.000000
0.000000
0.000000
0.000000
0.000000
0.000000
0.000000
0.000000
0.000000
0.000000
0.000000
0.000000
0.000000
0.000000
0.000000
0.000000
0.000000
0.000000
0.000000
0.000000
0.000000
0.000000
0.000000
0.000000
0.000000
0.000000
0.000000
0.000000
0.000000
0.000000
0.000000
0.000000
0.000000
0.000000
0.000000
0.000000
0.000000
0.000000
0.000000
0.000000
0.000000
0.000000
0.000000
0.000000
0.000000
0.000000
0.000000
0.000000
0.000000
0.000000
0.000000
0.000000
0.000000
0.000000
0.000000
0.000000
0.000000
0.000000
0.000000
0.000000
0.000000
0.000000
0.000000
0.000000
0.000000
0.000000
0.000000
0.000000
0.000000
0.000000
0.000000
0.000000
0.000000
0.000000
0.000000
0.000000
0.000000
0.000000
0.000000
0.000000
0.000000
0.000000
0.000000
0.000000
0.000000
0.000000
0.000000
0.000000
0.000000
0.000000
0.000000
0.000000
0.000000
0.000000
0.000000
0.000000
0.000000
0.000000
0.000000
0.000000
0.000000
0.000000
0.000000
0.000000
0.000000
0.000000
0.000000
0.000000
0.000000
0.000000
0.000000
0.000000
0.000000
0.000000
0.000000
0.000000
0.000000
0.000000
0.000000
0.000000
0.000000
0.000000
0.000000
0.000000
0.000000
0.000000
0.000000
0.000000
0.000000
0.000000
0.000000
0.000000
0.000000
0.000000
0.000000
0.000000
0.000000
0.000000
0.000000
0.000000
0.000000
0.000000
0.000000
0.000000
0.000000
0.000000
0.000000
0.000000
0.000000
0.000000
0.000000
0.000000
0.000000
0.000000
0.000000
0.000000
0.000000
0.000000
0.000000
0.000000
0.000000
0.000000
0.000000
0.000000
0.000000
0.000000
0.000000
0.000000
0.000000
0.000000
0.000000
0.000000
0.000000
0.000000
0.000000
0.000000
0.000000
0.000000
0.000000
0.000000
0.000000
0.000000
0.000000
0.000000
0.000000
0.000000
0.000000
0.000000
0.000000
0.000000
0.000000
0.000000
0.000000
0.000000
0.000000
0.000000
0.000000
0.000000
0.000000
0.000000
0.000000
0.000000
0.000000
0.000000
0.000000
0.000000
0.000000
0.000000
0.000000
0.000000
0.000000
0.000000
0.000000
0.000000
0.000000
0.000000
0.000000
0.000000
0.000000
0.000000
0.000000
0.000000
0.000000
0.000000
0.000000
0.000000
0.000000
0.000000
0.000000
0.000000
0.000000
0.000000
0.000000
0.000000
0.000000
0.000000
0.000000
0.000000
0.000000
0.000000
0.000000
0.000000
0.000000
0.000000
0.000000
0.000000
0.000000
0.000000
0.000000
0.000000
0.000000
0.000000
0.000000
0.000000
0.000000
0.000000
0.000000
0.000000
0.000000
0.000000
0.000000
0.000000
0.000000
0.000000
0.000000
0.000000
0.000000
0.000000
0.000000
0.000000
0.000000
0.000000
0.000000
0.000000
0.000000
0.000000
0.000000
0.000000
0.000000
0.000000
0.000000
0.000000
0.000000
0.000000
0.000000
0.000000
0.000000
0.000000
0.000000
0.000000
0.000000
0.000000
0.000000
0.000000
0.000000
0.000000
0.000000
0.000000
0.000000
0.000000
0.000000
0.000000
0.000000
0.000000
0.000000
0.000000
0.000000
0.000000
0.000000
0.000000
0.000000
0.000000
0.000000
0.000000
0.000000
0.000000
0.000000
0.000000
0.000000
0.000000
0.000000
0.000000
0.000000
0.000000
0.000000
0.000000
0.000000
0.000000
0.000000
0.000000
0.000000
0.000000
0.000000
0.000000
0.000000
0.000000
0.000000
0.000000
0.000000
0.000000
0.000000
0.000000
0.000000
0.000000
0.000000
0.000000
0.000000
0.000000
0.000000
0.000000
0.000000
0.000000
0.000000
0.000000
0.000000
0.000000
0.000000
0.000000
0.000000
0.000000
0.000000
0.000000
0.000000
0.000000
0.000000
0.000000
0.000000
0.000000
0.000000
0.000000
0.000000
0.000000
0.000000
0.000000
0.000000
0.000000
0.000000
0.000000
0.000000
0.000000
0.000000
0.000000
0.000000
0.000000
0.000000
0.000000
0.000000
0.000000
0.000000
0.000000
0.000000
0.000000
0.000000
0.000000
0.000000
0.000000
0.000000
0.000000
0.000000
0.000000
0.000000
0.000000
0.000000
0.000000
0.000000
0.000000
0.000000
0.000000
0.000000
0.000000
0.000000
0.000000
0.000000
0.000000
0.000000
0.000000
0.000000
0.000000
0.000000
0.000000
0.000000
0.000000
0.000000
0.000000
0.000000
0.000000
0.000000
0.000000
0.000000
0.000000
0.000000
0.000000
0.000000
0.000000
0.000000
0.000000
0.000000
0.000000
0.000000
0.000000
0.000000
0.000000
0.000000
0.000000
0.000000
0.000000
0.000000
0.000000
0.000000
0.000000
0.000000
0.000000
0.000000
0.000000
0.000000
0.000000
0.000000
0.000000
0.000000
0.000000
0.000000
0.000000
0.000000
0.000000
0.000000
0.000000
0.000000
0.000000
0.000000
0.000000
0.000000
0.000000
0.000000
0.000000
0.000000
0.000000
0.000000
0.000000
0.000000
0.000000
0.000000
0.000000
0.000000
0.000000
