0.000000
0.000000
0.000000
0.000000
0.000000
0.000000
0.000000
0.000000
0.000000
0.000000
0.000000
0.000000
0.020547
0.027564
0.703240
1.431786
3.437549
7.135317
16.006010
28.014882
42.290699
62.462502
94.536695
139.693289
198.026145
277.806004
390.548675
549.517893
739.239359
984.056025
1297.984463
1694.995657
2169.718766
2719.925695
3410.566306
4203.906881
5121.587498
6158.104858
7340.996450
8664.922864
10133.938216
11776.761262
13564.010718
15541.964934
17662.262506
19934.008528
22432.152814
25035.053634
27748.226702
30623.588749
33691.307038
36821.005408
40186.634308
43640.967805
47094.328530
50705.166152
54321.074444
58002.682025
61610.230300
65370.271335
69091.501727
72660.832860
76217.375893
79789.317615
83263.224738
86651.583106
89965.119381
93208.867220
96352.242091
99380.949438
102359.043401
105076.880555
107742.431090
110262.340185
112529.648212
114698.281762
116730.145775
118578.574994
120301.507688
121890.946851
123364.648072
124644.596679
125747.285110
126707.256307
127514.274751
128189.433122
128697.484868
129105.335001
129298.198015
129384.601108
129312.205208
129125.127142
128796.945680
128365.115243
127757.830474
127029.137104
126211.970344
125251.160837
124058.380452
123061.030239
121997.067868
120785.397381
119460.011038
117905.093989
116444.532010
114831.425117
113141.400511
111531.936325
109800.970472
108077.408168
106275.498570
104528.088032
102639.914967
100713.913720
98762.924366
96800.153752
94774.120914
92796.332786
90876.940603
88935.184695
86981.904381
85023.806245
83102.692197
81118.035994
79118.070648
77104.716523
75102.348186
73184.176505
71259.295218
69334.188540
67500.826286
65604.302597
63712.111188
61838.142489
60036.590041
58278.461010
56498.251294
54755.006548
53130.033349
51459.667442
49813.314912
48202.568404
46620.264383
45132.962013
43652.489459
42205.743642
40803.886990
39388.501977
38055.852762
36702.886273
35404.347531
34138.941529
32868.055336
31640.970605
30425.862872
29265.375262
28131.758412
27038.329632
25964.221951
24960.754392
23960.630953
23007.582079
22066.361083
21160.308735
20301.076380
19444.180365
18615.841667
17812.716892
17049.665738
16322.552563
15625.387285
14943.187254
14322.587084
13714.284293
13092.924595
12508.009906
11942.382550
11405.297482
10879.646328
10385.640707
9910.317600
9457.031185
8995.482600
8573.008379
8156.508037
7761.671749
7377.815818
7024.066139
6680.329290
6350.583074
6026.278342
5715.279039
5408.634192
5128.187662
4857.145119
4586.263480
4328.595819
4092.345223
3866.292270
3650.897556
3455.568519
3269.628781
3080.497339
2896.551624
2728.912555
2575.501190
2430.155132
2293.510909
2164.542603
2042.981739
1924.353124
1807.472129
1703.194949
1603.948276
1507.040106
1413.480577
1325.850423
1251.218771
1174.398212
1103.952263
1034.374104
974.895771
915.719641
857.922978
804.121338
760.415789
714.248522
670.907004
628.160744
587.199752
547.933722
509.890253
475.655177
438.311036
407.555480
382.162412
354.514113
331.544552
310.379419
291.651425
269.717477
251.873162
232.576046
215.078592
200.145272
184.976456
170.678661
157.634812
145.472472
135.192450
124.587115
115.744507
107.640482
99.048606
92.202514
84.593698
79.521601
73.685279
66.624513
60.938231
56.757054
53.190257
49.746307
45.324388
41.498906
37.756687
34.784158
31.665881
28.602597
26.607609
24.080713
21.833821
19.957655
18.978586
16.376288
15.159229
14.144197
13.208541
11.771659
10.566130
9.086507
7.917923
6.923196
6.492813
5.566969
4.598635
3.986475
3.384101
2.978496
2.631431
2.405036
1.924773
1.726403
1.512014
1.268665
1.177412
0.995596
0.890839
0.828148
0.744600
0.676856
0.691119
0.760560
0.694085
0.838058
0.757290
0.730202
0.698773
0.701805
0.660351
0.603845
0.502853
0.339940
0.297899
0.285311
0.288947
0.243025
0.200435
0.159462
0.188573
0.154852
0.168438
0.175211
0.112992
0.167469
0.138136
0.105793
0.047676
0.030443
0.037980
0.039822
0.025742
0.013742
0.001602
0.000000
0.000000
0.000000
0.000000
0.000000
0.000000
0.000000
0.000000
0.000000
0.000000
0.000000
0.000000
0.000000
0.000000
0.000000
0.000000
0.000000
0.000000
0.000000
0.000000
0.000000
0.000000
0.000000
0.000000
0.000000
0.000000
0.000000
0.000000
0.000000
0.000000
0.000000
0.000000
0.000000
0.000000
0.000000
0.000000
0.000000
0.000000
0.000000
0.000000
0.000000
0.000000
0.000000
0.000000
0.000000
0.000000
0.000000
0.000000
0.000000
0.000000
0.000000
0.000000
0.000000
0.000000
0.000000
0.000000
0.000000
0.000000
0.000000
0.000000
0.000000
0.000000
0.000000
0.000000
0.000000
0.000000
0.000000
0.000000
0.000000
0.000000
0.000000
0.000000
0.000000
0.000000
0.000000
0.000000
0.000000
0.000000
0.000000
0.000000
0.000000
0.000000
0.000000
0.000000
0.000000
0.000000
0.000000
0.000000
0.000000
0.000000
0.000000
0.000000
0.000000
0.000000
0.000000
0.000000
0.000000
0.000000
0.000000
0.000000
0.000000
0.000000
0.000000
0.000000
0.000000
0.000000
0.000000
0.000000
0.000000
0.000000
0.000000
0.000000
0.000000
0.000000
0.000000
0.000000
0.000000
0.000000
0.000000
0.000000
0.000000
0.000000
0.000000
0.000000
0.000000
0.000000
0.000000
0.000000
0.000000
0.000000
0.000000
0.000000
0.000000
0.000000
0.000000
0.000000
0.000000
0.000000
0.000000
0.000000
0.000000
0.000000
0.000000
0.000000
0.000000
0.000000
0.000000
0.000000
0.000000
0.000000
0.000000
0.000000
0.000000
0.000000
0.000000
0.000000
0.000000
0.000000
0.000000
0.000000
0.000000
0.000000
0.000000
0.000000
0.000000
0.000000
0.000000
0.000000
0.000000
0.000000
0.000000
0.000000
0.000000
0.000000
0.000000
0.000000
0.000000
0.000000
0.000000
0.000000
0.000000
0.000000
0.000000
0.000000
0.000000
0.000000
0.000000
0.000000
0.000000
0.000000
0.000000
0.000000
0.000000
0.000000
0.000000
0.000000
0.000000
0.000000
0.000000
0.000000
0.000000
0.000000
0.000000
0.000000
0.000000
0.000000
0.000000
0.000000
0.000000
0.000000
0.000000
0.000000
0.000000
0.000000
0.000000
0.000000
0.000000
0.000000
0.000000
0.000000
0.000000
0.000000
0.000000
0.000000
0.000000
0.000000
0.000000
0.000000
0.000000
0.000000
0.000000
0.000000
0.000000
0.000000
0.000000
0.000000
0.000000
0.000000
0.000000
0.000000
0.000000
0.000000
0.000000
0.000000
0.000000
0.000000
0.000000
0.000000
0.000000
0.000000
0.000000
0.000000
0.000000
0.000000
0.000000
0.000000
0.000000
0.000000
0.000000
0.000000
0.000000
0.000000
0.000000
0.000000
0.000000
0.000000
0.000000
0.000000
0.000000
0.000000
0.000000
0.000000
0.000000
0.000000
0.000000
0.000000
0.000000
0.000000
0.000000
0.000000
0.000000
0.000000
0.000000
0.000000
0.000000
0.000000
0.000000
0.000000
0.000000
0.000000
0.000000
0.000000
0.000000
0.000000
0.000000
0.000000
0.000000
0.000000
0.000000
0.000000
0.000000
0.000000
0.000000
0.000000
0.000000
0.000000
0.000000
0.000000
0.000000
0.000000
0.000000
0.000000
0.000000
0.000000
0.000000
0.000000
0.000000
0.000000
0.000000
0.000000
0.000000
0.000000
0.000000
0.000000
0.000000
0.000000
0.000000
0.000000
0.000000
0.000000
0.000000
0.000000
0.000000
0.000000
0.000000
0.000000
0.000000
0.000000
0.000000
0.000000
0.000000
0.000000
0.000000
0.000000
0.000000
0.000000
0.000000
0.000000
0.000000
0.000000
0.000000
0.000000
0.000000
0.000000
0.000000
0.000000
0.000000
0.000000
0.000000
0.000000
0.000000
0.000000
0.000000
0.000000
0.000000
0.000000
0.000000
0.000000
0.000000
0.000000
0.000000
0.000000
0.000000
0.000000
0.000000
0.000000
0.000000
0.000000
0.000000
0.000000
0.000000
0.000000
0.000000
0.000000
0.000000
0.000000
0.000000
0.000000
0.000000
0.000000
0.000000
0.000000
0.000000
0.000000
0.000000
0.000000
0.000000
0.000000
0.000000
0.000000
0.000000
0.000000
0.000000
0.000000
0.000000
0.000000
0.000000
0.000000
0.000000
0.000000
0.000000
0.000000
0.000000
0.000000
0.000000
0.000000
0.000000
0.000000
0.000000
0.000000
0.000000
0.000000
0.000000
0.000000
0.000000
0.000000
0.000000
0.000000
0.000000
0.000000
0.000000
0.000000
0.000000
0.000000
0.000000
0.000000
0.000000
0.000000
0.000000
0.000000
0.000000
0.000000
0.000000
0.000000
0.000000
0.000000
0.000000
0.000000
0.000000
0.000000
0.000000
0.000000
0.000000
0.000000
0.000000
0.000000
0.000000
0.000000
0.000000
0.000000
0.000000
0.000000
0.000000
0.000000
0.000000
0.000000
0.000000
0.000000
0.000000
0.000000
0.000000
0.000000
0.000000
0.000000
0.000000
0.000000
0.000000
0.000000
0.000000
0.000000
0.000000
0.000000
0.000000
0.000000
0.000000
0.000000
0.000000
0.000000
0.000000
0.000000
0.000000
0.000000
0.000000
0.000000
0.000000
0.000000
0.000000
0.000000
0.000000
0.000000
0.000000
0.000000
0.000000
0.000000
0.000000
0.000000
0.000000
0.000000
0.000000
0.000000
0.000000
0.000000
0.000000
0.000000
0.000000
0.000000
0.000000
0.000000
0.000000
0.000000
0.000000
0.000000
0.000000
0.000000
0.000000
0.000000
0.000000
0.000000
0.000000
0.000000
0.000000
0.000000
0.000000
0.000000
0.000000
0.000000
0.000000
0.000000
0.000000
0.000000
0.000000
0.000000
0.000000
0.000000
0.000000
0.000000
0.000000
0.000000
0.000000
0.000000
0.000000
0.000000
0.000000
0.000000
0.000000
0.000000
0.000000
0.000000
0.000000
0.000000
0.000000
0.000000
0.000000
0.000000
0.000000
0.000000
0.000000
0.000000
0.000000
0.000000
0.000000
0.000000
0.000000
0.000000
0.000000
0.000000
0.000000
0.000000
0.000000
0.000000
0.000000
0.000000
0.000000
0.000000
0.000000
0.000000
0.000000
0.000000
0.000000
0.000000
0.000000
0.000000
0.000000
0.000000
0.000000
0.000000
0.000000
0.000000
0.000000
0.000000
0.000000
0.000000
0.000000
0.000000
0.000000
0.000000
0.000000
0.000000
0.000000
0.000000
0.000000
0.000000
0.000000
0.000000
0.000000
0.000000
0.000000
0.000000
0.000000
0.000000
0.000000
0.000000
0.000000
0.000000
0.000000
0.000000
0.000000
0.000000
0.000000
0.000000
0.000000
0.000000
0.000000
0.000000
0.000000
0.000000
0.000000
0.000000
0.000000
0.000000
0.000000
0.000000
0.000000
0.000000
0.000000
0.000000
0.000000
0.000000
0.000000
0.000000
0.000000
0.000000
0.000000
0.000000
0.000000
0.000000
0.000000
0.000000
0.000000
0.000000
0.000000
0.000000
0.000000
0.000000
0.000000
0.000000
0.000000
