0.000000
0.000000
0.000000
0.000000
0.000000
0.000000
0.000000
0.000000
0.000000
0.285102
8.454430
20.582935
43.989372
46.133535
72.302829
123.700429
206.110112
301.425558
448.099492
603.351746
879.446021
1112.847908
1425.711709
1865.836226
2390.966581
3009.833500
3740.773914
4670.250842
5547.747980
6678.367715
7899.336284
9290.514767
10828.559098
12557.466140
14275.185253
16192.049612
18036.094773
20187.545213
22451.627554
25033.398521
27383.803368
29983.057930
32594.208195
35297.936911
38316.401386
41043.535915
43584.897794
46203.569296
49126.708446
51886.594734
54458.107998
57128.182947
59685.103254
62434.019573
64888.178431
67045.049210
69715.500675
72033.980495
74338.188719
76691.356643
78767.867862
80732.792277
82534.236545
84277.363734
85852.220087
87237.335391
88990.167370
90542.235721
91880.809912
93142.109301
94137.027418
94809.206159
95653.690318
96687.309058
97415.943977
97854.914259
98153.315967
98783.559467
99431.151674
99738.413219
99886.907520
100108.228556
100366.487595
100099.957039
100003.780293
99778.060214
99833.923711
99653.748165
99496.361626
98969.025941
98694.905194
98139.759979
97453.569685
97105.588027
96697.998525
96026.860082
95278.420486
94618.608742
94038.011232
93241.076114
92576.638370
91555.639365
90454.042521
89507.804048
88775.946427
87833.135546
86945.264904
85701.028450
84759.011536
83773.148195
82737.057752
81633.851847
80576.715056
79443.911836
78463.034976
77514.297216
76469.752943
75379.614695
74257.131821
73134.450306
72124.057216
71161.615264
70259.744018
69285.423808
68309.113361
67147.915072
65876.980522
64831.997582
63763.347146
62799.954122
61708.195596
60752.549130
59679.350995
58562.172330
57573.905431
56597.486446
55567.690780
54666.969549
53776.462400
52901.026289
52006.509532
50833.277223
49784.542755
48624.512013
47676.557811
46694.126834
45822.092694
44858.597912
43914.267969
43058.133752
42189.428397
41207.734257
40291.406115
39345.875444
38552.940194
37756.733916
36873.618415
36176.086434
35396.719932
34696.330323
33824.478543
33171.081610
32372.696791
31616.658915
30878.820979
30190.692905
29476.408746
28688.723319
28084.334391
27514.823436
26840.870714
26171.342763
25458.832194
24792.637273
24209.111594
23668.642451
23142.649630
22539.655443
21947.987595
21375.082443
20745.665025
20107.076392
19627.266521
19081.088527
18520.336916
18120.603993
17684.837768
17327.884014
16854.787047
16430.005696
15950.843565
15485.114605
15094.998816
14590.197159
14096.448546
13700.608811
13277.768021
12928.021378
12530.118164
12128.580819
11754.850277
11351.619738
10997.126161
10689.338750
10345.410332
10052.830918
9661.914717
9349.867454
9040.946287
8737.927737
8441.031502
8149.946164
7862.951185
7653.526893
7429.074461
7218.793731
6963.763706
6694.269929
6498.745061
6240.665903
6008.388855
5796.255308
5585.721924
5399.256139
5203.977951
5022.071118
4865.743819
4660.998329
4483.003743
4314.631010
4172.581912
4013.629815
3844.275169
3659.122061
3500.061004
3352.139328
3262.692123
3121.678239
2991.671956
2888.871698
2773.590837
2653.831264
2554.721972
2443.499343
2355.966483
2266.049084
2166.060618
2086.486059
1999.353698
1918.966099
1858.014127
1786.724171
1695.699739
1629.142075
1565.439300
1489.999599
1413.808324
1351.076474
1281.504117
1221.941403
1162.439995
1118.710114
1063.878219
1034.198454
983.749860
930.186295
886.581354
846.086874
815.680682
779.241552
744.582646
714.326823
676.393154
645.304550
624.009170
598.856961
578.257382
551.674257
532.470269
505.190004
476.852779
447.508990
434.952978
411.101190
391.993342
367.705658
350.969950
341.101548
326.749845
309.383527
297.555606
282.144718
270.911324
258.481752
241.747955
233.173496
216.146814
217.147926
199.094116
190.754751
179.255929
172.752988
164.153212
157.099430
152.662312
144.598562
139.686952
130.038575
122.742559
112.056894
111.421724
105.229571
101.832668
94.311159
88.498943
81.391531
77.953157
74.151676
71.261321
69.978528
69.180691
65.603713
60.701100
57.286818
52.644209
48.153778
44.980140
44.995369
42.145632
38.264391
37.086493
36.789840
36.238193
34.811638
31.565598
28.752093
25.780993
24.189452
23.604527
22.328463
19.373917
19.162683
18.331756
15.902944
13.599122
11.841674
11.170167
10.833125
9.787836
10.300672
8.716383
7.895118
7.541260
6.469582
4.486847
4.659290
4.204478
4.028394
3.891697
3.114855
2.701746
2.122721
2.890041
2.732848
2.358389
1.864670
1.795134
1.507859
1.105146
0.962678
1.183439
0.862306
0.755427
0.922765
0.986174
1.193003
1.128587
0.793854
0.606814
0.468043
0.768647
0.749578
0.767390
0.580995
0.254908
0.308402
0.302789
0.335969
0.291029
0.106154
0.132666
0.179062
0.027109
0.106903
0.064487
0.012423
0.000000
0.000000
0.000000
0.000000
0.000000
0.000000
0.000000
0.000000
0.000000
0.000000
0.000000
0.000000
0.000000
0.000000
0.000000
0.000000
0.000000
0.000000
0.000000
0.000000
0.000000
0.000000
0.000000
0.000000
0.000000
0.000000
0.000000
0.000000
0.000000
0.000000
0.000000
0.000000
0.000000
0.000000
0.000000
0.000000
0.000000
0.000000
0.000000
0.000000
0.000000
0.000000
0.000000
0.000000
0.000000
0.000000
0.000000
0.000000
0.000000
0.000000
0.000000
0.000000
0.000000
0.000000
0.000000
0.000000
0.000000
0.000000
0.000000
0.000000
0.000000
0.000000
0.000000
0.000000
0.000000
0.000000
0.000000
0.000000
0.000000
0.000000
0.000000
0.000000
0.000000
0.000000
0.000000
0.000000
0.000000
0.000000
0.000000
0.000000
0.000000
0.000000
0.000000
0.000000
0.000000
0.000000
0.000000
0.000000
0.000000
0.000000
0.000000
0.000000
0.000000
0.000000
0.000000
0.000000
0.000000
0.000000
0.000000
0.000000
0.000000
0.000000
0.000000
0.000000
0.000000
0.000000
0.000000
0.000000
0.000000
0.000000
0.000000
0.000000
0.000000
0.000000
0.000000
0.000000
0.000000
0.000000
0.000000
0.000000
0.000000
0.000000
0.000000
0.000000
0.000000
0.000000
0.000000
0.000000
0.000000
0.000000
0.000000
0.000000
0.000000
0.000000
0.000000
0.000000
0.000000
0.000000
0.000000
0.000000
0.000000
0.000000
0.000000
0.000000
0.000000
0.000000
0.000000
0.000000
0.000000
0.000000
0.000000
0.000000
0.000000
0.000000
0.000000
0.000000
0.000000
0.000000
0.000000
0.000000
0.000000
0.000000
0.000000
0.000000
0.000000
0.000000
0.000000
0.000000
0.000000
0.000000
0.000000
0.000000
0.000000
0.000000
0.000000
0.000000
0.000000
0.000000
0.000000
0.000000
0.000000
0.000000
0.000000
0.000000
0.000000
0.000000
0.000000
0.000000
0.000000
0.000000
0.000000
0.000000
0.000000
0.000000
0.000000
0.000000
0.000000
0.000000
0.000000
0.000000
0.000000
0.000000
0.000000
0.000000
0.000000
0.000000
0.000000
0.000000
0.000000
0.000000
0.000000
0.000000
0.000000
0.000000
0.000000
0.000000
0.000000
0.000000
0.000000
0.000000
0.000000
0.000000
0.000000
0.000000
0.000000
0.000000
0.000000
0.000000
0.000000
0.000000
0.000000
0.000000
0.000000
0.000000
0.000000
0.000000
0.000000
0.000000
0.000000
0.000000
0.000000
0.000000
0.000000
0.000000
0.000000
0.000000
0.000000
0.000000
0.000000
0.000000
0.000000
0.000000
0.000000
0.000000
0.000000
0.000000
0.000000
0.000000
0.000000
0.000000
0.000000
0.000000
0.000000
0.000000
0.000000
0.000000
0.000000
0.000000
0.000000
0.000000
0.000000
0.000000
0.000000
0.000000
0.000000
0.000000
0.000000
0.000000
0.000000
0.000000
0.000000
0.000000
0.000000
0.000000
0.000000
0.000000
0.000000
0.000000
0.000000
0.000000
0.000000
0.000000
0.000000
0.000000
0.000000
0.000000
0.000000
0.000000
0.000000
0.000000
0.000000
0.000000
0.000000
0.000000
0.000000
0.000000
0.000000
0.000000
0.000000
0.000000
0.000000
0.000000
0.000000
0.000000
0.000000
0.000000
0.000000
0.000000
0.000000
0.000000
0.000000
0.000000
0.000000
0.000000
0.000000
0.000000
0.000000
0.000000
0.000000
0.000000
0.000000
0.000000
0.000000
0.000000
0.000000
0.000000
0.000000
0.000000
0.000000
0.000000
0.000000
0.000000
0.000000
0.000000
0.000000
0.000000
0.000000
0.000000
0.000000
0.000000
0.000000
0.000000
0.000000
0.000000
0.000000
0.000000
0.000000
0.000000
0.000000
0.000000
0.000000
0.000000
0.000000
0.000000
0.000000
0.000000
0.000000
0.000000
0.000000
0.000000
0.000000
0.000000
0.000000
0.000000
0.000000
0.000000
0.000000
0.000000
0.000000
0.000000
0.000000
0.000000
0.000000
0.000000
0.000000
0.000000
0.000000
0.000000
0.000000
0.000000
0.000000
0.000000
0.000000
0.000000
0.000000
0.000000
0.000000
0.000000
0.000000
0.000000
0.000000
0.000000
0.000000
0.000000
0.000000
0.000000
0.000000
0.000000
0.000000
0.000000
0.000000
0.000000
0.000000
0.000000
0.000000
0.000000
0.000000
0.000000
0.000000
0.000000
0.000000
0.000000
0.000000
0.000000
0.000000
0.000000
0.000000
0.000000
0.000000
0.000000
0.000000
0.000000
0.000000
0.000000
0.000000
0.000000
0.000000
0.000000
0.000000
0.000000
0.000000
0.000000
0.000000
0.000000
0.000000
0.000000
0.000000
0.000000
0.000000
0.000000
0.000000
0.000000
0.000000
0.000000
0.000000
0.000000
0.000000
0.000000
0.000000
0.000000
0.000000
0.000000
0.000000
0.000000
0.000000
0.000000
0.000000
0.000000
0.000000
0.000000
0.000000
0.000000
0.000000
0.000000
0.000000
0.000000
0.000000
0.000000
0.000000
0.000000
0.000000
0.000000
0.000000
0.000000
0.000000
0.000000
0.000000
0.000000
0.000000
0.000000
0.000000
0.000000
0.000000
0.000000
0.000000
0.000000
0.000000
0.000000
0.000000
0.000000
0.000000
0.000000
0.000000
0.000000
0.000000
0.000000
0.000000
0.000000
0.000000
0.000000
0.000000
0.000000
0.000000
0.000000
0.000000
0.000000
0.000000
0.000000
0.000000
0.000000
0.000000
0.000000
0.000000
0.000000
0.000000
0.000000
0.000000
0.000000
0.000000
0.000000
0.000000
0.000000
0.000000
0.000000
0.000000
0.000000
0.000000
0.000000
0.000000
0.000000
0.000000
0.000000
0.000000
0.000000
0.000000
0.000000
0.000000
0.000000
0.000000
0.000000
0.000000
0.000000
0.000000
0.000000
0.000000
0.000000
0.000000
0.000000
0.000000
0.000000
0.000000
0.000000
0.000000
0.000000
0.000000
0.000000
0.000000
0.000000
0.000000
0.000000
0.000000
0.000000
0.000000
0.000000
0.000000
0.000000
0.000000
0.000000
0.000000
0.000000
0.000000
0.000000
0.000000
0.000000
0.000000
0.000000
0.000000
0.000000
0.000000
0.000000
0.000000
0.000000
0.000000
0.000000
0.000000
0.000000
0.000000
0.000000
0.000000
0.000000
0.000000
0.000000
0.000000
0.000000
0.000000
