40.856628
483.328851
2208.372862
6447.501787
15233.163376
30079.775045
52860.160626
82569.394448
117452.198384
155384.454017
192923.623754
228703.895807
261481.172116
287616.707374
309115.195331
323365.712708
330561.444772
332252.368459
330339.058896
322437.861691
311156.027155
297261.381703
282801.090684
266732.405155
249305.271653
232645.750387
216277.164743
200273.287998
185592.847846
171756.728825
158485.550679
146217.906334
134428.367501
123950.871128
114343.767271
105084.749012
96798.769181
89069.871292
82242.477835
76038.258076
70181.447758
65291.703752
60655.345868
56358.833641
52379.501460
48623.498308
45484.635530
42747.699932
39853.156256
37484.944243
35367.525753
33090.345322
31217.157804
29291.351707
27543.618646
25881.878676
24564.021023
23182.486660
21999.949785
20910.296210
19829.943721
18837.780341
17993.679909
17307.367047
16579.490580
15831.177350
15244.257587
14454.223500
13927.796617
13418.449465
12961.490299
12597.552805
12230.816823
11788.876013
11465.809098
11032.606526
10707.193452
10476.519842
10156.547544
9852.806932
9591.880390
9349.824821
9114.461979
8900.077786
8723.604444
8584.779806
8431.908546
8292.128901
8132.695152
8058.388227
7943.017851
7739.817708
7659.785076
7585.258348
7555.314244
7507.874579
7389.682599
7245.708782
7235.336985
7276.201248
7276.161449
7251.641690
7219.023519
7132.887132
7098.140178
7087.964944
7094.881866
7009.536550
6944.383638
6901.013585
6877.129716
6935.151126
6893.138075
6895.643862
6797.523174
6768.970537
6727.348292
6718.917981
6726.253178
6760.202968
6785.103403
6779.731616
6712.696757
6666.553900
6681.569486
6663.471289
6660.597934
6657.612452
6699.436297
6713.944999
6733.070585
6728.029547
6720.235574
6755.463670
6748.596706
6708.083413
6741.074826
6771.477951
6773.462383
6783.244637
6815.185457
6845.554745
6887.664982
6929.382897
6919.580563
6940.702060
7002.678092
7056.491735
7044.750697
7075.376539
7064.138054
7134.597592
7196.728805
7213.274284
7282.107484
7355.616190
7399.049975
7431.103936
7529.251378
7563.929824
7583.572341
7591.878774
7614.422100
7649.516688
7659.727900
7733.426994
7747.331259
7789.029909
7873.473119
7946.630819
7979.909331
8006.345234
8093.353891
8107.977006
8187.479129
8309.075505
8314.101125
8381.084674
8369.162211
8466.321134
8510.348117
8562.681846
8581.335265
8589.584148
8621.762804
8637.437407
8754.927670
8768.527795
8827.269553
8888.871106
8923.642362
8964.293821
9042.504893
9064.238141
9144.568461
9189.256260
9261.809988
9236.523673
9278.933834
9331.907415
9331.038176
9393.921830
9395.098176
9449.408395
9446.430825
9478.652201
9509.993623
9522.100958
9590.327814
9588.125181
9590.121986
9623.223231
9648.397125
9689.458783
9711.416530
9692.160261
9723.068233
9788.802714
9792.646425
9807.672785
9807.446015
9825.043179
9867.536553
9886.708594
9863.429087
9894.891538
9889.699850
9880.557742
9853.474537
9862.821374
9831.758168
9854.344919
9856.139882
9839.317743
9812.081911
9753.250199
9754.280424
9691.045895
9628.533246
9544.816997
9545.162908
9500.442001
9462.068620
9435.935863
9434.076055
9414.986337
9389.281667
9263.077719
9205.327574
9129.929450
9114.389166
9090.859248
9048.450411
9043.727774
8995.281264
8976.745115
8933.718167
8901.009044
8849.566141
8791.849545
8750.086173
8706.592515
8591.174812
8543.419072
8434.349902
8352.184601
8291.518854
8213.714479
8119.783630
8079.681095
7996.788474
7905.138342
7836.123582
7752.745450
7672.047217
7558.438361
7462.844762
7363.386897
7290.418298
7233.126542
7178.322846
7088.542405
7020.009167
6942.739173
6863.526296
6801.461300
6738.399682
6644.722233
6566.796327
6475.546026
6395.078113
6342.337468
6220.515659
6146.064097
6056.888544
5953.063519
5880.914596
5813.806743
5733.557453
5621.898260
5524.505330
5442.109365
5350.503478
5276.871454
5174.035817
5095.665659
4981.839386
4926.367101
4803.878880
4727.505176
4632.961372
4573.835610
4510.320756
4429.337966
4357.764958
4277.881008
4184.893578
4087.896542
3989.318068
3889.027566
3800.436563
3729.913146
3640.186768
3579.570599
3480.013383
3404.694524
3328.535082
3260.071260
3196.227877
3120.906541
3051.158854
2995.171240
2911.249077
2837.238178
2768.733206
2711.954860
2647.757796
2581.464557
2505.618244
2443.845050
2391.071808
2308.361919
2232.059427
2192.110821
2144.536753
2096.426421
2035.124771
1986.494658
1928.919606
1901.231905
1856.764650
1802.859102
1759.523779
1722.032656
1671.719374
1608.068287
1560.248856
1516.971985
1466.558820
1426.570153
1389.419027
1344.460004
1302.880433
1261.522065
1235.005965
1195.202337
1157.619812
1128.059541
1088.833700
1048.032297
1013.507005
975.771157
934.842966
899.826280
870.679718
836.305184
816.242504
782.762058
752.421588
732.975646
707.509496
690.767171
666.399571
637.740529
615.042185
593.488365
568.434931
549.950575
529.938433
515.023857
492.556417
475.627019
458.317390
440.482741
420.149964
401.844067
383.594802
372.827243
355.721350
343.560358
329.071192
319.587648
307.063425
292.531867
284.673297
267.445322
257.186331
246.428988
239.880934
231.018275
223.554530
217.362162
210.763067
198.808524
192.379560
180.907060
176.410602
166.981900
156.356715
150.590744
145.492134
140.179667
129.993667
123.594953
118.218896
112.333408
107.993762
104.168320
100.332637
97.887892
93.008723
88.310486
88.221883
87.002378
83.430158
80.826268
74.529390
70.958839
68.158806
63.207907
61.708225
58.649420
55.789733
53.266304
52.883005
50.429440
49.150572
46.173563
46.541783
46.698136
42.733592
41.690619
39.220549
38.322125
38.331445
35.601761
31.979404
28.774633
27.054573
26.124842
25.225982
23.412688
21.453493
21.385949
18.956729
17.803490
17.325821
17.758711
16.556538
15.788685
14.740609
14.480749
13.404414
12.978399
11.553690
10.588079
9.570565
8.768238
9.211845
8.998492
9.057242
9.773005
10.114075
10.713876
9.876581
10.292918
9.408306
9.377394
9.073641
9.462345
8.080186
8.397690
8.374160
8.335223
7.967380
8.849619
8.731214
7.864540
6.559877
6.168439
5.328318
4.748139
4.196087
4.018810
4.186742
4.193057
3.562883
2.561999
2.437794
1.997255
2.392101
1.784630
1.334809
1.168272
0.923888
0.774832
0.929291
0.520527
0.247909
0.022395
0.004172
0.000000
0.000000
0.000000
0.000000
0.000000
0.000000
0.000000
0.000000
0.000000
0.000000
0.000000
0.000000
0.000000
0.000000
0.000000
0.000000
0.000000
0.000000
0.000000
0.000000
0.000000
0.000000
0.000000
0.000000
0.000000
0.000000
0.000000
0.000000
0.000000
0.000000
0.000000
0.000000
0.000000
0.000000
0.000000
0.000000
0.000000
0.000000
0.000000
0.000000
0.000000
0.000000
0.000000
0.000000
0.000000
0.000000
0.000000
0.000000
0.000000
0.000000
0.000000
0.000000
0.000000
0.000000
0.000000
0.000000
0.000000
0.000000
0.000000
0.000000
0.000000
0.000000
0.000000
0.000000
0.000000
0.000000
0.000000
0.000000
0.000000
0.000000
0.000000
0.000000
0.000000
0.000000
0.000000
0.000000
0.000000
0.000000
0.000000
0.000000
0.000000
0.000000
0.000000
0.000000
0.000000
0.000000
0.000000
0.000000
0.000000
0.000000
0.000000
0.000000
0.000000
0.000000
0.000000
0.000000
0.000000
0.000000
0.000000
0.000000
0.000000
0.000000
0.000000
0.000000
0.000000
0.000000
0.000000
0.000000
0.000000
0.000000
0.000000
0.000000
0.000000
0.000000
0.000000
0.000000
0.000000
0.000000
0.000000
0.000000
0.000000
0.000000
0.000000
0.000000
0.000000
0.000000
0.000000
0.000000
0.000000
0.000000
0.000000
0.000000
0.000000
0.000000
0.000000
0.000000
0.000000
0.000000
0.000000
0.000000
0.000000
0.000000
0.000000
0.000000
0.000000
0.000000
0.000000
0.000000
0.000000
0.000000
0.000000
0.000000
0.000000
0.000000
0.000000
0.000000
0.000000
0.000000
0.000000
0.000000
0.000000
0.000000
0.000000
0.000000
0.000000
0.000000
0.000000
0.000000
0.000000
0.000000
0.000000
0.000000
0.000000
0.000000
0.000000
0.000000
0.000000
0.000000
0.000000
0.000000
0.000000
0.000000
0.000000
0.000000
0.000000
0.000000
0.000000
0.000000
0.000000
0.000000
0.000000
0.000000
0.000000
0.000000
0.000000
0.000000
0.000000
0.000000
0.000000
0.000000
0.000000
0.000000
0.000000
0.000000
0.000000
0.000000
0.000000
0.000000
0.000000
0.000000
0.000000
0.000000
0.000000
0.000000
0.000000
0.000000
0.000000
0.000000
0.000000
0.000000
0.000000
0.000000
0.000000
0.000000
0.000000
0.000000
0.000000
0.000000
0.000000
0.000000
0.000000
0.000000
0.000000
0.000000
0.000000
0.000000
0.000000
0.000000
0.000000
0.000000
0.000000
0.000000
0.000000
0.000000
0.000000
0.000000
0.000000
0.000000
0.000000
0.000000
0.000000
0.000000
0.000000
0.000000
0.000000
0.000000
0.000000
0.000000
0.000000
0.000000
0.000000
0.000000
0.000000
0.000000
0.000000
0.000000
0.000000
0.000000
0.000000
0.000000
0.000000
0.000000
0.000000
0.000000
0.000000
0.000000
0.000000
0.000000
0.000000
0.000000
0.000000
0.000000
0.000000
0.000000
0.000000
0.000000
0.000000
0.000000
0.000000
0.000000
0.000000
0.000000
0.000000
0.000000
0.000000
0.000000
0.000000
0.000000
0.000000
0.000000
0.000000
0.000000
0.000000
0.000000
0.000000
0.000000
0.000000
0.000000
0.000000
0.000000
0.000000
0.000000
0.000000
0.000000
0.000000
0.000000
0.000000
0.000000
0.000000
0.000000
0.000000
0.000000
0.000000
0.000000
0.000000
0.000000
0.000000
0.000000
0.000000
0.000000
0.000000
0.000000
0.000000
0.000000
0.000000
0.000000
0.000000
0.000000
0.000000
0.000000
0.000000
0.000000
0.000000
0.000000
0.000000
0.000000
0.000000
0.000000
0.000000
0.000000
0.000000
0.000000
0.000000
0.000000
0.000000
0.000000
0.000000
0.000000
0.000000
0.000000
0.000000
0.000000
0.000000
0.000000
0.000000
0.000000
0.000000
0.000000
0.000000
0.000000
0.000000
0.000000
0.000000
0.000000
0.000000
0.000000
0.000000
0.000000
0.000000
0.000000
0.000000
0.000000
0.000000
0.000000
0.000000
0.000000
0.000000
0.000000
0.000000
0.000000
0.000000
0.000000
0.000000
0.000000
0.000000
0.000000
0.000000
0.000000
0.000000
0.000000
0.000000
0.000000
0.000000
0.000000
0.000000
0.000000
0.000000
0.000000
0.000000
0.000000
0.000000
0.000000
0.000000
0.000000
0.000000
0.000000
0.000000
0.000000
0.000000
0.000000
0.000000
0.000000
0.000000
0.000000
0.000000
0.000000
0.000000
0.000000
0.000000
0.000000
0.000000
0.000000
0.000000
0.000000
0.000000
0.000000
0.000000
0.000000
0.000000
0.000000
0.000000
0.000000
0.000000
0.000000
0.000000
0.000000
0.000000
0.000000
0.000000
0.000000
0.000000
0.000000
0.000000
0.000000
0.000000
0.000000
0.000000
0.000000
0.000000
0.000000
0.000000
0.000000
0.000000
0.000000
0.000000
0.000000
0.000000
0.000000
0.000000
0.000000
0.000000
0.000000
0.000000
0.000000
0.000000
0.000000
0.000000
0.000000
0.000000
0.000000
