5.707942
39.302869
156.212448
450.814829
1071.975898
2213.204057
4086.408467
6900.386031
10863.931959
16109.044876
22723.223599
30697.516074
39944.474636
50294.821190
61501.346525
73365.122274
85540.271624
97756.485803
109638.864470
121012.204970
131614.813356
141314.128526
149896.562739
157309.329047
163580.404341
168404.458638
172068.721502
174439.060708
175726.757538
175927.057321
175138.172250
173514.541463
171108.112221
168052.393261
164410.675082
160341.094201
155903.365660
151207.920539
146317.650649
141267.950986
136202.943144
131060.287858
125946.526710
120886.996857
115940.006310
111079.214803
106339.974449
101749.435472
97307.132883
93021.269720
88909.869897
85029.260912
81239.774659
77645.447257
74234.201218
70963.845495
67875.191486
64957.021925
62170.298160
59523.686091
57023.649894
54693.245216
52450.520180
50333.291662
48346.145828
46483.392834
44726.570755
43044.318305
41462.162591
39971.350832
38574.604120
37251.917147
35991.958032
34813.751809
33697.821242
32652.414038
31670.823795
30733.914107
29852.978056
29022.050920
28231.982791
27501.981633
26808.876185
26165.839096
25560.040317
24995.445356
24462.948625
23957.610676
23489.769746
23051.594911
22627.533864
22233.626630
21861.916248
21511.647967
21185.765842
20877.945460
20595.324225
20331.308398
20078.529105
19852.127153
19634.773168
19436.749253
19245.661589
19072.502150
18897.855242
18737.821082
18606.196117
18474.135549
18366.431902
18256.844602
18151.464028
18065.975249
17973.545353
17896.686629
17834.436234
17779.304119
17738.083164
17706.938968
17673.116458
17638.131731
17612.738422
17604.007690
17591.374055
17594.925604
17603.554927
17614.248716
17634.171798
17648.468228
17672.078821
17705.323936
17739.660555
17773.444539
17807.307628
17858.942447
17913.117526
17967.947217
18019.682256
18067.539795
18133.603272
18200.087944
18265.094703
18326.457642
18399.725193
18471.642479
18536.364406
18605.296055
18681.733209
18764.496673
18834.706410
18909.733396
18994.061610
19064.966288
19136.693525
19219.723891
19290.265793
19366.163961
19433.521654
19507.306674
19579.446062
19657.232865
19716.305546
19787.424145
19846.334837
19909.684597
19969.128117
20029.878139
20078.076111
20118.800594
20171.404051
20219.149578
20261.640553
20303.329130
20325.762146
20361.058912
20388.883472
20408.050551
20429.381021
20452.136508
20458.121853
20468.616347
20465.504243
20458.648706
20448.717890
20434.521319
20416.085296
20389.931223
20358.554181
20320.154897
20282.963360
20237.639640
20178.913534
20120.673070
20064.993213
19984.334121
19911.417426
19822.970919
19737.913358
19647.189263
19543.518487
19438.842874
19329.094397
19208.791891
19085.284932
18956.824235
18830.533294
18687.460102
18549.282693
18400.460005
18241.782387
18089.130847
17923.778928
17753.791284
17582.959098
17401.959917
17216.839644
17037.302418
16848.236157
16650.637019
16448.941788
16243.212506
16036.920881
15824.117055
15609.889604
15389.536273
15169.407721
14941.037939
14715.951047
14484.565296
14257.384070
14026.233673
13794.627705
13552.388891
13308.198575
13068.680602
12826.320905
12584.573320
12344.993475
12103.944074
11860.217355
11617.421714
11374.380074
11135.545060
10895.613754
10654.005195
10417.814500
10171.557355
9929.455452
9696.831334
9459.674550
9221.351243
8992.811686
8763.705654
8534.493861
8309.375314
8088.071266
7862.736908
7641.783071
7422.619821
7210.529129
6996.328122
6787.520720
6582.766572
6382.653984
6181.859212
5979.968263
5792.229953
5603.408122
5419.084095
5239.732770
5065.762339
4890.454961
4722.170570
4555.883644
4393.234398
4235.554946
4083.349083
3932.303466
3782.967464
3637.455599
3497.878638
3362.893288
3228.059203
3097.602553
2973.651592
2852.306464
2733.735554
2620.445611
2509.845435
2401.953462
2298.513726
2198.156878
2102.707809
2007.038352
1917.401985
1829.210892
1742.255847
1661.621616
1582.199852
1506.029496
1433.437426
1364.393000
1297.304753
1233.021609
1171.823986
1110.630256
1054.083442
1000.797040
948.038605
899.083351
851.962036
806.076402
762.632294
722.376663
683.036720
645.769622
610.136737
575.729459
543.530576
512.332828
483.623005
454.774643
428.821838
403.234288
379.380023
356.691900
335.490723
314.962218
295.148553
276.301903
259.226502
242.990883
227.369118
212.547197
198.853813
186.223599
174.090854
162.592412
151.958093
141.766498
132.289308
122.966326
114.718444
106.399683
98.922630
91.907546
85.206558
79.216330
73.610848
68.199614
63.209172
58.639569
54.247886
50.237794
46.664407
43.204087
40.329359
37.177216
34.455234
31.638376
29.175006
26.953528
24.813065
22.819998
20.992960
19.205899
17.516323
16.196574
14.870362
13.573795
12.440393
11.422051
10.481089
9.580955
8.799058
8.072513
7.434750
6.676884
6.173884
5.590300
5.072937
4.634870
4.188038
3.803350
3.440857
3.118790
2.771786
2.536183
2.332519
2.097189
1.929569
1.746423
1.583588
1.420879
1.283203
1.163926
1.037734
0.982413
0.873316
0.780206
0.703210
0.608234
0.556639
0.473230
0.433625
0.377251
0.346351
0.300157
0.245732
0.201921
0.183526
0.165263
0.147713
0.130375
0.114315
0.104722
0.093181
0.087657
0.080405
0.062260
0.061756
0.059125
0.047639
0.043883
0.039998
0.032447
0.026476
0.022179
0.023738
0.024239
0.020043
0.019107
0.020130
0.018027
0.012824
0.009348
0.004781
0.005234
0.004014
0.001500
0.003136
0.003847
0.002800
0.001976
0.001124
0.000920
0.000781
0.000886
0.000395
0.000177
0.000539
0.000113
0.000000
0.000000
0.000000
0.000000
0.000000
0.000000
0.000000
0.000000
0.000000
0.000000
0.000000
0.000000
0.000000
0.000000
0.000000
0.000000
0.000000
0.000000
0.000000
0.000000
0.000000
0.000000
0.000000
0.000000
0.000000
0.000000
0.000000
0.000000
0.000000
0.000000
0.000000
0.000000
0.000000
0.000000
0.000000
0.000000
0.000000
0.000000
0.000000
0.000000
0.000000
0.000000
0.000000
0.000000
0.000000
0.000000
0.000000
0.000000
0.000000
0.000000
0.000000
0.000000
0.000000
0.000000
0.000000
0.000000
0.000000
0.000000
0.000000
0.000000
0.000000
0.000000
0.000000
0.000000
0.000000
0.000000
0.000000
0.000000
0.000000
0.000000
0.000000
0.000000
0.000000
0.000000
0.000000
0.000000
0.000000
0.000000
0.000000
0.000000
0.000000
0.000000
0.000000
0.000000
0.000000
0.000000
0.000000
0.000000
0.000000
0.000000
0.000000
0.000000
0.000000
0.000000
0.000000
0.000000
0.000000
0.000000
0.000000
0.000000
0.000000
0.000000
0.000000
0.000000
0.000000
0.000000
0.000000
0.000000
0.000000
0.000000
0.000000
0.000000
0.000000
0.000000
0.000000
0.000000
0.000000
0.000000
0.000000
0.000000
0.000000
0.000000
0.000000
0.000000
0.000000
0.000000
0.000000
0.000000
0.000000
0.000000
0.000000
0.000000
0.000000
0.000000
0.000000
0.000000
0.000000
0.000000
0.000000
0.000000
0.000000
0.000000
0.000000
0.000000
0.000000
0.000000
0.000000
0.000000
0.000000
0.000000
0.000000
0.000000
0.000000
0.000000
0.000000
0.000000
0.000000
0.000000
0.000000
0.000000
0.000000
0.000000
0.000000
0.000000
0.000000
0.000000
0.000000
0.000000
0.000000
0.000000
0.000000
0.000000
0.000000
0.000000
0.000000
0.000000
0.000000
0.000000
0.000000
0.000000
0.000000
0.000000
0.000000
0.000000
0.000000
0.000000
0.000000
0.000000
0.000000
0.000000
0.000000
0.000000
0.000000
0.000000
0.000000
0.000000
0.000000
0.000000
0.000000
0.000000
0.000000
0.000000
0.000000
0.000000
0.000000
0.000000
0.000000
0.000000
0.000000
0.000000
0.000000
0.000000
0.000000
0.000000
0.000000
0.000000
0.000000
0.000000
0.000000
0.000000
0.000000
0.000000
0.000000
0.000000
0.000000
0.000000
0.000000
0.000000
0.000000
0.000000
0.000000
0.000000
0.000000
0.000000
0.000000
0.000000
0.000000
0.000000
0.000000
0.000000
0.000000
0.000000
0.000000
0.000000
0.000000
0.000000
0.000000
0.000000
0.000000
0.000000
0.000000
0.000000
0.000000
0.000000
0.000000
0.000000
0.000000
0.000000
0.000000
0.000000
0.000000
0.000000
0.000000
0.000000
0.000000
0.000000
0.000000
0.000000
0.000000
0.000000
0.000000
0.000000
0.000000
0.000000
0.000000
0.000000
0.000000
0.000000
0.000000
0.000000
0.000000
0.000000
0.000000
0.000000
0.000000
0.000000
0.000000
0.000000
0.000000
0.000000
0.000000
0.000000
0.000000
0.000000
0.000000
0.000000
0.000000
0.000000
0.000000
0.000000
0.000000
0.000000
0.000000
0.000000
0.000000
0.000000
0.000000
0.000000
0.000000
0.000000
0.000000
0.000000
0.000000
0.000000
0.000000
0.000000
0.000000
0.000000
0.000000
0.000000
0.000000
0.000000
0.000000
0.000000
0.000000
0.000000
0.000000
0.000000
0.000000
0.000000
0.000000
0.000000
0.000000
0.000000
0.000000
0.000000
0.000000
0.000000
0.000000
0.000000
0.000000
0.000000
0.000000
0.000000
0.000000
0.000000
0.000000
0.000000
0.000000
0.000000
0.000000
0.000000
0.000000
0.000000
0.000000
0.000000
0.000000
0.000000
0.000000
0.000000
0.000000
0.000000
0.000000
0.000000
0.000000
0.000000
0.000000
0.000000
0.000000
0.000000
0.000000
0.000000
0.000000
0.000000
0.000000
0.000000
0.000000
0.000000
0.000000
0.000000
0.000000
0.000000
0.000000
0.000000
0.000000
0.000000
0.000000
0.000000
0.000000
0.000000
0.000000
0.000000
0.000000
0.000000
0.000000
0.000000
0.000000
0.000000
0.000000
0.000000
0.000000
0.000000
0.000000
0.000000
0.000000
0.000000
0.000000
0.000000
0.000000
0.000000
0.000000
0.000000
0.000000
0.000000
0.000000
0.000000
0.000000
0.000000
0.000000
0.000000
0.000000
0.000000
0.000000
0.000000
0.000000
0.000000
0.000000
0.000000
0.000000
0.000000
0.000000
0.000000
0.000000
0.000000
0.000000
0.000000
0.000000
0.000000
0.000000
0.000000
0.000000
0.000000
0.000000
0.000000
0.000000
0.000000
0.000000
0.000000
0.000000
0.000000
0.000000
0.000000
0.000000
0.000000
0.000000
0.000000
0.000000
0.000000
0.000000
0.000000
0.000000
0.000000
0.000000
0.000000
0.000000
0.000000
0.000000
0.000000
0.000000
0.000000
0.000000
0.000000
0.000000
0.000000
0.000000
0.000000
0.000000
0.000000
0.000000
0.000000
0.000000
0.000000
0.000000
0.000000
0.000000
0.000000
0.000000
0.000000
0.000000
0.000000
0.000000
0.000000
0.000000
0.000000
0.000000
0.000000
0.000000
0.000000
0.000000
0.000000
0.000000
0.000000
0.000000
0.000000
0.000000
0.000000
0.000000
0.000000
0.000000
0.000000
0.000000
0.000000
0.000000
0.000000
0.000000
0.000000
0.000000
0.000000
0.000000
0.000000
0.000000
0.000000
0.000000
0.000000
0.000000
0.000000
0.000000
0.000000
0.000000
0.000000
0.000000
0.000000
0.000000
0.000000
0.000000
0.000000
0.000000
0.000000
0.000000
0.000000
0.000000
0.000000
0.000000
0.000000
0.000000
0.000000
0.000000
0.000000
0.000000
0.000000
