364.921285
1958.625932
6110.731369
14366.725544
28001.951174
47874.763973
74077.191400
106039.301761
142271.255995
180891.485111
220142.550184
257883.279000
292369.993374
322309.339737
346531.647740
364575.518993
376403.216695
382127.766357
382236.803296
377391.909421
368298.979220
355601.021443
340351.107465
323074.950139
304478.430223
285124.328254
265443.971419
245868.351877
226831.691219
208458.064296
190912.103081
174334.937897
158838.376779
144340.181849
130960.297239
118702.963410
107470.144084
97198.747356
87888.180841
79411.820961
71766.009017
64853.772724
58642.462339
53078.814398
48024.628706
43521.580845
39491.521975
35841.458964
32585.641100
29668.118758
27023.511467
24659.606950
22537.757124
20639.514137
18932.574527
17391.279306
16005.411227
14748.903254
13608.535642
12578.930339
11632.872703
10791.818363
10034.516238
9343.349642
8710.312576
8132.813961
7600.007555
7129.133589
6695.614078
6301.665185
5931.589389
5599.948846
5297.032125
5024.652673
4768.220196
4534.451472
4316.145354
4117.391824
3935.169610
3767.925975
3615.008924
3476.803355
3349.661701
3226.318556
3117.479243
3013.532506
2919.546312
2829.061650
2752.103950
2680.901770
2616.332603
2552.481766
2497.724343
2446.546402
2399.728365
2357.542849
2321.480978
2285.629152
2251.799118
2224.806850
2201.114226
2176.424332
2158.023910
2138.365991
2126.776277
2114.806470
2107.211679
2096.405381
2089.557872
2085.583168
2082.408291
2084.848037
2083.908236
2090.052620
2094.708158
2100.173767
2109.280814
2119.406753
2129.267777
2141.332220
2153.961127
2166.421372
2183.868260
2200.320473
2220.579537
2240.825063
2261.235568
2282.971022
2306.462785
2331.579382
2360.718550
2387.513180
2417.867525
2448.553953
2485.880224
2521.767344
2558.326796
2592.634765
2634.277044
2672.297130
2711.027641
2752.616356
2794.788895
2838.596388
2887.573964
2934.282710
2982.256493
3033.365774
3085.183931
3138.883505
3189.984088
3246.650124
3299.500582
3358.073619
3414.655737
3472.129557
3538.602954
3602.543940
3662.967726
3722.481220
3787.269859
3850.621491
3912.278546
3981.144110
4051.695136
4121.552375
4192.334723
4263.729703
4339.907239
4410.438997
4483.691638
4554.778137
4626.877155
4699.568299
4778.115525
4852.134993
4931.983866
5010.813794
5087.471597
5166.941340
5248.937591
5325.553848
5404.588733
5483.551794
5561.671537
5639.184047
5716.710293
5790.119926
5869.250837
5940.378386
6017.031168
6090.885380
6165.161445
6234.912794
6303.640521
6371.165871
6438.045983
6506.668315
6572.792443
6639.434583
6706.215474
6763.376108
6820.102911
6877.064668
6934.508271
6991.435144
7043.267886
7089.637764
7137.360043
7185.724059
7232.573894
7272.355059
7312.415880
7349.340556
7387.680487
7418.258908
7445.593759
7476.401694
7503.050479
7526.992899
7547.763133
7571.744715
7583.264208
7591.203671
7596.915897
7604.099298
7602.313780
7601.912323
7593.109543
7584.978531
7573.181929
7559.384118
7545.121861
7518.577015
7495.339135
7469.538018
7439.625173
7406.589091
7367.257532
7327.121198
7283.944456
7239.744626
7190.574969
7144.774391
7092.442572
7036.054225
6975.017894
6911.176766
6849.660904
6786.885462
6718.771967
6645.821257
6572.821797
6495.936200
6423.400706
6348.132714
6268.656414
6185.560243
6102.875003
6020.302721
5937.254366
5849.569830
5757.706727
5672.873875
5582.894905
5491.787518
5401.993619
5308.713929
5214.936940
5122.147517
5028.529975
4932.563221
4836.687854
4738.705595
4637.652752
4541.826666
4441.742672
4347.490469
4250.744754
4154.925146
4060.277615
3963.146341
3867.113655
3770.129027
3673.519624
3580.996510
3487.668634
3397.215613
3303.501953
3210.662469
3119.050390
3029.714909
2939.721680
2855.168944
2765.514548
2678.389867
2594.001941
2510.119624
2430.709515
2350.587692
2271.963939
2197.355613
2122.596431
2048.730583
1974.878282
1903.645905
1834.416605
1764.712746
1697.700025
1633.592442
1570.753247
1510.399534
1452.218676
1396.413763
1341.913886
1287.757930
1234.772686
1184.236983
1135.212833
1086.089368
1039.938721
994.469106
950.832696
909.108871
868.195754
829.264099
792.083376
755.276310
721.147254
685.908502
654.664995
623.093821
593.401684
564.284709
537.926914
511.709014
486.354730
462.704506
440.016345
416.817521
394.628406
373.921456
354.500662
335.343018
317.330684
300.797371
284.564277
268.996901
254.499018
240.135421
227.012132
214.112130
201.825371
191.326453
179.777681
169.042037
158.910509
149.089263
139.650487
131.466947
123.658335
116.277527
109.233747
102.330097
96.108960
90.225402
84.640629
79.379135
73.927047
69.240194
64.578603
60.496272
56.585235
52.842840
49.293478
45.919044
42.771415
39.921032
37.400400
34.774825
32.546903
30.429692
28.605362
26.476602
24.781213
23.046501
21.449549
19.869518
18.431758
17.152469
15.791479
14.674429
13.632221
12.694444
11.720016
10.833668
10.093482
9.357561
8.495865
7.951335
7.302500
6.713422
6.180503
5.691546
5.332397
4.960999
4.576932
4.194007
3.875892
3.571539
3.291052
2.996343
2.723217
2.524808
2.303153
2.089554
1.909201
1.773904
1.639194
1.510184
1.384982
1.265242
1.173793
1.120302
1.017425
0.942620
0.836108
0.777644
0.711913
0.671766
0.610009
0.548058
0.512676
0.480331
0.445307
0.400008
0.387053
0.339201
0.305697
0.274552
0.248207
0.232067
0.218022
0.200509
0.187645
0.176311
0.163485
0.145651
0.132579
0.121776
0.112229
0.107655
0.103309
0.081477
0.080043
0.073228
0.059274
0.049505
0.044835
0.034981
0.029657
0.030853
0.023888
0.027188
0.026794
0.027132
0.023437
0.022376
0.018078
0.019977
0.013268
0.010959
0.008960
0.011139
0.008621
0.007799
0.005096
0.003045
0.001278
0.002369
0.001639
0.001170
0.000268
0.000000
0.000000
0.000000
0.000000
0.000000
0.000000
0.000000
0.000000
0.000000
0.000000
0.000000
0.000000
0.000000
0.000000
0.000000
0.000000
0.000000
0.000000
0.000000
0.000000
0.000000
0.000000
0.000000
0.000000
0.000000
0.000000
0.000000
0.000000
0.000000
0.000000
0.000000
0.000000
0.000000
0.000000
0.000000
0.000000
0.000000
0.000000
0.000000
0.000000
0.000000
0.000000
0.000000
0.000000
0.000000
0.000000
0.000000
0.000000
0.000000
0.000000
0.000000
0.000000
0.000000
0.000000
0.000000
0.000000
0.000000
0.000000
0.000000
0.000000
0.000000
0.000000
0.000000
0.000000
0.000000
0.000000
0.000000
0.000000
0.000000
0.000000
0.000000
0.000000
0.000000
0.000000
0.000000
0.000000
0.000000
0.000000
0.000000
0.000000
0.000000
0.000000
0.000000
0.000000
0.000000
0.000000
0.000000
0.000000
0.000000
0.000000
0.000000
0.000000
0.000000
0.000000
0.000000
0.000000
0.000000
0.000000
0.000000
0.000000
0.000000
0.000000
0.000000
0.000000
0.000000
0.000000
0.000000
0.000000
0.000000
0.000000
0.000000
0.000000
0.000000
0.000000
0.000000
0.000000
0.000000
0.000000
0.000000
0.000000
0.000000
0.000000
0.000000
0.000000
0.000000
0.000000
0.000000
0.000000
0.000000
0.000000
0.000000
0.000000
0.000000
0.000000
0.000000
0.000000
0.000000
0.000000
0.000000
0.000000
0.000000
0.000000
0.000000
0.000000
0.000000
0.000000
0.000000
0.000000
0.000000
0.000000
0.000000
0.000000
0.000000
0.000000
0.000000
0.000000
0.000000
0.000000
0.000000
0.000000
0.000000
0.000000
0.000000
0.000000
0.000000
0.000000
0.000000
0.000000
0.000000
0.000000
0.000000
0.000000
0.000000
0.000000
0.000000
0.000000
0.000000
0.000000
0.000000
0.000000
0.000000
0.000000
0.000000
0.000000
0.000000
0.000000
0.000000
0.000000
0.000000
0.000000
0.000000
0.000000
0.000000
0.000000
0.000000
0.000000
0.000000
0.000000
0.000000
0.000000
0.000000
0.000000
0.000000
0.000000
0.000000
0.000000
0.000000
0.000000
0.000000
0.000000
0.000000
0.000000
0.000000
0.000000
0.000000
0.000000
0.000000
0.000000
0.000000
0.000000
0.000000
0.000000
0.000000
0.000000
0.000000
0.000000
0.000000
0.000000
0.000000
0.000000
0.000000
0.000000
0.000000
0.000000
0.000000
0.000000
0.000000
0.000000
0.000000
0.000000
0.000000
0.000000
0.000000
0.000000
0.000000
0.000000
0.000000
0.000000
0.000000
0.000000
0.000000
0.000000
0.000000
0.000000
0.000000
0.000000
0.000000
0.000000
0.000000
0.000000
0.000000
0.000000
0.000000
0.000000
0.000000
0.000000
0.000000
0.000000
0.000000
0.000000
0.000000
0.000000
0.000000
0.000000
0.000000
0.000000
0.000000
0.000000
0.000000
0.000000
0.000000
0.000000
0.000000
0.000000
0.000000
0.000000
0.000000
0.000000
0.000000
0.000000
0.000000
0.000000
0.000000
0.000000
0.000000
0.000000
0.000000
0.000000
0.000000
0.000000
0.000000
0.000000
0.000000
0.000000
0.000000
0.000000
0.000000
0.000000
0.000000
0.000000
0.000000
0.000000
0.000000
0.000000
0.000000
0.000000
0.000000
0.000000
0.000000
0.000000
0.000000
0.000000
0.000000
0.000000
0.000000
0.000000
0.000000
0.000000
0.000000
0.000000
0.000000
0.000000
0.000000
0.000000
0.000000
0.000000
0.000000
0.000000
0.000000
0.000000
0.000000
0.000000
0.000000
0.000000
0.000000
0.000000
0.000000
0.000000
0.000000
0.000000
0.000000
0.000000
0.000000
0.000000
0.000000
0.000000
0.000000
0.000000
0.000000
0.000000
0.000000
0.000000
0.000000
0.000000
0.000000
0.000000
0.000000
0.000000
0.000000
0.000000
0.000000
0.000000
0.000000
0.000000
0.000000
0.000000
0.000000
0.000000
0.000000
0.000000
0.000000
0.000000
0.000000
0.000000
0.000000
0.000000
0.000000
0.000000
0.000000
0.000000
0.000000
0.000000
0.000000
0.000000
0.000000
0.000000
0.000000
0.000000
0.000000
0.000000
0.000000
0.000000
0.000000
0.000000
0.000000
0.000000
0.000000
0.000000
0.000000
0.000000
0.000000
0.000000
0.000000
0.000000
0.000000
0.000000
0.000000
0.000000
0.000000
0.000000
0.000000
0.000000
0.000000
0.000000
0.000000
0.000000
0.000000
0.000000
0.000000
0.000000
0.000000
0.000000
0.000000
0.000000
0.000000
0.000000
0.000000
0.000000
0.000000
0.000000
0.000000
0.000000
0.000000
0.000000
0.000000
0.000000
0.000000
0.000000
0.000000
0.000000
0.000000
0.000000
0.000000
0.000000
0.000000
0.000000
0.000000
0.000000
0.000000
0.000000
0.000000
0.000000
0.000000
0.000000
0.000000
0.000000
0.000000
0.000000
0.000000
0.000000
0.000000
0.000000
0.000000
0.000000
0.000000
0.000000
0.000000
0.000000
0.000000
0.000000
0.000000
0.000000
0.000000
0.000000
0.000000
0.000000
0.000000
0.000000
0.000000
0.000000
0.000000
0.000000
0.000000
0.000000
0.000000
0.000000
0.000000
0.000000
0.000000
0.000000
0.000000
0.000000
0.000000
0.000000
0.000000
0.000000
0.000000
0.000000
0.000000
0.000000
0.000000
0.000000
0.000000
0.000000
0.000000
0.000000
0.000000
0.000000
