0.460909
1.605269
7.282494
22.784230
50.963774
117.829840
255.002362
490.143005
855.930372
1382.122948
2192.809159
3235.983167
4698.307401
6531.815192
8737.203745
11312.582351
14319.144256
17787.502296
21644.059788
25857.120655
30301.010788
34964.750946
39755.918081
44580.688298
49433.378502
54299.689871
59044.320423
63627.622220
68048.548223
72146.578278
75925.805257
79536.510687
82795.152003
85854.944232
88523.419361
90869.584356
93161.764236
94920.729121
96336.186952
97629.909916
98605.163048
99240.302386
99615.348922
99777.439379
99807.257948
99485.054136
99207.352388
98733.466739
98083.902295
97160.909490
96198.106459
95225.638602
94202.489977
93035.759059
91927.604410
90718.192644
89465.107016
88190.626597
86942.468037
85565.724065
84176.294409
82806.673295
81439.704422
80183.978174
78842.806229
77466.513900
76269.633903
74986.002458
73757.952679
72488.691401
71321.505177
70145.677802
69006.395548
67940.020385
66806.276091
65789.614976
64807.913323
63864.654002
62864.383820
61899.176148
61012.596256
60083.855882
59165.339635
58340.912786
57574.845103
56787.609835
56031.314870
55359.452378
54698.221592
54060.873865
53388.641226
52734.975649
52129.598309
51577.983848
51030.850213
50451.761832
49948.632604
49398.520768
48842.346038
48389.184910
47888.304536
47406.954437
46955.394075
46528.073116
46077.531963
45659.852300
45192.581668
44771.574366
44329.103034
43913.236143
43500.584814
43127.944023
42755.738511
42411.907317
42062.977532
41685.287280
41381.718871
41043.385838
40703.614097
40450.210887
40162.135379
39870.725063
39562.045367
39306.444725
39027.189587
38740.467713
38470.102323
38190.427298
37936.935782
37692.191733
37427.650451
37163.880098
36934.264739
36694.409056
36469.720615
36143.020107
35875.969365
35641.141867
35388.937893
35144.505358
34913.317728
34660.444933
34416.106035
34149.834515
33918.184203
33672.142240
33457.465730
33237.600532
32981.640177
32717.566163
32508.844745
32260.829224
32055.171793
31818.822130
31588.824075
31355.284113
31124.628952
30863.299392
30619.909486
30374.914323
30110.607467
29861.727138
29611.239086
29343.546606
29098.203495
28824.912002
28550.741217
28254.713623
27980.428500
27711.151407
27438.827216
27149.557896
26878.167914
26637.851668
26358.193320
26065.491792
25806.626529
25532.002908
25230.622521
24974.389129
24696.377900
24435.936564
24159.347833
23860.338760
23610.620826
23302.923408
23034.990091
22755.800978
22465.031821
22179.251720
21894.173971
21626.233086
21346.264866
21042.094288
20750.756936
20443.064283
20151.426324
19845.478249
19546.825827
19273.911558
18980.385549
18666.019852
18365.962070
18044.615124
17745.495677
17469.501044
17166.477951
16847.649794
16569.555514
16284.245258
15973.905441
15691.616128
15390.137354
15123.844782
14849.818218
14560.235119
14278.328782
13998.798876
13720.774046
13459.551417
13167.223074
12898.139449
12635.874599
12364.510222
12098.548370
11821.696456
11563.697930
11304.908740
11047.019065
10798.717639
10538.998995
10280.238741
10029.403148
9786.067864
9538.804019
9310.783025
9079.439661
8850.512869
8607.833929
8381.662286
8176.869968
7956.120031
7742.364742
7526.233559
7324.077766
7124.111615
6911.753980
6740.238542
6547.447725
6346.613581
6164.330816
5995.451974
5807.668148
5630.140307
5463.850013
5290.716501
5120.391655
4952.183330
4791.723891
4626.928093
4469.090700
4323.035192
4177.228550
4040.456134
3902.131734
3771.367283
3647.015926
3517.034736
3394.889473
3276.769900
3154.815430
3042.419915
2927.698849
2818.617441
2711.964944
2613.270378
2516.001243
2421.388251
2322.775816
2231.570418
2146.120134
2062.612028
1976.204635
1897.118413
1818.414498
1744.984181
1671.751969
1605.703489
1540.237771
1476.302195
1415.042917
1347.859782
1288.537035
1228.828403
1172.009526
1119.680007
1066.150503
1020.545730
974.437235
930.588248
888.254794
845.295899
806.926147
774.824575
739.337715
702.908843
669.356861
636.670777
604.267958
575.275165
546.305685
519.713334
494.349027
471.297313
447.336196
424.362699
402.773173
380.314449
364.658435
346.039334
328.761843
309.086268
293.766930
276.412135
262.190513
249.818923
235.037799
222.307114
209.446878
198.493353
184.997829
171.927703
162.315212
152.277312
143.124118
133.207487
126.023447
117.744525
111.052289
105.025804
98.436248
91.207379
84.807769
79.235452
74.224245
69.787539
65.679730
61.416985
57.437598
54.746050
51.891484
49.359445
46.628396
43.601573
40.731782
37.894830
35.483446
32.978529
30.543013
28.654598
27.136883
25.779948
23.987112
22.892381
21.044744
20.056843
18.980604
17.719334
16.672277
15.440765
14.402310
13.042930
12.238123
11.296831
10.708572
9.909675
9.047154
8.101385
7.413947
7.179777
6.528106
5.820253
5.217769
4.766709
4.371367
4.184493
3.725320
3.387820
2.855979
2.598157
2.448648
2.128064
2.056022
2.080552
1.707209
1.588077
1.332949
1.253760
1.175306
1.009693
0.937784
0.764693
0.610960
0.544581
0.445035
0.436758
0.415431
0.336080
0.286170
0.250395
0.195716
0.205541
0.162359
0.137694
0.138181
0.143267
0.128108
0.080561
0.083769
0.055645
0.039587
0.028082
0.025104
0.023928
0.015164
0.010627
0.005892
0.001487
0.001542
0.000000
0.000000
0.000000
0.000000
0.000000
0.000000
0.000000
0.000000
0.000000
0.000000
0.000000
0.000000
0.000000
0.000000
0.000000
0.000000
0.000000
0.000000
0.000000
0.000000
0.000000
0.000000
0.000000
0.000000
0.000000
0.000000
0.000000
0.000000
0.000000
0.000000
0.000000
0.000000
0.000000
0.000000
0.000000
0.000000
0.000000
0.000000
0.000000
0.000000
0.000000
0.000000
0.000000
0.000000
0.000000
0.000000
0.000000
0.000000
0.000000
0.000000
0.000000
0.000000
0.000000
0.000000
0.000000
0.000000
0.000000
0.000000
0.000000
0.000000
0.000000
0.000000
0.000000
0.000000
0.000000
0.000000
0.000000
0.000000
0.000000
0.000000
0.000000
0.000000
0.000000
0.000000
0.000000
0.000000
0.000000
0.000000
0.000000
0.000000
0.000000
0.000000
0.000000
0.000000
0.000000
0.000000
0.000000
0.000000
0.000000
0.000000
0.000000
0.000000
0.000000
0.000000
0.000000
0.000000
0.000000
0.000000
0.000000
0.000000
0.000000
0.000000
0.000000
0.000000
0.000000
0.000000
0.000000
0.000000
0.000000
0.000000
0.000000
0.000000
0.000000
0.000000
0.000000
0.000000
0.000000
0.000000
0.000000
0.000000
0.000000
0.000000
0.000000
0.000000
0.000000
0.000000
0.000000
0.000000
0.000000
0.000000
0.000000
0.000000
0.000000
0.000000
0.000000
0.000000
0.000000
0.000000
0.000000
0.000000
0.000000
0.000000
0.000000
0.000000
0.000000
0.000000
0.000000
0.000000
0.000000
0.000000
0.000000
0.000000
0.000000
0.000000
0.000000
0.000000
0.000000
0.000000
0.000000
0.000000
0.000000
0.000000
0.000000
0.000000
0.000000
0.000000
0.000000
0.000000
0.000000
0.000000
0.000000
0.000000
0.000000
0.000000
0.000000
0.000000
0.000000
0.000000
0.000000
0.000000
0.000000
0.000000
0.000000
0.000000
0.000000
0.000000
0.000000
0.000000
0.000000
0.000000
0.000000
0.000000
0.000000
0.000000
0.000000
0.000000
0.000000
0.000000
0.000000
0.000000
0.000000
0.000000
0.000000
0.000000
0.000000
0.000000
0.000000
0.000000
0.000000
0.000000
0.000000
0.000000
0.000000
0.000000
0.000000
0.000000
0.000000
0.000000
0.000000
0.000000
0.000000
0.000000
0.000000
0.000000
0.000000
0.000000
0.000000
0.000000
0.000000
0.000000
0.000000
0.000000
0.000000
0.000000
0.000000
0.000000
0.000000
0.000000
0.000000
0.000000
0.000000
0.000000
0.000000
0.000000
0.000000
0.000000
0.000000
0.000000
0.000000
0.000000
0.000000
0.000000
0.000000
0.000000
0.000000
0.000000
0.000000
0.000000
0.000000
0.000000
0.000000
0.000000
0.000000
0.000000
0.000000
0.000000
0.000000
0.000000
0.000000
0.000000
0.000000
0.000000
0.000000
0.000000
0.000000
0.000000
0.000000
0.000000
0.000000
0.000000
0.000000
0.000000
0.000000
0.000000
0.000000
0.000000
0.000000
0.000000
0.000000
0.000000
0.000000
0.000000
0.000000
0.000000
0.000000
0.000000
0.000000
0.000000
0.000000
0.000000
0.000000
0.000000
0.000000
0.000000
0.000000
0.000000
0.000000
0.000000
0.000000
0.000000
0.000000
0.000000
0.000000
0.000000
0.000000
0.000000
0.000000
0.000000
0.000000
0.000000
0.000000
0.000000
0.000000
0.000000
0.000000
0.000000
0.000000
0.000000
0.000000
0.000000
0.000000
0.000000
0.000000
0.000000
0.000000
0.000000
0.000000
0.000000
0.000000
0.000000
0.000000
0.000000
0.000000
0.000000
0.000000
0.000000
0.000000
0.000000
0.000000
0.000000
0.000000
0.000000
0.000000
0.000000
0.000000
0.000000
0.000000
0.000000
0.000000
0.000000
0.000000
0.000000
0.000000
0.000000
0.000000
0.000000
0.000000
0.000000
0.000000
0.000000
0.000000
0.000000
0.000000
0.000000
0.000000
0.000000
0.000000
0.000000
0.000000
0.000000
0.000000
0.000000
0.000000
0.000000
0.000000
0.000000
0.000000
0.000000
0.000000
0.000000
0.000000
0.000000
0.000000
0.000000
0.000000
0.000000
0.000000
0.000000
0.000000
0.000000
0.000000
0.000000
0.000000
0.000000
0.000000
0.000000
0.000000
0.000000
0.000000
0.000000
0.000000
0.000000
0.000000
0.000000
0.000000
0.000000
0.000000
0.000000
0.000000
0.000000
0.000000
0.000000
0.000000
0.000000
0.000000
0.000000
0.000000
0.000000
0.000000
0.000000
0.000000
0.000000
0.000000
0.000000
0.000000
0.000000
0.000000
0.000000
0.000000
0.000000
0.000000
0.000000
0.000000
0.000000
0.000000
0.000000
0.000000
0.000000
0.000000
0.000000
0.000000
0.000000
0.000000
0.000000
0.000000
0.000000
0.000000
0.000000
0.000000
0.000000
0.000000
0.000000
0.000000
0.000000
0.000000
0.000000
0.000000
0.000000
0.000000
0.000000
0.000000
0.000000
0.000000
0.000000
0.000000
0.000000
0.000000
0.000000
0.000000
0.000000
0.000000
0.000000
0.000000
0.000000
0.000000
0.000000
0.000000
0.000000
0.000000
0.000000
0.000000
0.000000
0.000000
0.000000
0.000000
0.000000
0.000000
0.000000
0.000000
0.000000
0.000000
0.000000
0.000000
0.000000
0.000000
0.000000
0.000000
0.000000
0.000000
0.000000
0.000000
0.000000
0.000000
0.000000
0.000000
0.000000
0.000000
0.000000
0.000000
0.000000
0.000000
0.000000
0.000000
0.000000
0.000000
0.000000
0.000000
0.000000
0.000000
0.000000
0.000000
0.000000
0.000000
0.000000
0.000000
0.000000
0.000000
0.000000
0.000000
0.000000
0.000000
0.000000
0.000000
0.000000
0.000000
0.000000
0.000000
0.000000
0.000000
0.000000
0.000000
0.000000
0.000000
0.000000
0.000000
0.000000
0.000000
0.000000
0.000000
0.000000
0.000000
0.000000
0.000000
0.000000
0.000000
0.000000
0.000000
0.000000
0.000000
0.000000
0.000000
0.000000
