0.000000
0.000000
0.000000
0.000000
0.000000
0.000000
0.000000
0.000000
0.000000
0.000000
0.014940
0.057690
0.398661
0.681527
1.992322
3.639447
6.124799
11.408657
21.041884
32.696208
52.650282
82.961064
129.860661
195.850569
280.596643
384.516318
528.250838
726.673920
973.315786
1285.260694
1663.884910
2120.378821
2684.466341
3368.780302
4169.793268
5083.761121
6097.324517
7323.062749
8643.205783
10120.181754
11799.053285
13608.874781
15544.127562
17703.918423
19970.276750
22479.029002
25097.728458
27871.028424
30687.588524
33602.070136
36681.266082
39900.527185
43205.091707
46554.844449
49985.013545
53450.038839
56957.690539
60489.271243
64007.955838
67588.855015
71100.879672
74597.222559
77950.524495
81279.735434
84592.645206
87838.744005
90979.951965
93954.233607
96827.381852
99578.831385
102162.719533
104531.820990
106918.660718
109181.534487
111380.978552
113427.444093
115241.320585
116955.941547
118482.678779
119809.585075
121038.388055
122096.539611
123017.210857
123776.643349
124389.987721
124874.103430
125271.433259
125453.724691
125614.660974
125557.547768
125446.633824
125211.927619
124896.946532
124423.911839
123857.709865
123193.160035
122412.378875
121612.038294
120631.921853
119562.805667
118502.468292
117270.263171
116051.669645
114679.718504
113259.474288
111790.595391
110265.962072
108729.424254
107120.259339
105484.638411
103791.118671
101999.779284
100239.310121
98408.295377
96592.231087
94788.693704
92980.359069
91098.928177
89299.608377
87439.037706
85601.972463
83746.024459
81886.713800
79958.676466
78088.550838
76210.615679
74326.745167
72542.219784
70730.763498
68911.167055
67085.880742
65290.530546
63535.741885
61832.340006
60150.545291
58432.893378
56780.947269
55165.517495
53566.302488
51983.052248
50420.177389
48900.099522
47388.586701
45887.162369
44424.192882
42962.239849
41564.367022
40149.135409
38822.744523
37518.901330
36253.131079
35013.333947
33810.466328
32624.560399
31471.602560
30362.566801
29296.921637
28249.221012
27196.130831
26215.189015
25246.746659
24287.665833
23336.942051
22423.917971
21529.339423
20671.304361
19830.354953
19021.828945
18244.268523
17513.715537
16780.561278
16084.359895
15398.755732
14757.474706
14128.376650
13494.101788
12937.988713
12378.212686
11833.694586
11312.279399
10802.510435
10312.867609
9853.740472
9418.476294
8969.847908
8552.079518
8176.602177
7792.724612
7426.955224
7075.308785
6728.002306
6402.891461
6088.889739
5796.519132
5505.300828
5215.829098
4948.297115
4696.695287
4461.027351
4229.815490
4005.221639
3796.934392
3601.234721
3409.909447
3233.649029
3070.243606
2906.430522
2746.535190
2598.348516
2453.742033
2316.939215
2198.434726
2077.801362
1958.471722
1850.120956
1745.497928
1642.483402
1552.323788
1463.948659
1375.394522
1286.169960
1205.770951
1130.501219
1061.667163
998.218799
933.781068
882.623350
829.460388
778.424609
730.080183
682.173989
640.025586
596.749165
563.528811
528.736136
491.009356
458.438370
428.956623
398.972206
371.419528
347.964812
324.463184
301.281694
279.534811
262.773183
245.345271
227.625599
211.154478
196.784230
182.926446
169.916664
158.663584
146.047605
136.831326
127.121909
119.033338
109.504097
101.070098
93.201361
87.653516
79.551397
72.931890
67.274555
62.426625
56.555389
52.544902
48.659368
45.644756
43.342629
39.560770
37.635661
35.679192
32.521872
29.786778
27.871298
26.164210
24.596089
22.618714
20.569855
19.085054
17.467732
16.516673
15.197148
13.793979
12.836341
11.174211
10.214341
9.484411
8.835567
7.798099
6.876160
6.005621
5.486783
5.047968
5.029528
4.711706
4.495314
3.874894
3.322480
3.050547
2.659551
2.534224
2.228663
1.825854
1.578706
1.229858
1.060092
0.956843
0.886040
0.866810
0.720355
0.744297
0.792803
0.748855
0.665258
0.811687
0.761898
0.827059
0.795318
0.731038
0.647725
0.661877
0.560525
0.436814
0.393314
0.452262
0.359225
0.285629
0.257190
0.247702
0.196143
0.196854
0.169451
0.133925
0.123974
0.086688
0.085345
0.062148
0.044466
0.012941
0.018491
0.005344
0.001890
0.000000
0.000000
0.000000
0.000000
0.000000
0.000000
0.000000
0.000000
0.000000
0.000000
0.000000
0.000000
0.000000
0.000000
0.000000
0.000000
0.000000
0.000000
0.000000
0.000000
0.000000
0.000000
0.000000
0.000000
0.000000
0.000000
0.000000
0.000000
0.000000
0.000000
0.000000
0.000000
0.000000
0.000000
0.000000
0.000000
0.000000
0.000000
0.000000
0.000000
0.000000
0.000000
0.000000
0.000000
0.000000
0.000000
0.000000
0.000000
0.000000
0.000000
0.000000
0.000000
0.000000
0.000000
0.000000
0.000000
0.000000
0.000000
0.000000
0.000000
0.000000
0.000000
0.000000
0.000000
0.000000
0.000000
0.000000
0.000000
0.000000
0.000000
0.000000
0.000000
0.000000
0.000000
0.000000
0.000000
0.000000
0.000000
0.000000
0.000000
0.000000
0.000000
0.000000
0.000000
0.000000
0.000000
0.000000
0.000000
0.000000
0.000000
0.000000
0.000000
0.000000
0.000000
0.000000
0.000000
0.000000
0.000000
0.000000
0.000000
0.000000
0.000000
0.000000
0.000000
0.000000
0.000000
0.000000
0.000000
0.000000
0.000000
0.000000
0.000000
0.000000
0.000000
0.000000
0.000000
0.000000
0.000000
0.000000
0.000000
0.000000
0.000000
0.000000
0.000000
0.000000
0.000000
0.000000
0.000000
0.000000
0.000000
0.000000
0.000000
0.000000
0.000000
0.000000
0.000000
0.000000
0.000000
0.000000
0.000000
0.000000
0.000000
0.000000
0.000000
0.000000
0.000000
0.000000
0.000000
0.000000
0.000000
0.000000
0.000000
0.000000
0.000000
0.000000
0.000000
0.000000
0.000000
0.000000
0.000000
0.000000
0.000000
0.000000
0.000000
0.000000
0.000000
0.000000
0.000000
0.000000
0.000000
0.000000
0.000000
0.000000
0.000000
0.000000
0.000000
0.000000
0.000000
0.000000
0.000000
0.000000
0.000000
0.000000
0.000000
0.000000
0.000000
0.000000
0.000000
0.000000
0.000000
0.000000
0.000000
0.000000
0.000000
0.000000
0.000000
0.000000
0.000000
0.000000
0.000000
0.000000
0.000000
0.000000
0.000000
0.000000
0.000000
0.000000
0.000000
0.000000
0.000000
0.000000
0.000000
0.000000
0.000000
0.000000
0.000000
0.000000
0.000000
0.000000
0.000000
0.000000
0.000000
0.000000
0.000000
0.000000
0.000000
0.000000
0.000000
0.000000
0.000000
0.000000
0.000000
0.000000
0.000000
0.000000
0.000000
0.000000
0.000000
0.000000
0.000000
0.000000
0.000000
0.000000
0.000000
0.000000
0.000000
0.000000
0.000000
0.000000
0.000000
0.000000
0.000000
0.000000
0.000000
0.000000
0.000000
0.000000
0.000000
0.000000
0.000000
0.000000
0.000000
0.000000
0.000000
0.000000
0.000000
0.000000
0.000000
0.000000
0.000000
0.000000
0.000000
0.000000
0.000000
0.000000
0.000000
0.000000
0.000000
0.000000
0.000000
0.000000
0.000000
0.000000
0.000000
0.000000
0.000000
0.000000
0.000000
0.000000
0.000000
0.000000
0.000000
0.000000
0.000000
0.000000
0.000000
0.000000
0.000000
0.000000
0.000000
0.000000
0.000000
0.000000
0.000000
0.000000
0.000000
0.000000
0.000000
0.000000
0.000000
0.000000
0.000000
0.000000
0.000000
0.000000
0.000000
0.000000
0.000000
0.000000
0.000000
0.000000
0.000000
0.000000
0.000000
0.000000
0.000000
0.000000
0.000000
0.000000
0.000000
0.000000
0.000000
0.000000
0.000000
0.000000
0.000000
0.000000
0.000000
0.000000
0.000000
0.000000
0.000000
0.000000
0.000000
0.000000
0.000000
0.000000
0.000000
0.000000
0.000000
0.000000
0.000000
0.000000
0.000000
0.000000
0.000000
0.000000
0.000000
0.000000
0.000000
0.000000
0.000000
0.000000
0.000000
0.000000
0.000000
0.000000
0.000000
0.000000
0.000000
0.000000
0.000000
0.000000
0.000000
0.000000
0.000000
0.000000
0.000000
0.000000
0.000000
0.000000
0.000000
0.000000
0.000000
0.000000
0.000000
0.000000
0.000000
0.000000
0.000000
0.000000
0.000000
0.000000
0.000000
0.000000
0.000000
0.000000
0.000000
0.000000
0.000000
0.000000
0.000000
0.000000
0.000000
0.000000
0.000000
0.000000
0.000000
0.000000
0.000000
0.000000
0.000000
0.000000
0.000000
0.000000
0.000000
0.000000
0.000000
0.000000
0.000000
0.000000
0.000000
0.000000
0.000000
0.000000
0.000000
0.000000
0.000000
0.000000
0.000000
0.000000
0.000000
0.000000
0.000000
0.000000
0.000000
0.000000
0.000000
0.000000
0.000000
0.000000
0.000000
0.000000
0.000000
0.000000
0.000000
0.000000
0.000000
0.000000
0.000000
0.000000
0.000000
0.000000
0.000000
0.000000
0.000000
0.000000
0.000000
0.000000
0.000000
0.000000
0.000000
0.000000
0.000000
0.000000
0.000000
0.000000
0.000000
0.000000
0.000000
0.000000
0.000000
0.000000
0.000000
0.000000
0.000000
0.000000
0.000000
0.000000
0.000000
0.000000
0.000000
0.000000
0.000000
0.000000
0.000000
0.000000
0.000000
0.000000
0.000000
0.000000
0.000000
0.000000
0.000000
0.000000
0.000000
0.000000
0.000000
0.000000
0.000000
0.000000
0.000000
0.000000
0.000000
0.000000
0.000000
0.000000
0.000000
0.000000
0.000000
0.000000
0.000000
0.000000
0.000000
0.000000
0.000000
0.000000
0.000000
0.000000
0.000000
0.000000
0.000000
0.000000
0.000000
0.000000
0.000000
0.000000
0.000000
0.000000
0.000000
0.000000
0.000000
0.000000
0.000000
0.000000
0.000000
0.000000
0.000000
0.000000
0.000000
0.000000
0.000000
0.000000
0.000000
0.000000
0.000000
0.000000
0.000000
0.000000
0.000000
0.000000
0.000000
0.000000
0.000000
0.000000
0.000000
0.000000
0.000000
0.000000
0.000000
0.000000
0.000000
0.000000
0.000000
0.000000
0.000000
0.000000
0.000000
0.000000
0.000000
0.000000
0.000000
0.000000
0.000000
0.000000
0.000000
0.000000
0.000000
0.000000
0.000000
0.000000
0.000000
0.000000
0.000000
0.000000
0.000000
0.000000
0.000000
0.000000
0.000000
0.000000
0.000000
0.000000
0.000000
0.000000
0.000000
0.000000
0.000000
0.000000
0.000000
0.000000
0.000000
0.000000
0.000000
0.000000
0.000000
0.000000
0.000000
0.000000
0.000000
0.000000
0.000000
0.000000
0.000000
0.000000
0.000000
0.000000
0.000000
0.000000
0.000000
0.000000
0.000000
0.000000
0.000000
0.000000
0.000000
0.000000
0.000000
0.000000
0.000000
0.000000
0.000000
0.000000
0.000000
0.000000
0.000000
0.000000
0.000000
0.000000
0.000000
0.000000
0.000000
0.000000
0.000000
0.000000
0.000000
0.000000
0.000000
0.000000
0.000000
0.000000
0.000000
0.000000
0.000000
0.000000
0.000000
0.000000
0.000000
