0.829561
14.034485
75.823897
280.830138
848.995352
2110.084338
4488.708713
8575.357495
14726.866528
23313.524024
34434.434961
48042.053855
63670.178868
80938.155072
99141.303036
117218.068994
135139.045653
151687.155940
166827.137356
179974.970884
190998.101104
199827.532669
206423.255212
210701.282690
213046.323861
213414.494008
212039.044164
209282.829583
205238.711477
200240.914717
194588.508141
188007.935081
180912.859851
173705.742273
166220.771192
158716.304072
151499.256939
144262.281332
137144.348500
130437.068602
123926.987698
117707.087661
111667.364482
105796.372305
100263.973548
95059.536858
90160.387456
85519.134790
81071.864529
76951.607933
73059.762341
69324.563379
65950.602449
62708.752400
59637.278640
56777.276311
54141.991923
51662.191499
49302.312061
47100.936536
45098.021355
43197.400919
41498.809880
39906.501254
38302.470531
36800.605607
35385.521446
34086.900269
32877.359003
31757.790599
30718.531941
29717.912512
28758.301594
27891.181601
27011.179494
26140.953786
25390.799724
24722.611298
24000.518726
23409.140522
22810.387982
22300.007571
21771.400965
21278.583419
20874.832609
20465.024922
20070.521799
19674.435193
19311.121008
18978.503337
18654.812625
18327.590801
18053.347335
17799.596878
17563.902830
17340.476958
17105.093326
16875.817972
16662.293544
16456.020430
16278.455515
16110.172694
15927.252917
15753.058151
15609.020816
15470.427989
15375.279511
15258.279933
15147.602486
15056.995829
14968.624233
14872.918844
14772.463911
14699.039142
14629.751503
14552.910200
14486.990459
14452.684864
14370.662272
14307.912855
14241.852354
14216.034596
14166.601594
14119.220817
14084.077773
14050.894845
14016.875904
13971.258561
13966.520123
13941.731994
13947.969948
13978.113616
14000.947062
13999.497753
13990.107123
13987.032675
14026.113141
14060.335589
14103.256831
14141.124606
14172.006545
14231.843540
14273.173587
14299.921459
14360.408266
14387.564270
14449.824917
14533.612776
14574.823461
14608.511800
14660.220339
14695.817231
14736.683853
14786.364670
14826.349744
14853.533897
14912.240773
14952.533921
14987.768948
15040.474929
15088.360676
15134.753792
15198.122891
15245.287942
15290.832015
15330.454925
15374.978725
15430.768946
15464.334987
15538.521848
15602.930747
15690.177943
15733.911442
15802.116956
15855.121363
15893.477734
15921.335663
15919.775889
15954.110609
15985.690082
16007.162690
16027.048505
16052.820470
16058.679282
16092.224627
16122.774755
16126.739171
16145.720364
16165.143269
16181.641228
16192.387279
16204.045284
16200.048959
16200.470695
16183.366335
16159.331378
16158.257834
16130.795463
16100.686633
16052.916722
16000.409425
15953.964680
15915.783508
15875.097382
15829.640511
15753.410444
15688.480801
15636.767238
15568.056222
15508.224264
15425.777951
15335.020142
15258.745933
15201.841995
15108.544048
15046.117237
14949.202486
14847.300400
14738.706676
14622.983443
14519.078388
14414.439175
14287.424282
14159.812300
14045.847837
13929.439933
13811.261130
13661.612765
13520.394208
13390.270556
13235.759342
13114.515748
12980.158963
12852.357490
12705.618141
12573.363947
12410.822738
12250.458668
12102.203092
11943.065433
11799.745799
11649.159208
11498.810397
11335.374431
11183.286514
11012.036531
10836.367375
10664.087578
10491.909735
10330.196641
10165.257011
9993.640809
9843.962641
9674.352120
9509.105362
9336.827069
9155.921134
8992.963946
8817.659611
8632.124777
8449.568396
8280.873198
8109.256992
7931.695459
7751.399444
7583.812774
7424.054203
7259.126183
7101.602412
6938.636793
6775.674251
6612.785505
6458.405562
6314.942241
6166.073715
6015.046255
5868.579212
5720.771144
5582.708881
5429.906322
5286.236701
5144.470779
5005.504450
4872.121577
4743.727455
4605.493591
4472.579633
4333.579336
4196.480531
4069.289869
3936.719529
3820.999881
3706.277692
3590.511382
3467.625381
3353.258845
3233.650539
3126.763933
3017.119348
2915.300082
2811.729703
2707.964586
2607.040294
2520.695402
2435.055365
2350.456013
2269.554098
2188.249421
2104.781610
2021.292358
1944.033180
1871.847452
1794.410549
1727.973914
1663.385481
1599.723354
1538.107249
1472.850691
1413.479046
1360.217091
1297.714408
1246.102387
1197.975165
1150.653969
1105.459074
1058.046581
1010.497265
970.631824
927.939190
881.662586
843.416513
802.851039
766.347101
730.477638
698.921032
668.412687
640.979393
610.626632
579.349665
553.159866
528.400974
502.696853
478.561209
455.605313
434.220564
413.981895
392.375141
371.937627
354.503518
333.382349
316.317679
302.078199
285.159036
270.745939
255.111478
243.204551
230.740279
217.660245
206.755851
194.567349
182.390317
171.549502
160.547152
151.660785
140.129504
131.209336
121.616201
114.503216
107.865096
101.855319
94.891942
87.695388
81.823296
77.243126
72.367811
67.536904
62.575174
58.693213
55.337147
50.610924
47.719396
44.464346
41.142327
38.746213
36.894355
34.092700
31.518363
29.325951
27.301615
24.957060
23.467168
21.845638
21.040177
19.098924
17.801788
16.172529
15.255715
13.968910
12.614347
11.614741
11.276563
10.151120
9.551826
8.960405
8.244428
7.311053
6.974677
6.294869
5.690487
5.299450
5.148079
4.661138
4.254208
3.862636
3.722476
3.365212
3.378252
3.324236
2.894098
2.495569
2.444858
2.262718
2.300247
2.157465
2.188588
2.117389
2.087675
1.890414
1.711223
1.514993
1.404568
1.365109
1.371676
1.280869
1.110603
1.000699
0.991844
0.981415
0.870898
0.828696
0.799397
0.659520
0.640353
0.635819
0.517910
0.442021
0.546947
0.509665
0.473941
0.429164
0.412215
0.370401
0.313877
0.281686
0.316836
0.212355
0.164714
0.105460
0.074158
0.048279
0.033153
0.026637
0.015975
0.016460
0.026675
0.018834
0.018611
0.029653
0.019440
0.009522
0.000903
0.000000
0.000000
0.000000
0.000000
0.000000
0.000000
0.000000
0.000000
0.000000
0.000000
0.000000
0.000000
0.000000
0.000000
0.000000
0.000000
0.000000
0.000000
0.000000
0.000000
0.000000
0.000000
0.000000
0.000000
0.000000
0.000000
0.000000
0.000000
0.000000
0.000000
0.000000
0.000000
0.000000
0.000000
0.000000
0.000000
0.000000
0.000000
0.000000
0.000000
0.000000
0.000000
0.000000
0.000000
0.000000
0.000000
0.000000
0.000000
0.000000
0.000000
0.000000
0.000000
0.000000
0.000000
0.000000
0.000000
0.000000
0.000000
0.000000
0.000000
0.000000
0.000000
0.000000
0.000000
0.000000
0.000000
0.000000
0.000000
0.000000
0.000000
0.000000
0.000000
0.000000
0.000000
0.000000
0.000000
0.000000
0.000000
0.000000
0.000000
0.000000
0.000000
0.000000
0.000000
0.000000
0.000000
0.000000
0.000000
0.000000
0.000000
0.000000
0.000000
0.000000
0.000000
0.000000
0.000000
0.000000
0.000000
0.000000
0.000000
0.000000
0.000000
0.000000
0.000000
0.000000
0.000000
0.000000
0.000000
0.000000
0.000000
0.000000
0.000000
0.000000
0.000000
0.000000
0.000000
0.000000
0.000000
0.000000
0.000000
0.000000
0.000000
0.000000
0.000000
0.000000
0.000000
0.000000
0.000000
0.000000
0.000000
0.000000
0.000000
0.000000
0.000000
0.000000
0.000000
0.000000
0.000000
0.000000
0.000000
0.000000
0.000000
0.000000
0.000000
0.000000
0.000000
0.000000
0.000000
0.000000
0.000000
0.000000
0.000000
0.000000
0.000000
0.000000
0.000000
0.000000
0.000000
0.000000
0.000000
0.000000
0.000000
0.000000
0.000000
0.000000
0.000000
0.000000
0.000000
0.000000
0.000000
0.000000
0.000000
0.000000
0.000000
0.000000
0.000000
0.000000
0.000000
0.000000
0.000000
0.000000
0.000000
0.000000
0.000000
0.000000
0.000000
0.000000
0.000000
0.000000
0.000000
0.000000
0.000000
0.000000
0.000000
0.000000
0.000000
0.000000
0.000000
0.000000
0.000000
0.000000
0.000000
0.000000
0.000000
0.000000
0.000000
0.000000
0.000000
0.000000
0.000000
0.000000
0.000000
0.000000
0.000000
0.000000
0.000000
0.000000
0.000000
0.000000
0.000000
0.000000
0.000000
0.000000
0.000000
0.000000
0.000000
0.000000
0.000000
0.000000
0.000000
0.000000
0.000000
0.000000
0.000000
0.000000
0.000000
0.000000
0.000000
0.000000
0.000000
0.000000
0.000000
0.000000
0.000000
0.000000
0.000000
0.000000
0.000000
0.000000
0.000000
0.000000
0.000000
0.000000
0.000000
0.000000
0.000000
0.000000
0.000000
0.000000
0.000000
0.000000
0.000000
0.000000
0.000000
0.000000
0.000000
0.000000
0.000000
0.000000
0.000000
0.000000
0.000000
0.000000
0.000000
0.000000
0.000000
0.000000
0.000000
0.000000
0.000000
0.000000
0.000000
0.000000
0.000000
0.000000
0.000000
0.000000
0.000000
0.000000
0.000000
0.000000
0.000000
0.000000
0.000000
0.000000
0.000000
0.000000
0.000000
0.000000
0.000000
0.000000
0.000000
0.000000
0.000000
0.000000
0.000000
0.000000
0.000000
0.000000
0.000000
0.000000
0.000000
0.000000
0.000000
0.000000
0.000000
0.000000
0.000000
0.000000
0.000000
0.000000
0.000000
0.000000
0.000000
0.000000
0.000000
0.000000
0.000000
0.000000
0.000000
0.000000
0.000000
0.000000
0.000000
0.000000
0.000000
0.000000
0.000000
0.000000
0.000000
0.000000
0.000000
0.000000
0.000000
0.000000
0.000000
0.000000
0.000000
0.000000
0.000000
0.000000
0.000000
0.000000
0.000000
0.000000
0.000000
0.000000
0.000000
0.000000
0.000000
0.000000
0.000000
0.000000
0.000000
0.000000
0.000000
0.000000
0.000000
0.000000
0.000000
0.000000
0.000000
0.000000
0.000000
0.000000
0.000000
0.000000
0.000000
0.000000
0.000000
0.000000
0.000000
0.000000
0.000000
0.000000
0.000000
0.000000
0.000000
0.000000
0.000000
0.000000
0.000000
0.000000
0.000000
0.000000
0.000000
0.000000
0.000000
0.000000
0.000000
0.000000
0.000000
0.000000
0.000000
0.000000
0.000000
0.000000
0.000000
0.000000
0.000000
0.000000
0.000000
0.000000
0.000000
0.000000
0.000000
0.000000
0.000000
0.000000
0.000000
0.000000
0.000000
0.000000
0.000000
0.000000
0.000000
0.000000
0.000000
0.000000
0.000000
0.000000
0.000000
0.000000
0.000000
0.000000
0.000000
0.000000
0.000000
0.000000
0.000000
0.000000
0.000000
0.000000
0.000000
0.000000
0.000000
0.000000
0.000000
0.000000
0.000000
0.000000
0.000000
0.000000
0.000000
0.000000
0.000000
0.000000
0.000000
0.000000
0.000000
0.000000
0.000000
0.000000
0.000000
0.000000
0.000000
0.000000
0.000000
0.000000
0.000000
0.000000
0.000000
0.000000
0.000000
0.000000
0.000000
0.000000
0.000000
0.000000
0.000000
0.000000
0.000000
0.000000
0.000000
0.000000
0.000000
0.000000
0.000000
0.000000
0.000000
0.000000
0.000000
0.000000
0.000000
0.000000
0.000000
0.000000
0.000000
0.000000
0.000000
0.000000
0.000000
0.000000
0.000000
0.000000
0.000000
0.000000
0.000000
0.000000
0.000000
0.000000
0.000000
0.000000
0.000000
0.000000
0.000000
0.000000
0.000000
0.000000
0.000000
0.000000
0.000000
0.000000
0.000000
0.000000
0.000000
0.000000
0.000000
0.000000
0.000000
