0.000000
0.000000
0.000000
0.000000
0.000000
0.000000
0.000000
0.000000
0.000000
0.000000
0.000000
0.000000
0.000000
0.000000
0.000000
0.000000
0.000000
0.000000
0.000000
0.000000
0.000000
0.000283
0.033532
0.071563
0.125506
0.070669
0.079803
0.308796
0.723058
1.131921
2.358971
5.078956
8.449608
14.321916
22.728086
35.505453
55.226122
83.841683
126.161491
188.441157
269.906382
385.213074
537.266770
743.030841
1002.905355
1339.559045
1784.486095
2314.392427
2987.937419
3813.216046
4809.486779
5978.481328
7376.212140
8966.483941
10851.022277
12980.956220
15400.855235
18110.679722
21153.078055
24499.823662
28153.558508
32117.630691
36406.527922
40987.062922
45831.961050
50944.710421
56286.060209
61792.529352
67523.804318
73497.576546
79452.712341
85623.919256
91789.746897
97997.312522
104170.374226
110292.383788
116271.592852
122148.020116
127826.498900
133351.662958
138657.553009
143745.624980
148532.450246
153020.697967
157170.165767
161056.746445
164610.434395
167802.691600
170761.801533
173303.049158
175331.517964
177088.186211
178399.032477
179343.746619
179978.402368
180249.047095
180096.342750
179685.356134
178936.712697
177800.919869
176349.807487
174712.282022
172730.252757
170492.481124
168078.748381
165385.938472
162513.752568
159485.833294
156252.573670
152791.163172
149201.041583
145512.584273
141806.568664
138006.495993
134090.600922
130140.109201
126092.559990
121925.036711
117807.115605
113650.584266
109436.707655
105242.944143
101109.933473
96974.396362
92906.098954
88905.704123
84931.148264
81068.301180
77226.829045
73489.452497
69813.320172
66249.146397
62765.650486
59366.084795
56071.662299
52890.702998
49818.697337
46865.329724
44033.547743
41288.310272
38685.907469
36199.811655
33814.747651
31508.992720
29333.193000
27264.905977
25320.005498
23466.959409
21725.479421
20061.934104
18529.187490
17059.928081
15675.735945
14397.398701
13182.106931
12077.348773
11026.749741
10061.358218
9169.675552
8333.020026
7555.848011
6844.349805
6191.441412
5588.835373
5046.769230
4535.642798
4079.046830
3663.684481
3279.318324
2932.305022
2619.938130
2333.875858
2080.762356
1850.060860
1640.774356
1453.938716
1283.729346
1133.277233
1000.027833
879.027071
768.970346
672.743872
588.599759
514.720466
449.391825
389.227506
338.807848
294.368189
253.807245
217.684465
187.075295
161.826995
139.535281
119.468538
102.220471
86.436104
73.750545
62.618768
52.753029
44.523176
38.171392
32.087230
27.015813
22.252672
18.971794
15.824429
13.473930
11.203347
9.120880
7.332693
6.146972
5.137934
4.195032
3.391123
2.639483
2.148792
1.788849
1.512319
1.134958
0.933064
0.673581
0.632597
0.519206
0.454340
0.369612
0.357188
0.278380
0.240012
0.230467
0.205528
0.182508
0.137245
0.092256
0.100901
0.075761
0.024567
0.015997
0.009179
0.012309
0.004849
0.000000
0.000000
0.000000
0.000000
0.000000
0.000000
0.000000
0.000000
0.000000
0.000000
0.000000
0.000000
0.000000
0.000000
0.000000
0.000000
0.000000
0.000000
0.000000
0.000000
0.000000
0.000000
0.000000
0.000000
0.000000
0.000000
0.000000
0.000000
0.000000
0.000000
0.000000
0.000000
0.000000
0.000000
0.000000
0.000000
0.000000
0.000000
0.000000
0.000000
0.000000
0.000000
0.000000
0.000000
0.000000
0.000000
0.000000
0.000000
0.000000
0.000000
0.000000
0.000000
0.000000
0.000000
0.000000
0.000000
0.000000
0.000000
0.000000
0.000000
0.000000
0.000000
0.000000
0.000000
0.000000
0.000000
0.000000
0.000000
0.000000
0.000000
0.000000
0.000000
0.000000
0.000000
0.000000
0.000000
0.000000
0.000000
0.000000
0.000000
0.000000
0.000000
0.000000
0.000000
0.000000
0.000000
0.000000
0.000000
0.000000
0.000000
0.000000
0.000000
0.000000
0.000000
0.000000
0.000000
0.000000
0.000000
0.000000
0.000000
0.000000
0.000000
0.000000
0.000000
0.000000
0.000000
0.000000
0.000000
0.000000
0.000000
0.000000
0.000000
0.000000
0.000000
0.000000
0.000000
0.000000
0.000000
0.000000
0.000000
0.000000
0.000000
0.000000
0.000000
0.000000
0.000000
0.000000
0.000000
0.000000
0.000000
0.000000
0.000000
0.000000
0.000000
0.000000
0.000000
0.000000
0.000000
0.000000
0.000000
0.000000
0.000000
0.000000
0.000000
0.000000
0.000000
0.000000
0.000000
0.000000
0.000000
0.000000
0.000000
0.000000
0.000000
0.000000
0.000000
0.000000
0.000000
0.000000
0.000000
0.000000
0.000000
0.000000
0.000000
0.000000
0.000000
0.000000
0.000000
0.000000
0.000000
0.000000
0.000000
0.000000
0.000000
0.000000
0.000000
0.000000
0.000000
0.000000
0.000000
0.000000
0.000000
0.000000
0.000000
0.000000
0.000000
0.000000
0.000000
0.000000
0.000000
0.000000
0.000000
0.000000
0.000000
0.000000
0.000000
0.000000
0.000000
0.000000
0.000000
0.000000
0.000000
0.000000
0.000000
0.000000
0.000000
0.000000
0.000000
0.000000
0.000000
0.000000
0.000000
0.000000
0.000000
0.000000
0.000000
0.000000
0.000000
0.000000
0.000000
0.000000
0.000000
0.000000
0.000000
0.000000
0.000000
0.000000
0.000000
0.000000
0.000000
0.000000
0.000000
0.000000
0.000000
0.000000
0.000000
0.000000
0.000000
0.000000
0.000000
0.000000
0.000000
0.000000
0.000000
0.000000
0.000000
0.000000
0.000000
0.000000
0.000000
0.000000
0.000000
0.000000
0.000000
0.000000
0.000000
0.000000
0.000000
0.000000
0.000000
0.000000
