0.000000
0.000000
0.000000
0.000000
0.000000
0.000000
0.000000
0.000000
0.000000
0.000000
0.066646
0.045066
0.130742
0.231628
0.725003
1.794835
3.822080
8.266350
16.161768
33.134637
60.220248
109.147303
190.978496
327.229071
531.166560
834.422928
1285.857846
1920.592066
2794.344836
3997.538984
5539.434318
7495.009561
9938.776577
12935.513945
16522.801012
20753.594795
25665.469769
31223.089468
37405.687197
44130.804801
51468.520645
59268.633092
67458.906757
75806.262516
84368.004854
92846.522633
101223.355659
109310.613169
116966.668110
124253.548124
130884.857457
136905.511478
142175.315853
146805.801846
150568.012062
153623.502810
155885.169848
157429.001040
158192.179406
158326.133784
157831.552689
156841.334455
155227.705555
153197.659403
150705.948900
147899.762775
144793.979630
141451.839788
137991.180326
134409.388125
130623.717934
126775.854520
122953.381459
119119.868946
115337.261285
111661.008955
107950.408207
104437.366378
101009.090362
97734.590979
94526.416135
91481.581027
88603.984354
85835.875031
83203.164259
80680.525005
78368.839732
76154.066789
74085.623746
72105.032332
70311.743318
68656.998881
67082.417167
65634.570867
64301.367366
63046.070918
61943.181844
60917.143957
60037.855750
59134.355617
58442.159021
57752.955038
57187.081450
56632.816072
56157.183960
55784.945329
55453.742388
55177.518555
54951.484926
54815.117436
54680.771452
54585.088613
54552.265673
54511.339899
54529.147406
54589.910707
54621.068279
54682.467689
54728.643584
54790.187003
54834.309898
54900.479494
54941.780189
55010.754571
55019.713317
55020.949612
54999.830268
54954.678160
54847.214389
54670.258099
54489.129449
54269.589663
53975.524035
53637.233271
53256.858728
52822.410580
52311.925202
51746.918451
51108.861804
50437.885873
49694.138908
48906.550800
48021.285076
47102.529943
46140.327557
45091.758793
44023.039045
42868.212546
41710.104363
40479.640633
39238.572779
37953.766437
36646.981739
35292.898050
33929.706527
32567.422652
31194.981621
29788.984807
28414.280864
27041.065122
25676.179958
24337.812327
23006.584605
21695.768682
20431.383311
19184.247809
17975.087183
16801.600280
15675.742123
14588.028166
13543.005488
12548.000053
11597.103790
10694.097495
9841.443901
9028.003279
8263.118293
7537.659134
6864.556674
6243.596552
5661.983250
5120.940170
4616.070954
4154.323588
3727.243855
3341.311280
2984.556364
2661.479615
2362.097858
2098.634952
1852.929873
1635.609538
1438.976201
1262.591250
1104.091589
964.202617
841.962901
732.212995
636.453978
549.439426
476.008442
409.405043
352.447453
302.136562
256.625886
219.246498
186.601335
158.610143
134.178870
113.278706
95.792895
80.599139
67.438734
56.623773
47.430381
39.432111
32.805376
27.190445
22.184319
18.511958
14.918120
12.168701
10.025872
8.353750
6.761499
5.457969
4.430806
3.395277
2.745147
2.099943
1.692053
1.360541
1.115347
0.877850
0.680899
0.570001
0.422427
0.312072
0.223190
0.209936
0.167220
0.145618
0.114577
0.081871
0.065060
0.050618
0.031930
0.024105
0.017839
0.018897
0.011400
0.007737
0.008408
0.003081
0.003663
0.000952
0.000689
0.001029
0.000000
0.002328
0.000764
0.000000
0.000000
0.000000
0.000000
0.000000
0.000000
0.000000
0.000000
0.000000
0.000000
0.000000
0.000000
0.000000
0.000000
0.000000
0.000000
0.000000
0.000000
0.000000
0.000000
0.000000
0.000000
0.000000
0.000000
0.000000
0.000000
0.000000
0.000000
0.000000
0.000000
0.000000
0.000000
0.000000
0.000000
0.000000
0.000000
0.000000
0.000000
0.000000
0.000000
0.000000
0.000000
0.000000
0.000000
0.000000
0.000000
0.000000
0.000000
0.000000
0.000000
0.000000
0.000000
0.000000
0.000000
0.000000
0.000000
0.000000
0.000000
0.000000
0.000000
0.000000
0.000000
0.000000
0.000000
0.000000
0.000000
0.000000
0.000000
0.000000
0.000000
0.000000
0.000000
0.000000
0.000000
0.000000
0.000000
0.000000
0.000000
0.000000
0.000000
0.000000
0.000000
0.000000
0.000000
0.000000
0.000000
0.000000
0.000000
0.000000
0.000000
0.000000
0.000000
0.000000
0.000000
0.000000
0.000000
0.000000
0.000000
0.000000
0.000000
0.000000
0.000000
0.000000
0.000000
0.000000
0.000000
0.000000
0.000000
0.000000
0.000000
0.000000
0.000000
0.000000
0.000000
0.000000
0.000000
0.000000
0.000000
0.000000
0.000000
0.000000
0.000000
0.000000
0.000000
0.000000
0.000000
0.000000
0.000000
0.000000
0.000000
0.000000
0.000000
0.000000
0.000000
0.000000
0.000000
0.000000
0.000000
0.000000
0.000000
0.000000
0.000000
0.000000
0.000000
0.000000
0.000000
0.000000
0.000000
0.000000
0.000000
0.000000
0.000000
0.000000
0.000000
0.000000
0.000000
0.000000
0.000000
0.000000
0.000000
0.000000
0.000000
0.000000
0.000000
0.000000
0.000000
0.000000
0.000000
0.000000
0.000000
0.000000
0.000000
0.000000
0.000000
0.000000
0.000000
0.000000
0.000000
0.000000
0.000000
0.000000
0.000000
0.000000
0.000000
0.000000
0.000000
0.000000
0.000000
0.000000
0.000000
0.000000
0.000000
0.000000
0.000000
0.000000
0.000000
0.000000
0.000000
0.000000
0.000000
0.000000
0.000000
0.000000
0.000000
0.000000
0.000000
0.000000
0.000000
0.000000
0.000000
0.000000
0.000000
0.000000
0.000000
0.000000
0.000000
0.000000
0.000000
0.000000
0.000000
0.000000
0.000000
0.000000
0.000000
0.000000
0.000000
0.000000
0.000000
0.000000
0.000000
0.000000
0.000000
0.000000
0.000000
0.000000
0.000000
0.000000
0.000000
0.000000
0.000000
