0.000000
0.000000
0.000000
0.000000
0.000000
0.003891
0.126235
0.338468
1.532311
2.353503
3.358522
7.040644
13.448730
26.064822
47.804289
86.850061
141.481441
222.150889
333.648870
497.536735
730.171761
1012.807894
1383.123506
1846.492082
2442.153608
3126.462719
3946.297929
4877.760991
5982.496020
7268.859122
8651.668519
10286.026116
12075.990194
14043.649899
16180.233714
18427.074030
20859.083994
23366.835046
26145.356778
28903.166803
31763.672918
34705.763633
37799.324754
40893.825605
44030.865140
47168.868147
50391.724060
53401.099291
56521.820878
59525.554754
62555.998687
65402.774318
68215.182406
70917.720810
73464.043792
76045.903267
78429.141297
80770.024845
83041.174362
85165.044854
87259.795818
89150.991569
90974.609625
92664.202472
94258.455641
95752.045112
97145.112619
98404.467767
99527.185706
100574.883327
101483.372416
102306.890054
103010.415027
103595.708135
104049.583392
104345.986833
104636.551293
104863.078469
104923.636155
104895.025871
104787.800568
104694.515412
104347.700482
104030.185776
103708.337147
103209.604454
102695.594521
102209.559866
101615.192325
101068.948564
100483.278091
99759.789235
99049.184028
98184.675069
97368.576291
96462.321846
95643.895484
94765.513636
93875.643723
92966.200776
91984.358203
90953.649907
90016.688170
89030.375690
87939.350374
86925.072594
85829.566714
84793.394030
83656.625525
82591.549018
81540.929999
80418.810905
79382.192302
78281.872048
77192.948847
76115.684403
74992.774405
73898.568004
72715.440944
71606.555996
70583.447888
69487.426328
68358.359647
67249.628173
66146.304125
65019.958695
63873.198449
62780.613394
61664.514404
60618.363605
59492.084273
58425.779071
57313.462213
56211.698820
55111.006739
54064.809330
53027.675020
51950.213530
50926.084240
49949.374955
48928.695163
47924.619884
46924.794469
45977.015952
45037.669227
44038.241371
43103.090955
42190.798882
41289.985123
40382.495800
39502.084765
38613.173677
37795.868835
36926.710756
36044.676342
35203.177525
34313.016663
33491.991817
32686.221165
31865.032236
31064.839357
30312.243289
29572.612241
28852.742531
28126.636438
27421.410824
26704.151132
26005.519935
25315.344533
24608.773890
23919.404201
23245.532694
22573.793876
21924.336895
21289.439245
20655.018375
20028.445407
19439.433466
18852.912605
18304.487571
17752.178559
17214.493834
16686.295084
16158.935597
15648.108886
15123.905466
14619.281084
14132.992299
13650.898857
13179.203959
12748.154154
12297.566904
11881.604074
11455.550536
11068.144849
10676.117565
10288.938267
9912.461916
9561.255180
9206.736321
8868.758881
8551.196563
8241.034302
7930.928474
7618.100411
7334.504921
7062.351909
6796.419059
6529.357478
6279.334899
6027.431881
5772.424051
5542.526321
5313.918847
5100.334884
4890.147536
4683.325717
4474.209184
4276.375654
4087.916220
3904.505935
3737.287779
3571.317422
3410.273548
3260.841877
3108.076311
2963.715020
2846.979620
2719.299841
2589.094529
2475.007550
2354.489260
2246.309639
2152.137027
2051.419004
1949.791113
1855.055087
1770.889605
1685.029652
1607.316538
1529.502987
1457.273903
1387.616013
1320.010002
1258.173090
1193.386120
1133.336150
1075.488521
1023.617490
974.419220
923.035332
880.045617
836.960773
792.879497
750.921315
707.839186
669.719691
635.170287
604.634457
570.125088
542.374668
513.069430
486.547027
459.473079
431.741924
408.037562
386.658343
364.764641
345.046215
326.408203
306.341329
287.311510
270.004448
253.050682
237.171288
221.225507
204.673203
191.047577
178.532554
167.393625
156.053044
145.497303
136.854139
129.500064
121.732547
113.422904
105.783568
98.640497
92.478669
84.840950
79.208053
74.044108
68.124361
63.593861
59.178200
55.400388
51.084852
46.329118
42.613362
39.486008
37.736687
35.941141
33.822434
31.875213
29.924851
27.575808
26.248212
24.341234
22.664651
21.205906
19.809056
18.284572
16.983246
15.721560
13.784435
13.046989
12.269323
11.384053
11.015280
10.251928
9.844788
9.190029
8.411307
7.744111
7.260164
6.887665
6.507470
6.124272
5.623666
5.121710
4.572852
4.242355
3.790169
3.571596
3.146174
2.987266
2.702447
2.354977
1.999893
1.729486
1.507067
1.365104
1.236755
1.009259
0.917184
0.959836
0.808808
0.758457
0.744495
0.808365
0.759793
0.767070
0.602793
0.607838
0.519728
0.444085
0.370047
0.373362
0.352661
0.338012
0.260848
0.162945
0.165222
0.152575
0.147795
0.134512
0.071283
0.078838
0.080305
0.082875
0.046747
0.046375
0.028380
0.014180
0.011538
0.011227
0.024310
0.012392
0.007163
0.011108
0.006583
0.000000
0.000000
0.000000
0.000000
0.000000
0.000000
0.000000
0.000000
0.000000
0.000000
0.000000
0.000000
0.000000
0.000000
0.000000
0.000000
0.000000
0.000000
0.000000
0.000000
0.000000
0.000000
0.000000
0.000000
0.000000
0.000000
0.000000
0.000000
0.000000
0.000000
0.000000
0.000000
0.000000
0.000000
0.000000
0.000000
0.000000
0.000000
0.000000
0.000000
0.000000
0.000000
0.000000
0.000000
0.000000
0.000000
0.000000
0.000000
0.000000
0.000000
0.000000
0.000000
0.000000
0.000000
0.000000
0.000000
0.000000
0.000000
0.000000
0.000000
0.000000
0.000000
0.000000
0.000000
0.000000
0.000000
0.000000
0.000000
0.000000
0.000000
0.000000
0.000000
0.000000
0.000000
0.000000
0.000000
0.000000
0.000000
0.000000
0.000000
0.000000
0.000000
0.000000
0.000000
0.000000
0.000000
0.000000
0.000000
0.000000
0.000000
0.000000
0.000000
0.000000
0.000000
0.000000
0.000000
0.000000
0.000000
0.000000
0.000000
0.000000
0.000000
0.000000
0.000000
0.000000
0.000000
0.000000
0.000000
0.000000
0.000000
0.000000
0.000000
0.000000
0.000000
0.000000
0.000000
0.000000
0.000000
0.000000
0.000000
0.000000
0.000000
0.000000
0.000000
0.000000
0.000000
0.000000
0.000000
0.000000
0.000000
0.000000
0.000000
0.000000
0.000000
0.000000
0.000000
0.000000
0.000000
0.000000
0.000000
0.000000
0.000000
0.000000
0.000000
0.000000
0.000000
0.000000
0.000000
0.000000
0.000000
0.000000
0.000000
0.000000
0.000000
0.000000
0.000000
0.000000
0.000000
0.000000
0.000000
0.000000
0.000000
0.000000
0.000000
0.000000
0.000000
0.000000
0.000000
0.000000
0.000000
0.000000
0.000000
0.000000
0.000000
0.000000
0.000000
0.000000
0.000000
0.000000
0.000000
0.000000
0.000000
0.000000
0.000000
0.000000
0.000000
0.000000
0.000000
0.000000
0.000000
0.000000
0.000000
0.000000
0.000000
0.000000
0.000000
0.000000
0.000000
0.000000
0.000000
0.000000
0.000000
0.000000
0.000000
0.000000
0.000000
0.000000
0.000000
0.000000
0.000000
0.000000
0.000000
0.000000
0.000000
0.000000
0.000000
0.000000
0.000000
0.000000
0.000000
0.000000
0.000000
0.000000
0.000000
0.000000
0.000000
0.000000
0.000000
0.000000
0.000000
0.000000
0.000000
0.000000
0.000000
0.000000
0.000000
0.000000
0.000000
0.000000
0.000000
0.000000
0.000000
0.000000
0.000000
0.000000
0.000000
0.000000
0.000000
0.000000
0.000000
0.000000
0.000000
0.000000
0.000000
0.000000
0.000000
0.000000
0.000000
0.000000
0.000000
0.000000
0.000000
0.000000
0.000000
0.000000
0.000000
0.000000
0.000000
0.000000
0.000000
0.000000
0.000000
0.000000
0.000000
0.000000
0.000000
0.000000
0.000000
0.000000
0.000000
0.000000
0.000000
0.000000
0.000000
0.000000
0.000000
0.000000
0.000000
0.000000
0.000000
0.000000
0.000000
0.000000
0.000000
0.000000
0.000000
0.000000
0.000000
0.000000
0.000000
0.000000
0.000000
0.000000
0.000000
0.000000
0.000000
0.000000
0.000000
0.000000
0.000000
0.000000
0.000000
0.000000
0.000000
0.000000
0.000000
0.000000
0.000000
0.000000
0.000000
0.000000
0.000000
0.000000
0.000000
0.000000
0.000000
0.000000
0.000000
0.000000
0.000000
0.000000
0.000000
0.000000
0.000000
0.000000
0.000000
0.000000
0.000000
0.000000
0.000000
0.000000
0.000000
0.000000
0.000000
0.000000
0.000000
0.000000
0.000000
0.000000
0.000000
0.000000
0.000000
0.000000
0.000000
0.000000
0.000000
0.000000
0.000000
0.000000
0.000000
0.000000
0.000000
0.000000
0.000000
0.000000
0.000000
0.000000
0.000000
0.000000
0.000000
0.000000
0.000000
0.000000
0.000000
0.000000
0.000000
0.000000
0.000000
0.000000
0.000000
0.000000
0.000000
0.000000
0.000000
0.000000
0.000000
0.000000
0.000000
0.000000
0.000000
0.000000
0.000000
0.000000
0.000000
0.000000
0.000000
0.000000
0.000000
0.000000
0.000000
0.000000
0.000000
0.000000
0.000000
0.000000
0.000000
0.000000
0.000000
0.000000
0.000000
0.000000
0.000000
0.000000
0.000000
0.000000
0.000000
0.000000
0.000000
0.000000
0.000000
0.000000
0.000000
0.000000
0.000000
0.000000
0.000000
0.000000
0.000000
0.000000
0.000000
0.000000
0.000000
0.000000
0.000000
0.000000
0.000000
0.000000
0.000000
0.000000
0.000000
0.000000
0.000000
0.000000
0.000000
0.000000
0.000000
0.000000
0.000000
0.000000
0.000000
0.000000
0.000000
0.000000
0.000000
0.000000
0.000000
0.000000
0.000000
0.000000
0.000000
0.000000
0.000000
0.000000
0.000000
0.000000
0.000000
0.000000
0.000000
0.000000
0.000000
0.000000
0.000000
0.000000
0.000000
0.000000
0.000000
0.000000
0.000000
0.000000
0.000000
0.000000
0.000000
0.000000
0.000000
0.000000
0.000000
0.000000
0.000000
0.000000
0.000000
0.000000
0.000000
0.000000
0.000000
0.000000
0.000000
0.000000
0.000000
0.000000
0.000000
0.000000
0.000000
0.000000
0.000000
0.000000
0.000000
0.000000
0.000000
0.000000
0.000000
0.000000
0.000000
0.000000
0.000000
0.000000
0.000000
0.000000
0.000000
0.000000
0.000000
0.000000
0.000000
0.000000
0.000000
0.000000
0.000000
0.000000
0.000000
0.000000
0.000000
0.000000
0.000000
0.000000
0.000000
0.000000
0.000000
0.000000
0.000000
0.000000
0.000000
0.000000
0.000000
0.000000
0.000000
0.000000
0.000000
0.000000
0.000000
0.000000
0.000000
0.000000
0.000000
0.000000
0.000000
0.000000
0.000000
0.000000
0.000000
0.000000
0.000000
0.000000
0.000000
0.000000
0.000000
0.000000
0.000000
0.000000
0.000000
0.000000
0.000000
0.000000
0.000000
0.000000
0.000000
0.000000
0.000000
0.000000
0.000000
0.000000
0.000000
0.000000
0.000000
0.000000
0.000000
0.000000
0.000000
0.000000
0.000000
0.000000
0.000000
0.000000
0.000000
0.000000
0.000000
0.000000
0.000000
0.000000
0.000000
0.000000
0.000000
0.000000
0.000000
0.000000
0.000000
0.000000
0.000000
0.000000
0.000000
0.000000
0.000000
0.000000
0.000000
0.000000
0.000000
0.000000
0.000000
0.000000
0.000000
0.000000
0.000000
