0.000000
0.000000
0.000000
0.000000
0.000000
0.000000
0.000000
0.000000
0.000000
0.031371
0.109306
0.666579
1.255237
2.966771
4.702004
6.469614
10.817721
18.231454
28.757636
47.167783
70.460563
104.391717
153.191520
217.725148
301.302900
405.824809
546.669925
727.520299
945.027297
1206.294769
1528.425563
1929.764803
2390.678256
2921.081435
3598.977156
4344.481522
5182.745310
6147.929690
7266.860320
8476.602783
9807.674564
11278.329530
12869.431515
14662.749597
16633.593147
18783.290201
21032.715515
23389.201609
25942.590104
28647.564556
31419.235426
34375.777160
37432.903082
40592.435739
43885.696048
47243.114479
50667.034887
54241.199414
57739.766245
61362.021140
65039.897580
68645.305239
72249.822466
75858.251486
79405.660039
82973.302168
86397.130236
89767.339809
93015.683307
96263.247005
99388.374288
102396.079983
105338.929440
108073.543628
110670.831395
113127.163968
115486.858870
117693.022219
119704.961047
121516.122246
123250.193310
124920.086019
126355.033494
127629.807999
128779.383226
129778.289392
130571.762941
131168.340593
131601.032881
131954.807237
132110.063776
132121.067988
132165.777256
132001.564176
131500.134886
130969.571677
130269.075666
129485.290124
128561.917671
127568.971060
126486.122757
125240.590460
123991.852936
122538.974317
121152.064522
119584.785391
117851.519608
116137.002378
114378.195866
112537.441548
110741.312967
108753.072437
106782.815057
104730.313329
102727.862397
100673.420325
98578.685036
96445.096105
94317.084330
92218.606076
90107.670769
87914.440754
85727.606837
83597.684791
81429.775668
79277.903242
77111.872885
75018.996600
72949.854206
70848.532524
68787.250642
66759.666929
64787.166097
62784.819719
60764.630818
58848.298779
56933.341664
55095.549682
53269.108532
51496.480609
49756.783104
48021.651900
46336.763825
44646.166084
43029.710055
41427.989691
39903.366038
38414.700942
36973.770884
35585.884088
34203.527929
32871.589524
31537.100977
30321.301041
29106.176966
27920.232514
26753.664477
25653.454047
24611.800884
23597.293447
22592.710917
21634.635491
20699.241027
19820.764646
18948.725030
18136.129398
17343.347333
16530.230178
15784.800972
15027.701966
14338.610861
13670.467788
13056.834422
12432.042244
11858.260109
11275.229643
10719.800203
10200.550884
9689.702041
9228.123178
8782.857929
8356.301775
7923.044442
7529.434039
7144.524429
6775.274077
6420.176262
6092.199815
5779.265334
5487.738337
5201.554641
4932.448039
4668.040467
4413.775728
4178.407017
3948.156260
3729.861253
3525.715027
3333.034912
3143.014043
2964.367773
2803.393030
2639.083349
2493.106356
2354.255042
2221.335778
2097.411780
1970.009887
1849.217640
1738.608698
1638.874035
1543.037942
1453.093481
1363.700717
1280.395526
1200.100307
1130.489801
1064.199582
1004.591340
937.399678
887.052002
824.663180
770.502352
724.554392
679.607382
637.929828
599.809200
566.014209
532.103956
495.636389
462.774933
433.472236
405.076744
378.099918
354.602467
330.488289
310.880535
290.031443
271.020018
251.667110
235.144746
221.113354
204.370671
189.526297
174.103002
162.071015
152.637676
143.414864
133.932263
125.330869
117.464068
107.808713
101.330877
94.744690
89.049155
80.512769
74.544666
68.869371
63.723021
57.714897
53.526205
50.466016
46.745351
43.121315
39.574597
35.909844
32.672642
30.625270
27.907696
25.755273
24.769578
22.397114
20.678789
18.630458
17.479184
16.092410
14.893076
13.571336
12.184805
11.523696
10.577460
9.523522
8.980980
8.476913
7.763865
7.123586
6.583715
6.143739
6.086393
5.392910
5.134663
4.436287
4.131618
3.539282
3.141124
2.684091
2.279793
2.122140
1.867094
1.579279
1.355299
1.245684
1.247004
1.193548
0.893578
0.879421
0.679084
0.538604
0.500114
0.403245
0.327522
0.369837
0.466420
0.381158
0.281589
0.217717
0.164995
0.148225
0.113516
0.132044
0.122751
0.153220
0.174253
0.142963
0.140432
0.114191
0.108983
0.082577
0.093371
0.103278
0.089973
0.100455
0.115624
0.114812
0.093152
0.050252
0.032508
0.036370
0.031249
0.009003
0.006737
0.018639
0.006626
0.005264
0.004207
0.007908
0.023810
0.020375
0.011652
0.004939
0.000735
0.000000
0.000000
0.000000
0.000000
0.000000
0.000000
0.000000
0.000000
0.000000
0.000000
0.000000
0.000000
0.000000
0.000000
0.000000
0.000000
0.000000
0.000000
0.000000
0.000000
0.000000
0.000000
0.000000
0.000000
0.000000
0.000000
0.000000
0.000000
0.000000
0.000000
0.000000
0.000000
0.000000
0.000000
0.000000
0.000000
0.000000
0.000000
0.000000
0.000000
0.000000
0.000000
0.000000
0.000000
0.000000
0.000000
0.000000
0.000000
0.000000
0.000000
0.000000
0.000000
0.000000
0.000000
0.000000
0.000000
0.000000
0.000000
0.000000
0.000000
0.000000
0.000000
0.000000
0.000000
0.000000
0.000000
0.000000
0.000000
0.000000
0.000000
0.000000
0.000000
0.000000
0.000000
0.000000
0.000000
0.000000
0.000000
0.000000
0.000000
0.000000
0.000000
0.000000
0.000000
0.000000
0.000000
0.000000
0.000000
0.000000
0.000000
0.000000
0.000000
0.000000
0.000000
0.000000
0.000000
0.000000
0.000000
0.000000
0.000000
0.000000
0.000000
0.000000
0.000000
0.000000
0.000000
0.000000
0.000000
0.000000
0.000000
0.000000
0.000000
0.000000
0.000000
0.000000
0.000000
0.000000
0.000000
0.000000
0.000000
0.000000
0.000000
0.000000
0.000000
0.000000
0.000000
0.000000
0.000000
0.000000
0.000000
0.000000
0.000000
0.000000
0.000000
0.000000
0.000000
0.000000
0.000000
0.000000
0.000000
0.000000
0.000000
0.000000
0.000000
0.000000
0.000000
0.000000
0.000000
0.000000
0.000000
0.000000
0.000000
0.000000
0.000000
0.000000
0.000000
0.000000
0.000000
0.000000
0.000000
0.000000
0.000000
0.000000
0.000000
0.000000
0.000000
0.000000
0.000000
0.000000
0.000000
0.000000
0.000000
0.000000
0.000000
0.000000
0.000000
0.000000
0.000000
0.000000
0.000000
0.000000
0.000000
0.000000
0.000000
0.000000
0.000000
0.000000
0.000000
0.000000
0.000000
0.000000
0.000000
0.000000
0.000000
0.000000
0.000000
0.000000
0.000000
0.000000
0.000000
0.000000
0.000000
0.000000
0.000000
0.000000
0.000000
0.000000
0.000000
0.000000
0.000000
0.000000
0.000000
0.000000
0.000000
0.000000
0.000000
0.000000
0.000000
0.000000
0.000000
0.000000
0.000000
0.000000
0.000000
0.000000
0.000000
0.000000
0.000000
0.000000
0.000000
0.000000
0.000000
0.000000
0.000000
0.000000
0.000000
0.000000
0.000000
0.000000
0.000000
0.000000
0.000000
0.000000
0.000000
0.000000
0.000000
0.000000
0.000000
0.000000
0.000000
0.000000
0.000000
0.000000
0.000000
0.000000
0.000000
0.000000
0.000000
0.000000
0.000000
0.000000
0.000000
0.000000
0.000000
0.000000
0.000000
0.000000
0.000000
0.000000
0.000000
0.000000
0.000000
0.000000
0.000000
0.000000
0.000000
0.000000
0.000000
0.000000
0.000000
0.000000
0.000000
0.000000
0.000000
0.000000
0.000000
0.000000
0.000000
0.000000
0.000000
0.000000
0.000000
0.000000
0.000000
0.000000
0.000000
0.000000
0.000000
0.000000
0.000000
0.000000
0.000000
0.000000
0.000000
0.000000
0.000000
0.000000
0.000000
0.000000
0.000000
0.000000
0.000000
0.000000
0.000000
0.000000
0.000000
0.000000
0.000000
0.000000
0.000000
0.000000
0.000000
0.000000
0.000000
0.000000
0.000000
0.000000
0.000000
0.000000
0.000000
0.000000
0.000000
0.000000
0.000000
0.000000
0.000000
0.000000
0.000000
0.000000
0.000000
0.000000
0.000000
0.000000
0.000000
0.000000
0.000000
0.000000
0.000000
0.000000
0.000000
0.000000
0.000000
0.000000
0.000000
0.000000
0.000000
0.000000
0.000000
0.000000
0.000000
0.000000
0.000000
0.000000
0.000000
0.000000
0.000000
0.000000
0.000000
0.000000
0.000000
0.000000
0.000000
0.000000
0.000000
0.000000
0.000000
0.000000
0.000000
0.000000
0.000000
0.000000
0.000000
0.000000
0.000000
0.000000
0.000000
0.000000
0.000000
0.000000
0.000000
0.000000
0.000000
0.000000
0.000000
0.000000
0.000000
0.000000
0.000000
0.000000
0.000000
0.000000
0.000000
0.000000
0.000000
0.000000
0.000000
0.000000
0.000000
0.000000
0.000000
0.000000
0.000000
0.000000
0.000000
0.000000
0.000000
0.000000
0.000000
0.000000
0.000000
0.000000
0.000000
0.000000
0.000000
0.000000
0.000000
0.000000
0.000000
0.000000
0.000000
0.000000
0.000000
0.000000
0.000000
0.000000
0.000000
0.000000
0.000000
0.000000
0.000000
0.000000
0.000000
0.000000
0.000000
0.000000
0.000000
0.000000
0.000000
0.000000
0.000000
0.000000
0.000000
0.000000
0.000000
0.000000
0.000000
0.000000
0.000000
0.000000
0.000000
0.000000
0.000000
0.000000
0.000000
0.000000
0.000000
0.000000
0.000000
0.000000
0.000000
0.000000
0.000000
0.000000
0.000000
0.000000
0.000000
0.000000
0.000000
0.000000
0.000000
0.000000
0.000000
0.000000
0.000000
0.000000
0.000000
0.000000
0.000000
0.000000
0.000000
0.000000
0.000000
0.000000
0.000000
0.000000
0.000000
0.000000
0.000000
0.000000
0.000000
0.000000
0.000000
0.000000
0.000000
0.000000
0.000000
0.000000
0.000000
0.000000
0.000000
0.000000
0.000000
0.000000
0.000000
0.000000
0.000000
0.000000
0.000000
0.000000
0.000000
0.000000
0.000000
0.000000
0.000000
0.000000
0.000000
0.000000
0.000000
0.000000
0.000000
0.000000
0.000000
0.000000
0.000000
0.000000
0.000000
0.000000
0.000000
0.000000
0.000000
0.000000
0.000000
0.000000
0.000000
0.000000
0.000000
0.000000
0.000000
0.000000
0.000000
0.000000
0.000000
0.000000
0.000000
0.000000
0.000000
0.000000
0.000000
0.000000
0.000000
0.000000
0.000000
0.000000
0.000000
0.000000
0.000000
0.000000
0.000000
0.000000
0.000000
0.000000
0.000000
0.000000
0.000000
0.000000
0.000000
0.000000
0.000000
0.000000
0.000000
0.000000
0.000000
0.000000
0.000000
0.000000
0.000000
0.000000
0.000000
0.000000
0.000000
0.000000
0.000000
0.000000
0.000000
0.000000
0.000000
0.000000
0.000000
0.000000
0.000000
0.000000
0.000000
0.000000
0.000000
0.000000
0.000000
0.000000
0.000000
0.000000
0.000000
0.000000
0.000000
0.000000
0.000000
0.000000
0.000000
0.000000
0.000000
0.000000
0.000000
0.000000
0.000000
0.000000
0.000000
0.000000
0.000000
0.000000
0.000000
0.000000
0.000000
0.000000
0.000000
0.000000
0.000000
0.000000
0.000000
0.000000
0.000000
0.000000
0.000000
0.000000
0.000000
0.000000
0.000000
0.000000
0.000000
0.000000
0.000000
0.000000
0.000000
