0.716710
13.646300
64.418096
202.552909
414.660491
823.430916
1375.513520
2301.441948
3519.484106
5148.783040
7446.540580
10079.268367
13449.499197
17081.031629
21625.387915
26426.146904
31337.797893
36690.064881
41604.901517
47123.451159
52471.371098
57819.494816
63068.290711
67988.621176
72361.402834
76291.089200
80124.082159
83546.257686
86547.183244
88909.720944
90992.752484
92866.348649
94362.193888
95862.334303
96873.897491
97754.005368
98036.554773
98890.427624
98475.326074
97891.930598
97016.923518
96386.923196
95583.829653
94667.100752
93440.859070
92150.351096
90780.363457
89719.713751
88148.405473
86575.301536
85306.282375
84182.494157
82316.578165
80568.411694
79171.570958
77798.697559
76345.990087
75068.908651
73572.708786
72305.458017
70939.393777
69683.323539
68638.386710
67648.110241
66464.626313
65303.205912
64078.544502
62765.930021
61806.900405
60716.463681
59694.644420
58811.450128
57795.044570
57043.229616
56140.059795
55382.163052
54480.807924
53606.671247
52729.148223
51921.786019
51012.854668
50156.763661
49269.443030
48447.933503
47794.992362
47239.933420
46705.642326
46022.492698
45333.382642
44694.387398
44354.065338
43848.600467
43569.809915
43190.971682
42588.453538
42022.913113
41551.109856
41153.908551
40710.525530
40130.367294
39703.987114
39384.983635
38972.277967
38568.506035
38112.272511
37791.548666
37511.001552
37159.868552
36849.856008
36477.613847
36051.102509
35721.216243
35436.024897
35275.774075
35006.755359
34915.476136
34639.967006
34516.023794
34362.650215
34110.480940
33866.407872
33714.777484
33483.531331
33279.678745
33071.987821
32920.290253
32675.097798
32502.393073
32311.518018
32069.898972
31927.920660
31867.474557
31689.355738
31424.945606
31314.984657
31088.357239
30803.323261
30766.917396
30706.444761
30539.180455
30337.746741
30352.347023
30297.053817
30147.761259
29885.584865
29700.565738
29580.612236
29371.377358
29253.545819
29074.318936
28963.667555
28923.566021
28718.596540
28680.007576
28493.131945
28272.834929
28137.424923
28110.892466
28003.585179
27830.277222
27713.976070
27510.055243
27318.399995
27282.576588
27093.075497
26957.974460
26908.006798
26752.870961
26514.842314
26323.493044
26188.391862
26147.046652
26125.821660
25964.902238
25791.610411
25552.980258
25301.246112
25239.764561
25163.777222
25058.345362
24927.289951
24753.372481
24615.900503
24351.079851
24098.410460
23908.443749
23737.963226
23493.197710
23243.487562
23042.186415
22845.608114
22596.899433
22484.368999
22363.491739
22158.931542
21996.615723
21877.678847
21772.566787
21616.756532
21484.535658
21293.179489
21095.160646
20876.376381
20630.717984
20431.950647
20251.215636
20067.590144
19928.145515
19696.112101
19339.188121
19097.073783
18929.327889
18713.698190
18525.272417
18332.483719
18100.005503
17932.744121
17653.559473
17444.677595
17233.073765
17067.897256
16865.509735
16653.474406
16436.325488
16137.931520
16000.933012
15833.774827
15658.111055
15492.552015
15279.071093
15084.158871
14877.889376
14710.705615
14551.210916
14321.550197
14070.481324
13885.319583
13619.250788
13449.207761
13282.639534
13092.863785
12874.574165
12621.086482
12402.522188
12224.415669
12033.299781
11825.449082
11598.406241
11424.330454
11235.740607
11032.161399
10898.172129
10761.460572
10525.395334
10328.497148
10143.401180
9951.237387
9814.831941
9657.032993
9471.140458
9262.368437
9068.417067
8877.268839
8733.582561
8536.120549
8348.057888
8164.522645
7943.342845
7803.262477
7629.255682
7435.389254
7287.387171
7158.609550
6993.527061
6837.144927
6692.337662
6527.769805
6399.799461
6247.477457
6076.674735
5954.280775
5852.686411
5733.851410
5586.956598
5467.491052
5362.189238
5253.589158
5090.070942
4978.174423
4851.698919
4714.912272
4585.450576
4432.056627
4346.892981
4219.135355
4083.822852
3982.509376
3855.837506
3740.019468
3652.592022
3542.816477
3450.453385
3372.313241
3289.385456
3201.421468
3107.157839
3021.717322
2946.175326
2864.443503
2777.479813
2684.628180
2606.734187
2522.362482
2460.748672
2401.363049
2333.132536
2249.687160
2205.740271
2126.819030
2074.575116
2020.508986
1961.962197
1889.455064
1832.759235
1779.806899
1729.788484
1671.064123
1621.269170
1576.198493
1515.771104
1457.630495
1409.067354
1362.548974
1314.110067
1265.640123
1216.981783
1180.484510
1142.357368
1100.865170
1063.392544
1018.033672
983.118809
954.855572
925.472801
898.087536
865.090060
823.973481
793.774524
772.988024
755.183371
725.235207
705.870852
682.832527
654.781707
633.998223
605.770181
574.070982
543.267815
524.473311
510.035917
493.042880
482.785018
462.606612
444.942470
433.227517
416.423765
401.905411
378.662552
363.551241
348.597375
334.964970
326.041586
316.495479
299.212572
283.658970
271.827084
262.614261
249.827163
244.585525
232.251026
228.742811
223.750704
208.102337
186.429058
174.499913
168.553164
164.170451
156.170949
150.982218
140.839356
134.488766
129.528240
125.949672
118.176412
112.080197
108.022563
104.147869
101.302044
95.769926
88.248047
82.964448
83.084314
82.538567
77.419173
76.897139
73.293074
66.842871
59.480406
55.289956
53.371278
54.184982
51.094668
47.759182
46.686768
47.339416
46.180601
44.582277
42.622637
42.390249
39.917159
36.208619
34.527437
32.095081
29.038363
28.090704
27.614048
25.936637
25.270257
24.611415
23.101991
20.588413
19.544598
18.591959
16.841977
16.865624
15.650880
14.792587
12.533001
11.279379
11.205264
10.470801
9.120182
7.910281
7.408791
8.018829
9.351727
9.081215
8.082533
6.978865
7.202957
6.421833
6.786057
6.155491
5.753221
5.485294
4.219954
3.925802
3.182077
2.496137
2.413942
2.112240
2.110775
2.138378
2.096753
1.861927
1.921850
1.283481
1.576643
1.496750
1.207910
1.011472
0.844969
0.811966
0.850488
0.836422
1.021561
0.953766
0.688293
0.663881
0.585103
0.463789
0.369548
0.350087
0.259707
0.174051
0.159559
0.121057
0.099841
0.042885
0.020007
0.011891
0.000000
0.000000
0.000000
0.000000
0.000000
0.000000
0.000000
0.000000
0.000000
0.000000
0.000000
0.000000
0.000000
0.000000
0.000000
0.000000
0.000000
0.000000
0.000000
0.000000
0.000000
0.000000
0.000000
0.000000
0.000000
0.000000
0.000000
0.000000
0.000000
0.000000
0.000000
0.000000
0.000000
0.000000
0.000000
0.000000
0.000000
0.000000
0.000000
0.000000
0.000000
0.000000
0.000000
0.000000
0.000000
0.000000
0.000000
0.000000
0.000000
0.000000
0.000000
0.000000
0.000000
0.000000
0.000000
0.000000
0.000000
0.000000
0.000000
0.000000
0.000000
0.000000
0.000000
0.000000
0.000000
0.000000
0.000000
0.000000
0.000000
0.000000
0.000000
0.000000
0.000000
0.000000
0.000000
0.000000
0.000000
0.000000
0.000000
0.000000
0.000000
0.000000
0.000000
0.000000
0.000000
0.000000
0.000000
0.000000
0.000000
0.000000
0.000000
0.000000
0.000000
0.000000
0.000000
0.000000
0.000000
0.000000
0.000000
0.000000
0.000000
0.000000
0.000000
0.000000
0.000000
0.000000
0.000000
0.000000
0.000000
0.000000
0.000000
0.000000
0.000000
0.000000
0.000000
0.000000
0.000000
0.000000
0.000000
0.000000
0.000000
0.000000
0.000000
0.000000
0.000000
0.000000
0.000000
0.000000
0.000000
0.000000
0.000000
0.000000
0.000000
0.000000
0.000000
0.000000
0.000000
0.000000
0.000000
0.000000
0.000000
0.000000
0.000000
0.000000
0.000000
0.000000
0.000000
0.000000
0.000000
0.000000
0.000000
0.000000
0.000000
0.000000
0.000000
0.000000
0.000000
0.000000
0.000000
0.000000
0.000000
0.000000
0.000000
0.000000
0.000000
0.000000
0.000000
0.000000
0.000000
0.000000
0.000000
0.000000
0.000000
0.000000
0.000000
0.000000
0.000000
0.000000
0.000000
0.000000
0.000000
0.000000
0.000000
0.000000
0.000000
0.000000
0.000000
0.000000
0.000000
0.000000
0.000000
0.000000
0.000000
0.000000
0.000000
0.000000
0.000000
0.000000
0.000000
0.000000
0.000000
0.000000
0.000000
0.000000
0.000000
0.000000
0.000000
0.000000
0.000000
0.000000
0.000000
0.000000
0.000000
0.000000
0.000000
0.000000
0.000000
0.000000
0.000000
0.000000
0.000000
0.000000
0.000000
0.000000
0.000000
0.000000
0.000000
0.000000
0.000000
0.000000
0.000000
0.000000
0.000000
0.000000
0.000000
0.000000
0.000000
0.000000
0.000000
0.000000
0.000000
0.000000
0.000000
0.000000
0.000000
0.000000
0.000000
0.000000
0.000000
0.000000
0.000000
0.000000
0.000000
0.000000
0.000000
0.000000
0.000000
0.000000
0.000000
0.000000
0.000000
0.000000
0.000000
0.000000
0.000000
0.000000
0.000000
0.000000
0.000000
0.000000
0.000000
0.000000
0.000000
0.000000
0.000000
0.000000
0.000000
0.000000
0.000000
0.000000
0.000000
0.000000
0.000000
0.000000
0.000000
0.000000
0.000000
0.000000
0.000000
0.000000
0.000000
0.000000
0.000000
0.000000
0.000000
0.000000
0.000000
0.000000
0.000000
0.000000
0.000000
0.000000
0.000000
0.000000
0.000000
0.000000
0.000000
0.000000
0.000000
0.000000
0.000000
0.000000
0.000000
0.000000
0.000000
0.000000
0.000000
0.000000
0.000000
0.000000
0.000000
0.000000
0.000000
0.000000
0.000000
0.000000
0.000000
0.000000
0.000000
0.000000
0.000000
0.000000
0.000000
0.000000
0.000000
0.000000
0.000000
0.000000
0.000000
0.000000
0.000000
0.000000
0.000000
0.000000
0.000000
0.000000
0.000000
0.000000
0.000000
0.000000
0.000000
0.000000
0.000000
0.000000
0.000000
0.000000
0.000000
0.000000
0.000000
0.000000
0.000000
0.000000
0.000000
0.000000
0.000000
0.000000
0.000000
0.000000
0.000000
0.000000
0.000000
0.000000
0.000000
0.000000
0.000000
0.000000
0.000000
0.000000
0.000000
0.000000
0.000000
0.000000
0.000000
0.000000
0.000000
0.000000
0.000000
0.000000
0.000000
0.000000
0.000000
0.000000
0.000000
0.000000
0.000000
0.000000
0.000000
0.000000
0.000000
0.000000
0.000000
0.000000
0.000000
0.000000
0.000000
0.000000
0.000000
0.000000
0.000000
0.000000
0.000000
0.000000
0.000000
0.000000
0.000000
0.000000
0.000000
0.000000
0.000000
0.000000
0.000000
0.000000
0.000000
0.000000
0.000000
0.000000
0.000000
0.000000
0.000000
0.000000
0.000000
0.000000
0.000000
0.000000
0.000000
0.000000
0.000000
0.000000
0.000000
0.000000
0.000000
0.000000
0.000000
0.000000
0.000000
0.000000
0.000000
0.000000
0.000000
0.000000
0.000000
0.000000
0.000000
0.000000
0.000000
0.000000
0.000000
0.000000
0.000000
0.000000
0.000000
0.000000
0.000000
0.000000
0.000000
0.000000
0.000000
0.000000
0.000000
0.000000
0.000000
0.000000
0.000000
0.000000
0.000000
0.000000
0.000000
0.000000
0.000000
0.000000
0.000000
0.000000
0.000000
0.000000
0.000000
0.000000
0.000000
0.000000
0.000000
0.000000
0.000000
0.000000
0.000000
0.000000
0.000000
0.000000
0.000000
0.000000
0.000000
0.000000
0.000000
0.000000
0.000000
0.000000
0.000000
0.000000
0.000000
0.000000
0.000000
0.000000
