211.660355
1126.073021
3647.744671
8570.811404
16854.272023
28969.418069
45199.118011
65259.214661
88569.194238
114202.292933
140974.339816
167508.737127
192728.566290
215819.149912
236104.218277
253152.241876
266636.012083
276362.844649
282196.709526
284744.812186
284463.272871
280858.768557
275049.255466
267453.136786
258179.565755
248010.220136
236920.812072
225309.857518
213442.730021
201440.155142
189439.724074
178018.827974
166721.909081
155953.629154
145607.605099
135747.590332
126396.020722
117713.549299
109394.178819
101735.755383
94698.284123
87950.607262
81686.608299
76005.927217
70664.657048
65833.472866
61283.494104
57096.998583
53356.239119
49770.538940
46511.623376
43578.114378
40863.039521
38365.713163
36062.661616
33895.700433
31882.890205
30077.115786
28460.269774
26953.648439
25489.617210
24169.790445
22949.252550
21824.455742
20775.120451
19840.803014
18924.281494
18125.771865
17361.723559
16662.977379
16005.569387
15371.677092
14797.756196
14206.007178
13724.448782
13257.137845
12779.740222
12396.677657
12036.871636
11694.653118
11374.078226
11056.201890
10759.752170
10477.911292
10215.259645
9959.528884
9743.128978
9530.423479
9335.041679
9145.126782
8963.423201
8786.181366
8628.032554
8494.369949
8356.739726
8219.802991
8099.587453
7960.113570
7857.243372
7735.134522
7680.837394
7609.143081
7535.583891
7452.267127
7393.756092
7345.677000
7290.150455
7233.440033
7185.542802
7149.206493
7097.602864
7058.881228
7038.350402
7003.615235
6978.198743
6963.183435
6951.887094
6968.266063
6958.329686
6958.013386
6959.425647
6968.833444
6970.460847
7008.514348
7018.254634
7028.897481
7057.785887
7098.795690
7108.788650
7152.064187
7166.282580
7185.391899
7200.491401
7243.043691
7262.817936
7297.141411
7337.887351
7392.377097
7442.674153
7509.892101
7561.441400
7605.006856
7665.745837
7714.447262
7756.073092
7811.123098
7880.446647
7927.136869
7993.812295
8040.219254
8101.194642
8155.942860
8191.037065
8246.609313
8301.182210
8354.484318
8418.066400
8487.469356
8550.335620
8625.212241
8704.314707
8769.915415
8837.787174
8899.283453
8969.739535
9046.030061
9088.085130
9151.035560
9203.438390
9275.805982
9336.844787
9402.326281
9473.894562
9551.670110
9611.905029
9682.454993
9738.718843
9798.861490
9855.524285
9915.351477
9974.663568
10036.859481
10104.816939
10154.049996
10218.781786
10274.249513
10344.088126
10399.653059
10453.847152
10513.446373
10556.441684
10602.555047
10674.707072
10735.029848
10796.206790
10826.280534
10852.125846
10877.944646
10907.644540
10939.063197
10969.040078
11001.613228
11028.264564
11029.164702
11050.331922
11073.184269
11083.519256
11079.650361
11089.441199
11091.356977
11095.728911
11090.197089
11103.954257
11092.986139
11107.484229
11087.642175
11080.985158
11066.707175
11058.061430
11045.577513
11034.396354
11007.962752
10964.254247
10944.099707
10897.940054
10857.417754
10814.973054
10772.390122
10722.705381
10677.657152
10626.498824
10585.922753
10542.218227
10482.918371
10438.091784
10377.997789
10338.926351
10257.459688
10186.583557
10118.457842
10055.016843
9976.072127
9890.882601
9813.178195
9734.198010
9650.521415
9561.962518
9473.648304
9386.498929
9296.421078
9214.089162
9110.304086
9004.653647
8906.883161
8808.948511
8723.567500
8621.956698
8510.663464
8402.840138
8292.844019
8182.049820
8068.668823
7960.655878
7855.138394
7735.729635
7620.335257
7512.309126
7389.383615
7269.152967
7156.640517
7049.341891
6934.043448
6820.474361
6712.642216
6596.241501
6481.209104
6363.610759
6237.192129
6120.202461
6004.670073
5891.983819
5760.242359
5645.907505
5535.536741
5426.562037
5299.324126
5194.033481
5080.735340
4964.734527
4856.691068
4755.041216
4644.168273
4538.524528
4425.472232
4322.273002
4221.444602
4115.432863
4010.788210
3908.178498
3800.195587
3697.243386
3605.458884
3505.771539
3410.311789
3316.910760
3229.166734
3138.785877
3052.583038
2963.979554
2871.043163
2789.910240
2698.358207
2617.115125
2533.715827
2459.403149
2382.229256
2312.950130
2244.034230
2162.199226
2095.540093
2027.659199
1957.734718
1898.250424
1833.268956
1770.382379
1712.882725
1656.043821
1597.522847
1540.711413
1486.062677
1431.076928
1378.344052
1330.664104
1286.912248
1239.478307
1192.485934
1147.861602
1105.411200
1064.662629
1025.182327
986.697107
948.780011
914.312575
878.629330
842.210129
814.716416
782.767737
752.059216
720.326611
691.813376
661.566848
631.936498
605.048840
580.073067
557.151916
535.963317
513.835073
489.586635
470.050854
450.283532
432.009390
411.360463
393.147351
374.724196
357.115764
339.975610
323.917634
308.679964
293.841010
279.916701
266.194022
254.678824
240.118498
228.346594
217.267814
206.274307
196.869378
187.491940
178.753956
169.716553
161.983113
154.600802
145.603901
139.252690
131.331817
123.860618
117.553953
112.414515
106.156333
101.212776
95.044385
89.131629
83.741226
80.441852
75.494163
70.730491
66.949246
62.844783
59.311544
55.745253
53.164003
50.399258
47.992453
45.417707
42.471723
39.436367
37.768230
35.752437
33.983585
32.070500
29.886588
28.607939
26.767324
24.975811
23.516015
22.165610
20.715594
19.065727
17.142532
16.245700
15.243293
14.180927
13.057122
11.950138
11.313683
10.610728
9.847224
9.265122
8.388847
7.745800
7.152334
6.928362
6.392777
5.843046
5.375201
4.914307
4.466122
4.047094
3.651568
3.392070
3.163393
2.877610
2.604455
2.514775
2.459199
2.225753
2.016632
1.683817
1.390059
1.173123
0.951473
0.892667
0.806883
0.782485
0.738745
0.697984
0.608416
0.528507
0.511824
0.444384
0.371911
0.308272
0.295891
0.316020
0.323484
0.303747
0.287108
0.266834
0.277228
0.256391
0.198328
0.151058
0.146346
0.147548
0.155555
0.131978
0.161765
0.119489
0.113493
0.131095
0.102610
0.085555
0.083586
0.059971
0.036480
0.028447
0.026770
0.051965
0.053712
0.064571
0.051274
0.058547
0.044304
0.051434
0.045957
0.053951
0.035849
0.022893
0.011211
0.017390
0.021302
0.021458
0.021530
0.025074
0.015069
0.012600
0.014406
0.015406
0.017557
0.009638
0.000230
0.000000
0.000000
0.000000
0.000000
0.000000
0.000000
0.000000
0.000000
0.000000
0.000000
0.000000
0.000000
0.000000
0.000000
0.000000
0.000000
0.000000
0.000000
0.000000
0.000000
0.000000
0.000000
0.000000
0.000000
0.000000
0.000000
0.000000
0.000000
0.000000
0.000000
0.000000
0.000000
0.000000
0.000000
0.000000
0.000000
0.000000
0.000000
0.000000
0.000000
0.000000
0.000000
0.000000
0.000000
0.000000
0.000000
0.000000
0.000000
0.000000
0.000000
0.000000
0.000000
0.000000
0.000000
0.000000
0.000000
0.000000
0.000000
0.000000
0.000000
0.000000
0.000000
0.000000
0.000000
0.000000
0.000000
0.000000
0.000000
0.000000
0.000000
0.000000
0.000000
0.000000
0.000000
0.000000
0.000000
0.000000
0.000000
0.000000
0.000000
0.000000
0.000000
0.000000
0.000000
0.000000
0.000000
0.000000
0.000000
0.000000
0.000000
0.000000
0.000000
0.000000
0.000000
0.000000
0.000000
0.000000
0.000000
0.000000
0.000000
0.000000
0.000000
0.000000
0.000000
0.000000
0.000000
0.000000
0.000000
0.000000
0.000000
0.000000
0.000000
0.000000
0.000000
0.000000
0.000000
0.000000
0.000000
0.000000
0.000000
0.000000
0.000000
0.000000
0.000000
0.000000
0.000000
0.000000
0.000000
0.000000
0.000000
0.000000
0.000000
0.000000
0.000000
0.000000
0.000000
0.000000
0.000000
0.000000
0.000000
0.000000
0.000000
0.000000
0.000000
0.000000
0.000000
0.000000
0.000000
0.000000
0.000000
0.000000
0.000000
0.000000
0.000000
0.000000
0.000000
0.000000
0.000000
0.000000
0.000000
0.000000
0.000000
0.000000
0.000000
0.000000
0.000000
0.000000
0.000000
0.000000
0.000000
0.000000
0.000000
0.000000
0.000000
0.000000
0.000000
0.000000
0.000000
0.000000
0.000000
0.000000
0.000000
0.000000
0.000000
0.000000
0.000000
0.000000
0.000000
0.000000
0.000000
0.000000
0.000000
0.000000
0.000000
0.000000
0.000000
0.000000
0.000000
0.000000
0.000000
0.000000
0.000000
0.000000
0.000000
0.000000
0.000000
0.000000
0.000000
0.000000
0.000000
0.000000
0.000000
0.000000
0.000000
0.000000
0.000000
0.000000
0.000000
0.000000
0.000000
0.000000
0.000000
0.000000
0.000000
0.000000
0.000000
0.000000
0.000000
0.000000
0.000000
0.000000
0.000000
0.000000
0.000000
0.000000
0.000000
0.000000
0.000000
0.000000
0.000000
0.000000
0.000000
0.000000
0.000000
0.000000
0.000000
0.000000
0.000000
0.000000
0.000000
0.000000
0.000000
0.000000
0.000000
0.000000
0.000000
0.000000
0.000000
0.000000
0.000000
0.000000
0.000000
0.000000
0.000000
0.000000
0.000000
0.000000
0.000000
0.000000
0.000000
0.000000
0.000000
0.000000
0.000000
0.000000
0.000000
0.000000
0.000000
0.000000
0.000000
0.000000
0.000000
0.000000
0.000000
0.000000
0.000000
0.000000
0.000000
0.000000
0.000000
0.000000
0.000000
0.000000
0.000000
0.000000
0.000000
0.000000
0.000000
0.000000
0.000000
0.000000
0.000000
0.000000
0.000000
0.000000
0.000000
0.000000
0.000000
0.000000
0.000000
0.000000
0.000000
0.000000
0.000000
0.000000
0.000000
0.000000
0.000000
0.000000
0.000000
0.000000
0.000000
0.000000
0.000000
0.000000
0.000000
0.000000
0.000000
0.000000
0.000000
0.000000
0.000000
0.000000
0.000000
0.000000
0.000000
0.000000
0.000000
0.000000
0.000000
0.000000
0.000000
0.000000
0.000000
0.000000
0.000000
0.000000
0.000000
0.000000
0.000000
0.000000
0.000000
0.000000
0.000000
0.000000
0.000000
0.000000
0.000000
0.000000
0.000000
0.000000
0.000000
0.000000
0.000000
0.000000
0.000000
0.000000
0.000000
0.000000
0.000000
0.000000
0.000000
0.000000
0.000000
0.000000
0.000000
0.000000
0.000000
0.000000
0.000000
0.000000
0.000000
0.000000
0.000000
0.000000
0.000000
0.000000
0.000000
0.000000
0.000000
0.000000
0.000000
0.000000
0.000000
0.000000
0.000000
0.000000
0.000000
0.000000
0.000000
0.000000
0.000000
0.000000
0.000000
0.000000
0.000000
0.000000
0.000000
0.000000
0.000000
0.000000
0.000000
0.000000
0.000000
0.000000
0.000000
0.000000
0.000000
0.000000
0.000000
0.000000
0.000000
0.000000
0.000000
0.000000
0.000000
0.000000
0.000000
0.000000
0.000000
0.000000
0.000000
0.000000
0.000000
0.000000
0.000000
0.000000
0.000000
0.000000
0.000000
0.000000
0.000000
0.000000
0.000000
0.000000
0.000000
0.000000
0.000000
0.000000
0.000000
0.000000
0.000000
0.000000
0.000000
0.000000
0.000000
0.000000
0.000000
0.000000
0.000000
0.000000
0.000000
0.000000
0.000000
0.000000
0.000000
0.000000
0.000000
0.000000
0.000000
0.000000
0.000000
0.000000
0.000000
0.000000
0.000000
0.000000
0.000000
0.000000
0.000000
0.000000
0.000000
0.000000
0.000000
0.000000
0.000000
0.000000
0.000000
0.000000
0.000000
