0.000000
0.000000
0.000000
0.000000
0.084488
2.781008
3.828057
4.422211
17.668119
33.882103
52.610760
86.376048
125.016688
166.575971
231.592036
347.034696
476.710957
688.239027
903.033656
1232.207310
1624.216847
2050.582610
2673.505909
3403.535057
4136.347052
5158.116153
6176.082398
7378.193705
8771.990481
10261.107238
11939.204421
13744.456064
15731.016003
17652.794170
19694.486352
22036.203798
24334.804680
26901.975702
29177.751551
31750.099524
34226.580979
36833.332329
39471.225628
41861.546587
44731.355605
47355.045951
49865.514127
52471.437015
54793.815815
57072.976203
59653.969614
62019.574032
64571.819007
66934.168415
69363.801382
71349.064008
73562.310609
75494.249831
77613.550282
79454.139012
81049.659690
82528.211415
84297.992523
85469.512583
86640.427288
87951.233944
89011.460541
89698.776792
90541.251427
91373.899627
92132.782241
92816.312580
93519.041966
93992.689825
94422.574879
94882.857449
95287.055785
95555.322491
95702.191639
95798.532236
95970.276429
95815.084754
95516.383518
95486.842204
95196.207355
95030.353505
94582.756077
94121.186299
93583.421125
93044.265618
92439.369831
92026.561844
91650.384369
91037.172906
90392.823046
89480.469728
88709.464468
88213.395519
87518.747609
86918.377683
86193.891552
85348.945906
84662.754654
83960.695922
83095.509828
82007.083578
81374.750124
80769.662866
79830.676389
79021.390992
78241.249181
77265.248777
76276.977416
75188.410727
74226.017331
73264.675968
72288.990112
71323.352432
70280.660265
69208.108979
68423.740922
67747.349250
66759.929556
65790.061271
64868.532560
64006.411447
62963.059171
61921.199486
60832.074839
59871.254826
58842.522162
57945.473326
57019.105129
55991.305121
55054.867109
54128.003932
53149.603464
52222.623174
51473.880995
50506.679231
49643.921506
48826.918327
48002.989509
47088.761604
46197.696163
45377.979392
44501.084767
43816.368607
43013.134447
42277.498267
41526.689092
40806.092144
40195.638816
39492.016209
38740.640640
37876.640930
37202.423895
36490.829946
35764.212545
34916.130233
34273.177665
33480.931532
32785.859981
32184.835466
31524.233155
30821.450194
30217.101471
29623.216257
29021.111285
28379.687122
27759.926413
27224.189250
26622.064982
26054.556902
25433.999296
24842.489123
24225.424031
23659.550712
23078.700575
22511.940132
21941.404889
21422.127925
20870.266756
20390.905510
19857.169523
19333.174564
18902.459032
18464.889874
17974.070891
17465.969809
16999.124713
16494.382016
16092.335374
15670.858196
15280.937607
14821.430434
14413.037941
14101.589737
13718.868658
13354.271968
12978.610625
12640.722711
12259.277755
11936.724736
11645.244076
11304.172040
10985.943382
10661.429397
10346.464759
10074.884931
9752.482719
9427.236737
9119.935834
8882.695487
8593.828506
8350.752870
8110.680404
7880.444973
7638.451881
7404.499563
7169.549203
6945.195649
6760.567538
6535.070677
6286.027376
6137.977681
5952.455014
5787.751518
5613.632909
5443.898992
5251.302073
5072.759278
4953.119868
4812.185559
4645.887208
4480.579342
4368.031384
4219.656041
4055.061573
3923.890886
3770.012728
3619.886210
3493.428658
3393.627290
3256.284863
3148.596084
3011.511582
2921.448499
2835.853590
2745.213499
2664.424011
2557.276324
2461.053530
2370.426391
2309.758993
2244.367856
2163.588943
2094.678220
2010.088762
1916.075998
1837.861899
1771.874411
1701.733081
1651.910990
1603.792120
1538.357315
1483.110479
1404.059095
1349.407295
1286.948169
1231.690926
1177.987510
1145.289021
1117.142126
1079.330502
1041.202224
999.034259
970.308104
930.944566
875.768824
830.489783
787.941315
758.800303
729.398287
696.103889
662.419687
635.758341
601.925393
571.471236
551.577994
527.010906
494.631352
476.243957
453.870258
435.483095
402.381999
389.537807
373.345868
363.857246
341.916114
322.227963
307.656965
298.023035
276.402174
259.607795
253.440038
238.283614
224.297874
208.336522
199.210563
189.961559
180.341222
165.814929
155.965021
142.313698
132.163970
128.883283
122.963715
113.970820
106.402349
101.821483
94.659927
87.690399
80.284909
75.371320
77.043029
75.977346
73.945820
70.287184
64.968041
63.820673
57.747717
55.221805
51.738974
51.565039
50.260029
43.434143
39.881382
38.575418
34.754601
31.257340
28.754608
26.375537
24.854495
22.984223
22.015213
19.618837
18.526886
17.051759
16.516961
15.065304
15.739001
16.873703
16.244889
16.388410
15.343281
14.326742
12.632184
12.397866
10.735708
8.604971
7.907386
6.964717
7.578701
6.632599
5.568347
5.073229
5.275401
5.592871
5.678875
4.733226
5.016341
5.378178
4.121703
3.260384
3.820306
3.292243
2.986729
3.031415
2.722087
2.342749
2.410477
2.687486
2.245386
1.927971
2.176965
1.887856
1.818062
1.925206
2.266311
2.098976
2.166754
1.921913
1.493213
1.661778
1.388657
1.508234
1.466825
1.624922
1.619400
1.622343
1.716277
1.616928
1.276735
1.272562
1.426443
1.103298
0.857527
0.764968
0.763963
0.535198
0.459092
0.405414
0.269825
0.493869
0.247265
0.377359
0.389222
0.257041
0.313584
0.254481
0.250053
0.244105
0.293961
0.317478
0.424055
0.533894
0.266987
0.187125
0.102343
0.013409
0.000000
0.000000
0.000000
0.000000
0.000000
0.000000
0.000000
0.000000
0.000000
0.000000
0.000000
0.000000
0.000000
0.000000
0.000000
0.000000
0.000000
0.000000
0.000000
0.000000
0.000000
0.000000
0.000000
0.000000
0.000000
0.000000
0.000000
0.000000
0.000000
0.000000
0.000000
0.000000
0.000000
0.000000
0.000000
0.000000
0.000000
0.000000
0.000000
0.000000
0.000000
0.000000
0.000000
0.000000
0.000000
0.000000
0.000000
0.000000
0.000000
0.000000
0.000000
0.000000
0.000000
0.000000
0.000000
0.000000
0.000000
0.000000
0.000000
0.000000
0.000000
0.000000
0.000000
0.000000
0.000000
0.000000
0.000000
0.000000
0.000000
0.000000
0.000000
0.000000
0.000000
0.000000
0.000000
0.000000
0.000000
0.000000
0.000000
0.000000
0.000000
0.000000
0.000000
0.000000
0.000000
0.000000
0.000000
0.000000
0.000000
0.000000
0.000000
0.000000
0.000000
0.000000
0.000000
0.000000
0.000000
0.000000
0.000000
0.000000
0.000000
0.000000
0.000000
0.000000
0.000000
0.000000
0.000000
0.000000
0.000000
0.000000
0.000000
0.000000
0.000000
0.000000
0.000000
0.000000
0.000000
0.000000
0.000000
0.000000
0.000000
0.000000
0.000000
0.000000
0.000000
0.000000
0.000000
0.000000
0.000000
0.000000
0.000000
0.000000
0.000000
0.000000
0.000000
0.000000
0.000000
0.000000
0.000000
0.000000
0.000000
0.000000
0.000000
0.000000
0.000000
0.000000
0.000000
0.000000
0.000000
0.000000
0.000000
0.000000
0.000000
0.000000
0.000000
0.000000
0.000000
0.000000
0.000000
0.000000
0.000000
0.000000
0.000000
0.000000
0.000000
0.000000
0.000000
0.000000
0.000000
0.000000
0.000000
0.000000
0.000000
0.000000
0.000000
0.000000
0.000000
0.000000
0.000000
0.000000
0.000000
0.000000
0.000000
0.000000
0.000000
0.000000
0.000000
0.000000
0.000000
0.000000
0.000000
0.000000
0.000000
0.000000
0.000000
0.000000
0.000000
0.000000
0.000000
0.000000
0.000000
0.000000
0.000000
0.000000
0.000000
0.000000
0.000000
0.000000
0.000000
0.000000
0.000000
0.000000
0.000000
0.000000
0.000000
0.000000
0.000000
0.000000
0.000000
0.000000
0.000000
0.000000
0.000000
0.000000
0.000000
0.000000
0.000000
0.000000
0.000000
0.000000
0.000000
0.000000
0.000000
0.000000
0.000000
0.000000
0.000000
0.000000
0.000000
0.000000
0.000000
0.000000
0.000000
0.000000
0.000000
0.000000
0.000000
0.000000
0.000000
0.000000
0.000000
0.000000
0.000000
0.000000
0.000000
0.000000
0.000000
0.000000
0.000000
0.000000
0.000000
0.000000
0.000000
0.000000
0.000000
0.000000
0.000000
0.000000
0.000000
0.000000
0.000000
0.000000
0.000000
0.000000
0.000000
0.000000
0.000000
0.000000
0.000000
0.000000
0.000000
0.000000
0.000000
0.000000
0.000000
0.000000
0.000000
0.000000
0.000000
0.000000
0.000000
0.000000
0.000000
0.000000
0.000000
0.000000
0.000000
0.000000
0.000000
0.000000
0.000000
0.000000
0.000000
0.000000
0.000000
0.000000
0.000000
0.000000
0.000000
0.000000
0.000000
0.000000
0.000000
0.000000
0.000000
0.000000
0.000000
0.000000
0.000000
0.000000
0.000000
0.000000
0.000000
0.000000
0.000000
0.000000
0.000000
0.000000
0.000000
0.000000
0.000000
0.000000
0.000000
0.000000
0.000000
0.000000
0.000000
0.000000
0.000000
0.000000
0.000000
0.000000
0.000000
0.000000
0.000000
0.000000
0.000000
0.000000
0.000000
0.000000
0.000000
0.000000
0.000000
0.000000
0.000000
0.000000
0.000000
0.000000
0.000000
0.000000
0.000000
0.000000
0.000000
0.000000
0.000000
0.000000
0.000000
0.000000
0.000000
0.000000
0.000000
0.000000
0.000000
0.000000
0.000000
0.000000
0.000000
0.000000
0.000000
0.000000
0.000000
0.000000
0.000000
0.000000
0.000000
0.000000
0.000000
0.000000
0.000000
0.000000
0.000000
0.000000
0.000000
0.000000
0.000000
0.000000
0.000000
0.000000
0.000000
0.000000
0.000000
0.000000
0.000000
0.000000
0.000000
0.000000
0.000000
0.000000
0.000000
0.000000
0.000000
0.000000
0.000000
0.000000
0.000000
0.000000
0.000000
0.000000
0.000000
0.000000
0.000000
0.000000
0.000000
0.000000
0.000000
0.000000
0.000000
0.000000
0.000000
0.000000
0.000000
0.000000
0.000000
0.000000
0.000000
0.000000
0.000000
0.000000
0.000000
0.000000
0.000000
0.000000
0.000000
0.000000
0.000000
0.000000
0.000000
0.000000
0.000000
0.000000
0.000000
0.000000
0.000000
0.000000
0.000000
0.000000
0.000000
0.000000
0.000000
0.000000
0.000000
0.000000
0.000000
0.000000
0.000000
0.000000
0.000000
0.000000
0.000000
0.000000
0.000000
0.000000
0.000000
0.000000
0.000000
0.000000
0.000000
0.000000
0.000000
0.000000
0.000000
0.000000
0.000000
0.000000
0.000000
0.000000
0.000000
0.000000
0.000000
0.000000
0.000000
0.000000
0.000000
0.000000
0.000000
0.000000
0.000000
0.000000
0.000000
0.000000
0.000000
0.000000
0.000000
0.000000
0.000000
0.000000
0.000000
0.000000
0.000000
0.000000
0.000000
0.000000
0.000000
0.000000
0.000000
0.000000
0.000000
0.000000
0.000000
0.000000
0.000000
0.000000
0.000000
0.000000
0.000000
0.000000
0.000000
0.000000
0.000000
0.000000
0.000000
0.000000
0.000000
0.000000
0.000000
0.000000
0.000000
0.000000
0.000000
0.000000
0.000000
0.000000
0.000000
0.000000
0.000000
0.000000
0.000000
0.000000
0.000000
0.000000
0.000000
0.000000
0.000000
0.000000
0.000000
0.000000
0.000000
0.000000
0.000000
0.000000
0.000000
0.000000
0.000000
0.000000
0.000000
0.000000
0.000000
0.000000
0.000000
0.000000
