0.000000
0.000000
0.000000
0.000000
0.001315
0.093911
1.117636
4.282237
9.857378
22.804798
47.386462
92.497735
167.590665
281.208797
475.891017
768.610114
1154.611140
1674.108459
2313.829496
3137.807212
4210.493596
5427.559859
6916.806476
8614.336333
10596.686883
12837.137977
15209.333968
17853.336072
20654.662476
23673.899192
26810.709594
30039.701775
33414.425802
36783.435391
40213.664319
43632.202617
46973.690725
50410.518302
53847.821620
57160.881521
60283.651596
63280.836470
66141.157134
68749.037155
71367.004796
73905.321530
76233.892341
78401.384231
80362.430635
82146.902153
83762.039559
85330.426324
86697.639379
87902.264347
89000.734577
90020.047779
90898.202384
91742.664825
92418.721539
93030.736208
93410.261173
93631.890397
93794.856017
93933.767972
93941.145459
93762.513165
93527.365102
93278.513074
93044.441561
92791.962960
92401.994779
92014.606126
91603.874805
91137.772544
90624.470851
90086.310280
89508.092887
88858.340810
88174.128661
87486.406482
86860.692201
86148.387560
85379.632461
84558.207105
83792.255606
83066.800796
82341.471421
81536.681955
80772.669588
79969.500079
79167.324355
78362.429716
77595.954662
76815.458766
76026.040926
75159.239633
74355.828027
73560.409504
72759.904339
71997.612918
71272.310202
70523.992109
69721.203224
68932.176121
68107.850681
67317.781785
66572.764254
65804.229174
65049.470682
64376.397860
63650.994654
62904.546359
62212.083563
61561.491822
60927.192771
60187.891117
59463.466621
58883.618019
58205.671358
57545.867728
56883.814096
56235.052447
55644.540617
54991.811148
54367.307192
53678.080444
53051.154878
52393.256439
51744.050452
51129.336829
50448.186733
49837.821354
49189.517925
48497.871693
47876.395472
47244.496255
46613.450848
46000.663456
45399.745526
44792.340027
44195.135275
43579.453814
42941.674650
42343.897547
41756.039630
41127.038713
40525.076626
39935.829644
39347.390456
38739.586663
38172.874953
37586.786877
37021.453297
36438.134138
35858.867586
35304.745057
34750.244887
34245.523115
33720.046489
33168.591001
32624.039890
32106.007202
31551.409045
31005.840569
30489.850229
29948.927882
29408.290574
28865.765252
28319.771051
27816.144465
27269.779323
26771.866348
26276.290151
25788.597673
25323.556262
24800.974415
24331.763835
23840.616741
23368.276103
22905.249543
22453.301888
21999.621052
21524.907602
21087.118121
20645.957372
20180.308860
19732.393942
19308.917247
18887.648196
18460.201233
18042.177413
17646.084842
17246.297114
16831.185048
16434.461513
16049.781503
15642.350445
15249.988051
14849.188705
14462.868619
14100.289350
13717.908206
13346.762538
12990.325359
12631.887639
12291.377561
11945.266045
11610.465506
11292.481833
10969.023624
10624.956235
10302.439366
9984.632647
9684.576206
9392.467763
9113.691422
8819.429788
8557.153797
8277.383648
8016.362005
7759.225470
7527.085585
7286.949962
7057.245262
6825.637639
6597.053212
6376.182024
6152.724476
5949.370769
5754.600672
5555.573733
5374.347405
5183.953950
5011.359651
4824.766189
4646.796452
4476.017441
4301.494552
4135.807212
3981.311194
3822.760375
3672.560941
3524.771622
3378.541912
3252.513432
3115.955969
2992.326314
2874.170249
2756.372997
2644.953327
2535.457116
2433.446702
2332.407833
2222.128987
2125.274716
2031.576689
1942.100640
1857.781394
1766.473576
1682.651505
1602.234968
1520.498787
1445.438334
1381.910014
1318.663748
1258.095136
1200.822963
1137.713528
1081.893561
1026.330409
977.058335
924.943537
877.639005
830.726722
788.847255
750.503819
716.475773
681.555579
646.987872
612.599237
579.307509
549.103692
520.378887
492.677488
465.849657
443.944345
421.189705
394.499186
372.673109
354.229114
334.470220
314.008027
295.510119
279.079714
262.840262
250.972029
237.384138
221.753323
208.447023
194.589488
182.236621
170.506388
160.173694
150.502498
141.205602
131.481227
124.307119
116.709790
107.716739
100.331002
92.641293
85.870591
79.841302
75.412104
70.973552
67.379393
62.676189
58.121954
53.647004
49.802200
46.412902
42.979544
39.082140
36.783717
34.373626
31.856373
29.997677
28.302353
26.063907
24.147549
22.432030
20.961827
19.498309
18.422464
16.851613
15.688920
14.698248
13.463077
12.189257
11.361056
10.707860
9.974968
9.153095
8.654638
8.184032
7.698488
7.156237
6.512970
5.766710
5.610986
5.361492
4.920469
4.637125
4.409871
3.872967
3.307666
3.041964
2.875937
2.521828
2.123766
1.865298
1.648156
1.604323
1.350774
1.239513
1.218413
1.094118
0.945648
0.853868
0.694041
0.537898
0.495925
0.434342
0.396868
0.372588
0.321735
0.331058
0.325500
0.386989
0.302270
0.281968
0.351529
0.270440
0.263034
0.247919
0.180633
0.153231
0.068101
0.070477
0.089038
0.068591
0.036770
0.021669
0.030289
0.014346
0.009783
0.000532
0.000000
0.000000
0.000000
0.000000
0.000000
0.000000
0.000000
0.000000
0.000000
0.000000
0.000000
0.000000
0.000000
0.000000
0.000000
0.000000
0.000000
0.000000
0.000000
0.000000
0.000000
0.000000
0.000000
0.000000
0.000000
0.000000
0.000000
0.000000
0.000000
0.000000
0.000000
0.000000
0.000000
0.000000
0.000000
0.000000
0.000000
0.000000
0.000000
0.000000
0.000000
0.000000
0.000000
0.000000
0.000000
0.000000
0.000000
0.000000
0.000000
0.000000
0.000000
0.000000
0.000000
0.000000
0.000000
0.000000
0.000000
0.000000
0.000000
0.000000
0.000000
0.000000
0.000000
0.000000
0.000000
0.000000
0.000000
0.000000
0.000000
0.000000
0.000000
0.000000
0.000000
0.000000
0.000000
0.000000
0.000000
0.000000
0.000000
0.000000
0.000000
0.000000
0.000000
0.000000
0.000000
0.000000
0.000000
0.000000
0.000000
0.000000
0.000000
0.000000
0.000000
0.000000
0.000000
0.000000
0.000000
0.000000
0.000000
0.000000
0.000000
0.000000
0.000000
0.000000
0.000000
0.000000
0.000000
0.000000
0.000000
0.000000
0.000000
0.000000
0.000000
0.000000
0.000000
0.000000
0.000000
0.000000
0.000000
0.000000
0.000000
0.000000
0.000000
0.000000
0.000000
0.000000
0.000000
0.000000
0.000000
0.000000
0.000000
0.000000
0.000000
0.000000
0.000000
0.000000
0.000000
0.000000
0.000000
0.000000
0.000000
0.000000
0.000000
0.000000
0.000000
0.000000
0.000000
0.000000
0.000000
0.000000
0.000000
0.000000
0.000000
0.000000
0.000000
0.000000
0.000000
0.000000
0.000000
0.000000
0.000000
0.000000
0.000000
0.000000
0.000000
0.000000
0.000000
0.000000
0.000000
0.000000
0.000000
0.000000
0.000000
0.000000
0.000000
0.000000
0.000000
0.000000
0.000000
0.000000
0.000000
0.000000
0.000000
0.000000
0.000000
0.000000
0.000000
0.000000
0.000000
0.000000
0.000000
0.000000
0.000000
0.000000
0.000000
0.000000
0.000000
0.000000
0.000000
0.000000
0.000000
0.000000
0.000000
0.000000
0.000000
0.000000
0.000000
0.000000
0.000000
0.000000
0.000000
0.000000
0.000000
0.000000
0.000000
0.000000
0.000000
0.000000
0.000000
0.000000
0.000000
0.000000
0.000000
0.000000
0.000000
0.000000
0.000000
0.000000
0.000000
0.000000
0.000000
0.000000
0.000000
0.000000
0.000000
0.000000
0.000000
0.000000
0.000000
0.000000
0.000000
0.000000
0.000000
0.000000
0.000000
0.000000
0.000000
0.000000
0.000000
0.000000
0.000000
0.000000
0.000000
0.000000
0.000000
0.000000
0.000000
0.000000
0.000000
0.000000
0.000000
0.000000
0.000000
0.000000
0.000000
0.000000
0.000000
0.000000
0.000000
0.000000
0.000000
0.000000
0.000000
0.000000
0.000000
0.000000
0.000000
0.000000
0.000000
0.000000
0.000000
0.000000
0.000000
0.000000
0.000000
0.000000
0.000000
0.000000
0.000000
0.000000
0.000000
0.000000
0.000000
0.000000
0.000000
0.000000
0.000000
0.000000
0.000000
0.000000
0.000000
0.000000
0.000000
0.000000
0.000000
0.000000
0.000000
0.000000
0.000000
0.000000
0.000000
0.000000
0.000000
0.000000
0.000000
0.000000
0.000000
0.000000
0.000000
0.000000
0.000000
0.000000
0.000000
0.000000
0.000000
0.000000
0.000000
0.000000
0.000000
0.000000
0.000000
0.000000
0.000000
0.000000
0.000000
0.000000
0.000000
0.000000
0.000000
0.000000
0.000000
0.000000
0.000000
0.000000
0.000000
0.000000
0.000000
0.000000
0.000000
0.000000
0.000000
0.000000
0.000000
0.000000
0.000000
0.000000
0.000000
0.000000
0.000000
0.000000
0.000000
0.000000
0.000000
0.000000
0.000000
0.000000
0.000000
0.000000
0.000000
0.000000
0.000000
0.000000
0.000000
0.000000
0.000000
0.000000
0.000000
0.000000
0.000000
0.000000
0.000000
0.000000
0.000000
0.000000
0.000000
0.000000
0.000000
0.000000
0.000000
0.000000
0.000000
0.000000
0.000000
0.000000
0.000000
0.000000
0.000000
0.000000
0.000000
0.000000
0.000000
0.000000
0.000000
0.000000
0.000000
0.000000
0.000000
0.000000
0.000000
0.000000
0.000000
0.000000
0.000000
0.000000
0.000000
0.000000
0.000000
0.000000
0.000000
0.000000
0.000000
0.000000
0.000000
0.000000
0.000000
0.000000
0.000000
0.000000
0.000000
0.000000
0.000000
0.000000
0.000000
0.000000
0.000000
0.000000
0.000000
0.000000
0.000000
0.000000
0.000000
0.000000
0.000000
0.000000
0.000000
0.000000
0.000000
0.000000
0.000000
0.000000
0.000000
0.000000
0.000000
0.000000
0.000000
0.000000
0.000000
0.000000
0.000000
0.000000
0.000000
0.000000
0.000000
0.000000
0.000000
0.000000
0.000000
0.000000
0.000000
0.000000
0.000000
0.000000
0.000000
0.000000
0.000000
0.000000
0.000000
0.000000
0.000000
0.000000
0.000000
0.000000
0.000000
0.000000
0.000000
0.000000
0.000000
0.000000
0.000000
0.000000
0.000000
0.000000
0.000000
0.000000
0.000000
0.000000
0.000000
0.000000
0.000000
0.000000
0.000000
0.000000
0.000000
0.000000
0.000000
0.000000
0.000000
0.000000
0.000000
0.000000
0.000000
0.000000
0.000000
0.000000
0.000000
0.000000
0.000000
0.000000
0.000000
0.000000
0.000000
0.000000
0.000000
0.000000
0.000000
0.000000
0.000000
0.000000
0.000000
0.000000
0.000000
0.000000
0.000000
0.000000
0.000000
0.000000
0.000000
0.000000
0.000000
0.000000
0.000000
0.000000
0.000000
0.000000
0.000000
0.000000
0.000000
0.000000
0.000000
0.000000
0.000000
0.000000
0.000000
0.000000
0.000000
0.000000
0.000000
0.000000
0.000000
0.000000
0.000000
0.000000
0.000000
0.000000
0.000000
0.000000
0.000000
0.000000
0.000000
0.000000
0.000000
0.000000
0.000000
0.000000
0.000000
0.000000
0.000000
0.000000
0.000000
0.000000
0.000000
0.000000
0.000000
0.000000
0.000000
0.000000
0.000000
0.000000
0.000000
0.000000
0.000000
0.000000
0.000000
0.000000
0.000000
0.000000
0.000000
0.000000
0.000000
0.000000
0.000000
0.000000
0.000000
0.000000
