0.000000
0.000000
0.000000
0.000000
0.000000
0.000000
0.000000
0.000000
0.723927
4.953029
17.189692
22.683920
44.832366
56.656631
98.821494
133.039609
215.239329
315.366840
429.893740
560.195998
790.297763
1067.716212
1375.804564
1806.351737
2258.323067
2874.629631
3497.854641
4297.596450
5117.686530
6165.161582
7306.371311
8647.634726
10070.713263
11567.137064
13175.338941
14908.998426
16910.672186
18904.483276
21047.538237
23402.826435
25719.914105
28176.838522
30530.193304
33037.182233
35776.783441
38425.753538
40972.651759
43521.141473
46256.320129
49266.642833
51983.036004
54482.149621
57441.625929
59932.426161
62815.229240
65485.452959
68284.791748
70638.754349
73345.380498
75564.256824
77628.914765
79808.051672
81792.229822
83643.062495
85730.048775
87629.126032
89123.958445
90733.310134
92096.932795
93546.001468
94711.469176
96091.933830
97487.784297
98479.145097
99408.161128
100360.558380
101246.667788
101564.159442
101997.302364
102583.389661
102868.146217
103004.065840
103219.408448
103111.592869
103170.395368
103033.956178
103088.573797
102752.579096
102652.845254
102368.512104
101983.276358
101744.765527
101338.653294
100857.674008
100299.964494
99581.387978
99133.819941
98428.592584
97832.832036
97095.637991
96295.039536
95321.046046
94294.402403
93302.321478
92189.027811
91238.852113
90388.513280
89244.464719
88208.842186
87211.030305
86127.216969
84986.104118
84050.290801
82873.908249
81824.107194
80673.091110
79537.429355
78418.543007
77274.105948
76072.640971
75139.405487
74071.794037
72653.227638
71640.881230
70311.634547
69063.361002
67795.337708
66637.385396
65503.052266
64511.390652
63155.225180
61917.565630
60824.187821
59529.100049
58295.794020
57179.567127
55945.765778
54640.362985
53516.168797
52354.741673
51238.578534
50104.607278
49067.908369
48015.521374
46833.061055
45793.244566
44765.277598
43798.437375
42767.509223
41820.831884
40895.470691
40103.616332
39098.915321
38267.581488
37416.175914
36485.775867
35782.892099
34849.418234
34005.669666
33108.949513
32418.998470
31595.800762
30857.874535
30119.932551
29428.041530
28745.898352
27956.460831
27276.268432
26556.855741
25786.504019
25108.572209
24474.603283
23829.924660
23303.395051
22646.776577
22032.696660
21359.306009
20752.764759
20202.135064
19633.476603
19175.626338
18584.291518
18094.264170
17579.876815
17058.862119
16531.307981
16018.316831
15557.359534
15074.115280
14670.266512
14219.858201
13754.613464
13299.808845
12883.811220
12505.675260
12141.536221
11810.238719
11411.754450
11052.166486
10694.342020
10335.034969
10033.096984
9706.240721
9460.260621
9191.571424
8895.160004
8641.320515
8344.908875
8097.603019
7833.265138
7554.960996
7338.570258
7109.718035
6844.069782
6590.457097
6352.696555
6134.657040
5923.502774
5729.083140
5542.250044
5392.838326
5151.018256
4965.517120
4766.196278
4614.090383
4432.766183
4248.155036
4082.110031
3927.759875
3800.432784
3616.617757
3435.716399
3276.271772
3148.122699
3015.267021
2898.099592
2778.654731
2659.114353
2552.791015
2472.013587
2373.637829
2272.209056
2169.906365
2061.321216
1950.162961
1882.272011
1811.745113
1737.297932
1648.774629
1568.705920
1505.585458
1446.148813
1399.515482
1352.617977
1301.742225
1248.260993
1189.004136
1137.670415
1092.040722
1046.778557
1004.655824
953.237329
915.938027
861.852500
804.388808
770.519635
724.287766
687.409582
654.195470
629.701657
612.540733
581.527709
556.307450
527.111978
504.541176
473.099613
444.353861
418.143781
403.645493
385.425027
376.172052
356.494996
335.211948
319.107859
303.055398
284.138359
270.604866
262.780670
253.058250
239.398020
226.436075
219.935829
203.113911
195.344228
187.121417
173.184371
166.679690
155.647600
146.369622
138.413641
136.510400
126.254509
120.947037
113.735484
110.762337
105.005390
98.514091
94.270568
87.985708
81.311766
73.362435
69.429020
66.531778
65.097427
61.522676
54.927640
52.338256
51.791625
50.654779
48.988760
45.697843
41.622025
39.077682
35.520026
35.930440
34.316879
35.406137
36.130557
34.738797
33.638181
34.035157
33.252540
32.637737
30.481459
27.358508
26.414634
24.914444
24.904124
22.680457
20.278378
18.579242
17.995271
16.111690
13.919599
13.330873
13.204798
11.508873
10.966995
11.353818
10.750730
10.269923
9.687019
8.813427
8.137316
7.796529
7.109416
6.887164
6.447882
5.401474
4.225089
4.113074
3.456448
2.653723
3.085445
2.781910
2.734026
2.301256
1.954597
2.132044
1.849830
1.466379
1.564719
0.760029
0.391641
0.660579
0.437129
0.245143
0.151643
0.197182
0.128323
0.191641
0.191558
0.126729
0.173425
0.331476
0.243518
0.292183
0.259793
0.041159
0.193478
0.272944
0.274164
0.140922
0.179807
0.109853
0.079742
0.129257
0.080860
0.012284
0.066810
0.107425
0.067785
0.121341
0.169133
0.089684
0.027836
0.022156
0.040836
0.000000
0.000000
0.000000
0.000000
0.000000
0.000000
0.000000
0.000000
0.000000
0.000000
0.000000
0.000000
0.000000
0.000000
0.000000
0.000000
0.000000
0.000000
0.000000
0.000000
0.000000
0.000000
0.000000
0.000000
0.000000
0.000000
0.000000
0.000000
0.000000
0.000000
0.000000
0.000000
0.000000
0.000000
0.000000
0.000000
0.000000
0.000000
0.000000
0.000000
0.000000
0.000000
0.000000
0.000000
0.000000
0.000000
0.000000
0.000000
0.000000
0.000000
0.000000
0.000000
0.000000
0.000000
0.000000
0.000000
0.000000
0.000000
0.000000
0.000000
0.000000
0.000000
0.000000
0.000000
0.000000
0.000000
0.000000
0.000000
0.000000
0.000000
0.000000
0.000000
0.000000
0.000000
0.000000
0.000000
0.000000
0.000000
0.000000
0.000000
0.000000
0.000000
0.000000
0.000000
0.000000
0.000000
0.000000
0.000000
0.000000
0.000000
0.000000
0.000000
0.000000
0.000000
0.000000
0.000000
0.000000
0.000000
0.000000
0.000000
0.000000
0.000000
0.000000
0.000000
0.000000
0.000000
0.000000
0.000000
0.000000
0.000000
0.000000
0.000000
0.000000
0.000000
0.000000
0.000000
0.000000
0.000000
0.000000
0.000000
0.000000
0.000000
0.000000
0.000000
0.000000
0.000000
0.000000
0.000000
0.000000
0.000000
0.000000
0.000000
0.000000
0.000000
0.000000
0.000000
0.000000
0.000000
0.000000
0.000000
0.000000
0.000000
0.000000
0.000000
0.000000
0.000000
0.000000
0.000000
0.000000
0.000000
0.000000
0.000000
0.000000
0.000000
0.000000
0.000000
0.000000
0.000000
0.000000
0.000000
0.000000
0.000000
0.000000
0.000000
0.000000
0.000000
0.000000
0.000000
0.000000
0.000000
0.000000
0.000000
0.000000
0.000000
0.000000
0.000000
0.000000
0.000000
0.000000
0.000000
0.000000
0.000000
0.000000
0.000000
0.000000
0.000000
0.000000
0.000000
0.000000
0.000000
0.000000
0.000000
0.000000
0.000000
0.000000
0.000000
0.000000
0.000000
0.000000
0.000000
0.000000
0.000000
0.000000
0.000000
0.000000
0.000000
0.000000
0.000000
0.000000
0.000000
0.000000
0.000000
0.000000
0.000000
0.000000
0.000000
0.000000
0.000000
0.000000
0.000000
0.000000
0.000000
0.000000
0.000000
0.000000
0.000000
0.000000
0.000000
0.000000
0.000000
0.000000
0.000000
0.000000
0.000000
0.000000
0.000000
0.000000
0.000000
0.000000
0.000000
0.000000
0.000000
0.000000
0.000000
0.000000
0.000000
0.000000
0.000000
0.000000
0.000000
0.000000
0.000000
0.000000
0.000000
0.000000
0.000000
0.000000
0.000000
0.000000
0.000000
0.000000
0.000000
0.000000
0.000000
0.000000
0.000000
0.000000
0.000000
0.000000
0.000000
0.000000
0.000000
0.000000
0.000000
0.000000
0.000000
0.000000
0.000000
0.000000
0.000000
0.000000
0.000000
0.000000
0.000000
0.000000
0.000000
0.000000
0.000000
0.000000
0.000000
0.000000
0.000000
0.000000
0.000000
0.000000
0.000000
0.000000
0.000000
0.000000
0.000000
0.000000
0.000000
0.000000
0.000000
0.000000
0.000000
0.000000
0.000000
0.000000
0.000000
0.000000
0.000000
0.000000
0.000000
0.000000
0.000000
0.000000
0.000000
0.000000
0.000000
0.000000
0.000000
0.000000
0.000000
0.000000
0.000000
0.000000
0.000000
0.000000
0.000000
0.000000
0.000000
0.000000
0.000000
0.000000
0.000000
0.000000
0.000000
0.000000
0.000000
0.000000
0.000000
0.000000
0.000000
0.000000
0.000000
0.000000
0.000000
0.000000
0.000000
0.000000
0.000000
0.000000
0.000000
0.000000
0.000000
0.000000
0.000000
0.000000
0.000000
0.000000
0.000000
0.000000
0.000000
0.000000
0.000000
0.000000
0.000000
0.000000
0.000000
0.000000
0.000000
0.000000
0.000000
0.000000
0.000000
0.000000
0.000000
0.000000
0.000000
0.000000
0.000000
0.000000
0.000000
0.000000
0.000000
0.000000
0.000000
0.000000
0.000000
0.000000
0.000000
0.000000
0.000000
0.000000
0.000000
0.000000
0.000000
0.000000
0.000000
0.000000
0.000000
0.000000
0.000000
0.000000
0.000000
0.000000
0.000000
0.000000
0.000000
0.000000
0.000000
0.000000
0.000000
0.000000
0.000000
0.000000
0.000000
0.000000
0.000000
0.000000
0.000000
0.000000
0.000000
0.000000
0.000000
0.000000
0.000000
0.000000
0.000000
0.000000
0.000000
0.000000
0.000000
0.000000
0.000000
0.000000
0.000000
0.000000
0.000000
0.000000
0.000000
0.000000
0.000000
0.000000
0.000000
0.000000
0.000000
0.000000
0.000000
0.000000
0.000000
0.000000
0.000000
0.000000
0.000000
0.000000
0.000000
0.000000
0.000000
0.000000
0.000000
0.000000
0.000000
0.000000
0.000000
0.000000
0.000000
0.000000
0.000000
0.000000
0.000000
0.000000
0.000000
0.000000
0.000000
0.000000
0.000000
0.000000
0.000000
0.000000
0.000000
0.000000
0.000000
0.000000
0.000000
0.000000
0.000000
0.000000
0.000000
0.000000
0.000000
0.000000
0.000000
0.000000
0.000000
0.000000
0.000000
0.000000
0.000000
0.000000
0.000000
0.000000
0.000000
0.000000
0.000000
0.000000
0.000000
0.000000
0.000000
0.000000
0.000000
0.000000
0.000000
0.000000
0.000000
0.000000
0.000000
0.000000
0.000000
0.000000
0.000000
0.000000
0.000000
0.000000
0.000000
0.000000
0.000000
0.000000
0.000000
0.000000
0.000000
0.000000
0.000000
0.000000
0.000000
0.000000
0.000000
0.000000
0.000000
0.000000
0.000000
0.000000
0.000000
0.000000
0.000000
0.000000
0.000000
0.000000
0.000000
0.000000
0.000000
0.000000
0.000000
0.000000
0.000000
0.000000
0.000000
0.000000
0.000000
0.000000
0.000000
0.000000
0.000000
0.000000
0.000000
0.000000
0.000000
0.000000
0.000000
0.000000
0.000000
0.000000
0.000000
0.000000
0.000000
0.000000
0.000000
0.000000
0.000000
0.000000
0.000000
0.000000
0.000000
0.000000
0.000000
0.000000
0.000000
0.000000
0.000000
0.000000
0.000000
0.000000
