0.000000
0.000000
0.000000
0.000000
0.000000
0.939420
1.235976
3.828585
7.294125
11.683443
14.567377
18.271763
32.335193
65.470900
111.840836
151.745465
255.816204
339.769766
499.401500
693.642905
935.686071
1288.379210
1691.950064
2256.784440
2898.270947
3557.717550
4454.604407
5312.592667
6258.731562
7425.179689
8783.725054
10096.333607
11744.861817
13426.281190
15268.422562
17263.526091
19310.933506
21516.971538
23830.108060
26359.009494
28737.939809
31336.882203
34057.211997
36637.263935
39390.473287
42023.329344
44551.684597
47105.736619
49957.725711
52707.050379
55600.909057
58146.723997
60404.412184
62903.771331
65224.371348
67623.013736
69792.250300
72124.469138
74074.338474
76216.663056
78435.531856
80511.552066
82229.721315
84367.456620
85963.633741
87670.736512
89261.201964
90436.506536
91574.808208
92896.242310
94403.894547
95392.199315
96585.069933
97276.662999
98083.788267
98792.444717
99588.223794
99931.048947
100267.168478
100737.232588
101301.749723
101391.384386
101648.968178
101688.885899
101609.992523
101489.368628
101528.291532
101305.293756
101164.465475
100636.385971
100294.558969
99875.579315
99469.326937
98790.658454
98061.163160
97219.018523
96339.688101
95728.061260
94970.914902
93956.156111
92846.477829
92094.907578
91109.176930
90151.395869
89077.586934
88066.713809
87124.811981
85994.742280
85007.694963
84050.382942
83074.945039
82175.084182
81206.646394
79984.020647
78856.360015
77730.030229
76539.382033
75253.951700
74176.535543
73004.092931
71861.458923
70920.135885
69761.381308
68630.949570
67491.798966
66501.707830
65534.232753
64539.973084
63460.420465
62358.464030
61316.387071
60286.107071
59210.274357
58227.993987
57214.477229
56087.946108
55086.803899
54025.097092
53065.520465
52129.591017
51378.660758
50282.257596
49225.623692
48226.492606
47126.454272
46057.182475
45169.041980
44198.698324
43314.154757
42375.116759
41396.977979
40701.016878
39841.424562
38961.820728
38160.912263
37400.682224
36481.510863
35621.666975
34787.184524
33902.069945
33122.557598
32378.786661
31595.948996
30837.989123
30111.810243
29511.264721
28859.087312
28131.085516
27454.026086
26748.893594
26010.836396
25255.241869
24636.753360
23945.567990
23217.592669
22617.340905
22034.050938
21414.952566
20839.273261
20335.154782
19755.715022
19239.816781
18673.534963
18136.918049
17659.931832
17233.308311
16765.275928
16298.682979
15784.885992
15375.912292
15019.268873
14579.075659
14153.644062
13735.967797
13373.763043
12976.334476
12557.638107
12170.892954
11744.873136
11372.705572
10998.988508
10662.816734
10382.822037
9979.407988
9640.439720
9334.980966
9009.425096
8747.997595
8494.606120
8181.364153
7908.410241
7647.371207
7351.420037
7095.497008
6871.634751
6628.281311
6398.392253
6184.041823
5939.330725
5768.982563
5543.134981
5325.776830
5149.407172
4972.398732
4779.193954
4624.798855
4442.448497
4335.059879
4179.905177
4040.871137
3917.789327
3817.022554
3689.567807
3539.511857
3401.431915
3291.957367
3141.473610
3016.500520
2893.590883
2778.615679
2667.723311
2559.265504
2485.526592
2404.379436
2321.314476
2254.077123
2180.749971
2103.799344
2001.043805
1908.652401
1817.510258
1723.333746
1643.911664
1573.954989
1524.585435
1471.898481
1404.259719
1340.681197
1291.648572
1242.443278
1190.602026
1127.546211
1069.833810
1018.319528
988.517770
937.302013
901.124508
871.031720
830.391682
806.635153
768.957106
720.111143
683.990252
649.993743
624.265164
596.393726
559.458639
535.812104
512.215551
499.107648
473.056755
444.645597
425.957157
409.617984
390.043825
367.750242
347.415999
326.609801
305.327044
290.103960
277.474387
263.725804
250.297147
242.037854
233.668431
224.255929
209.899174
199.406574
189.846497
183.653988
177.003511
171.042314
161.245835
149.859122
140.074369
133.212800
122.411902
117.471076
107.937291
104.610434
102.313146
98.868962
96.319178
89.529419
82.319105
76.884608
74.073864
69.331896
69.683117
65.659380
58.022633
56.238591
53.543610
53.245305
52.700258
48.921455
45.469843
42.484452
38.982097
35.796161
34.341798
32.170209
30.584961
26.947247
25.770749
24.854031
21.547175
18.595575
17.818268
15.514293
12.532201
10.899834
9.955871
8.313810
7.075595
5.494471
5.444099
4.916516
4.569496
3.408560
3.700477
3.612842
3.828406
2.528309
3.039882
3.212861
3.454052
4.168099
4.246379
3.900501
3.758886
4.433058
3.817650
3.395112
3.220961
3.915917
3.885919
4.057768
4.181175
3.307327
3.641793
3.639185
3.307178
2.658820
2.186100
2.007659
1.464101
1.130639
0.730388
0.846791
0.623891
0.690052
0.788237
0.868783
1.128436
1.124597
0.854991
0.610230
0.641107
0.541575
0.415848
0.359975
0.507881
0.729149
0.983663
0.686332
0.292173
0.307417
0.231544
0.135754
0.122521
0.154396
0.626568
0.574937
0.696325
0.681156
0.787826
0.519182
0.725499
0.456654
0.368711
0.384649
0.233899
0.274493
0.519563
0.477867
0.679373
0.689982
0.607601
0.615495
0.685848
0.492380
0.397088
0.280681
0.115462
0.026439
0.025875
0.000000
0.000000
0.000000
0.000000
0.000000
0.000000
0.000000
0.000000
0.000000
0.000000
0.000000
0.000000
0.000000
0.000000
0.000000
0.000000
0.000000
0.000000
0.000000
0.000000
0.000000
0.000000
0.000000
0.000000
0.000000
0.000000
0.000000
0.000000
0.000000
0.000000
0.000000
0.000000
0.000000
0.000000
0.000000
0.000000
0.000000
0.000000
0.000000
0.000000
0.000000
0.000000
0.000000
0.000000
0.000000
0.000000
0.000000
0.000000
0.000000
0.000000
0.000000
0.000000
0.000000
0.000000
0.000000
0.000000
0.000000
0.000000
0.000000
0.000000
0.000000
0.000000
0.000000
0.000000
0.000000
0.000000
0.000000
0.000000
0.000000
0.000000
0.000000
0.000000
0.000000
0.000000
0.000000
0.000000
0.000000
0.000000
0.000000
0.000000
0.000000
0.000000
0.000000
0.000000
0.000000
0.000000
0.000000
0.000000
0.000000
0.000000
0.000000
0.000000
0.000000
0.000000
0.000000
0.000000
0.000000
0.000000
0.000000
0.000000
0.000000
0.000000
0.000000
0.000000
0.000000
0.000000
0.000000
0.000000
0.000000
0.000000
0.000000
0.000000
0.000000
0.000000
0.000000
0.000000
0.000000
0.000000
0.000000
0.000000
0.000000
0.000000
0.000000
0.000000
0.000000
0.000000
0.000000
0.000000
0.000000
0.000000
0.000000
0.000000
0.000000
0.000000
0.000000
0.000000
0.000000
0.000000
0.000000
0.000000
0.000000
0.000000
0.000000
0.000000
0.000000
0.000000
0.000000
0.000000
0.000000
0.000000
0.000000
0.000000
0.000000
0.000000
0.000000
0.000000
0.000000
0.000000
0.000000
0.000000
0.000000
0.000000
0.000000
0.000000
0.000000
0.000000
0.000000
0.000000
0.000000
0.000000
0.000000
0.000000
0.000000
0.000000
0.000000
0.000000
0.000000
0.000000
0.000000
0.000000
0.000000
0.000000
0.000000
0.000000
0.000000
0.000000
0.000000
0.000000
0.000000
0.000000
0.000000
0.000000
0.000000
0.000000
0.000000
0.000000
0.000000
0.000000
0.000000
0.000000
0.000000
0.000000
0.000000
0.000000
0.000000
0.000000
0.000000
0.000000
0.000000
0.000000
0.000000
0.000000
0.000000
0.000000
0.000000
0.000000
0.000000
0.000000
0.000000
0.000000
0.000000
0.000000
0.000000
0.000000
0.000000
0.000000
0.000000
0.000000
0.000000
0.000000
0.000000
0.000000
0.000000
0.000000
0.000000
0.000000
0.000000
0.000000
0.000000
0.000000
0.000000
0.000000
0.000000
0.000000
0.000000
0.000000
0.000000
0.000000
0.000000
0.000000
0.000000
0.000000
0.000000
0.000000
0.000000
0.000000
0.000000
0.000000
0.000000
0.000000
0.000000
0.000000
0.000000
0.000000
0.000000
0.000000
0.000000
0.000000
0.000000
0.000000
0.000000
0.000000
0.000000
0.000000
0.000000
0.000000
0.000000
0.000000
0.000000
0.000000
0.000000
0.000000
0.000000
0.000000
0.000000
0.000000
0.000000
0.000000
0.000000
0.000000
0.000000
0.000000
0.000000
0.000000
0.000000
0.000000
0.000000
0.000000
0.000000
0.000000
0.000000
0.000000
0.000000
0.000000
0.000000
0.000000
0.000000
0.000000
0.000000
0.000000
0.000000
0.000000
0.000000
0.000000
0.000000
0.000000
0.000000
0.000000
0.000000
0.000000
0.000000
0.000000
0.000000
0.000000
0.000000
0.000000
0.000000
0.000000
0.000000
0.000000
0.000000
0.000000
0.000000
0.000000
0.000000
0.000000
0.000000
0.000000
0.000000
0.000000
0.000000
0.000000
0.000000
0.000000
0.000000
0.000000
0.000000
0.000000
0.000000
0.000000
0.000000
0.000000
0.000000
0.000000
0.000000
0.000000
0.000000
0.000000
0.000000
0.000000
0.000000
0.000000
0.000000
0.000000
0.000000
0.000000
0.000000
0.000000
0.000000
0.000000
0.000000
0.000000
0.000000
0.000000
0.000000
0.000000
0.000000
0.000000
0.000000
0.000000
0.000000
0.000000
0.000000
0.000000
0.000000
0.000000
0.000000
0.000000
0.000000
0.000000
0.000000
0.000000
0.000000
0.000000
0.000000
0.000000
0.000000
0.000000
0.000000
0.000000
0.000000
0.000000
0.000000
0.000000
0.000000
0.000000
0.000000
0.000000
0.000000
0.000000
0.000000
0.000000
0.000000
0.000000
0.000000
0.000000
0.000000
0.000000
0.000000
0.000000
0.000000
0.000000
0.000000
0.000000
0.000000
0.000000
0.000000
0.000000
0.000000
0.000000
0.000000
0.000000
0.000000
0.000000
0.000000
0.000000
0.000000
0.000000
0.000000
0.000000
0.000000
0.000000
0.000000
0.000000
0.000000
0.000000
0.000000
0.000000
0.000000
0.000000
0.000000
0.000000
0.000000
0.000000
0.000000
0.000000
0.000000
0.000000
0.000000
0.000000
0.000000
0.000000
0.000000
0.000000
0.000000
0.000000
0.000000
0.000000
0.000000
0.000000
0.000000
0.000000
0.000000
0.000000
0.000000
0.000000
0.000000
0.000000
0.000000
0.000000
0.000000
0.000000
0.000000
0.000000
0.000000
0.000000
0.000000
0.000000
0.000000
0.000000
0.000000
0.000000
0.000000
0.000000
0.000000
0.000000
0.000000
0.000000
0.000000
0.000000
0.000000
0.000000
0.000000
0.000000
0.000000
0.000000
0.000000
0.000000
0.000000
0.000000
0.000000
0.000000
0.000000
0.000000
0.000000
0.000000
0.000000
0.000000
0.000000
0.000000
0.000000
0.000000
0.000000
0.000000
0.000000
0.000000
0.000000
0.000000
0.000000
0.000000
0.000000
0.000000
0.000000
0.000000
0.000000
0.000000
0.000000
0.000000
0.000000
0.000000
0.000000
0.000000
0.000000
0.000000
0.000000
0.000000
0.000000
0.000000
0.000000
0.000000
0.000000
0.000000
0.000000
0.000000
0.000000
0.000000
0.000000
0.000000
0.000000
0.000000
0.000000
0.000000
0.000000
0.000000
0.000000
0.000000
0.000000
0.000000
0.000000
0.000000
0.000000
0.000000
0.000000
0.000000
