0.000000
0.000000
0.000000
0.000000
0.000000
0.000000
1.263270
5.667847
9.921041
25.657718
50.320627
94.989077
181.057372
300.030087
429.165747
620.208304
863.344954
1201.981351
1696.206691
2232.108630
2948.333664
3828.300305
4874.506549
5973.120141
7355.166183
9002.030116
10805.491307
12718.434670
14823.445505
17035.674396
19387.257280
21814.177346
24428.528825
26843.020265
29654.622383
32477.169135
35428.456152
38303.178523
41083.257403
43624.795842
46369.288822
48872.096635
51727.416820
54586.006994
57273.926524
59844.504056
62674.098963
64864.076215
66922.134913
69038.801761
70763.947770
72796.122999
74494.344284
76285.192863
77826.799849
79195.312067
80202.005208
81412.799511
82347.864811
83397.076600
84341.845056
85135.048304
85746.432180
86510.921574
87241.145881
87712.884679
88197.954539
88477.824397
88658.109892
88735.114311
88880.082493
88640.142496
88553.927053
88027.401984
88025.480354
88097.881840
87856.000322
87672.098284
87554.266649
87134.223925
86524.787431
86047.478722
85831.047608
85466.216483
85076.008381
84540.565625
83842.306811
83287.866273
82572.207081
81887.597245
81209.745046
80644.858300
79866.909488
79264.799516
78643.491039
78094.923745
77245.391772
76568.825398
75798.062848
75100.678992
74388.356695
73540.413745
72950.699031
72271.473950
71610.904609
71179.262086
70520.800541
69671.829183
69288.338833
68683.844765
67940.803725
67367.420167
66714.121928
65918.614141
65339.945403
64819.147217
64104.638235
63367.539923
62708.723774
62068.231963
61374.174482
60579.084129
59770.541017
59126.565974
58477.163160
57784.042135
57109.068136
56395.160487
55854.893984
55229.228456
54602.494746
53827.969525
53216.661504
52456.165594
51769.208684
51019.571082
50248.745553
49502.307656
48827.005218
48257.967141
47494.840334
46886.752190
46214.869139
45657.970449
44939.738504
44223.760046
43685.401728
43082.964481
42489.450141
42007.064816
41353.666122
40763.619923
40178.010996
39394.245619
38671.584575
37980.263067
37401.024891
36766.392168
36236.103548
35753.890250
35139.265801
34653.121640
34162.066865
33584.288219
32978.478511
32322.447596
31776.423792
31268.404755
30757.263946
30342.543059
29813.681826
29274.217009
28732.146741
28112.179795
27576.513911
27126.530753
26569.430559
26133.102356
25528.236219
24927.875654
24489.639896
24010.695683
23480.007292
23056.518214
22563.043324
22122.776370
21630.939504
21151.968328
20687.958622
20329.679456
19966.591472
19535.854873
19127.700711
18719.412136
18357.768430
18002.475387
17642.967303
17160.964369
16819.906982
16466.155087
16160.278772
15770.891417
15380.713347
15021.602102
14637.576597
14257.990732
13836.611386
13564.454494
13283.784272
12968.325237
12667.744792
12338.742347
12051.590816
11709.957015
11443.252330
11160.137892
10900.193072
10607.627512
10356.578684
10092.247698
9828.877858
9504.303166
9263.226745
9011.607614
8752.268637
8468.128805
8228.074955
7992.074925
7745.491473
7506.794815
7260.181088
7028.412824
6835.001706
6646.686022
6420.333753
6231.575415
6057.342389
5872.280534
5670.022941
5495.951604
5305.693755
5148.263805
4969.694829
4785.618161
4626.811777
4493.014495
4364.388187
4211.847299
4080.256338
3973.085305
3812.758412
3683.292763
3541.345791
3416.727109
3329.217113
3225.194389
3111.304331
2997.618442
2898.572512
2800.566036
2718.366435
2622.148864
2521.978739
2423.388807
2345.778914
2251.292575
2158.400898
2070.996997
1988.860548
1911.056424
1842.656962
1765.677513
1712.006003
1648.147732
1597.630127
1550.883349
1487.912222
1420.732506
1361.230475
1319.225317
1267.602492
1196.649022
1146.655882
1106.829080
1069.894454
1028.617145
985.867010
944.369713
905.392548
867.787020
839.439049
801.598490
759.512357
726.049386
676.095040
646.310070
623.183133
587.348296
558.799806
532.818949
504.285662
477.703502
452.114655
433.154796
405.553496
384.385729
364.245646
346.883905
338.630435
321.573360
302.325949
277.376818
268.658838
258.098240
244.233541
229.526177
223.196138
216.915392
203.862515
193.460256
188.179031
182.053820
170.944227
163.160373
161.362785
150.690357
141.980476
133.681064
128.704350
123.292052
113.836446
107.793919
103.691039
97.100714
96.480987
93.529166
87.831047
84.742832
80.119328
73.679742
69.251156
66.037691
66.429608
65.019458
62.004111
57.512010
54.880606
50.998781
49.871198
43.907668
44.527080
40.786386
38.496766
37.637740
35.354889
32.943361
29.447741
29.880168
29.569296
26.747807
24.234158
21.787764
21.426157
20.777047
19.583083
17.901529
17.982081
16.934303
14.921460
12.672187
13.830729
12.670690
12.267489
11.239083
10.738671
10.422417
10.377578
10.029765
9.472688
8.380112
7.841973
7.410810
7.380636
7.101464
6.166529
6.939077
6.635284
5.714604
4.660306
4.424001
4.216607
4.411759
4.151117
4.820718
5.126809
5.128334
4.806583
3.986369
3.671928
3.335961
3.187072
2.671846
2.627563
2.030835
1.902202
1.399417
1.239094
1.070859
1.354039
1.268539
1.178096
1.064696
1.200809
1.164552
0.934101
0.626607
0.437213
0.662636
0.610119
0.555752
0.283894
0.434319
0.438252
0.410447
0.645807
0.848780
1.100116
0.781746
0.637764
0.838229
0.834924
0.683735
0.368632
0.472345
0.485647
0.441527
0.492296
0.633584
0.644890
0.740009
0.762375
0.904590
0.801310
0.749762
0.819994
0.674420
0.698587
0.578304
0.576270
0.402325
0.294523
0.210294
0.172574
0.196057
0.112808
0.079267
0.000000
0.000000
0.000000
0.000000
0.000000
0.000000
0.000000
0.000000
0.000000
0.000000
0.000000
0.000000
0.000000
0.000000
0.000000
0.000000
0.000000
0.000000
0.000000
0.000000
0.000000
0.000000
0.000000
0.000000
0.000000
0.000000
0.000000
0.000000
0.000000
0.000000
0.000000
0.000000
0.000000
0.000000
0.000000
0.000000
0.000000
0.000000
0.000000
0.000000
0.000000
0.000000
0.000000
0.000000
0.000000
0.000000
0.000000
0.000000
0.000000
0.000000
0.000000
0.000000
0.000000
0.000000
0.000000
0.000000
0.000000
0.000000
0.000000
0.000000
0.000000
0.000000
0.000000
0.000000
0.000000
0.000000
0.000000
0.000000
0.000000
0.000000
0.000000
0.000000
0.000000
0.000000
0.000000
0.000000
0.000000
0.000000
0.000000
0.000000
0.000000
0.000000
0.000000
0.000000
0.000000
0.000000
0.000000
0.000000
0.000000
0.000000
0.000000
0.000000
0.000000
0.000000
0.000000
0.000000
0.000000
0.000000
0.000000
0.000000
0.000000
0.000000
0.000000
0.000000
0.000000
0.000000
0.000000
0.000000
0.000000
0.000000
0.000000
0.000000
0.000000
0.000000
0.000000
0.000000
0.000000
0.000000
0.000000
0.000000
0.000000
0.000000
0.000000
0.000000
0.000000
0.000000
0.000000
0.000000
0.000000
0.000000
0.000000
0.000000
0.000000
0.000000
0.000000
0.000000
0.000000
0.000000
0.000000
0.000000
0.000000
0.000000
0.000000
0.000000
0.000000
0.000000
0.000000
0.000000
0.000000
0.000000
0.000000
0.000000
0.000000
0.000000
0.000000
0.000000
0.000000
0.000000
0.000000
0.000000
0.000000
0.000000
0.000000
0.000000
0.000000
0.000000
0.000000
0.000000
0.000000
0.000000
0.000000
0.000000
0.000000
0.000000
0.000000
0.000000
0.000000
0.000000
0.000000
0.000000
0.000000
0.000000
0.000000
0.000000
0.000000
0.000000
0.000000
0.000000
0.000000
0.000000
0.000000
0.000000
0.000000
0.000000
0.000000
0.000000
0.000000
0.000000
0.000000
0.000000
0.000000
0.000000
0.000000
0.000000
0.000000
0.000000
0.000000
0.000000
0.000000
0.000000
0.000000
0.000000
0.000000
0.000000
0.000000
0.000000
0.000000
0.000000
0.000000
0.000000
0.000000
0.000000
0.000000
0.000000
0.000000
0.000000
0.000000
0.000000
0.000000
0.000000
0.000000
0.000000
0.000000
0.000000
0.000000
0.000000
0.000000
0.000000
0.000000
0.000000
0.000000
0.000000
0.000000
0.000000
0.000000
0.000000
0.000000
0.000000
0.000000
0.000000
0.000000
0.000000
0.000000
0.000000
0.000000
0.000000
0.000000
0.000000
0.000000
0.000000
0.000000
0.000000
0.000000
0.000000
0.000000
0.000000
0.000000
0.000000
0.000000
0.000000
0.000000
0.000000
0.000000
0.000000
0.000000
0.000000
0.000000
0.000000
0.000000
0.000000
0.000000
0.000000
0.000000
0.000000
0.000000
0.000000
0.000000
0.000000
0.000000
0.000000
0.000000
0.000000
0.000000
0.000000
0.000000
0.000000
0.000000
0.000000
0.000000
0.000000
0.000000
0.000000
0.000000
0.000000
0.000000
0.000000
0.000000
0.000000
0.000000
0.000000
0.000000
0.000000
0.000000
0.000000
0.000000
0.000000
0.000000
0.000000
0.000000
0.000000
0.000000
0.000000
0.000000
0.000000
0.000000
0.000000
0.000000
0.000000
0.000000
0.000000
0.000000
0.000000
0.000000
0.000000
0.000000
0.000000
0.000000
0.000000
0.000000
0.000000
0.000000
0.000000
0.000000
0.000000
0.000000
0.000000
0.000000
0.000000
0.000000
0.000000
0.000000
0.000000
0.000000
0.000000
0.000000
0.000000
0.000000
0.000000
0.000000
0.000000
0.000000
0.000000
0.000000
0.000000
0.000000
0.000000
0.000000
0.000000
0.000000
0.000000
0.000000
0.000000
0.000000
0.000000
0.000000
0.000000
0.000000
0.000000
0.000000
0.000000
0.000000
0.000000
0.000000
0.000000
0.000000
0.000000
0.000000
0.000000
0.000000
0.000000
0.000000
0.000000
0.000000
0.000000
0.000000
0.000000
0.000000
0.000000
0.000000
0.000000
0.000000
0.000000
0.000000
0.000000
0.000000
0.000000
0.000000
0.000000
0.000000
0.000000
0.000000
0.000000
0.000000
0.000000
0.000000
0.000000
0.000000
0.000000
0.000000
0.000000
0.000000
0.000000
0.000000
0.000000
0.000000
0.000000
0.000000
0.000000
0.000000
0.000000
0.000000
0.000000
0.000000
0.000000
0.000000
0.000000
0.000000
0.000000
0.000000
0.000000
0.000000
0.000000
0.000000
0.000000
0.000000
0.000000
0.000000
0.000000
0.000000
0.000000
0.000000
0.000000
0.000000
0.000000
0.000000
0.000000
0.000000
0.000000
0.000000
0.000000
0.000000
0.000000
0.000000
0.000000
0.000000
0.000000
0.000000
0.000000
0.000000
0.000000
0.000000
0.000000
0.000000
0.000000
0.000000
0.000000
0.000000
0.000000
0.000000
0.000000
0.000000
0.000000
0.000000
0.000000
0.000000
0.000000
0.000000
0.000000
0.000000
0.000000
0.000000
0.000000
0.000000
0.000000
0.000000
0.000000
0.000000
0.000000
0.000000
0.000000
0.000000
0.000000
0.000000
0.000000
0.000000
0.000000
0.000000
0.000000
0.000000
0.000000
0.000000
0.000000
0.000000
0.000000
0.000000
0.000000
0.000000
0.000000
0.000000
0.000000
0.000000
0.000000
0.000000
0.000000
0.000000
0.000000
0.000000
0.000000
0.000000
0.000000
0.000000
0.000000
0.000000
0.000000
0.000000
0.000000
0.000000
0.000000
0.000000
0.000000
0.000000
0.000000
0.000000
0.000000
0.000000
