30.488639
207.312254
674.600758
1786.673999
3880.587884
7445.328397
12696.632484
19864.563989
29036.723296
40000.394848
52828.460395
66895.295135
81695.958725
96919.326879
112195.900869
126986.119289
140995.207443
153738.644362
165059.297049
174865.970553
182812.341432
188891.127010
193367.585182
196443.630532
198204.905926
198069.249249
196804.318222
194357.029211
191010.572304
187102.303396
182139.134592
176747.545532
171022.727067
165025.834939
158977.362332
152786.113215
146645.143133
140427.760612
134201.197324
128246.309280
122186.258087
116365.063279
110668.638268
105331.856466
100306.469434
95495.838924
90875.604576
86380.475049
82015.775740
78064.219723
74285.771540
70783.108104
67441.569852
64223.436994
61253.658929
58468.330562
55825.300788
53307.960505
50991.509059
48804.809670
46795.867613
44849.261452
43013.503372
41202.133992
39488.256497
37979.716388
36591.764407
35314.006136
34021.187028
32856.633279
31755.044123
30683.143721
29765.946516
28799.447899
27948.389388
27071.615797
26260.405790
25558.031436
24866.413331
24213.853140
23582.390716
23031.673466
22458.000035
21939.732869
21457.667683
21019.221969
20595.879927
20176.784966
19806.466605
19473.730455
19133.385702
18810.079632
18491.150700
18209.259097
17940.605233
17658.194616
17397.761440
17158.276213
16949.910115
16752.541001
16547.199460
16367.743696
16228.148334
16058.806778
15949.111718
15801.346994
15656.391607
15531.934469
15427.886073
15323.607615
15219.689605
15101.705427
14997.208406
14909.845698
14833.206086
14756.464911
14670.433467
14601.570362
14556.570891
14480.777508
14424.848594
14380.211668
14353.715295
14346.247654
14332.753587
14307.937628
14276.135320
14273.592288
14240.643812
14234.836056
14218.047359
14211.814833
14216.226206
14213.586197
14228.790764
14254.541396
14272.187797
14305.999468
14347.297755
14343.851955
14351.309226
14395.631174
14414.889984
14426.795513
14452.724320
14487.288315
14522.301031
14547.138429
14571.281301
14661.667579
14685.333422
14728.561036
14751.359173
14804.577585
14837.460163
14867.531211
14900.642243
14949.404866
15025.191031
15086.925804
15140.430685
15185.166962
15201.862379
15235.565338
15289.327366
15327.791884
15375.010537
15430.458419
15469.918155
15517.720076
15552.654531
15579.422183
15595.155289
15634.713150
15668.783633
15703.015224
15742.143032
15758.271388
15781.323106
15810.177114
15814.837886
15826.887923
15837.099339
15845.573411
15860.846713
15894.284568
15902.700434
15895.735487
15910.848341
15897.898475
15900.316824
15907.262312
15915.146817
15881.164644
15842.181738
15818.111783
15787.796025
15759.634116
15722.115161
15692.166373
15644.347874
15582.009059
15540.970937
15477.974418
15432.679448
15382.265284
15308.466505
15230.645705
15164.691924
15091.695039
14988.725264
14908.162792
14837.920773
14737.831472
14657.189185
14562.327625
14487.396192
14407.704117
14304.474510
14199.914769
14081.929079
13963.552636
13866.934478
13758.224609
13648.973057
13530.342536
13416.250917
13286.322173
13156.768614
13038.458795
12911.610845
12765.049565
12621.402880
12474.867826
12341.680542
12218.805463
12067.395697
11919.255676
11774.418369
11631.164435
11483.536530
11315.472788
11166.925488
11003.428170
10830.076945
10677.026088
10525.873678
10376.962626
10242.187345
10080.991944
9927.339805
9760.145117
9602.164232
9449.076104
9282.160436
9118.530723
8966.789057
8809.566140
8652.733150
8487.351769
8335.746464
8189.339470
8034.443962
7867.761731
7711.705533
7568.196451
7419.721570
7272.800599
7126.136027
6981.416780
6813.992191
6674.858289
6532.268109
6379.131293
6240.949304
6083.822969
5946.485377
5807.356323
5669.719371
5529.335991
5385.233192
5252.336071
5123.102620
4996.864474
4862.278544
4726.380586
4594.325624
4467.863874
4350.356616
4229.724580
4104.107024
3985.690115
3867.516760
3760.092238
3650.337550
3540.334002
3443.669127
3338.270852
3232.619043
3133.825333
3040.575117
2954.824161
2861.212941
2768.844821
2679.237930
2597.793273
2513.041398
2431.216533
2348.656540
2267.702355
2185.807225
2106.862645
2043.186570
1972.855074
1901.365678
1831.567088
1773.364698
1712.343142
1648.974982
1590.224947
1527.573498
1475.228810
1419.676408
1366.278418
1316.173516
1274.969087
1231.704024
1187.059632
1139.624010
1092.329455
1045.007457
1008.546446
969.579269
930.643352
892.386540
853.553236
815.956399
782.438363
747.826202
715.395004
682.568444
651.898320
627.535572
599.469889
573.703875
548.815258
525.303466
500.792526
478.226129
460.030441
439.804069
420.984802
401.622885
381.578801
364.443263
347.566326
330.800004
314.978004
301.731225
286.605825
272.131425
259.572955
247.058577
233.543848
220.426860
210.307985
199.469307
187.995617
178.011077
170.290794
162.171297
152.507765
144.159525
137.280109
129.630486
122.322284
116.375441
110.031380
103.713624
97.433701
91.674769
86.260864
81.574966
76.110230
72.055035
67.151809
61.850371
58.764621
55.534648
52.254950
48.871317
45.628629
42.760087
40.050903
38.050030
35.278515
33.532530
31.049908
29.483803
27.765955
25.355565
23.791585
21.987981
20.296388
19.156543
17.655750
16.247561
14.814848
13.664628
12.883414
12.211720
11.367385
10.756017
10.115617
9.504581
8.905346
8.424717
7.902186
7.457918
6.824132
6.329388
5.658230
5.575742
5.224959
4.791817
4.774867
4.344320
4.249089
3.892172
3.499213
3.385754
3.231903
2.957124
2.832117
2.463745
2.310745
2.149916
1.844144
1.725226
1.594843
1.591247
1.458554
1.293321
1.435852
1.470161
1.430177
1.208145
1.095649
1.046505
1.103898
1.098865
1.102224
1.101154
0.994531
0.888895
0.873553
0.785602
0.716897
0.676459
0.612474
0.546110
0.446779
0.388978
0.340292
0.364538
0.304194
0.325991
0.334042
0.303303
0.245808
0.210058
0.180344
0.154435
0.171014
0.103109
0.088936
0.085251
0.074959
0.045908
0.025669
0.026357
0.028113
0.037262
0.031164
0.022130
0.023098
0.022689
0.023716
0.022537
0.013654
0.015829
0.031849
0.023822
0.018929
0.015559
0.018869
0.034320
0.018398
0.024286
0.016815
0.012011
0.024639
0.015338
0.011693
0.010190
0.001058
0.000000
0.000000
0.000000
0.000000
0.000000
0.000000
0.000000
0.000000
0.000000
0.000000
0.000000
0.000000
0.000000
0.000000
0.000000
0.000000
0.000000
0.000000
0.000000
0.000000
0.000000
0.000000
0.000000
0.000000
0.000000
0.000000
0.000000
0.000000
0.000000
0.000000
0.000000
0.000000
0.000000
0.000000
0.000000
0.000000
0.000000
0.000000
0.000000
0.000000
0.000000
0.000000
0.000000
0.000000
0.000000
0.000000
0.000000
0.000000
0.000000
0.000000
0.000000
0.000000
0.000000
0.000000
0.000000
0.000000
0.000000
0.000000
0.000000
0.000000
0.000000
0.000000
0.000000
0.000000
0.000000
0.000000
0.000000
0.000000
0.000000
0.000000
0.000000
0.000000
0.000000
0.000000
0.000000
0.000000
0.000000
0.000000
0.000000
0.000000
0.000000
0.000000
0.000000
0.000000
0.000000
0.000000
0.000000
0.000000
0.000000
0.000000
0.000000
0.000000
0.000000
0.000000
0.000000
0.000000
0.000000
0.000000
0.000000
0.000000
0.000000
0.000000
0.000000
0.000000
0.000000
0.000000
0.000000
0.000000
0.000000
0.000000
0.000000
0.000000
0.000000
0.000000
0.000000
0.000000
0.000000
0.000000
0.000000
0.000000
0.000000
0.000000
0.000000
0.000000
0.000000
0.000000
0.000000
0.000000
0.000000
0.000000
0.000000
0.000000
0.000000
0.000000
0.000000
0.000000
0.000000
0.000000
0.000000
0.000000
0.000000
0.000000
0.000000
0.000000
0.000000
0.000000
0.000000
0.000000
0.000000
0.000000
0.000000
0.000000
0.000000
0.000000
0.000000
0.000000
0.000000
0.000000
0.000000
0.000000
0.000000
0.000000
0.000000
0.000000
0.000000
0.000000
0.000000
0.000000
0.000000
0.000000
0.000000
0.000000
0.000000
0.000000
0.000000
0.000000
0.000000
0.000000
0.000000
0.000000
0.000000
0.000000
0.000000
0.000000
0.000000
0.000000
0.000000
0.000000
0.000000
0.000000
0.000000
0.000000
0.000000
0.000000
0.000000
0.000000
0.000000
0.000000
0.000000
0.000000
0.000000
0.000000
0.000000
0.000000
0.000000
0.000000
0.000000
0.000000
0.000000
0.000000
0.000000
0.000000
0.000000
0.000000
0.000000
0.000000
0.000000
0.000000
0.000000
0.000000
0.000000
0.000000
0.000000
0.000000
0.000000
0.000000
0.000000
0.000000
0.000000
0.000000
0.000000
0.000000
0.000000
0.000000
0.000000
0.000000
0.000000
0.000000
0.000000
0.000000
0.000000
0.000000
0.000000
0.000000
0.000000
0.000000
0.000000
0.000000
0.000000
0.000000
0.000000
0.000000
0.000000
0.000000
0.000000
0.000000
0.000000
0.000000
0.000000
0.000000
0.000000
0.000000
0.000000
0.000000
0.000000
0.000000
0.000000
0.000000
0.000000
0.000000
0.000000
0.000000
0.000000
0.000000
0.000000
0.000000
0.000000
0.000000
0.000000
0.000000
0.000000
0.000000
0.000000
0.000000
0.000000
0.000000
0.000000
0.000000
0.000000
0.000000
0.000000
0.000000
0.000000
0.000000
0.000000
0.000000
0.000000
0.000000
0.000000
0.000000
0.000000
0.000000
0.000000
0.000000
0.000000
0.000000
0.000000
0.000000
0.000000
0.000000
0.000000
0.000000
0.000000
0.000000
0.000000
0.000000
0.000000
0.000000
0.000000
0.000000
0.000000
0.000000
0.000000
0.000000
0.000000
0.000000
0.000000
0.000000
0.000000
0.000000
0.000000
0.000000
0.000000
0.000000
0.000000
0.000000
0.000000
0.000000
0.000000
0.000000
0.000000
0.000000
0.000000
0.000000
0.000000
0.000000
0.000000
0.000000
0.000000
0.000000
0.000000
0.000000
0.000000
0.000000
0.000000
0.000000
0.000000
0.000000
0.000000
0.000000
0.000000
0.000000
0.000000
0.000000
0.000000
0.000000
0.000000
0.000000
0.000000
0.000000
0.000000
0.000000
0.000000
0.000000
0.000000
0.000000
0.000000
0.000000
0.000000
0.000000
0.000000
0.000000
0.000000
0.000000
0.000000
0.000000
0.000000
0.000000
0.000000
0.000000
0.000000
0.000000
0.000000
0.000000
0.000000
0.000000
0.000000
0.000000
0.000000
0.000000
0.000000
0.000000
0.000000
0.000000
0.000000
0.000000
0.000000
0.000000
0.000000
0.000000
0.000000
0.000000
0.000000
0.000000
0.000000
0.000000
0.000000
0.000000
0.000000
0.000000
0.000000
0.000000
0.000000
0.000000
0.000000
0.000000
0.000000
0.000000
0.000000
0.000000
0.000000
0.000000
0.000000
0.000000
0.000000
0.000000
0.000000
0.000000
0.000000
0.000000
0.000000
0.000000
0.000000
0.000000
0.000000
0.000000
0.000000
0.000000
0.000000
0.000000
0.000000
0.000000
0.000000
0.000000
0.000000
0.000000
0.000000
0.000000
0.000000
0.000000
0.000000
0.000000
0.000000
0.000000
0.000000
0.000000
0.000000
0.000000
0.000000
0.000000
0.000000
0.000000
0.000000
0.000000
0.000000
0.000000
0.000000
0.000000
0.000000
0.000000
0.000000
0.000000
0.000000
0.000000
0.000000
0.000000
0.000000
0.000000
0.000000
0.000000
0.000000
0.000000
0.000000
0.000000
0.000000
