0.184132
1.028300
3.895945
14.161658
37.246311
89.012454
181.582922
345.589928
607.203461
1009.376308
1587.061024
2384.240110
3435.277200
4797.743670
6511.449656
8592.322822
11036.616452
13852.979565
17076.685224
20641.797073
24516.753169
28688.300019
33105.149797
37689.191611
42424.068775
47247.536868
52111.132111
56890.366326
61605.768360
66172.541991
70544.077603
74714.631824
78606.203728
82257.751840
85624.395909
88686.006617
91444.620636
93856.277399
96030.889575
97916.871563
99478.292257
100758.869556
101687.915007
102395.520822
102846.383413
103097.337425
103129.304004
102959.542810
102639.607757
102120.423985
101465.782853
100719.710182
99809.861536
98785.463283
97681.132038
96523.940123
95315.534386
94041.601531
92701.411390
91351.382693
89965.845092
88581.581712
87173.111490
85767.318020
84356.616561
82927.452920
81514.197147
80154.431820
78816.024410
77456.601734
76153.089696
74868.402997
73595.168267
72376.169841
71189.739029
70040.673132
68922.113643
67818.387443
66764.292837
65746.049697
64749.683802
63769.177858
62817.872461
61881.424771
60970.924230
60111.877236
59249.982342
58431.967967
57614.377834
56852.588885
56087.735365
55335.217910
54632.694972
53954.498229
53282.096017
52620.403795
51982.363929
51379.133767
50775.649208
50199.659158
49661.344788
49116.371245
48580.603645
48070.586138
47574.476846
47093.039801
46633.899293
46184.050519
45756.017481
45332.044724
44921.793246
44522.597315
44138.044066
43769.403837
43408.570118
43062.375370
42711.086312
42379.050433
42055.611350
41728.111678
41415.373478
41101.397531
40802.371094
40507.637503
40215.768040
39944.714412
39674.110636
39411.812608
39147.474924
38891.747073
38626.134578
38367.572455
38132.571407
37880.573444
37628.499640
37375.802172
37130.426329
36886.237929
36661.124583
36412.839292
36177.343767
35941.820464
35699.721654
35455.677228
35213.510075
34963.153075
34717.853116
34471.612924
34215.561816
33950.912611
33681.658553
33419.925012
33155.488832
32893.852668
32621.272186
32360.712246
32081.480953
31802.651824
31518.860023
31244.332504
30957.239996
30669.894840
30384.430109
30100.134815
29807.369102
29502.571698
29201.946723
28905.108987
28588.494244
28278.355901
27956.960124
27636.896685
27316.043549
26988.265498
26663.227039
26342.181672
26015.273017
25674.170075
25342.092931
24996.475034
24655.635016
24315.130102
23970.076543
23627.015647
23267.308769
22914.361713
22558.974097
22202.904432
21836.964603
21488.727606
21138.746776
20771.267264
20410.907794
20059.658450
19702.536018
19336.274143
18983.514528
18622.644838
18268.608769
17916.784480
17555.747505
17198.462826
16839.837177
16478.453545
16121.614167
15772.261552
15417.651137
15071.102294
14725.380824
14381.896308
14047.598902
13715.815219
13376.460090
13039.808202
12714.828956
12391.183042
12072.832104
11757.558932
11439.660841
11131.134523
10827.632119
10533.115056
10235.939308
9944.441823
9659.694211
9377.223871
9098.039902
8823.165703
8557.224064
8293.334546
8030.885852
7779.526133
7525.990670
7283.788627
7044.155255
6812.319465
6582.301035
6359.639616
6142.122823
5927.858246
5717.315903
5515.762573
5316.704893
5123.621290
4936.469081
4754.235581
4573.398736
4400.702523
4230.710928
4066.066524
3909.099021
3758.200112
3607.804608
3461.492944
3317.678238
3177.478116
3045.765648
2917.771752
2794.068730
2674.425712
2557.007812
2442.873637
2333.242713
2227.680125
2125.456941
2028.471645
1936.428384
1847.557235
1760.136858
1677.605106
1599.120069
1523.206668
1449.011898
1379.051332
1311.115986
1246.026435
1184.217008
1124.879392
1069.768900
1013.317644
962.464212
911.929422
863.738194
817.303196
772.403200
730.430097
691.744298
652.772723
614.982758
579.874078
546.513941
515.303988
486.571660
457.709449
431.699178
405.614370
381.571721
358.865567
337.879989
317.417668
298.557516
279.942236
262.841754
245.467219
229.500130
214.807233
201.454131
188.316595
176.407947
164.764906
153.928355
143.280121
133.515354
124.471911
115.736385
107.526553
99.342374
92.772733
86.723391
80.496988
75.132124
69.951371
64.855794
60.069623
55.407493
51.185051
47.487199
43.766760
40.075244
37.028626
33.966885
31.114066
28.442427
26.155247
24.134022
21.895349
19.911260
18.127778
16.571140
15.239225
13.912386
12.671925
11.668837
10.537719
9.621864
8.838868
7.934013
7.237133
6.595799
5.959254
5.399408
4.843863
4.371504
3.970253
3.573777
3.197634
2.861134
2.688701
2.406396
2.127361
1.977053
1.752149
1.562789
1.416050
1.254375
1.162142
1.077357
0.965819
0.867277
0.807273
0.742351
0.680021
0.610529
0.537381
0.474894
0.438173
0.415364
0.373425
0.332991
0.308945
0.285319
0.254957
0.236229
0.213953
0.181445
0.172400
0.162609
0.144693
0.126213
0.107646
0.089587
0.082394
0.086813
0.067576
0.063350
0.050540
0.043564
0.030992
0.022254
0.019972
0.017561
0.009598
0.008849
0.011418
0.010182
0.009550
0.008820
0.009856
0.012305
0.011297
0.007807
0.004486
0.004984
0.006005
0.002929
0.001837
0.001665
0.000284
0.000690
0.000926
0.000146
0.000000
0.000000
0.000000
0.000000
0.000000
0.000000
0.000000
0.000000
0.000000
0.000000
0.000000
0.000000
0.000000
0.000000
0.000000
0.000000
0.000000
0.000000
0.000000
0.000000
0.000000
0.000000
0.000000
0.000000
0.000000
0.000000
0.000000
0.000000
0.000000
0.000000
0.000000
0.000000
0.000000
0.000000
0.000000
0.000000
0.000000
0.000000
0.000000
0.000000
0.000000
0.000000
0.000000
0.000000
0.000000
0.000000
0.000000
0.000000
0.000000
0.000000
0.000000
0.000000
0.000000
0.000000
0.000000
0.000000
0.000000
0.000000
0.000000
0.000000
0.000000
0.000000
0.000000
0.000000
0.000000
0.000000
0.000000
0.000000
0.000000
0.000000
0.000000
0.000000
0.000000
0.000000
0.000000
0.000000
0.000000
0.000000
0.000000
0.000000
0.000000
0.000000
0.000000
0.000000
0.000000
0.000000
0.000000
0.000000
0.000000
0.000000
0.000000
0.000000
0.000000
0.000000
0.000000
0.000000
0.000000
0.000000
0.000000
0.000000
0.000000
0.000000
0.000000
0.000000
0.000000
0.000000
0.000000
0.000000
0.000000
0.000000
0.000000
0.000000
0.000000
0.000000
0.000000
0.000000
0.000000
0.000000
0.000000
0.000000
0.000000
0.000000
0.000000
0.000000
0.000000
0.000000
0.000000
0.000000
0.000000
0.000000
0.000000
0.000000
0.000000
0.000000
0.000000
0.000000
0.000000
0.000000
0.000000
0.000000
0.000000
0.000000
0.000000
0.000000
0.000000
0.000000
0.000000
0.000000
0.000000
0.000000
0.000000
0.000000
0.000000
0.000000
0.000000
0.000000
0.000000
0.000000
0.000000
0.000000
0.000000
0.000000
0.000000
0.000000
0.000000
0.000000
0.000000
0.000000
0.000000
0.000000
0.000000
0.000000
0.000000
0.000000
0.000000
0.000000
0.000000
0.000000
0.000000
0.000000
0.000000
0.000000
0.000000
0.000000
0.000000
0.000000
0.000000
0.000000
0.000000
0.000000
0.000000
0.000000
0.000000
0.000000
0.000000
0.000000
0.000000
0.000000
0.000000
0.000000
0.000000
0.000000
0.000000
0.000000
0.000000
0.000000
0.000000
0.000000
0.000000
0.000000
0.000000
0.000000
0.000000
0.000000
0.000000
0.000000
0.000000
0.000000
0.000000
0.000000
0.000000
0.000000
0.000000
0.000000
0.000000
0.000000
0.000000
0.000000
0.000000
0.000000
0.000000
0.000000
0.000000
0.000000
0.000000
0.000000
0.000000
0.000000
0.000000
0.000000
0.000000
0.000000
0.000000
0.000000
0.000000
0.000000
0.000000
0.000000
0.000000
0.000000
0.000000
0.000000
0.000000
0.000000
0.000000
0.000000
0.000000
0.000000
0.000000
0.000000
0.000000
0.000000
0.000000
0.000000
0.000000
0.000000
0.000000
0.000000
0.000000
0.000000
0.000000
0.000000
0.000000
0.000000
0.000000
0.000000
0.000000
0.000000
0.000000
0.000000
0.000000
0.000000
0.000000
0.000000
0.000000
0.000000
0.000000
0.000000
0.000000
0.000000
0.000000
0.000000
0.000000
0.000000
0.000000
0.000000
0.000000
0.000000
0.000000
0.000000
0.000000
0.000000
0.000000
0.000000
0.000000
0.000000
0.000000
0.000000
0.000000
0.000000
0.000000
0.000000
0.000000
0.000000
0.000000
0.000000
0.000000
0.000000
0.000000
0.000000
0.000000
0.000000
0.000000
0.000000
0.000000
0.000000
0.000000
0.000000
0.000000
0.000000
0.000000
0.000000
0.000000
0.000000
0.000000
0.000000
0.000000
0.000000
0.000000
0.000000
0.000000
0.000000
0.000000
0.000000
0.000000
0.000000
0.000000
0.000000
0.000000
0.000000
0.000000
0.000000
0.000000
0.000000
0.000000
0.000000
0.000000
0.000000
0.000000
0.000000
0.000000
0.000000
0.000000
0.000000
0.000000
0.000000
0.000000
0.000000
0.000000
0.000000
0.000000
0.000000
0.000000
0.000000
0.000000
0.000000
0.000000
0.000000
0.000000
0.000000
0.000000
0.000000
0.000000
0.000000
0.000000
0.000000
0.000000
0.000000
0.000000
0.000000
0.000000
0.000000
0.000000
0.000000
0.000000
0.000000
0.000000
0.000000
0.000000
0.000000
0.000000
0.000000
0.000000
0.000000
0.000000
0.000000
0.000000
0.000000
0.000000
0.000000
0.000000
0.000000
0.000000
0.000000
0.000000
0.000000
0.000000
0.000000
0.000000
0.000000
0.000000
0.000000
0.000000
0.000000
0.000000
0.000000
0.000000
0.000000
0.000000
0.000000
0.000000
0.000000
0.000000
0.000000
0.000000
0.000000
0.000000
0.000000
0.000000
0.000000
0.000000
0.000000
0.000000
0.000000
0.000000
0.000000
0.000000
0.000000
0.000000
0.000000
0.000000
0.000000
0.000000
0.000000
0.000000
0.000000
0.000000
0.000000
0.000000
0.000000
0.000000
0.000000
0.000000
0.000000
0.000000
0.000000
0.000000
0.000000
0.000000
0.000000
0.000000
0.000000
0.000000
0.000000
0.000000
0.000000
0.000000
0.000000
0.000000
0.000000
0.000000
0.000000
0.000000
0.000000
0.000000
0.000000
0.000000
0.000000
0.000000
0.000000
0.000000
0.000000
0.000000
0.000000
0.000000
0.000000
0.000000
0.000000
0.000000
0.000000
0.000000
0.000000
0.000000
0.000000
0.000000
0.000000
0.000000
0.000000
0.000000
0.000000
0.000000
0.000000
0.000000
0.000000
0.000000
0.000000
0.000000
0.000000
0.000000
0.000000
0.000000
0.000000
0.000000
0.000000
0.000000
0.000000
0.000000
0.000000
0.000000
0.000000
0.000000
0.000000
0.000000
0.000000
0.000000
0.000000
0.000000
0.000000
0.000000
0.000000
0.000000
0.000000
0.000000
0.000000
0.000000
0.000000
0.000000
0.000000
0.000000
0.000000
0.000000
0.000000
0.000000
0.000000
0.000000
0.000000
0.000000
0.000000
0.000000
0.000000
0.000000
0.000000
0.000000
0.000000
0.000000
0.000000
0.000000
0.000000
0.000000
0.000000
0.000000
0.000000
0.000000
0.000000
0.000000
0.000000
0.000000
0.000000
0.000000
0.000000
