0.000000
0.000000
0.000000
0.065481
1.487718
3.741916
8.175471
15.703217
32.902060
60.947700
107.555786
191.111187
304.960156
478.701123
706.764417
994.630003
1421.352687
1913.402083
2542.760679
3354.324496
4310.181059
5408.141898
6716.983266
8170.186650
9814.128163
11650.109842
13634.482568
15802.841282
18087.368839
20560.128959
23199.686499
25912.358185
28733.873890
31531.975561
34446.319784
37392.453803
40352.959714
43468.266238
46488.762993
49482.219674
52371.102264
55252.412798
58053.270466
60764.450724
63405.029813
66061.313701
68540.080644
70775.117768
73045.934999
75129.375042
77204.503809
79023.562934
80718.013531
82356.294350
83845.461402
85141.969468
86387.513153
87530.990678
88569.948818
89508.425351
90187.961434
90929.196512
91477.350020
91922.203090
92236.091619
92605.184893
92851.576615
93058.376493
93160.644036
93238.085126
93174.396336
93095.820041
92985.703031
92841.969726
92471.528464
92110.616348
91775.780282
91355.973349
90819.792641
90332.802784
89846.900620
89330.721608
88729.066026
88060.210072
87473.087619
86895.734480
86275.587435
85643.806934
84961.004309
84300.150007
83568.205924
82855.002859
82146.646409
81427.644384
80676.040854
79948.912227
79221.809303
78472.289406
77677.538502
76967.772317
76261.001826
75513.442317
74755.417866
73974.726694
73184.471963
72471.004771
71702.407122
70918.921882
70122.696018
69363.403977
68640.747739
67874.814304
67110.094527
66354.345687
65581.639486
64833.833122
64117.446126
63338.027727
62555.968621
61838.011254
61043.558233
60250.218914
59478.254307
58727.188166
57921.559619
57180.172205
56384.127620
55627.123370
54869.033303
54137.929964
53405.442001
52674.781748
51963.647425
51263.862626
50525.897738
49769.514914
49073.849525
48370.295409
47639.749574
46898.204604
46219.541734
45581.365962
44889.654652
44191.840470
43481.402908
42845.426527
42152.151169
41506.848996
40824.542903
40132.425102
39441.260478
38749.188077
38087.531987
37432.411012
36793.112033
36174.232923
35532.856893
34871.015689
34240.531125
33605.938149
32973.489412
32343.752714
31751.721851
31120.561520
30531.548144
29918.685211
29342.619996
28741.187288
28155.985239
27592.456513
27032.041250
26470.797747
25885.107213
25323.280885
24723.652677
24157.899481
23629.959365
23097.231669
22581.858755
22069.795733
21559.869842
21060.666840
20564.531147
20061.958391
19593.746566
19117.134884
18652.034750
18187.728717
17767.900965
17302.947837
16865.827783
16434.690287
16006.493709
15577.601199
15158.158652
14766.698465
14364.136809
13970.134735
13586.735270
13221.117943
12846.415964
12487.460710
12126.702771
11774.684690
11421.883464
11072.702637
10764.422352
10425.017973
10108.313043
9818.939190
9515.231101
9203.817611
8921.651911
8649.345617
8388.007403
8120.958131
7856.939246
7586.802977
7356.093579
7126.252537
6898.967637
6658.505500
6430.457933
6214.301843
6001.519867
5781.281861
5570.067732
5376.854192
5177.977274
4989.655211
4805.344942
4623.234327
4450.898836
4291.280048
4130.465093
3969.952450
3814.355030
3670.012990
3527.068488
3386.132005
3254.942679
3123.123575
2991.438511
2875.865047
2755.793868
2638.205918
2530.568279
2421.910587
2318.415132
2219.913720
2121.134664
2027.486090
1942.275021
1855.170165
1780.136403
1698.841427
1620.705805
1547.866970
1481.803832
1413.409131
1350.340483
1285.448557
1228.895047
1174.293053
1114.394743
1059.833816
1011.755370
966.474158
919.531649
873.886248
832.386269
791.953930
752.277632
714.622946
677.045135
644.065891
612.953111
582.179930
551.118914
523.277446
496.863275
473.564752
447.869374
424.286746
399.451931
378.182849
358.196940
336.836263
318.889938
302.090297
285.146102
267.489338
253.196232
239.999447
225.910181
214.592642
203.166900
190.043679
179.235449
168.024248
155.873776
146.171244
136.123242
127.226479
119.272376
111.534500
104.567785
97.326711
90.256647
85.098048
79.556283
74.669330
69.138164
65.663462
61.627522
58.092526
54.229613
51.093280
48.001155
44.269232
41.807600
38.790083
36.971664
33.749304
30.911893
29.396648
26.833841
24.661827
23.303909
22.004517
21.093829
19.621892
18.630877
17.074739
16.380193
15.566528
14.792245
13.941002
13.039350
12.257352
11.246629
10.641907
9.546001
8.400456
7.644180
7.749561
7.280294
6.424409
5.888535
5.391287
4.854839
4.499660
4.136010
3.712173
3.229638
2.786248
2.504281
2.395346
2.126715
1.798613
1.770554
1.455918
1.287862
1.216903
1.257223
1.240470
1.103920
0.952676
0.874673
0.736633
0.647341
0.549850
0.455355
0.407936
0.316486
0.343911
0.352502
0.296960
0.207308
0.225987
0.225696
0.287267
0.333150
0.281063
0.244988
0.250426
0.243619
0.165741
0.132233
0.126081
0.099645
0.119936
0.055795
0.055817
0.025977
0.044558
0.058998
0.033262
0.024693
0.011444
0.005550
0.011713
0.000000
0.000000
0.000000
0.000000
0.000000
0.000000
0.000000
0.000000
0.000000
0.000000
0.000000
0.000000
0.000000
0.000000
0.000000
0.000000
0.000000
0.000000
0.000000
0.000000
0.000000
0.000000
0.000000
0.000000
0.000000
0.000000
0.000000
0.000000
0.000000
0.000000
0.000000
0.000000
0.000000
0.000000
0.000000
0.000000
0.000000
0.000000
0.000000
0.000000
0.000000
0.000000
0.000000
0.000000
0.000000
0.000000
0.000000
0.000000
0.000000
0.000000
0.000000
0.000000
0.000000
0.000000
0.000000
0.000000
0.000000
0.000000
0.000000
0.000000
0.000000
0.000000
0.000000
0.000000
0.000000
0.000000
0.000000
0.000000
0.000000
0.000000
0.000000
0.000000
0.000000
0.000000
0.000000
0.000000
0.000000
0.000000
0.000000
0.000000
0.000000
0.000000
0.000000
0.000000
0.000000
0.000000
0.000000
0.000000
0.000000
0.000000
0.000000
0.000000
0.000000
0.000000
0.000000
0.000000
0.000000
0.000000
0.000000
0.000000
0.000000
0.000000
0.000000
0.000000
0.000000
0.000000
0.000000
0.000000
0.000000
0.000000
0.000000
0.000000
0.000000
0.000000
0.000000
0.000000
0.000000
0.000000
0.000000
0.000000
0.000000
0.000000
0.000000
0.000000
0.000000
0.000000
0.000000
0.000000
0.000000
0.000000
0.000000
0.000000
0.000000
0.000000
0.000000
0.000000
0.000000
0.000000
0.000000
0.000000
0.000000
0.000000
0.000000
0.000000
0.000000
0.000000
0.000000
0.000000
0.000000
0.000000
0.000000
0.000000
0.000000
0.000000
0.000000
0.000000
0.000000
0.000000
0.000000
0.000000
0.000000
0.000000
0.000000
0.000000
0.000000
0.000000
0.000000
0.000000
0.000000
0.000000
0.000000
0.000000
0.000000
0.000000
0.000000
0.000000
0.000000
0.000000
0.000000
0.000000
0.000000
0.000000
0.000000
0.000000
0.000000
0.000000
0.000000
0.000000
0.000000
0.000000
0.000000
0.000000
0.000000
0.000000
0.000000
0.000000
0.000000
0.000000
0.000000
0.000000
0.000000
0.000000
0.000000
0.000000
0.000000
0.000000
0.000000
0.000000
0.000000
0.000000
0.000000
0.000000
0.000000
0.000000
0.000000
0.000000
0.000000
0.000000
0.000000
0.000000
0.000000
0.000000
0.000000
0.000000
0.000000
0.000000
0.000000
0.000000
0.000000
0.000000
0.000000
0.000000
0.000000
0.000000
0.000000
0.000000
0.000000
0.000000
0.000000
0.000000
0.000000
0.000000
0.000000
0.000000
0.000000
0.000000
0.000000
0.000000
0.000000
0.000000
0.000000
0.000000
0.000000
0.000000
0.000000
0.000000
0.000000
0.000000
0.000000
0.000000
0.000000
0.000000
0.000000
0.000000
0.000000
0.000000
0.000000
0.000000
0.000000
0.000000
0.000000
0.000000
0.000000
0.000000
0.000000
0.000000
0.000000
0.000000
0.000000
0.000000
0.000000
0.000000
0.000000
0.000000
0.000000
0.000000
0.000000
0.000000
0.000000
0.000000
0.000000
0.000000
0.000000
0.000000
0.000000
0.000000
0.000000
0.000000
0.000000
0.000000
0.000000
0.000000
0.000000
0.000000
0.000000
0.000000
0.000000
0.000000
0.000000
0.000000
0.000000
0.000000
0.000000
0.000000
0.000000
0.000000
0.000000
0.000000
0.000000
0.000000
0.000000
0.000000
0.000000
0.000000
0.000000
0.000000
0.000000
0.000000
0.000000
0.000000
0.000000
0.000000
0.000000
0.000000
0.000000
0.000000
0.000000
0.000000
0.000000
0.000000
0.000000
0.000000
0.000000
0.000000
0.000000
0.000000
0.000000
0.000000
0.000000
0.000000
0.000000
0.000000
0.000000
0.000000
0.000000
0.000000
0.000000
0.000000
0.000000
0.000000
0.000000
0.000000
0.000000
0.000000
0.000000
0.000000
0.000000
0.000000
0.000000
0.000000
0.000000
0.000000
0.000000
0.000000
0.000000
0.000000
0.000000
0.000000
0.000000
0.000000
0.000000
0.000000
0.000000
0.000000
0.000000
0.000000
0.000000
0.000000
0.000000
0.000000
0.000000
0.000000
0.000000
0.000000
0.000000
0.000000
0.000000
0.000000
0.000000
0.000000
0.000000
0.000000
0.000000
0.000000
0.000000
0.000000
0.000000
0.000000
0.000000
0.000000
0.000000
0.000000
0.000000
0.000000
0.000000
0.000000
0.000000
0.000000
0.000000
0.000000
0.000000
0.000000
0.000000
0.000000
0.000000
0.000000
0.000000
0.000000
0.000000
0.000000
0.000000
0.000000
0.000000
0.000000
0.000000
0.000000
0.000000
0.000000
0.000000
0.000000
0.000000
0.000000
0.000000
0.000000
0.000000
0.000000
0.000000
0.000000
0.000000
0.000000
0.000000
0.000000
0.000000
0.000000
0.000000
0.000000
0.000000
0.000000
0.000000
0.000000
0.000000
0.000000
0.000000
0.000000
0.000000
0.000000
0.000000
0.000000
0.000000
0.000000
0.000000
0.000000
0.000000
0.000000
0.000000
0.000000
0.000000
0.000000
0.000000
0.000000
0.000000
0.000000
0.000000
0.000000
0.000000
0.000000
0.000000
0.000000
0.000000
0.000000
0.000000
0.000000
0.000000
0.000000
0.000000
0.000000
0.000000
0.000000
0.000000
0.000000
0.000000
0.000000
0.000000
0.000000
0.000000
0.000000
0.000000
0.000000
0.000000
0.000000
0.000000
0.000000
0.000000
0.000000
0.000000
0.000000
0.000000
0.000000
0.000000
0.000000
0.000000
0.000000
0.000000
0.000000
0.000000
0.000000
0.000000
0.000000
0.000000
0.000000
0.000000
0.000000
0.000000
0.000000
0.000000
0.000000
0.000000
0.000000
0.000000
0.000000
0.000000
0.000000
0.000000
0.000000
0.000000
0.000000
0.000000
0.000000
0.000000
0.000000
0.000000
0.000000
0.000000
0.000000
0.000000
0.000000
0.000000
0.000000
0.000000
0.000000
0.000000
0.000000
0.000000
0.000000
0.000000
0.000000
0.000000
0.000000
0.000000
0.000000
0.000000
0.000000
0.000000
0.000000
0.000000
0.000000
0.000000
0.000000
0.000000
0.000000
0.000000
0.000000
0.000000
0.000000
0.000000
0.000000
0.000000
0.000000
0.000000
0.000000
0.000000
0.000000
0.000000
0.000000
0.000000
0.000000
0.000000
0.000000
0.000000
