0.000000
0.000000
0.000000
0.000000
0.335376
1.958192
4.629305
16.265370
44.333179
89.342786
160.782139
301.902815
478.472725
736.791290
1110.545373
1721.972779
2451.103831
3327.745975
4452.652282
5818.684490
7341.756675
9307.603634
11461.235279
13842.743392
16442.301773
19012.092837
22032.814235
25005.087203
28135.606974
31261.056899
34502.493492
37843.036723
41172.768160
44281.525340
47514.606493
50260.435857
53534.340193
56503.880989
59594.083982
61921.204630
64286.925195
66447.823115
68508.033594
70290.674047
72213.762272
73836.227103
75269.191195
76441.982471
77775.151980
78714.461646
79957.997409
80884.647866
81642.394459
82305.336719
82807.943790
83362.933334
84010.848739
83998.327749
84341.864595
84301.880595
84424.543306
84318.790710
84217.316763
83956.389439
83600.617976
83084.136436
82858.836801
82422.784858
82085.463957
81947.992890
81496.910377
81259.637414
80718.955900
79999.871445
79426.845444
78727.856997
78241.492738
77666.827142
77014.324485
76536.494568
76001.291517
75295.208664
74934.698998
74228.763576
73690.081554
73062.963041
72353.410923
71744.852790
71082.911016
70659.112842
70025.151184
69491.296681
68785.703358
68364.367073
67924.575167
67127.570439
66392.720640
65709.476146
65081.400650
64679.939782
63961.028996
62928.153579
62361.313392
61602.935643
60926.177224
60282.362168
59793.941317
59246.812982
58632.479790
58166.035043
57720.042616
57036.215240
56430.039183
56144.031071
55556.445965
54838.300088
54332.596856
53778.723107
53360.372259
52783.075744
52436.189384
51970.047907
51691.830421
51147.744474
50598.450938
50159.415456
49772.746775
49167.344264
48751.248345
48398.317456
47744.053501
47217.525141
46684.446379
46206.768166
45747.793384
45281.813043
44832.074950
44196.588360
43790.271611
43372.713309
42790.923955
42316.549380
41859.263988
41268.791230
40858.277770
40336.576136
39844.994423
39415.615223
38941.251392
38458.429444
38169.138744
37799.255479
37429.089354
37140.118410
36681.622928
36328.169438
35885.422204
35490.203268
35070.888017
34611.346599
34161.677669
33821.602617
33311.502350
32975.632596
32504.078826
32134.199876
31660.856516
31191.691628
30770.079104
30317.322294
29896.639210
29412.097035
29096.349320
28637.657818
28144.490400
27782.832928
27443.369301
27109.283327
26704.374619
26356.987502
26046.076922
25711.684768
25381.996548
25067.574089
24705.436000
24312.145341
23927.454877
23543.288782
23172.596734
22892.597475
22504.653142
22164.335087
21789.386790
21355.108566
20995.045995
20598.278528
20255.821686
19952.092325
19648.239590
19252.285546
18913.644456
18501.602314
18163.384776
17876.296346
17541.931559
17358.321665
17031.525621
16751.472327
16473.947419
16157.227895
15846.829497
15497.365053
15213.114177
14926.356182
14628.005517
14314.756056
13978.891543
13660.039273
13376.295383
13106.571112
12814.236488
12548.333087
12277.759485
11974.252616
11623.413843
11380.367972
11133.803172
10884.286114
10645.052675
10381.179437
10121.314174
9896.380813
9710.553446
9472.337405
9198.826472
8963.042258
8742.535032
8562.672185
8356.254288
8130.526137
7933.562499
7700.227921
7537.643930
7329.910092
7130.580682
6935.698985
6717.775894
6564.174835
6371.699239
6174.738254
5972.646859
5794.703569
5638.728991
5482.849522
5324.452167
5173.891909
5015.239804
4875.030203
4762.561343
4591.732751
4451.000088
4347.397793
4207.083158
4108.876389
4011.312002
3893.976384
3774.334370
3669.033226
3576.497710
3461.168142
3345.725882
3238.245897
3135.685336
3011.446117
2932.706038
2830.427442
2719.578501
2641.860883
2553.219821
2458.279568
2367.734276
2283.019958
2211.410935
2137.207161
2058.207600
1995.176228
1936.425471
1862.148456
1793.554996
1756.931063
1693.251033
1620.431283
1564.656691
1511.013075
1465.531057
1427.309565
1384.005762
1338.842003
1285.936183
1229.459032
1181.936513
1153.897589
1083.739191
1043.126640
1008.751212
970.758785
924.719507
887.087861
850.406416
820.007804
795.307090
764.298689
737.469751
712.568189
679.549888
644.865205
626.274139
586.226668
567.399169
546.483384
528.216120
504.357018
479.877085
456.328244
435.975268
418.890141
405.371998
382.489395
357.419870
343.068716
332.917673
316.184578
299.773342
286.174833
275.743553
265.118998
248.554322
229.170566
215.638234
204.450640
199.303904
191.168540
181.416294
173.210204
162.530324
157.192016
150.252870
140.679432
136.303613
129.353043
122.722727
115.731487
110.185136
109.256148
102.863009
97.859438
94.270863
88.779957
84.012190
76.913228
68.105673
65.840565
61.280715
60.115112
55.386447
52.335364
52.647139
50.588270
47.394091
47.138813
44.483631
40.154525
37.604827
34.220207
32.352333
32.481878
27.444223
25.489349
23.388403
21.005778
18.793403
19.460027
17.048082
15.284182
12.848081
11.460325
11.860520
12.377095
12.404963
11.453277
10.837449
9.406250
8.381623
8.337297
8.803834
7.655394
7.409706
6.773860
6.974055
6.277703
5.229745
4.567284
4.571421
4.040478
4.655905
4.562632
3.950256
3.209318
3.469812
3.480575
3.190269
3.202179
2.887483
2.178991
1.561520
1.524460
1.129781
1.267523
1.138475
1.025562
0.818299
0.375701
0.283600
0.290439
0.331955
0.497021
0.400251
0.412927
0.556957
0.403842
0.534869
0.285405
0.132144
0.164816
0.215523
0.191959
0.152299
0.122587
0.076864
0.030719
0.008370
0.069454
0.137641
0.147286
0.069380
0.091806
0.173723
0.063924
0.051711
0.069123
0.002726
0.020485
0.006107
0.000000
0.000000
0.000000
0.000000
0.000000
0.000000
0.000000
0.000000
0.000000
0.000000
0.000000
0.000000
0.000000
0.000000
0.000000
0.000000
0.000000
0.000000
0.000000
0.000000
0.000000
0.000000
0.000000
0.000000
0.000000
0.000000
0.000000
0.000000
0.000000
0.000000
0.000000
0.000000
0.000000
0.000000
0.000000
0.000000
0.000000
0.000000
0.000000
0.000000
0.000000
0.000000
0.000000
0.000000
0.000000
0.000000
0.000000
0.000000
0.000000
0.000000
0.000000
0.000000
0.000000
0.000000
0.000000
0.000000
0.000000
0.000000
0.000000
0.000000
0.000000
0.000000
0.000000
0.000000
0.000000
0.000000
0.000000
0.000000
0.000000
0.000000
0.000000
0.000000
0.000000
0.000000
0.000000
0.000000
0.000000
0.000000
0.000000
0.000000
0.000000
0.000000
0.000000
0.000000
0.000000
0.000000
0.000000
0.000000
0.000000
0.000000
0.000000
0.000000
0.000000
0.000000
0.000000
0.000000
0.000000
0.000000
0.000000
0.000000
0.000000
0.000000
0.000000
0.000000
0.000000
0.000000
0.000000
0.000000
0.000000
0.000000
0.000000
0.000000
0.000000
0.000000
0.000000
0.000000
0.000000
0.000000
0.000000
0.000000
0.000000
0.000000
0.000000
0.000000
0.000000
0.000000
0.000000
0.000000
0.000000
0.000000
0.000000
0.000000
0.000000
0.000000
0.000000
0.000000
0.000000
0.000000
0.000000
0.000000
0.000000
0.000000
0.000000
0.000000
0.000000
0.000000
0.000000
0.000000
0.000000
0.000000
0.000000
0.000000
0.000000
0.000000
0.000000
0.000000
0.000000
0.000000
0.000000
0.000000
0.000000
0.000000
0.000000
0.000000
0.000000
0.000000
0.000000
0.000000
0.000000
0.000000
0.000000
0.000000
0.000000
0.000000
0.000000
0.000000
0.000000
0.000000
0.000000
0.000000
0.000000
0.000000
0.000000
0.000000
0.000000
0.000000
0.000000
0.000000
0.000000
0.000000
0.000000
0.000000
0.000000
0.000000
0.000000
0.000000
0.000000
0.000000
0.000000
0.000000
0.000000
0.000000
0.000000
0.000000
0.000000
0.000000
0.000000
0.000000
0.000000
0.000000
0.000000
0.000000
0.000000
0.000000
0.000000
0.000000
0.000000
0.000000
0.000000
0.000000
0.000000
0.000000
0.000000
0.000000
0.000000
0.000000
0.000000
0.000000
0.000000
0.000000
0.000000
0.000000
0.000000
0.000000
0.000000
0.000000
0.000000
0.000000
0.000000
0.000000
0.000000
0.000000
0.000000
0.000000
0.000000
0.000000
0.000000
0.000000
0.000000
0.000000
0.000000
0.000000
0.000000
0.000000
0.000000
0.000000
0.000000
0.000000
0.000000
0.000000
0.000000
0.000000
0.000000
0.000000
0.000000
0.000000
0.000000
0.000000
0.000000
0.000000
0.000000
0.000000
0.000000
0.000000
0.000000
0.000000
0.000000
0.000000
0.000000
0.000000
0.000000
0.000000
0.000000
0.000000
0.000000
0.000000
0.000000
0.000000
0.000000
0.000000
0.000000
0.000000
0.000000
0.000000
0.000000
0.000000
0.000000
0.000000
0.000000
0.000000
0.000000
0.000000
0.000000
0.000000
0.000000
0.000000
0.000000
0.000000
0.000000
0.000000
0.000000
0.000000
0.000000
0.000000
0.000000
0.000000
0.000000
0.000000
0.000000
0.000000
0.000000
0.000000
0.000000
0.000000
0.000000
0.000000
0.000000
0.000000
0.000000
0.000000
0.000000
0.000000
0.000000
0.000000
0.000000
0.000000
0.000000
0.000000
0.000000
0.000000
0.000000
0.000000
0.000000
0.000000
0.000000
0.000000
0.000000
0.000000
0.000000
0.000000
0.000000
0.000000
0.000000
0.000000
0.000000
0.000000
0.000000
0.000000
0.000000
0.000000
0.000000
0.000000
0.000000
0.000000
0.000000
0.000000
0.000000
0.000000
0.000000
0.000000
0.000000
0.000000
0.000000
0.000000
0.000000
0.000000
0.000000
0.000000
0.000000
0.000000
0.000000
0.000000
0.000000
0.000000
0.000000
0.000000
0.000000
0.000000
0.000000
0.000000
0.000000
0.000000
0.000000
0.000000
0.000000
0.000000
0.000000
0.000000
0.000000
0.000000
0.000000
0.000000
0.000000
0.000000
0.000000
0.000000
0.000000
0.000000
0.000000
0.000000
0.000000
0.000000
0.000000
0.000000
0.000000
0.000000
0.000000
0.000000
0.000000
0.000000
0.000000
0.000000
0.000000
0.000000
0.000000
0.000000
0.000000
0.000000
0.000000
0.000000
0.000000
0.000000
0.000000
0.000000
0.000000
0.000000
0.000000
0.000000
0.000000
0.000000
0.000000
0.000000
0.000000
0.000000
0.000000
0.000000
0.000000
0.000000
0.000000
0.000000
0.000000
0.000000
0.000000
0.000000
0.000000
0.000000
0.000000
0.000000
0.000000
0.000000
0.000000
0.000000
0.000000
0.000000
0.000000
0.000000
0.000000
0.000000
0.000000
0.000000
0.000000
0.000000
0.000000
0.000000
0.000000
0.000000
0.000000
0.000000
0.000000
0.000000
0.000000
0.000000
0.000000
0.000000
0.000000
0.000000
0.000000
0.000000
0.000000
0.000000
0.000000
0.000000
0.000000
0.000000
0.000000
0.000000
0.000000
0.000000
0.000000
0.000000
0.000000
0.000000
0.000000
0.000000
0.000000
0.000000
0.000000
0.000000
0.000000
0.000000
0.000000
0.000000
0.000000
0.000000
0.000000
0.000000
0.000000
0.000000
0.000000
0.000000
0.000000
0.000000
0.000000
0.000000
0.000000
0.000000
0.000000
0.000000
0.000000
0.000000
0.000000
0.000000
0.000000
0.000000
0.000000
0.000000
0.000000
0.000000
0.000000
0.000000
0.000000
0.000000
0.000000
0.000000
0.000000
0.000000
0.000000
0.000000
