0.000000
0.000000
0.000000
0.000000
0.000000
0.000000
0.000000
0.000000
0.000000
0.656666
2.843484
7.547429
12.099663
17.081655
36.446592
56.734606
68.773411
102.385113
157.618302
226.082463
328.041093
460.329180
622.710481
842.127511
1127.446743
1459.094295
1857.995253
2325.432511
2971.907645
3605.550231
4392.556178
5354.525376
6364.919844
7423.474802
8656.953079
10113.075576
11729.561988
13327.207970
15136.498130
16990.096205
18975.170491
21193.872775
23478.071506
25674.530996
28159.833648
30725.051396
33261.686439
35927.928156
38649.952610
41478.892716
44290.015766
47373.608266
50474.980339
53760.389176
56744.153118
59643.905331
62613.980219
65505.606740
68497.012649
71069.441196
73451.226318
75936.703741
78744.016510
81207.018671
83485.941319
85539.749021
87540.410680
89670.811734
91809.367651
93699.751028
95488.132758
96889.286690
98425.517188
100186.208867
101536.580893
102875.041706
104456.443953
105670.273299
106819.130169
108007.710121
108819.791633
109459.113387
110020.851588
110445.185802
110887.756408
110862.582666
110988.561218
110994.607727
111120.944511
110655.955034
110672.239417
110442.026650
110206.346232
109593.488119
108791.722316
108295.910405
107566.521171
106907.776499
106311.903847
105451.850506
104539.297919
103451.033478
102206.151267
100936.874899
99660.391020
98480.063289
97469.718302
96259.363831
95169.327491
94012.540635
92743.743680
91347.524690
90199.261865
88683.158410
87429.201120
86055.453876
84837.347208
83351.283994
82120.469569
80641.911859
79396.558620
78007.415897
76670.512321
75491.149843
74176.184712
72758.667234
71456.792965
70137.684393
68749.097560
67487.016317
66061.880065
64708.162737
63382.501459
62035.192140
60747.249307
59465.274908
58178.052797
56890.194822
55584.327903
54358.495409
53118.468467
52040.662281
50726.331199
49565.437748
48282.971460
47064.462251
45756.174095
44635.550685
43512.530278
42489.389512
41364.016706
40301.718391
39187.545874
38130.699072
37116.337956
36006.768777
34953.781208
34120.852095
33113.826564
32251.807172
31364.276776
30451.812066
29631.703292
28819.548139
27959.689774
27018.510189
26242.508832
25425.865190
24690.071588
24020.639984
23344.232494
22554.233315
21929.622191
21396.370558
20684.432788
20033.213888
19293.615563
18697.307516
18065.525552
17507.989886
16843.493857
16289.017865
15737.145202
15198.542166
14691.876988
14201.014763
13622.124098
13223.162338
12748.037975
12311.597600
11848.670622
11373.632434
10909.472648
10556.536600
10182.513402
9788.068065
9426.871017
9084.309846
8759.541976
8430.092241
8148.637474
7827.645855
7460.104083
7196.271020
6886.684923
6632.408999
6388.841316
6106.613331
5869.479065
5617.107838
5422.585487
5217.286312
5007.056862
4850.185507
4625.023583
4415.271706
4258.404944
4084.552469
3923.834553
3757.214326
3609.389017
3426.024703
3281.005425
3132.389777
2980.487639
2874.611385
2763.567439
2673.509281
2554.557506
2455.134763
2337.345807
2226.603456
2135.860283
2059.619809
1958.583999
1847.987434
1774.742390
1699.250424
1649.492131
1577.579320
1505.265929
1446.389461
1386.097136
1323.133966
1276.404449
1221.093031
1158.961960
1112.323810
1045.873604
988.523655
940.221858
898.172964
854.004906
822.199091
782.931995
737.848281
705.773065
677.508167
633.573119
599.855528
560.172667
519.854760
494.285371
470.072922
441.575839
422.055808
403.254969
382.722678
370.012743
355.453772
337.730376
324.159709
307.437267
286.165884
266.954080
246.706643
235.071760
219.234731
209.491516
199.345756
191.054282
179.432045
171.102179
163.510330
150.069684
140.878465
132.248233
129.223960
124.013395
116.102704
108.069673
101.742553
97.274303
92.833448
87.806467
81.746346
80.260254
75.593554
69.666138
65.793548
59.996722
56.799566
51.571429
48.928326
45.393148
47.128357
42.469907
38.143416
34.872202
33.414966
30.512561
27.274634
25.052592
25.003934
24.059316
23.731469
21.113505
18.230219
18.522668
18.421758
17.249209
16.762324
16.907800
17.234135
15.839892
15.434884
14.746683
14.346996
13.601446
12.299042
12.117915
12.482309
13.767038
11.015482
10.552316
9.562603
9.441351
7.865789
7.371928
7.310473
6.297379
6.460114
5.831153
4.512445
4.252050
3.680888
4.251413
3.397611
4.220470
3.739520
3.999040
3.473605
3.007984
3.093435
3.252731
2.527929
2.641235
2.904841
2.585390
2.876164
2.627826
2.850334
2.494762
2.998111
3.613031
3.781197
4.069252
3.793003
3.297347
3.005485
2.659177
2.662143
2.413259
1.838104
1.689956
1.508436
1.702348
1.593795
2.013324
1.743742
1.851897
2.048282
1.947002
1.789453
1.606417
1.836132
2.369050
1.832896
1.886371
1.411004
1.382577
1.706685
2.072601
1.656156
1.150337
1.113402
1.577509
1.698274
1.749213
1.147048
1.694360
1.271397
1.046252
0.715013
0.561282
0.603623
0.330088
0.255351
0.175264
0.213761
0.299901
0.230178
0.192910
0.063028
0.096419
0.018878
0.010466
0.031283
0.065053
0.039606
0.004607
0.000000
0.000000
0.000000
0.000000
0.000000
0.000000
0.000000
0.000000
0.000000
0.000000
0.000000
0.000000
0.000000
0.000000
0.000000
0.000000
0.000000
0.000000
0.000000
0.000000
0.000000
0.000000
0.000000
0.000000
0.000000
0.000000
0.000000
0.000000
0.000000
0.000000
0.000000
0.000000
0.000000
0.000000
0.000000
0.000000
0.000000
0.000000
0.000000
0.000000
0.000000
0.000000
0.000000
0.000000
0.000000
0.000000
0.000000
0.000000
0.000000
0.000000
0.000000
0.000000
0.000000
0.000000
0.000000
0.000000
0.000000
0.000000
0.000000
0.000000
0.000000
0.000000
0.000000
0.000000
0.000000
0.000000
0.000000
0.000000
0.000000
0.000000
0.000000
0.000000
0.000000
0.000000
0.000000
0.000000
0.000000
0.000000
0.000000
0.000000
0.000000
0.000000
0.000000
0.000000
0.000000
0.000000
0.000000
0.000000
0.000000
0.000000
0.000000
0.000000
0.000000
0.000000
0.000000
0.000000
0.000000
0.000000
0.000000
0.000000
0.000000
0.000000
0.000000
0.000000
0.000000
0.000000
0.000000
0.000000
0.000000
0.000000
0.000000
0.000000
0.000000
0.000000
0.000000
0.000000
0.000000
0.000000
0.000000
0.000000
0.000000
0.000000
0.000000
0.000000
0.000000
0.000000
0.000000
0.000000
0.000000
0.000000
0.000000
0.000000
0.000000
0.000000
0.000000
0.000000
0.000000
0.000000
0.000000
0.000000
0.000000
0.000000
0.000000
0.000000
0.000000
0.000000
0.000000
0.000000
0.000000
0.000000
0.000000
0.000000
0.000000
0.000000
0.000000
0.000000
0.000000
0.000000
0.000000
0.000000
0.000000
0.000000
0.000000
0.000000
0.000000
0.000000
0.000000
0.000000
0.000000
0.000000
0.000000
0.000000
0.000000
0.000000
0.000000
0.000000
0.000000
0.000000
0.000000
0.000000
0.000000
0.000000
0.000000
0.000000
0.000000
0.000000
0.000000
0.000000
0.000000
0.000000
0.000000
0.000000
0.000000
0.000000
0.000000
0.000000
0.000000
0.000000
0.000000
0.000000
0.000000
0.000000
0.000000
0.000000
0.000000
0.000000
0.000000
0.000000
0.000000
0.000000
0.000000
0.000000
0.000000
0.000000
0.000000
0.000000
0.000000
0.000000
0.000000
0.000000
0.000000
0.000000
0.000000
0.000000
0.000000
0.000000
0.000000
0.000000
0.000000
0.000000
0.000000
0.000000
0.000000
0.000000
0.000000
0.000000
0.000000
0.000000
0.000000
0.000000
0.000000
0.000000
0.000000
0.000000
0.000000
0.000000
0.000000
0.000000
0.000000
0.000000
0.000000
0.000000
0.000000
0.000000
0.000000
0.000000
0.000000
0.000000
0.000000
0.000000
0.000000
0.000000
0.000000
0.000000
0.000000
0.000000
0.000000
0.000000
0.000000
0.000000
0.000000
0.000000
0.000000
0.000000
0.000000
0.000000
0.000000
0.000000
0.000000
0.000000
0.000000
0.000000
0.000000
0.000000
0.000000
0.000000
0.000000
0.000000
0.000000
0.000000
0.000000
0.000000
0.000000
0.000000
0.000000
0.000000
0.000000
0.000000
0.000000
0.000000
0.000000
0.000000
0.000000
0.000000
0.000000
0.000000
0.000000
0.000000
0.000000
0.000000
0.000000
0.000000
0.000000
0.000000
0.000000
0.000000
0.000000
0.000000
0.000000
0.000000
0.000000
0.000000
0.000000
0.000000
0.000000
0.000000
0.000000
0.000000
0.000000
0.000000
0.000000
0.000000
0.000000
0.000000
0.000000
0.000000
0.000000
0.000000
0.000000
0.000000
0.000000
0.000000
0.000000
0.000000
0.000000
0.000000
0.000000
0.000000
0.000000
0.000000
0.000000
0.000000
0.000000
0.000000
0.000000
0.000000
0.000000
0.000000
0.000000
0.000000
0.000000
0.000000
0.000000
0.000000
0.000000
0.000000
0.000000
0.000000
0.000000
0.000000
0.000000
0.000000
0.000000
0.000000
0.000000
0.000000
0.000000
0.000000
0.000000
0.000000
0.000000
0.000000
0.000000
0.000000
0.000000
0.000000
0.000000
0.000000
0.000000
0.000000
0.000000
0.000000
0.000000
0.000000
0.000000
0.000000
0.000000
0.000000
0.000000
0.000000
0.000000
0.000000
0.000000
0.000000
0.000000
0.000000
0.000000
0.000000
0.000000
0.000000
0.000000
0.000000
0.000000
0.000000
0.000000
0.000000
0.000000
0.000000
0.000000
0.000000
0.000000
0.000000
0.000000
0.000000
0.000000
0.000000
0.000000
0.000000
0.000000
0.000000
0.000000
0.000000
0.000000
0.000000
0.000000
0.000000
0.000000
0.000000
0.000000
0.000000
0.000000
0.000000
0.000000
0.000000
0.000000
0.000000
0.000000
0.000000
0.000000
0.000000
0.000000
0.000000
0.000000
0.000000
0.000000
0.000000
0.000000
0.000000
0.000000
0.000000
0.000000
0.000000
0.000000
0.000000
0.000000
0.000000
0.000000
0.000000
0.000000
0.000000
0.000000
0.000000
0.000000
0.000000
0.000000
0.000000
0.000000
0.000000
0.000000
0.000000
0.000000
0.000000
0.000000
0.000000
0.000000
0.000000
0.000000
0.000000
0.000000
0.000000
0.000000
0.000000
0.000000
0.000000
0.000000
0.000000
0.000000
0.000000
0.000000
0.000000
0.000000
0.000000
0.000000
0.000000
0.000000
0.000000
0.000000
0.000000
0.000000
0.000000
0.000000
0.000000
0.000000
0.000000
0.000000
0.000000
0.000000
0.000000
0.000000
0.000000
0.000000
0.000000
0.000000
0.000000
0.000000
0.000000
0.000000
0.000000
0.000000
0.000000
0.000000
0.000000
0.000000
0.000000
0.000000
0.000000
0.000000
0.000000
0.000000
0.000000
0.000000
0.000000
0.000000
0.000000
0.000000
0.000000
0.000000
0.000000
0.000000
0.000000
0.000000
0.000000
0.000000
0.000000
0.000000
0.000000
0.000000
0.000000
0.000000
0.000000
0.000000
0.000000
0.000000
0.000000
0.000000
0.000000
0.000000
0.000000
0.000000
0.000000
0.000000
0.000000
0.000000
0.000000
0.000000
0.000000
0.000000
0.000000
0.000000
0.000000
