0.000000
0.000000
0.000000
0.000000
0.000000
0.000000
0.000000
0.000000
0.000000
0.000000
0.000000
0.000000
0.000000
1.255211
9.546147
16.720111
25.455306
31.484696
45.205295
76.636917
112.830581
169.668117
267.978683
368.078559
482.157947
653.914096
831.133272
1087.536935
1390.136883
1755.092586
2195.199881
2738.127462
3332.177522
3943.239990
4767.039235
5711.655093
6729.309103
7790.479878
9116.798379
10485.127142
11939.107779
13718.948062
15549.372222
17571.550856
19614.149095
21857.154528
24318.787829
26785.498914
29367.115935
32049.722267
34724.611765
37634.119152
40629.693071
43530.356406
46729.633156
49894.757074
53361.292567
56658.990613
59944.957436
62933.060341
66400.365740
69688.253949
73095.748750
76404.494661
79691.296448
82778.028155
85514.077617
88170.718915
90786.712212
93555.999169
96451.699046
99050.066403
101680.580661
103708.895539
105735.440116
107810.133601
109579.090877
111497.908657
113255.227535
114673.079675
116148.785932
117468.358991
118420.806896
119084.426469
119866.809395
120490.179735
121064.663142
121435.451516
121718.090215
121975.631458
122377.169467
122076.480623
121717.953938
121066.089675
120613.576352
120087.442629
119154.972801
118399.845235
117400.037296
116485.342490
115590.863306
114245.546208
113109.894608
111994.843554
110481.200986
109221.205618
107861.313212
106528.136486
105150.001628
103716.556079
102171.196129
100478.816837
99060.320083
97289.574876
95775.426699
94266.469044
92717.545848
90948.746753
89069.513250
87336.261992
85565.942308
83989.160986
82351.279272
80709.751215
78899.978281
77195.427257
75489.510578
73736.168128
72064.486495
70407.200136
68840.283442
67385.993052
65737.881896
64078.934139
62413.463304
60770.721521
59106.164579
57526.682870
55884.466449
54535.250571
53060.446812
51517.991273
50070.015593
48612.181955
47215.779786
45890.118643
44508.477111
43120.442570
41904.234268
40501.514922
39156.427354
37777.532102
36586.879485
35342.873751
34098.044990
32951.913912
31885.294398
30733.411420
29822.389177
28861.362898
27894.094332
26908.282025
25974.622790
25035.255540
24241.350254
23376.811250
22619.119307
21854.783309
21128.477251
20393.665993
19650.336376
18932.833686
18258.004064
17678.059757
17004.759771
16407.754339
15759.911521
15140.653661
14591.119781
13955.085652
13418.811594
12885.097222
12315.383947
11849.623923
11416.617084
10955.471001
10528.289310
10145.402253
9767.655791
9320.638133
8947.422254
8580.924017
8266.293327
7980.362604
7638.170493
7320.795772
7046.818022
6784.079748
6512.220248
6223.806566
5962.536187
5676.621972
5505.786040
5295.079069
5046.618804
4775.352310
4530.554891
4366.222201
4198.370215
4027.737381
3815.435398
3636.580666
3483.226095
3276.621140
3108.223558
2983.491750
2827.047899
2715.859872
2604.157815
2475.765575
2351.372664
2242.254676
2154.685678
2062.037909
1968.155740
1861.757297
1768.715626
1704.222058
1611.098444
1533.416868
1440.095214
1348.878759
1283.056735
1217.412135
1168.902501
1104.495466
1056.885938
1016.130404
954.324008
919.525137
876.293453
833.576244
789.055278
754.554681
730.820051
694.590333
667.090660
640.024472
606.412124
584.973271
555.325848
532.373158
496.025487
461.736018
449.468213
428.653199
413.814461
383.878134
373.160663
352.384768
334.991182
324.210475
303.193844
286.880755
269.824252
251.603778
235.491589
219.622991
204.277051
191.181987
178.901902
168.483084
165.524123
156.267309
148.057536
136.306171
129.267563
122.705369
110.920624
104.861261
97.124624
89.937808
80.803796
77.792665
73.904784
68.487349
64.739071
59.534798
55.207368
51.573377
50.404760
48.791531
44.875896
43.117069
41.398602
39.082445
42.264294
38.373291
35.751811
34.431153
33.472217
33.492526
30.690248
28.204765
25.939009
23.399969
23.122786
21.087502
18.900831
17.785935
17.180034
14.774828
14.138297
15.036887
14.278648
13.912912
12.442088
13.014760
12.871524
11.694748
11.053184
10.623857
10.218498
11.054440
9.644073
8.548192
7.636529
6.705353
5.824859
5.807474
6.214672
5.356525
5.249941
5.212810
5.202706
4.077126
3.713918
3.277426
3.371412
2.806445
2.419265
3.141349
3.477719
3.651651
3.124473
2.908176
2.529824
2.139643
2.339540
1.384571
1.236151
1.322907
0.897961
0.977998
0.632525
0.494757
0.493359
0.428538
0.192344
0.177031
0.164431
0.170622
0.090644
0.162068
0.078439
0.036620
0.024281
0.000000
0.000000
0.000000
0.000000
0.000000
0.000000
0.000000
0.000000
0.000000
0.000000
0.000000
0.000000
0.000000
0.000000
0.000000
0.000000
0.000000
0.000000
0.000000
0.000000
0.000000
0.000000
0.000000
0.000000
0.000000
0.000000
0.000000
0.000000
0.000000
0.000000
0.000000
0.000000
0.000000
0.000000
0.000000
0.000000
0.000000
0.000000
0.000000
0.000000
0.000000
0.000000
0.000000
0.000000
0.000000
0.000000
0.000000
0.000000
0.000000
0.000000
0.000000
0.000000
0.000000
0.000000
0.000000
0.000000
0.000000
0.000000
0.000000
0.000000
0.000000
0.000000
0.000000
0.000000
0.000000
0.000000
0.000000
0.000000
0.000000
0.000000
0.000000
0.000000
0.000000
0.000000
0.000000
0.000000
0.000000
0.000000
0.000000
0.000000
0.000000
0.000000
0.000000
0.000000
0.000000
0.000000
0.000000
0.000000
0.000000
0.000000
0.000000
0.000000
0.000000
0.000000
0.000000
0.000000
0.000000
0.000000
0.000000
0.000000
0.000000
0.000000
0.000000
0.000000
0.000000
0.000000
0.000000
0.000000
0.000000
0.000000
0.000000
0.000000
0.000000
0.000000
0.000000
0.000000
0.000000
0.000000
0.000000
0.000000
0.000000
0.000000
0.000000
0.000000
0.000000
0.000000
0.000000
0.000000
0.000000
0.000000
0.000000
0.000000
0.000000
0.000000
0.000000
0.000000
0.000000
0.000000
0.000000
0.000000
0.000000
0.000000
0.000000
0.000000
0.000000
0.000000
0.000000
0.000000
0.000000
0.000000
0.000000
0.000000
0.000000
0.000000
0.000000
0.000000
0.000000
0.000000
0.000000
0.000000
0.000000
0.000000
0.000000
0.000000
0.000000
0.000000
0.000000
0.000000
0.000000
0.000000
0.000000
0.000000
0.000000
0.000000
0.000000
0.000000
0.000000
0.000000
0.000000
0.000000
0.000000
0.000000
0.000000
0.000000
0.000000
0.000000
0.000000
0.000000
0.000000
0.000000
0.000000
0.000000
0.000000
0.000000
0.000000
0.000000
0.000000
0.000000
0.000000
0.000000
0.000000
0.000000
0.000000
0.000000
0.000000
0.000000
0.000000
0.000000
0.000000
0.000000
0.000000
0.000000
0.000000
0.000000
0.000000
0.000000
0.000000
0.000000
0.000000
0.000000
0.000000
0.000000
0.000000
0.000000
0.000000
0.000000
0.000000
0.000000
0.000000
0.000000
0.000000
0.000000
0.000000
0.000000
0.000000
0.000000
0.000000
0.000000
0.000000
0.000000
0.000000
0.000000
0.000000
0.000000
0.000000
0.000000
0.000000
0.000000
0.000000
0.000000
0.000000
0.000000
0.000000
0.000000
0.000000
0.000000
0.000000
0.000000
0.000000
0.000000
0.000000
0.000000
0.000000
0.000000
0.000000
0.000000
0.000000
0.000000
0.000000
0.000000
0.000000
0.000000
0.000000
0.000000
0.000000
0.000000
0.000000
0.000000
0.000000
0.000000
0.000000
0.000000
0.000000
0.000000
0.000000
0.000000
0.000000
0.000000
0.000000
0.000000
0.000000
0.000000
0.000000
0.000000
0.000000
0.000000
0.000000
0.000000
0.000000
0.000000
0.000000
0.000000
0.000000
0.000000
0.000000
0.000000
0.000000
0.000000
0.000000
0.000000
0.000000
0.000000
0.000000
0.000000
0.000000
0.000000
0.000000
0.000000
0.000000
0.000000
0.000000
0.000000
0.000000
0.000000
0.000000
0.000000
0.000000
0.000000
0.000000
0.000000
0.000000
0.000000
0.000000
0.000000
0.000000
0.000000
0.000000
0.000000
0.000000
0.000000
0.000000
0.000000
0.000000
0.000000
0.000000
0.000000
0.000000
0.000000
0.000000
0.000000
0.000000
0.000000
0.000000
0.000000
0.000000
0.000000
0.000000
0.000000
0.000000
0.000000
0.000000
0.000000
0.000000
0.000000
0.000000
0.000000
0.000000
0.000000
0.000000
0.000000
0.000000
0.000000
0.000000
0.000000
0.000000
0.000000
0.000000
0.000000
0.000000
0.000000
0.000000
0.000000
0.000000
0.000000
0.000000
0.000000
0.000000
0.000000
0.000000
0.000000
0.000000
0.000000
0.000000
0.000000
0.000000
0.000000
0.000000
0.000000
0.000000
0.000000
0.000000
0.000000
0.000000
0.000000
0.000000
0.000000
0.000000
0.000000
0.000000
0.000000
0.000000
0.000000
0.000000
0.000000
0.000000
0.000000
0.000000
0.000000
0.000000
0.000000
0.000000
0.000000
0.000000
0.000000
0.000000
0.000000
0.000000
0.000000
0.000000
0.000000
0.000000
0.000000
0.000000
0.000000
0.000000
0.000000
0.000000
0.000000
0.000000
0.000000
0.000000
0.000000
0.000000
0.000000
0.000000
0.000000
0.000000
0.000000
0.000000
0.000000
0.000000
0.000000
0.000000
0.000000
0.000000
0.000000
0.000000
0.000000
0.000000
0.000000
0.000000
0.000000
0.000000
0.000000
0.000000
0.000000
0.000000
0.000000
0.000000
0.000000
0.000000
0.000000
0.000000
0.000000
0.000000
0.000000
0.000000
0.000000
0.000000
0.000000
0.000000
0.000000
0.000000
0.000000
0.000000
0.000000
0.000000
0.000000
0.000000
0.000000
0.000000
0.000000
0.000000
0.000000
0.000000
0.000000
0.000000
0.000000
0.000000
0.000000
0.000000
0.000000
0.000000
0.000000
0.000000
0.000000
0.000000
0.000000
0.000000
0.000000
0.000000
0.000000
0.000000
0.000000
0.000000
0.000000
0.000000
0.000000
0.000000
0.000000
0.000000
0.000000
0.000000
0.000000
0.000000
0.000000
0.000000
0.000000
0.000000
0.000000
0.000000
0.000000
0.000000
0.000000
0.000000
0.000000
0.000000
0.000000
0.000000
0.000000
0.000000
0.000000
0.000000
0.000000
0.000000
0.000000
0.000000
0.000000
0.000000
0.000000
0.000000
0.000000
0.000000
0.000000
0.000000
0.000000
0.000000
0.000000
0.000000
0.000000
0.000000
0.000000
0.000000
0.000000
0.000000
0.000000
0.000000
0.000000
0.000000
0.000000
0.000000
0.000000
0.000000
0.000000
0.000000
0.000000
0.000000
0.000000
0.000000
0.000000
0.000000
0.000000
0.000000
0.000000
0.000000
0.000000
0.000000
0.000000
0.000000
0.000000
0.000000
0.000000
0.000000
0.000000
0.000000
0.000000
0.000000
0.000000
0.000000
0.000000
0.000000
0.000000
0.000000
0.000000
0.000000
0.000000
0.000000
0.000000
0.000000
0.000000
0.000000
0.000000
0.000000
0.000000
0.000000
0.000000
0.000000
0.000000
0.000000
0.000000
0.000000
0.000000
0.000000
0.000000
0.000000
0.000000
0.000000
0.000000
0.000000
0.000000
0.000000
0.000000
0.000000
0.000000
