0.000000
0.000000
0.000000
0.000000
0.000000
0.000000
0.000000
0.000000
0.000000
0.000000
0.000000
0.000000
0.000000
0.000000
0.000000
0.000000
0.000000
0.000000
0.000000
0.000000
0.000000
0.000000
0.000000
0.000000
0.004493
0.001238
0.005221
0.025398
0.044131
0.078678
0.163599
0.308930
0.670703
0.813161
1.726997
2.644339
4.511652
7.125071
11.752620
18.106356
28.286836
42.768175
64.355449
95.600365
139.181054
200.321232
284.117066
397.859100
550.430101
753.487904
1013.569272
1358.757380
1790.748735
2334.078104
3020.313472
3855.613770
4887.338815
6120.164977
7605.933586
9347.539285
11402.218442
13796.598729
16547.651758
19713.924640
23278.653253
27295.524444
31767.230369
36692.762050
42107.717176
47994.799474
54369.286586
61184.868671
68448.793718
76111.818735
84145.812199
92525.485465
101161.459465
110013.246827
119036.620762
128161.733306
137289.324396
146427.284994
155383.086760
164193.333560
172713.817801
180912.409766
188719.319690
196039.364050
202830.338652
209044.799102
214614.404445
219475.609013
223675.746389
227136.878048
229799.565054
231718.272503
232832.912835
233171.914935
232700.398709
231584.608924
229644.600230
227030.142119
223695.693525
219800.821366
215283.886246
210273.885135
204717.685820
198763.766825
192378.665774
185691.957049
178718.075789
171544.919898
164144.783450
156692.449376
149110.328137
141518.629845
133957.112388
126458.711818
119046.746531
111761.814658
104653.724723
97728.637387
91033.804911
84561.717271
78348.480978
72385.798739
66713.298655
61309.575149
56209.267813
51388.275699
46859.195651
42619.160266
38666.292648
34979.172573
31573.355068
28409.439923
25507.127898
22834.797452
20390.172590
18163.793623
16137.966173
14296.720734
12630.278761
11131.334000
9783.466488
8573.785699
7491.643168
6537.037268
5677.742601
4926.661005
4254.828841
3670.015051
3152.271724
2706.084546
2309.230864
1971.671170
1673.040196
1420.075362
1199.487719
1012.669824
850.309210
714.022696
595.399750
496.572451
412.172440
340.859738
281.425771
231.998376
190.216134
155.994642
126.821268
103.652107
83.624863
68.163498
54.387067
43.868512
34.992461
28.069401
22.212041
17.717461
14.035451
11.105362
8.630169
6.788999
5.273344
4.134398
3.178065
2.474197
1.842922
1.531370
1.083391
0.895725
0.629565
0.520375
0.362521
0.323414
0.217222
0.196598
0.141351
0.103689
0.070546
0.049596
0.029073
0.027396
0.016156
0.011845
0.008502
0.004699
0.004013
0.002592
0.001460
0.003166
0.001655
0.001068
0.000744
0.000250
0.000041
0.000007
0.000000
0.000000
0.000000
0.000000
0.000000
0.000000
0.000000
0.000000
0.000000
0.000000
0.000000
0.000000
0.000000
0.000000
0.000000
0.000000
0.000000
0.000000
0.000000
0.000000
0.000000
0.000000
0.000000
0.000000
0.000000
0.000000
0.000000
0.000000
0.000000
0.000000
0.000000
0.000000
0.000000
0.000000
0.000000
0.000000
0.000000
0.000000
0.000000
0.000000
0.000000
0.000000
0.000000
0.000000
0.000000
0.000000
0.000000
0.000000
0.000000
0.000000
0.000000
0.000000
0.000000
0.000000
0.000000
0.000000
0.000000
0.000000
0.000000
0.000000
0.000000
0.000000
0.000000
0.000000
0.000000
0.000000
0.000000
0.000000
0.000000
0.000000
0.000000
0.000000
0.000000
0.000000
0.000000
0.000000
0.000000
0.000000
0.000000
0.000000
0.000000
0.000000
0.000000
0.000000
0.000000
0.000000
0.000000
0.000000
0.000000
0.000000
0.000000
0.000000
0.000000
0.000000
0.000000
0.000000
0.000000
0.000000
0.000000
0.000000
0.000000
0.000000
0.000000
0.000000
0.000000
0.000000
0.000000
0.000000
0.000000
0.000000
0.000000
0.000000
0.000000
0.000000
0.000000
0.000000
0.000000
0.000000
0.000000
0.000000
0.000000
0.000000
0.000000
0.000000
0.000000
0.000000
0.000000
0.000000
0.000000
0.000000
0.000000
0.000000
0.000000
0.000000
0.000000
0.000000
0.000000
0.000000
0.000000
0.000000
0.000000
0.000000
0.000000
0.000000
0.000000
0.000000
0.000000
0.000000
0.000000
0.000000
0.000000
0.000000
0.000000
0.000000
0.000000
0.000000
0.000000
0.000000
0.000000
0.000000
0.000000
0.000000
0.000000
0.000000
0.000000
0.000000
0.000000
0.000000
0.000000
0.000000
0.000000
0.000000
0.000000
0.000000
0.000000
0.000000
0.000000
0.000000
0.000000
0.000000
0.000000
0.000000
0.000000
0.000000
0.000000
0.000000
0.000000
0.000000
0.000000
0.000000
0.000000
0.000000
0.000000
0.000000
0.000000
0.000000
0.000000
0.000000
0.000000
0.000000
0.000000
0.000000
0.000000
0.000000
0.000000
0.000000
0.000000
0.000000
0.000000
0.000000
0.000000
0.000000
0.000000
0.000000
0.000000
0.000000
0.000000
0.000000
0.000000
0.000000
0.000000
0.000000
0.000000
0.000000
0.000000
0.000000
0.000000
0.000000
0.000000
0.000000
0.000000
0.000000
0.000000
0.000000
0.000000
0.000000
0.000000
0.000000
0.000000
0.000000
0.000000
0.000000
0.000000
0.000000
0.000000
0.000000
0.000000
0.000000
0.000000
0.000000
0.000000
0.000000
0.000000
0.000000
0.000000
0.000000
0.000000
0.000000
0.000000
0.000000
0.000000
0.000000
0.000000
0.000000
0.000000
0.000000
0.000000
0.000000
0.000000
0.000000
0.000000
0.000000
0.000000
0.000000
0.000000
0.000000
0.000000
0.000000
0.000000
0.000000
0.000000
0.000000
0.000000
