0.000000
0.000000
0.000000
0.000000
0.000000
0.000000
0.000000
0.000000
0.000000
0.000000
0.000000
0.000000
0.000000
0.000000
0.000000
0.000000
0.000000
0.000000
0.000000
0.000000
0.000000
0.000000
0.000000
0.000000
0.000000
0.000000
0.000275
0.033513
0.081589
0.062053
0.154298
0.235789
0.288976
0.543602
0.909399
1.914497
2.711686
4.114854
6.463165
10.288884
15.387583
23.995925
36.343581
55.333555
80.440132
121.628326
174.111490
253.743163
351.581037
491.376180
683.558752
927.730120
1243.858017
1651.355374
2177.761587
2826.073434
3633.763130
4622.931274
5845.704331
7295.265967
9010.942892
11054.885725
13429.465524
16184.094189
19376.439634
22942.756268
27019.272325
31534.830875
36562.697859
42089.245649
48164.270259
54712.596265
61779.818398
69285.496479
77239.899599
85652.235776
94346.757261
103338.931244
112621.269479
122020.574160
131586.446646
141107.828094
150596.078523
160013.398518
169154.446061
178067.550663
186469.590152
194464.054697
201931.181709
208845.786174
215116.642656
220638.054565
225485.650627
229471.629012
232765.163042
235134.082275
236727.302504
237358.789108
237296.654843
236406.202945
234736.830912
232329.861641
229133.169467
225258.393638
220674.735671
215593.474556
209864.262872
203807.184475
197300.499832
190459.622409
183287.341600
175854.622478
168272.203063
160558.040283
152743.112309
144963.886082
137104.416569
129442.760345
121780.612311
114346.573730
107064.853999
99948.215653
93066.740939
86426.518347
80047.021321
73961.898372
68165.042920
62664.702363
57476.691407
52553.170607
47983.779942
43628.945700
39624.097687
35854.170168
32413.099382
29178.123488
26234.288333
23527.551496
21059.341815
18804.734104
16734.665959
14853.393743
13162.300257
11624.463359
10244.912865
9005.619508
7904.831163
6911.828368
6034.839899
5257.782327
4564.271346
3959.277112
3422.786516
2946.884012
2540.011368
2174.103134
1860.860245
1588.000645
1350.603256
1148.068869
975.658054
822.670691
694.006571
585.354883
489.830688
412.506210
344.903499
288.487838
240.188645
199.825401
166.565492
137.878078
114.354958
94.533496
76.895490
62.789556
51.420513
42.246908
33.905000
27.572262
22.218600
17.727575
14.355669
11.727202
9.485181
7.387965
5.920637
4.822732
3.902989
3.173273
2.471276
2.008300
1.500710
1.145742
0.937558
0.729205
0.542962
0.414057
0.306854
0.185289
0.159288
0.100886
0.084238
0.053003
0.042248
0.034402
0.034574
0.023348
0.019577
0.011702
0.008313
0.009509
0.006578
0.000000
0.000000
0.000000
0.000000
0.000000
0.000000
0.000000
0.000000
0.000000
0.000000
0.000000
0.000000
0.000000
0.000000
0.000000
0.000000
0.000000
0.000000
0.000000
0.000000
0.000000
0.000000
0.000000
0.000000
0.000000
0.000000
0.000000
0.000000
0.000000
0.000000
0.000000
0.000000
0.000000
0.000000
0.000000
0.000000
0.000000
0.000000
0.000000
0.000000
0.000000
0.000000
0.000000
0.000000
0.000000
0.000000
0.000000
0.000000
0.000000
0.000000
0.000000
0.000000
0.000000
0.000000
0.000000
0.000000
0.000000
0.000000
0.000000
0.000000
0.000000
0.000000
0.000000
0.000000
0.000000
0.000000
0.000000
0.000000
0.000000
0.000000
0.000000
0.000000
0.000000
0.000000
0.000000
0.000000
0.000000
0.000000
0.000000
0.000000
0.000000
0.000000
0.000000
0.000000
0.000000
0.000000
0.000000
0.000000
0.000000
0.000000
0.000000
0.000000
0.000000
0.000000
0.000000
0.000000
0.000000
0.000000
0.000000
0.000000
0.000000
0.000000
0.000000
0.000000
0.000000
0.000000
0.000000
0.000000
0.000000
0.000000
0.000000
0.000000
0.000000
0.000000
0.000000
0.000000
0.000000
0.000000
0.000000
0.000000
0.000000
0.000000
0.000000
0.000000
0.000000
0.000000
0.000000
0.000000
0.000000
0.000000
0.000000
0.000000
0.000000
0.000000
0.000000
0.000000
0.000000
0.000000
0.000000
0.000000
0.000000
0.000000
0.000000
0.000000
0.000000
0.000000
0.000000
0.000000
0.000000
0.000000
0.000000
0.000000
0.000000
0.000000
0.000000
0.000000
0.000000
0.000000
0.000000
0.000000
0.000000
0.000000
0.000000
0.000000
0.000000
0.000000
0.000000
0.000000
0.000000
0.000000
0.000000
0.000000
0.000000
0.000000
0.000000
0.000000
0.000000
0.000000
0.000000
0.000000
0.000000
0.000000
0.000000
0.000000
0.000000
0.000000
0.000000
0.000000
0.000000
0.000000
0.000000
0.000000
0.000000
0.000000
0.000000
0.000000
0.000000
0.000000
0.000000
0.000000
0.000000
0.000000
0.000000
0.000000
0.000000
0.000000
0.000000
0.000000
0.000000
0.000000
0.000000
0.000000
0.000000
0.000000
0.000000
0.000000
0.000000
0.000000
0.000000
0.000000
0.000000
0.000000
0.000000
0.000000
0.000000
0.000000
0.000000
0.000000
0.000000
0.000000
0.000000
0.000000
0.000000
0.000000
0.000000
0.000000
0.000000
0.000000
0.000000
0.000000
0.000000
0.000000
0.000000
0.000000
0.000000
0.000000
0.000000
0.000000
0.000000
0.000000
0.000000
0.000000
0.000000
0.000000
0.000000
0.000000
0.000000
0.000000
0.000000
0.000000
0.000000
0.000000
0.000000
0.000000
0.000000
0.000000
0.000000
0.000000
0.000000
0.000000
0.000000
0.000000
0.000000
0.000000
0.000000
0.000000
0.000000
0.000000
0.000000
0.000000
0.000000
0.000000
0.000000
0.000000
0.000000
0.000000
0.000000
0.000000
