0.000000
0.000000
0.019161
0.022458
0.113881
0.408390
1.028476
2.459150
5.557022
10.617226
20.456683
35.557887
58.817582
94.826275
150.357274
224.806981
331.514480
473.995775
662.079626
900.676175
1211.860902
1601.443512
2078.931414
2642.566462
3315.749802
4101.489120
5009.505990
6052.534610
7236.435369
8570.728526
10047.232708
11669.421227
13464.278034
15397.730296
17436.350057
19624.740179
21948.222593
24395.646124
26942.848785
29602.431847
32348.951273
35159.739886
38062.261617
41008.011703
43981.802624
46957.416158
49984.148382
52999.867042
55988.536487
58942.203925
61884.999260
64763.637856
67584.177005
70317.694611
73008.890136
75620.803268
78158.028378
80591.375565
82931.161147
85166.353005
87260.943607
89282.269124
91157.166011
92961.824684
94665.189921
96220.163137
97663.680454
98993.217020
100206.993687
101374.614635
102345.530982
103238.179704
104022.963167
104725.893519
105317.224038
105823.891564
106222.055958
106559.436033
106783.377513
106909.497432
106966.925428
106929.658872
106823.738350
106671.118545
106442.518941
106106.724431
105713.396706
105246.366408
104765.251251
104211.332103
103622.594909
102957.149862
102237.945209
101493.879176
100699.815493
99882.583999
99018.295797
98099.131742
97153.671425
96206.032577
95211.740645
94198.898155
93175.752886
92108.513225
91038.955133
89958.706258
88867.747435
87740.099616
86606.726563
85458.860015
84302.507483
83132.884721
81970.639373
80788.681201
79623.340057
78435.642675
77236.735551
76019.118844
74813.463785
73609.371569
72403.222970
71193.430024
69976.435310
68777.077953
67576.256535
66371.765385
65170.873939
63972.612024
62785.974357
61609.000089
60419.543916
59256.092930
58096.024761
56925.748492
55769.858798
54618.815006
53469.906460
52351.663993
51228.164814
50110.520401
49015.514908
47921.975932
46836.423360
45761.564524
44694.803575
43638.803846
42604.726355
41578.159888
40564.063974
39561.124243
38570.133364
37597.351903
36639.942536
35692.590086
34749.252305
33819.188434
32896.339691
31995.734068
31119.108503
30244.175390
29389.043393
28550.411648
27723.636392
26900.929228
26093.943450
25301.753467
24539.224279
23780.168351
23040.623228
22322.234812
21607.729483
20913.543629
20232.360183
19570.054026
18923.748095
18286.397983
17676.005231
17072.055695
16483.518439
15912.240981
15349.069531
14809.966328
14284.658434
13778.564303
13284.823587
12800.301478
12323.318035
11860.172929
11411.302244
10983.776037
10561.643994
10150.120088
9756.402974
9371.634009
8995.133917
8631.455294
8277.408309
7937.889700
7606.697362
7288.180789
6974.013206
6677.706903
6390.433805
6108.891315
5840.178363
5581.815655
5330.336740
5090.845268
4855.896963
4635.104755
4421.228241
4209.712507
4012.189683
3821.410548
3638.987135
3464.451859
3293.408497
3134.705456
2982.577081
2834.090518
2693.183897
2558.562096
2427.965570
2304.169292
2184.144462
2072.204803
1960.721868
1854.636072
1755.810388
1661.527757
1572.145107
1484.540240
1402.435191
1323.458143
1249.475567
1179.205439
1113.157138
1048.241566
988.022536
929.552760
875.139901
823.177887
774.384435
727.421230
683.383691
642.305801
601.452736
563.021770
527.692630
493.585715
462.673416
433.978367
406.762116
380.894430
356.549508
333.083506
311.842610
291.554068
272.256996
253.869436
237.482428
222.020460
206.536119
192.469543
179.038290
166.756688
154.879362
143.888627
133.669835
124.397764
116.281437
107.987051
100.874666
93.641206
86.769015
80.554211
74.687799
68.996954
63.744668
59.112486
54.754759
50.981012
47.629883
44.032131
40.877425
37.717220
34.669418
32.187691
29.432866
27.038818
24.856496
22.893070
21.149427
19.344467
17.648256
16.209312
14.808125
13.561188
12.501022
11.304531
10.344512
9.410537
8.654795
7.934390
7.179381
6.480130
5.836801
5.208769
4.712817
4.161067
3.706305
3.272701
2.956158
2.671540
2.377845
2.100642
1.904267
1.695361
1.544809
1.454344
1.309909
1.150636
1.040284
0.932344
0.832240
0.752788
0.675828
0.597361
0.532569
0.477221
0.408697
0.377503
0.354326
0.324456
0.270639
0.260517
0.244546
0.231853
0.208142
0.188352
0.181577
0.161587
0.132550
0.107182
0.104958
0.093351
0.081669
0.076705
0.067035
0.066687
0.060445
0.048026
0.044266
0.033158
0.026431
0.030006
0.020499
0.021020
0.018871
0.008350
0.003671
0.003858
0.002455
0.001859
0.002250
0.003758
0.001329
0.000916
0.000660
0.000648
0.000245
0.000000
0.000000
0.000000
0.000000
0.000000
0.000000
0.000000
0.000000
0.000000
0.000000
0.000000
0.000000
0.000000
0.000000
0.000000
0.000000
0.000000
0.000000
0.000000
0.000000
0.000000
0.000000
0.000000
0.000000
0.000000
0.000000
0.000000
0.000000
0.000000
0.000000
0.000000
0.000000
0.000000
0.000000
0.000000
0.000000
0.000000
0.000000
0.000000
0.000000
0.000000
0.000000
0.000000
0.000000
0.000000
0.000000
0.000000
0.000000
0.000000
0.000000
0.000000
0.000000
0.000000
0.000000
0.000000
0.000000
0.000000
0.000000
0.000000
0.000000
0.000000
0.000000
0.000000
0.000000
0.000000
0.000000
0.000000
0.000000
0.000000
0.000000
0.000000
0.000000
0.000000
0.000000
0.000000
0.000000
0.000000
0.000000
0.000000
0.000000
0.000000
0.000000
0.000000
0.000000
0.000000
0.000000
0.000000
0.000000
0.000000
0.000000
0.000000
0.000000
0.000000
0.000000
0.000000
0.000000
0.000000
0.000000
0.000000
0.000000
0.000000
0.000000
0.000000
0.000000
0.000000
0.000000
0.000000
0.000000
0.000000
0.000000
0.000000
0.000000
0.000000
0.000000
0.000000
0.000000
0.000000
0.000000
0.000000
0.000000
0.000000
0.000000
0.000000
0.000000
0.000000
0.000000
0.000000
0.000000
0.000000
0.000000
0.000000
0.000000
0.000000
0.000000
0.000000
0.000000
0.000000
0.000000
0.000000
0.000000
0.000000
0.000000
0.000000
0.000000
0.000000
0.000000
0.000000
0.000000
0.000000
0.000000
0.000000
0.000000
0.000000
0.000000
0.000000
0.000000
0.000000
0.000000
0.000000
0.000000
0.000000
0.000000
0.000000
0.000000
0.000000
0.000000
0.000000
0.000000
0.000000
0.000000
0.000000
0.000000
0.000000
0.000000
0.000000
0.000000
0.000000
0.000000
0.000000
0.000000
0.000000
0.000000
0.000000
0.000000
0.000000
0.000000
0.000000
0.000000
0.000000
0.000000
0.000000
0.000000
0.000000
0.000000
0.000000
0.000000
0.000000
0.000000
0.000000
0.000000
0.000000
0.000000
0.000000
0.000000
0.000000
0.000000
0.000000
0.000000
0.000000
0.000000
0.000000
0.000000
0.000000
0.000000
0.000000
0.000000
0.000000
0.000000
0.000000
0.000000
0.000000
0.000000
0.000000
0.000000
0.000000
0.000000
0.000000
0.000000
0.000000
0.000000
0.000000
0.000000
0.000000
0.000000
0.000000
0.000000
0.000000
0.000000
0.000000
0.000000
0.000000
0.000000
0.000000
0.000000
0.000000
0.000000
0.000000
0.000000
0.000000
0.000000
0.000000
0.000000
0.000000
0.000000
0.000000
0.000000
0.000000
0.000000
0.000000
0.000000
0.000000
0.000000
0.000000
0.000000
0.000000
0.000000
0.000000
0.000000
0.000000
0.000000
0.000000
0.000000
0.000000
0.000000
0.000000
0.000000
0.000000
0.000000
0.000000
0.000000
0.000000
0.000000
0.000000
0.000000
0.000000
0.000000
0.000000
0.000000
0.000000
0.000000
0.000000
0.000000
0.000000
0.000000
0.000000
0.000000
0.000000
0.000000
0.000000
0.000000
0.000000
0.000000
0.000000
0.000000
0.000000
0.000000
0.000000
0.000000
0.000000
0.000000
0.000000
0.000000
0.000000
0.000000
0.000000
0.000000
0.000000
0.000000
0.000000
0.000000
0.000000
0.000000
0.000000
0.000000
0.000000
0.000000
0.000000
0.000000
0.000000
0.000000
0.000000
0.000000
0.000000
0.000000
0.000000
0.000000
0.000000
0.000000
0.000000
0.000000
0.000000
0.000000
0.000000
0.000000
0.000000
0.000000
0.000000
0.000000
0.000000
0.000000
0.000000
0.000000
0.000000
0.000000
0.000000
0.000000
0.000000
0.000000
0.000000
0.000000
0.000000
0.000000
0.000000
0.000000
0.000000
0.000000
0.000000
0.000000
0.000000
0.000000
0.000000
0.000000
0.000000
0.000000
0.000000
0.000000
0.000000
0.000000
0.000000
0.000000
0.000000
0.000000
0.000000
0.000000
0.000000
0.000000
0.000000
0.000000
0.000000
0.000000
0.000000
0.000000
0.000000
0.000000
0.000000
0.000000
0.000000
0.000000
0.000000
0.000000
0.000000
0.000000
0.000000
0.000000
0.000000
0.000000
0.000000
0.000000
0.000000
0.000000
0.000000
0.000000
0.000000
0.000000
0.000000
0.000000
0.000000
0.000000
0.000000
0.000000
0.000000
0.000000
0.000000
0.000000
0.000000
0.000000
0.000000
0.000000
0.000000
0.000000
0.000000
0.000000
0.000000
0.000000
0.000000
0.000000
0.000000
0.000000
0.000000
0.000000
0.000000
0.000000
0.000000
0.000000
0.000000
0.000000
0.000000
0.000000
0.000000
0.000000
0.000000
0.000000
0.000000
0.000000
0.000000
0.000000
0.000000
0.000000
0.000000
0.000000
0.000000
0.000000
0.000000
0.000000
0.000000
0.000000
0.000000
0.000000
0.000000
0.000000
0.000000
0.000000
0.000000
0.000000
0.000000
0.000000
0.000000
0.000000
0.000000
0.000000
0.000000
0.000000
0.000000
0.000000
0.000000
0.000000
0.000000
0.000000
0.000000
0.000000
0.000000
0.000000
0.000000
0.000000
0.000000
0.000000
0.000000
0.000000
0.000000
0.000000
0.000000
0.000000
0.000000
0.000000
0.000000
0.000000
0.000000
0.000000
0.000000
0.000000
0.000000
0.000000
0.000000
0.000000
0.000000
0.000000
0.000000
0.000000
0.000000
0.000000
0.000000
0.000000
0.000000
0.000000
0.000000
0.000000
0.000000
0.000000
0.000000
0.000000
0.000000
0.000000
0.000000
0.000000
0.000000
0.000000
0.000000
0.000000
0.000000
0.000000
0.000000
0.000000
0.000000
0.000000
0.000000
0.000000
0.000000
0.000000
0.000000
0.000000
0.000000
0.000000
0.000000
0.000000
0.000000
0.000000
0.000000
0.000000
0.000000
0.000000
0.000000
0.000000
0.000000
0.000000
0.000000
0.000000
0.000000
0.000000
0.000000
0.000000
0.000000
0.000000
0.000000
0.000000
0.000000
0.000000
0.000000
0.000000
0.000000
0.000000
0.000000
0.000000
0.000000
0.000000
0.000000
0.000000
0.000000
0.000000
0.000000
0.000000
0.000000
0.000000
0.000000
0.000000
0.000000
0.000000
0.000000
0.000000
0.000000
0.000000
0.000000
0.000000
0.000000
0.000000
0.000000
0.000000
0.000000
0.000000
0.000000
0.000000
0.000000
0.000000
0.000000
0.000000
0.000000
0.000000
0.000000
0.000000
0.000000
0.000000
0.000000
0.000000
0.000000
0.000000
0.000000
0.000000
0.000000
0.000000
0.000000
0.000000
