0.000000
0.000000
0.000000
0.000000
0.000000
0.000000
0.000000
1.115314
4.124593
14.989199
37.933761
68.107632
132.065327
214.245012
343.584824
483.469103
741.699302
1032.523113
1373.712438
1845.191129
2454.239494
3152.889095
4058.167881
5041.323636
5994.423098
7265.193016
8583.156977
10058.031267
11610.421495
13198.289877
15022.122899
16911.980368
18808.519326
21118.246142
23288.196511
25480.358292
27881.501907
30254.332957
32895.095367
35465.727605
38338.854889
40917.478717
43544.892798
46194.104153
48799.284476
51395.817152
54207.192597
56552.657730
58854.641316
61246.131045
63250.400452
65484.045959
67597.011252
69596.171697
71562.377155
73694.495991
75540.548925
77421.452903
79169.506232
80722.731780
82239.478931
83660.220281
84588.338031
85983.087755
86966.018551
87912.672302
88468.712606
89025.124345
89893.192390
90411.762363
91277.684406
91549.918231
91952.405733
92365.680846
92476.957560
92447.227375
92772.066568
92857.737141
92704.126333
92736.840542
92585.793330
92520.187182
92216.506720
91862.445163
91247.824102
91055.862184
90638.656388
90130.303516
89579.706891
88929.250937
88239.349930
87692.546443
87239.102335
86548.720124
85981.553412
85327.840573
84705.581412
84315.223970
83773.348496
83128.060840
82284.577638
81454.587230
80771.294954
79902.917587
79315.074576
78574.295089
77851.615343
77232.501090
76387.373804
75331.784962
74491.500742
73481.425449
72609.232699
71810.286390
70983.988304
70194.153184
69214.609743
68339.765335
67820.500000
67016.608863
66126.632008
65308.768736
64447.493225
63754.240487
62928.059114
62035.460244
61004.626692
60230.310629
59355.590766
58518.365247
57610.678924
56681.449770
55755.565683
54872.005904
54043.877188
53100.804105
52137.702334
51175.581685
50372.427365
49593.822927
48873.711753
48148.475444
47254.307646
46466.382933
45716.928967
44862.649064
44136.807376
43466.832366
42699.700061
41936.519320
41212.454482
40498.876100
39831.492881
39141.542547
38419.945410
37709.816816
37069.054996
36398.903994
35669.596312
35056.631880
34372.184488
33790.721465
33108.237226
32467.998552
31772.458842
31068.723885
30420.740654
29820.920770
29242.076038
28616.004282
28036.404719
27472.929057
26883.256743
26320.782221
25937.393361
25403.094603
24808.379617
24294.679170
23687.759172
23172.911133
22671.080575
22120.810569
21636.869605
21215.315778
20718.016858
20236.996256
19788.116197
19326.958577
18847.225261
18430.431505
17964.873217
17638.341179
17162.087777
16799.904195
16341.584650
15954.258506
15576.215231
15176.371511
14822.706831
14385.763741
14067.275636
13697.030242
13435.683980
13111.511464
12731.338431
12392.210568
12015.432160
11674.609616
11450.807196
11192.090909
10855.457724
10601.255901
10407.267561
10134.655179
9806.547449
9539.057024
9325.487395
9044.156981
8780.005621
8491.922891
8257.832526
7994.861402
7741.609504
7482.775618
7238.336975
7058.624667
6848.080642
6589.102646
6364.073963
6174.114413
5982.037126
5779.747011
5582.394360
5454.625925
5319.668171
5174.459261
5035.336400
4893.759203
4739.150827
4592.457722
4443.236491
4328.582308
4169.160604
4037.441084
3902.586271
3773.539015
3653.376924
3520.278448
3390.684013
3267.874433
3168.789224
3065.780517
2957.547540
2847.699740
2749.428208
2640.919108
2539.537791
2434.244931
2359.108392
2246.051557
2153.689313
2083.235955
1985.187757
1925.711347
1842.892203
1767.445515
1686.260278
1615.038413
1549.211676
1492.370212
1433.715553
1396.629424
1356.305898
1291.526556
1234.656327
1201.743076
1149.195597
1092.653008
1066.055699
1033.731557
994.770985
940.240697
911.946422
881.258219
843.027795
813.653405
774.779630
758.532750
726.155955
683.600318
649.969201
628.238983
590.290934
566.293950
541.271091
515.306485
489.786428
469.343892
446.220431
437.601780
412.900691
398.425221
372.043722
358.025257
341.955307
320.417369
299.746964
287.161190
278.864590
264.954515
250.720220
234.079883
224.761236
213.538508
200.998671
187.809718
180.473609
172.143759
159.309987
152.435645
144.494979
140.057619
135.677810
126.151537
116.998846
112.284500
106.931128
100.619539
97.367718
92.180784
91.163436
88.279905
85.970475
85.810787
79.334268
73.457875
65.839450
61.693506
57.502164
50.798028
47.424784
47.724726
46.287129
45.962183
44.387783
42.662064
38.415994
38.559087
38.070217
37.027828
36.172148
33.784742
31.792062
30.904869
30.705118
28.332491
27.219554
23.980626
21.348550
21.630779
20.540782
17.413384
16.793395
15.212626
15.430164
12.605563
11.494315
10.861336
11.029597
10.046974
10.311674
10.362864
9.419186
8.919813
9.005467
9.001179
8.068898
10.135282
9.449112
8.387142
7.278325
7.041355
6.515055
6.100154
6.408262
5.801505
5.848656
6.249368
5.785208
6.237291
6.421255
6.098945
6.764576
5.427351
4.457028
4.598593
4.317363
4.318616
3.751488
3.135064
2.601333
1.563178
1.517013
1.132439
0.700553
0.567821
0.359654
0.281695
0.204842
0.055576
0.074190
0.042021
0.030948
0.028171
0.024725
0.040737
0.036070
0.000000
0.000000
0.000000
0.000000
0.000000
0.000000
0.000000
0.000000
0.000000
0.000000
0.000000
0.000000
0.000000
0.000000
0.000000
0.000000
0.000000
0.000000
0.000000
0.000000
0.000000
0.000000
0.000000
0.000000
0.000000
0.000000
0.000000
0.000000
0.000000
0.000000
0.000000
0.000000
0.000000
0.000000
0.000000
0.000000
0.000000
0.000000
0.000000
0.000000
0.000000
0.000000
0.000000
0.000000
0.000000
0.000000
0.000000
0.000000
0.000000
0.000000
0.000000
0.000000
0.000000
0.000000
0.000000
0.000000
0.000000
0.000000
0.000000
0.000000
0.000000
0.000000
0.000000
0.000000
0.000000
0.000000
0.000000
0.000000
0.000000
0.000000
0.000000
0.000000
0.000000
0.000000
0.000000
0.000000
0.000000
0.000000
0.000000
0.000000
0.000000
0.000000
0.000000
0.000000
0.000000
0.000000
0.000000
0.000000
0.000000
0.000000
0.000000
0.000000
0.000000
0.000000
0.000000
0.000000
0.000000
0.000000
0.000000
0.000000
0.000000
0.000000
0.000000
0.000000
0.000000
0.000000
0.000000
0.000000
0.000000
0.000000
0.000000
0.000000
0.000000
0.000000
0.000000
0.000000
0.000000
0.000000
0.000000
0.000000
0.000000
0.000000
0.000000
0.000000
0.000000
0.000000
0.000000
0.000000
0.000000
0.000000
0.000000
0.000000
0.000000
0.000000
0.000000
0.000000
0.000000
0.000000
0.000000
0.000000
0.000000
0.000000
0.000000
0.000000
0.000000
0.000000
0.000000
0.000000
0.000000
0.000000
0.000000
0.000000
0.000000
0.000000
0.000000
0.000000
0.000000
0.000000
0.000000
0.000000
0.000000
0.000000
0.000000
0.000000
0.000000
0.000000
0.000000
0.000000
0.000000
0.000000
0.000000
0.000000
0.000000
0.000000
0.000000
0.000000
0.000000
0.000000
0.000000
0.000000
0.000000
0.000000
0.000000
0.000000
0.000000
0.000000
0.000000
0.000000
0.000000
0.000000
0.000000
0.000000
0.000000
0.000000
0.000000
0.000000
0.000000
0.000000
0.000000
0.000000
0.000000
0.000000
0.000000
0.000000
0.000000
0.000000
0.000000
0.000000
0.000000
0.000000
0.000000
0.000000
0.000000
0.000000
0.000000
0.000000
0.000000
0.000000
0.000000
0.000000
0.000000
0.000000
0.000000
0.000000
0.000000
0.000000
0.000000
0.000000
0.000000
0.000000
0.000000
0.000000
0.000000
0.000000
0.000000
0.000000
0.000000
0.000000
0.000000
0.000000
0.000000
0.000000
0.000000
0.000000
0.000000
0.000000
0.000000
0.000000
0.000000
0.000000
0.000000
0.000000
0.000000
0.000000
0.000000
0.000000
0.000000
0.000000
0.000000
0.000000
0.000000
0.000000
0.000000
0.000000
0.000000
0.000000
0.000000
0.000000
0.000000
0.000000
0.000000
0.000000
0.000000
0.000000
0.000000
0.000000
0.000000
0.000000
0.000000
0.000000
0.000000
0.000000
0.000000
0.000000
0.000000
0.000000
0.000000
0.000000
0.000000
0.000000
0.000000
0.000000
0.000000
0.000000
0.000000
0.000000
0.000000
0.000000
0.000000
0.000000
0.000000
0.000000
0.000000
0.000000
0.000000
0.000000
0.000000
0.000000
0.000000
0.000000
0.000000
0.000000
0.000000
0.000000
0.000000
0.000000
0.000000
0.000000
0.000000
0.000000
0.000000
0.000000
0.000000
0.000000
0.000000
0.000000
0.000000
0.000000
0.000000
0.000000
0.000000
0.000000
0.000000
0.000000
0.000000
0.000000
0.000000
0.000000
0.000000
0.000000
0.000000
0.000000
0.000000
0.000000
0.000000
0.000000
0.000000
0.000000
0.000000
0.000000
0.000000
0.000000
0.000000
0.000000
0.000000
0.000000
0.000000
0.000000
0.000000
0.000000
0.000000
0.000000
0.000000
0.000000
0.000000
0.000000
0.000000
0.000000
0.000000
0.000000
0.000000
0.000000
0.000000
0.000000
0.000000
0.000000
0.000000
0.000000
0.000000
0.000000
0.000000
0.000000
0.000000
0.000000
0.000000
0.000000
0.000000
0.000000
0.000000
0.000000
0.000000
0.000000
0.000000
0.000000
0.000000
0.000000
0.000000
0.000000
0.000000
0.000000
0.000000
0.000000
0.000000
0.000000
0.000000
0.000000
0.000000
0.000000
0.000000
0.000000
0.000000
0.000000
0.000000
0.000000
0.000000
0.000000
0.000000
0.000000
0.000000
0.000000
0.000000
0.000000
0.000000
0.000000
0.000000
0.000000
0.000000
0.000000
0.000000
0.000000
0.000000
0.000000
0.000000
0.000000
0.000000
0.000000
0.000000
0.000000
0.000000
0.000000
0.000000
0.000000
0.000000
0.000000
0.000000
0.000000
0.000000
0.000000
0.000000
0.000000
0.000000
0.000000
0.000000
0.000000
0.000000
0.000000
0.000000
0.000000
0.000000
0.000000
0.000000
0.000000
0.000000
0.000000
0.000000
0.000000
0.000000
0.000000
0.000000
0.000000
0.000000
0.000000
0.000000
0.000000
0.000000
0.000000
0.000000
0.000000
0.000000
0.000000
0.000000
0.000000
0.000000
0.000000
0.000000
0.000000
0.000000
0.000000
0.000000
0.000000
0.000000
0.000000
0.000000
0.000000
0.000000
0.000000
0.000000
0.000000
0.000000
0.000000
0.000000
0.000000
0.000000
0.000000
0.000000
0.000000
0.000000
0.000000
0.000000
0.000000
0.000000
0.000000
0.000000
0.000000
0.000000
0.000000
0.000000
0.000000
0.000000
0.000000
0.000000
0.000000
0.000000
0.000000
0.000000
0.000000
0.000000
0.000000
0.000000
0.000000
0.000000
0.000000
0.000000
0.000000
0.000000
0.000000
0.000000
0.000000
0.000000
0.000000
0.000000
0.000000
0.000000
0.000000
0.000000
0.000000
0.000000
0.000000
0.000000
0.000000
0.000000
0.000000
0.000000
0.000000
0.000000
0.000000
0.000000
0.000000
0.000000
0.000000
0.000000
0.000000
0.000000
0.000000
0.000000
0.000000
0.000000
0.000000
0.000000
0.000000
0.000000
0.000000
0.000000
0.000000
0.000000
0.000000
0.000000
0.000000
0.000000
0.000000
0.000000
0.000000
0.000000
0.000000
