0.000000
0.000000
0.000000
0.000000
0.000000
0.000000
0.000000
0.000000
0.000000
0.000000
0.000000
0.000000
0.000000
0.000000
0.000000
0.000000
0.000000
0.000000
0.000000
0.000000
0.000000
0.000000
0.000000
0.000000
0.000000
0.000000
0.019293
0.001186
0.015763
0.136494
0.287398
0.499762
0.463036
1.112428
1.719635
3.254541
5.110537
8.861585
12.933784
21.168846
32.974385
49.370071
74.343860
109.202817
161.229518
232.275250
328.744034
457.167821
633.023516
858.262185
1157.570540
1538.899228
2030.899158
2641.054231
3382.039624
4303.307570
5426.788261
6765.199560
8371.068243
10259.280873
12465.130308
15013.325666
17925.013291
21217.193342
24942.858874
29098.718846
33728.113436
38748.478129
44264.002205
50232.984315
56652.801924
63487.912962
70687.695191
78197.578167
86052.197680
94201.476611
102584.465707
111145.698339
119768.054745
128453.259869
137163.954311
145726.384124
154139.401741
162371.105346
170316.645105
177909.552387
185093.235638
191843.284645
197993.871275
203611.137436
208641.763860
213096.299252
216824.119989
219870.669057
222261.251553
223882.893189
224802.159125
224965.739002
224534.738863
223357.910648
221562.917203
219105.488578
216058.935277
212522.776549
208410.107534
203831.024889
198812.486778
193331.867479
187633.497114
181570.437080
175234.500965
168705.879026
162052.647093
155158.511284
148272.737810
141331.183559
134384.588656
127498.345953
120632.477262
113887.653671
107290.707709
100783.212954
94435.570976
88349.234471
82410.578893
76752.637843
71277.600860
66057.756606
61078.586914
56335.391729
51854.988557
47641.204966
43643.343366
39892.788087
36395.379634
33116.405015
30063.707496
27225.156723
24593.346625
22194.883496
19968.536534
17931.480278
16079.598693
14371.145873
12824.045013
11409.760210
10141.573024
8984.140577
7942.621266
7007.972673
6162.718290
5405.881911
4725.958879
4125.388327
3595.823510
3129.038995
2715.626349
2349.798989
2032.101595
1747.970120
1503.263762
1286.792414
1103.661478
941.872595
800.306554
680.274580
578.612460
487.872149
412.515775
346.602556
289.693484
241.731738
202.121384
168.087598
139.940780
115.439589
96.177881
78.762621
64.854093
53.344186
43.195700
35.402156
28.045632
23.235554
18.920975
15.034647
12.038692
9.731839
7.830044
6.634367
5.078727
4.044471
3.312084
2.536325
1.996706
1.586167
1.294649
0.964809
0.855594
0.637583
0.507408
0.373561
0.311519
0.281246
0.226925
0.158361
0.148250
0.118485
0.102594
0.085633
0.071098
0.068277
0.036385
0.027792
0.032186
0.017085
0.021304
0.007819
0.005621
0.003185
0.003218
0.000000
0.000000
0.000000
0.000000
0.000000
0.000000
0.000000
0.000000
0.000000
0.000000
0.000000
0.000000
0.000000
0.000000
0.000000
0.000000
0.000000
0.000000
0.000000
0.000000
0.000000
0.000000
0.000000
0.000000
0.000000
0.000000
0.000000
0.000000
0.000000
0.000000
0.000000
0.000000
0.000000
0.000000
0.000000
0.000000
0.000000
0.000000
0.000000
0.000000
0.000000
0.000000
0.000000
0.000000
0.000000
0.000000
0.000000
0.000000
0.000000
0.000000
0.000000
0.000000
0.000000
0.000000
0.000000
0.000000
0.000000
0.000000
0.000000
0.000000
0.000000
0.000000
0.000000
0.000000
0.000000
0.000000
0.000000
0.000000
0.000000
0.000000
0.000000
0.000000
0.000000
0.000000
0.000000
0.000000
0.000000
0.000000
0.000000
0.000000
0.000000
0.000000
0.000000
0.000000
0.000000
0.000000
0.000000
0.000000
0.000000
0.000000
0.000000
0.000000
0.000000
0.000000
0.000000
0.000000
0.000000
0.000000
0.000000
0.000000
0.000000
0.000000
0.000000
0.000000
0.000000
0.000000
0.000000
0.000000
0.000000
0.000000
0.000000
0.000000
0.000000
0.000000
0.000000
0.000000
0.000000
0.000000
0.000000
0.000000
0.000000
0.000000
0.000000
0.000000
0.000000
0.000000
0.000000
0.000000
0.000000
0.000000
0.000000
0.000000
0.000000
0.000000
0.000000
0.000000
0.000000
0.000000
0.000000
0.000000
0.000000
0.000000
0.000000
0.000000
0.000000
0.000000
0.000000
0.000000
0.000000
0.000000
0.000000
0.000000
0.000000
0.000000
0.000000
0.000000
0.000000
0.000000
0.000000
0.000000
0.000000
0.000000
0.000000
0.000000
0.000000
0.000000
0.000000
0.000000
0.000000
0.000000
0.000000
0.000000
0.000000
0.000000
0.000000
0.000000
0.000000
0.000000
0.000000
0.000000
0.000000
0.000000
0.000000
0.000000
0.000000
0.000000
0.000000
0.000000
0.000000
0.000000
0.000000
0.000000
0.000000
0.000000
0.000000
0.000000
0.000000
0.000000
0.000000
0.000000
0.000000
0.000000
0.000000
0.000000
0.000000
0.000000
0.000000
0.000000
0.000000
0.000000
0.000000
0.000000
0.000000
0.000000
0.000000
0.000000
0.000000
0.000000
0.000000
0.000000
0.000000
0.000000
0.000000
0.000000
0.000000
0.000000
0.000000
0.000000
0.000000
0.000000
0.000000
0.000000
0.000000
0.000000
0.000000
0.000000
0.000000
0.000000
0.000000
0.000000
0.000000
0.000000
0.000000
0.000000
0.000000
0.000000
0.000000
0.000000
0.000000
0.000000
0.000000
0.000000
0.000000
0.000000
0.000000
0.000000
0.000000
0.000000
0.000000
0.000000
0.000000
0.000000
0.000000
0.000000
0.000000
0.000000
0.000000
0.000000
0.000000
0.000000
0.000000
0.000000
0.000000
0.000000
0.000000
0.000000
0.000000
0.000000
0.000000
0.000000
