0.000000
0.000000
0.000000
0.497996
12.273055
8.155220
18.495995
41.339903
85.978268
138.582131
223.749951
315.668331
521.085993
787.297176
1119.675195
1578.737855
2168.336400
2874.356841
3763.895795
4845.542328
6073.041083
7481.878341
9139.116910
10877.501549
12932.932396
14904.172462
17119.545507
19344.929369
21601.704740
23859.806602
26386.963019
29029.791030
31769.899557
34397.039136
37229.534823
39809.783798
42350.806451
45115.590323
47950.968615
50502.790058
52925.841928
55240.593732
57692.591420
60113.185923
62058.480872
64064.766512
66079.184106
67910.718046
69916.013844
71567.108168
73291.317335
75046.970500
76608.469919
77716.311611
78793.261015
79856.644001
81089.233561
81962.580184
82596.046669
82890.431715
83560.659340
84005.909934
84489.182243
84872.232689
84906.649160
85083.473181
85061.002772
85244.231641
85280.369535
85196.823000
84907.268867
84851.914177
84617.408983
84473.045148
84310.420606
83981.689395
83658.037620
83153.044254
82942.880563
82356.887408
81867.280933
81572.051379
80971.918059
80537.650518
80068.751654
79778.254763
79236.456070
78777.277798
78176.123408
77705.360081
77231.892697
76577.905272
75984.635636
75332.185802
74780.265936
74237.831528
73546.860534
72896.869831
72177.129177
71422.550766
70675.323079
70077.379175
69578.856316
69086.842644
68602.796960
67914.091602
67079.198998
66430.523018
65778.660543
65161.729877
64584.301833
63785.549247
63045.018537
62495.073072
61843.558461
61265.760805
60631.313035
59913.240733
59248.831801
58679.350361
57910.292266
57277.711638
56616.532699
56066.891843
55514.163314
54913.718977
54236.844665
53701.245312
53127.103990
52455.449202
51814.091893
51208.060927
50646.538836
49921.073822
49374.059657
48624.286714
47863.816560
47276.452800
46626.935691
46078.771562
45595.354472
44954.018629
44409.867467
43863.505844
43284.410738
42632.384453
42107.936365
41453.490508
40917.886422
40442.271906
39996.852686
39549.216029
38996.425713
38468.373627
38012.749375
37402.239695
36809.756991
36266.527986
35714.592392
35288.989850
34699.355603
34224.889753
33642.078323
33078.490461
32488.090450
31946.544759
31458.731023
30916.832116
30480.730863
30098.249577
29568.336357
29109.734427
28702.262398
28246.206025
27771.820611
27254.850947
26811.955137
26317.970642
25941.402136
25524.113419
25093.738391
24675.081053
24194.449700
23718.088776
23327.274463
22830.443260
22424.143335
22006.566154
21584.250418
21242.871812
20858.650124
20448.792224
20005.299244
19580.186117
19187.585189
18746.572901
18379.575617
18078.015850
17656.170809
17303.997872
16986.967666
16658.950069
16328.647072
15999.744844
15672.514523
15380.198234
15029.067507
14714.934464
14373.168840
14040.139560
13652.630413
13287.331424
12980.949328
12676.114982
12398.382127
12165.328896
11899.311880
11626.284946
11325.842449
11059.518607
10795.445155
10513.740892
10332.090501
10106.873120
9806.904836
9561.736755
9301.233997
9061.000508
8831.028610
8606.930792
8356.284858
8121.627523
7936.614331
7703.051238
7514.527522
7303.416340
7140.078649
6974.235314
6818.233691
6606.867913
6369.708325
6169.100944
5990.547676
5827.638990
5617.194008
5420.082782
5279.723800
5125.037308
4950.526750
4805.956289
4689.515467
4544.747439
4394.932829
4268.373159
4174.185455
4044.306507
3913.258207
3806.456656
3698.549116
3603.501096
3496.158299
3410.514377
3283.286644
3205.692491
3104.602938
3005.800552
2907.742282
2817.771694
2698.973545
2643.536271
2575.050587
2499.448203
2409.720221
2348.024116
2256.846652
2153.676988
2089.612795
2003.308402
1934.398911
1867.928327
1792.018687
1725.712933
1687.244846
1626.865093
1555.579950
1492.620965
1451.545621
1393.634735
1325.408790
1290.405968
1230.499275
1187.119384
1134.479692
1082.348523
1038.285134
989.134258
951.276105
914.558130
868.993437
828.518324
797.202651
770.572514
751.301963
714.589083
682.433652
656.525579
627.111132
604.283553
573.681357
542.453409
514.198009
498.725286
476.439012
460.912809
433.282132
414.098701
405.153914
389.492423
384.356519
376.376853
358.280603
338.694525
319.152954
299.912824
283.081261
274.495564
265.102971
256.414402
240.556487
226.459958
221.876711
219.920679
215.412241
204.663545
195.814865
184.825796
178.923030
174.389018
163.665137
160.499658
152.827235
144.905262
135.504550
127.418506
120.683670
116.238339
112.295870
106.633930
102.777808
96.384717
92.017241
86.594666
81.577997
79.006557
75.963724
71.493480
68.381989
62.670876
56.771105
52.809311
48.030599
45.807671
42.192320
40.103055
39.564206
39.871338
37.967600
37.549359
34.242694
33.736619
33.931339
32.392360
31.905839
30.209839
27.599278
24.763339
24.262564
22.308164
21.437756
18.615995
18.253608
16.587763
16.631506
15.156390
14.975969
13.785574
13.656414
13.580590
12.198991
13.458118
13.213550
13.102683
13.083050
11.717305
11.463073
10.442415
10.218790
8.805213
7.555431
5.366847
5.982179
5.691406
5.541559
4.777442
5.067334
4.933685
4.498136
3.843397
3.975822
3.792498
3.673784
3.551583
3.595276
3.251907
3.372247
3.335620
2.690720
2.272988
2.302626
1.509530
2.171337
2.408420
2.157651
1.616054
1.328498
1.414540
1.494515
1.446108
1.093434
1.063524
0.626106
0.770105
0.715035
0.745936
0.680900
0.413325
0.554941
0.805334
1.041433
1.137165
0.682086
0.844790
0.435339
0.508775
0.477568
0.316027
0.361339
0.260977
0.128356
0.155765
0.210333
0.278794
0.036507
0.000000
0.000000
0.000000
0.000000
0.000000
0.000000
0.000000
0.000000
0.000000
0.000000
0.000000
0.000000
0.000000
0.000000
0.000000
0.000000
0.000000
0.000000
0.000000
0.000000
0.000000
0.000000
0.000000
0.000000
0.000000
0.000000
0.000000
0.000000
0.000000
0.000000
0.000000
0.000000
0.000000
0.000000
0.000000
0.000000
0.000000
0.000000
0.000000
0.000000
0.000000
0.000000
0.000000
0.000000
0.000000
0.000000
0.000000
0.000000
0.000000
0.000000
0.000000
0.000000
0.000000
0.000000
0.000000
0.000000
0.000000
0.000000
0.000000
0.000000
0.000000
0.000000
0.000000
0.000000
0.000000
0.000000
0.000000
0.000000
0.000000
0.000000
0.000000
0.000000
0.000000
0.000000
0.000000
0.000000
0.000000
0.000000
0.000000
0.000000
0.000000
0.000000
0.000000
0.000000
0.000000
0.000000
0.000000
0.000000
0.000000
0.000000
0.000000
0.000000
0.000000
0.000000
0.000000
0.000000
0.000000
0.000000
0.000000
0.000000
0.000000
0.000000
0.000000
0.000000
0.000000
0.000000
0.000000
0.000000
0.000000
0.000000
0.000000
0.000000
0.000000
0.000000
0.000000
0.000000
0.000000
0.000000
0.000000
0.000000
0.000000
0.000000
0.000000
0.000000
0.000000
0.000000
0.000000
0.000000
0.000000
0.000000
0.000000
0.000000
0.000000
0.000000
0.000000
0.000000
0.000000
0.000000
0.000000
0.000000
0.000000
0.000000
0.000000
0.000000
0.000000
0.000000
0.000000
0.000000
0.000000
0.000000
0.000000
0.000000
0.000000
0.000000
0.000000
0.000000
0.000000
0.000000
0.000000
0.000000
0.000000
0.000000
0.000000
0.000000
0.000000
0.000000
0.000000
0.000000
0.000000
0.000000
0.000000
0.000000
0.000000
0.000000
0.000000
0.000000
0.000000
0.000000
0.000000
0.000000
0.000000
0.000000
0.000000
0.000000
0.000000
0.000000
0.000000
0.000000
0.000000
0.000000
0.000000
0.000000
0.000000
0.000000
0.000000
0.000000
0.000000
0.000000
0.000000
0.000000
0.000000
0.000000
0.000000
0.000000
0.000000
0.000000
0.000000
0.000000
0.000000
0.000000
0.000000
0.000000
0.000000
0.000000
0.000000
0.000000
0.000000
0.000000
0.000000
0.000000
0.000000
0.000000
0.000000
0.000000
0.000000
0.000000
0.000000
0.000000
0.000000
0.000000
0.000000
0.000000
0.000000
0.000000
0.000000
0.000000
0.000000
0.000000
0.000000
0.000000
0.000000
0.000000
0.000000
0.000000
0.000000
0.000000
0.000000
0.000000
0.000000
0.000000
0.000000
0.000000
0.000000
0.000000
0.000000
0.000000
0.000000
0.000000
0.000000
0.000000
0.000000
0.000000
0.000000
0.000000
0.000000
0.000000
0.000000
0.000000
0.000000
0.000000
0.000000
0.000000
0.000000
0.000000
0.000000
0.000000
0.000000
0.000000
0.000000
0.000000
0.000000
0.000000
0.000000
0.000000
0.000000
0.000000
0.000000
0.000000
0.000000
0.000000
0.000000
0.000000
0.000000
0.000000
0.000000
0.000000
0.000000
0.000000
0.000000
0.000000
0.000000
0.000000
0.000000
0.000000
0.000000
0.000000
0.000000
0.000000
0.000000
0.000000
0.000000
0.000000
0.000000
0.000000
0.000000
0.000000
0.000000
0.000000
0.000000
0.000000
0.000000
0.000000
0.000000
0.000000
0.000000
0.000000
0.000000
0.000000
0.000000
0.000000
0.000000
0.000000
0.000000
0.000000
0.000000
0.000000
0.000000
0.000000
0.000000
0.000000
0.000000
0.000000
0.000000
0.000000
0.000000
0.000000
0.000000
0.000000
0.000000
0.000000
0.000000
0.000000
0.000000
0.000000
0.000000
0.000000
0.000000
0.000000
0.000000
0.000000
0.000000
0.000000
0.000000
0.000000
0.000000
0.000000
0.000000
0.000000
0.000000
0.000000
0.000000
0.000000
0.000000
0.000000
0.000000
0.000000
0.000000
0.000000
0.000000
0.000000
0.000000
0.000000
0.000000
0.000000
0.000000
0.000000
0.000000
0.000000
0.000000
0.000000
0.000000
0.000000
0.000000
0.000000
0.000000
0.000000
0.000000
0.000000
0.000000
0.000000
0.000000
0.000000
0.000000
0.000000
0.000000
0.000000
0.000000
0.000000
0.000000
0.000000
0.000000
0.000000
0.000000
0.000000
0.000000
0.000000
0.000000
0.000000
0.000000
0.000000
0.000000
0.000000
0.000000
0.000000
0.000000
0.000000
0.000000
0.000000
0.000000
0.000000
0.000000
0.000000
0.000000
0.000000
0.000000
0.000000
0.000000
0.000000
0.000000
0.000000
0.000000
0.000000
0.000000
0.000000
0.000000
0.000000
0.000000
0.000000
0.000000
0.000000
0.000000
0.000000
0.000000
0.000000
0.000000
0.000000
0.000000
0.000000
0.000000
0.000000
0.000000
0.000000
0.000000
0.000000
0.000000
0.000000
0.000000
0.000000
0.000000
0.000000
0.000000
0.000000
0.000000
0.000000
0.000000
0.000000
0.000000
0.000000
0.000000
0.000000
0.000000
0.000000
0.000000
0.000000
0.000000
0.000000
0.000000
0.000000
0.000000
0.000000
0.000000
0.000000
0.000000
0.000000
0.000000
0.000000
0.000000
0.000000
0.000000
0.000000
0.000000
0.000000
0.000000
0.000000
0.000000
0.000000
0.000000
0.000000
0.000000
0.000000
0.000000
0.000000
0.000000
0.000000
0.000000
0.000000
0.000000
0.000000
0.000000
0.000000
0.000000
0.000000
0.000000
0.000000
0.000000
0.000000
0.000000
0.000000
0.000000
0.000000
0.000000
0.000000
0.000000
0.000000
0.000000
0.000000
0.000000
0.000000
0.000000
0.000000
0.000000
0.000000
0.000000
0.000000
0.000000
0.000000
0.000000
0.000000
