0.000000
0.000000
0.000000
0.000000
0.000000
0.000000
0.001338
0.019887
0.031650
0.159525
0.304738
0.608901
1.583445
3.710386
7.612448
14.241586
25.649297
44.706711
73.776750
116.966560
178.427307
268.814688
391.238549
553.208437
769.686978
1049.733875
1404.309373
1848.942337
2391.076725
3035.259990
3800.294829
4682.914948
5714.474814
6896.294951
8240.740057
9729.899481
11393.374900
13217.405287
15199.166653
17357.462270
19653.099730
22118.076235
24699.054731
27427.983038
30284.300952
33234.432506
36257.038053
39372.095396
42557.225437
45807.428338
49078.106134
52385.558372
55733.869414
59069.014363
62379.760522
65681.668414
68941.195238
72129.952503
75262.957829
78324.975595
81329.447047
84196.550474
86924.799925
89597.735478
92216.616148
94632.345031
96951.335020
99153.252174
101227.679834
103172.169288
104991.560717
106674.719152
108272.516839
109719.995265
111008.065429
112181.942542
113251.221347
114189.400083
114977.217082
115679.867348
116262.844845
116713.491963
117078.921583
117345.051820
117482.544429
117552.805153
117509.396488
117340.019434
117083.884785
116704.501928
116234.710105
115698.462181
115095.284244
114399.994891
113598.647648
112793.405676
111895.829298
110949.049880
109963.806851
108942.119666
107868.272651
106741.871637
105581.684468
104394.564266
103161.627916
101881.175022
100524.701614
99199.036695
97820.536205
96428.547582
95015.915017
93569.208934
92121.480936
90676.984988
89211.385679
87748.772062
86283.993615
84765.878169
83239.467324
81739.534686
80228.089301
78671.165409
77151.235353
75606.958520
74068.648961
72532.801892
70973.939414
69454.934027
67937.133896
66397.586327
64871.863805
63361.793022
61869.111903
60382.977770
58892.802968
57409.504782
55944.040016
54495.613116
53068.744896
51646.437915
50225.820445
48840.722962
47449.232355
46082.546842
44751.254202
43438.213443
42144.266041
40876.343245
39651.921215
38424.275564
37221.751282
36045.951305
34914.315883
33808.181346
32710.474001
31627.312691
30560.212804
29514.307356
28491.850105
27493.602439
26523.206791
25576.016733
24656.197910
23758.812696
22867.174817
22005.841678
21166.621022
20355.973442
19563.515178
18786.779624
18034.932895
17316.358491
16616.176220
15929.675223
15263.681308
14626.108241
14010.105822
13416.147981
12840.929233
12279.127264
11740.653936
11215.115644
10709.373829
10219.705113
9745.986049
9293.838536
8858.992494
8432.558834
8030.382647
7645.429041
7268.520452
6914.974016
6574.747478
6248.395506
5941.210300
5648.635146
5367.946632
5098.747170
4841.594074
4591.353829
4356.851940
4135.282764
3922.544636
3717.473611
3520.762211
3330.638951
3148.576139
2974.099353
2812.520192
2655.672166
2503.448877
2358.228935
2220.322265
2087.635895
1961.437261
1843.011495
1730.718346
1623.053827
1521.627831
1426.914411
1335.548341
1251.511633
1171.849469
1097.553305
1026.316755
958.973358
895.400448
839.048853
783.993460
734.433834
684.218805
636.373253
593.344007
552.561342
515.884063
480.177403
446.742001
415.590380
385.775674
358.151954
331.492008
306.604777
283.335718
261.158903
241.088132
222.139829
204.695325
188.329651
173.157338
159.085151
145.577659
133.507072
122.071238
111.656366
101.944037
93.168458
84.953251
77.692885
70.762380
64.035818
58.346156
53.249210
48.286880
44.035839
39.852423
36.512416
33.211314
29.887833
26.902049
24.220877
21.884952
19.832873
18.043911
16.448150
14.643582
13.112880
11.683058
10.765099
9.881311
9.002105
8.200814
7.400590
6.769395
6.198248
5.688464
5.085521
4.439314
4.043069
3.682793
3.247120
2.872100
2.490992
2.142570
1.788512
1.515211
1.287387
1.066924
0.847771
0.675083
0.581264
0.481105
0.386929
0.293554
0.241861
0.197870
0.154371
0.116215
0.090147
0.068367
0.046779
0.034415
0.026164
0.023427
0.015802
0.015133
0.012867
0.009516
0.004397
0.003827
0.001999
0.001362
0.000576
0.000170
0.000000
0.000000
0.000000
0.000000
0.000000
0.000000
0.000000
0.000000
0.000000
0.000000
0.000000
0.000000
0.000000
0.000000
0.000000
0.000000
0.000000
0.000000
0.000000
0.000000
0.000000
0.000000
0.000000
0.000000
0.000000
0.000000
0.000000
0.000000
0.000000
0.000000
0.000000
0.000000
0.000000
0.000000
0.000000
0.000000
0.000000
0.000000
0.000000
0.000000
0.000000
0.000000
0.000000
0.000000
0.000000
0.000000
0.000000
0.000000
0.000000
0.000000
0.000000
0.000000
0.000000
0.000000
0.000000
0.000000
0.000000
0.000000
0.000000
0.000000
0.000000
0.000000
0.000000
0.000000
0.000000
0.000000
0.000000
0.000000
0.000000
0.000000
0.000000
0.000000
0.000000
0.000000
0.000000
0.000000
0.000000
0.000000
0.000000
0.000000
0.000000
0.000000
0.000000
0.000000
0.000000
0.000000
0.000000
0.000000
0.000000
0.000000
0.000000
0.000000
0.000000
0.000000
0.000000
0.000000
0.000000
0.000000
0.000000
0.000000
0.000000
0.000000
0.000000
0.000000
0.000000
0.000000
0.000000
0.000000
0.000000
0.000000
0.000000
0.000000
0.000000
0.000000
0.000000
0.000000
0.000000
0.000000
0.000000
0.000000
0.000000
0.000000
0.000000
0.000000
0.000000
0.000000
0.000000
0.000000
0.000000
0.000000
0.000000
0.000000
0.000000
0.000000
0.000000
0.000000
0.000000
0.000000
0.000000
0.000000
0.000000
0.000000
0.000000
0.000000
0.000000
0.000000
0.000000
0.000000
0.000000
0.000000
0.000000
0.000000
0.000000
0.000000
0.000000
0.000000
0.000000
0.000000
0.000000
0.000000
0.000000
0.000000
0.000000
0.000000
0.000000
0.000000
0.000000
0.000000
0.000000
0.000000
0.000000
0.000000
0.000000
0.000000
0.000000
0.000000
0.000000
0.000000
0.000000
0.000000
0.000000
0.000000
0.000000
0.000000
0.000000
0.000000
0.000000
0.000000
0.000000
0.000000
0.000000
0.000000
0.000000
0.000000
0.000000
0.000000
0.000000
0.000000
0.000000
0.000000
0.000000
0.000000
0.000000
0.000000
0.000000
0.000000
0.000000
0.000000
0.000000
0.000000
0.000000
0.000000
0.000000
0.000000
0.000000
0.000000
0.000000
0.000000
0.000000
0.000000
0.000000
0.000000
0.000000
0.000000
0.000000
0.000000
0.000000
0.000000
0.000000
0.000000
0.000000
0.000000
0.000000
0.000000
0.000000
0.000000
0.000000
0.000000
0.000000
0.000000
0.000000
0.000000
0.000000
0.000000
0.000000
0.000000
0.000000
0.000000
0.000000
0.000000
0.000000
0.000000
0.000000
0.000000
0.000000
0.000000
0.000000
0.000000
0.000000
0.000000
0.000000
0.000000
0.000000
0.000000
0.000000
0.000000
0.000000
0.000000
0.000000
0.000000
0.000000
0.000000
0.000000
0.000000
0.000000
0.000000
0.000000
0.000000
0.000000
0.000000
0.000000
0.000000
0.000000
0.000000
0.000000
0.000000
0.000000
0.000000
0.000000
0.000000
0.000000
0.000000
0.000000
0.000000
0.000000
0.000000
0.000000
0.000000
0.000000
0.000000
0.000000
0.000000
0.000000
0.000000
0.000000
0.000000
0.000000
0.000000
0.000000
0.000000
0.000000
0.000000
0.000000
0.000000
0.000000
0.000000
0.000000
0.000000
0.000000
0.000000
0.000000
0.000000
0.000000
0.000000
0.000000
0.000000
0.000000
0.000000
0.000000
0.000000
0.000000
0.000000
0.000000
0.000000
0.000000
0.000000
0.000000
0.000000
0.000000
0.000000
0.000000
0.000000
0.000000
0.000000
0.000000
0.000000
0.000000
0.000000
0.000000
0.000000
0.000000
0.000000
0.000000
0.000000
0.000000
0.000000
0.000000
0.000000
0.000000
0.000000
0.000000
0.000000
0.000000
0.000000
0.000000
0.000000
0.000000
0.000000
0.000000
0.000000
0.000000
0.000000
0.000000
0.000000
0.000000
0.000000
0.000000
0.000000
0.000000
0.000000
0.000000
0.000000
0.000000
0.000000
0.000000
0.000000
0.000000
0.000000
0.000000
0.000000
0.000000
0.000000
0.000000
0.000000
0.000000
0.000000
0.000000
0.000000
0.000000
0.000000
0.000000
0.000000
0.000000
0.000000
0.000000
0.000000
0.000000
0.000000
0.000000
0.000000
0.000000
0.000000
0.000000
0.000000
0.000000
0.000000
0.000000
0.000000
0.000000
0.000000
0.000000
0.000000
0.000000
0.000000
0.000000
0.000000
0.000000
0.000000
0.000000
0.000000
0.000000
0.000000
0.000000
0.000000
0.000000
0.000000
0.000000
0.000000
0.000000
0.000000
0.000000
0.000000
0.000000
0.000000
0.000000
0.000000
0.000000
0.000000
0.000000
0.000000
0.000000
0.000000
0.000000
0.000000
0.000000
0.000000
0.000000
0.000000
0.000000
0.000000
0.000000
0.000000
0.000000
0.000000
0.000000
0.000000
0.000000
0.000000
0.000000
0.000000
0.000000
0.000000
0.000000
0.000000
0.000000
0.000000
0.000000
0.000000
0.000000
0.000000
0.000000
0.000000
0.000000
0.000000
0.000000
0.000000
0.000000
0.000000
0.000000
0.000000
0.000000
0.000000
0.000000
0.000000
0.000000
0.000000
0.000000
0.000000
0.000000
0.000000
0.000000
0.000000
0.000000
0.000000
0.000000
0.000000
0.000000
0.000000
0.000000
0.000000
0.000000
0.000000
0.000000
0.000000
0.000000
0.000000
0.000000
0.000000
0.000000
0.000000
0.000000
0.000000
0.000000
0.000000
0.000000
0.000000
0.000000
0.000000
0.000000
0.000000
0.000000
0.000000
0.000000
0.000000
0.000000
0.000000
0.000000
0.000000
0.000000
0.000000
0.000000
0.000000
0.000000
0.000000
0.000000
0.000000
0.000000
0.000000
0.000000
0.000000
0.000000
0.000000
0.000000
0.000000
0.000000
0.000000
0.000000
0.000000
0.000000
0.000000
0.000000
0.000000
0.000000
0.000000
0.000000
0.000000
0.000000
0.000000
0.000000
0.000000
0.000000
0.000000
0.000000
0.000000
0.000000
0.000000
0.000000
0.000000
0.000000
0.000000
0.000000
0.000000
0.000000
0.000000
0.000000
0.000000
0.000000
0.000000
0.000000
0.000000
0.000000
0.000000
0.000000
0.000000
0.000000
0.000000
0.000000
0.000000
0.000000
0.000000
0.000000
0.000000
0.000000
0.000000
0.000000
0.000000
0.000000
0.000000
0.000000
0.000000
0.000000
0.000000
0.000000
0.000000
0.000000
0.000000
0.000000
0.000000
0.000000
0.000000
0.000000
0.000000
0.000000
0.000000
0.000000
0.000000
0.000000
0.000000
0.000000
0.000000
0.000000
0.000000
0.000000
0.000000
0.000000
0.000000
0.000000
0.000000
0.000000
0.000000
0.000000
0.000000
0.000000
0.000000
0.000000
0.000000
0.000000
0.000000
0.000000
0.000000
0.000000
0.000000
0.000000
0.000000
0.000000
0.000000
0.000000
0.000000
0.000000
0.000000
0.000000
0.000000
0.000000
0.000000
0.000000
0.000000
0.000000
0.000000
0.000000
0.000000
0.000000
0.000000
0.000000
0.000000
0.000000
0.000000
0.000000
0.000000
