0.000000
0.331011
7.102271
21.040848
51.900751
155.104852
314.150893
644.490950
1116.260475
1813.786969
2852.595203
4085.949984
5806.088478
8097.016834
10918.063158
14130.895937
17520.099721
21189.933639
25359.926044
29796.827685
34652.648553
39420.336748
44154.630666
49385.306556
54229.948138
58795.982788
63151.428789
67410.324302
71379.559854
74568.531115
77874.903300
80959.454806
83422.012626
85633.446791
87402.759101
88614.555883
90137.190771
91188.003042
91495.486099
92078.135314
92325.792541
92244.018560
92221.372815
91794.108339
91597.544216
90977.514911
90291.364282
89752.482603
88843.511199
88157.936033
87163.160162
86094.948993
84865.903460
83721.091705
82733.438822
81361.241788
80378.635398
79344.816017
78100.271427
77031.739773
76008.149613
74626.867103
73483.131704
72401.720135
71327.049701
69997.044267
68961.124610
67677.878516
66733.874175
65877.280129
64777.346068
63724.399591
62676.334476
61768.532166
60716.870385
59893.182261
58878.844297
58040.515288
57394.327999
56752.083345
56171.551751
55493.682724
54743.737334
54020.638978
53310.165448
52348.329612
51813.157575
51025.938779
50600.735234
50115.092047
49458.449795
48782.273464
48194.661627
47553.455684
46949.804088
46368.921315
45958.388596
45579.861949
45150.431832
44587.530637
44062.957817
43499.634759
42939.311436
42688.414624
42289.557345
41859.425577
41511.599833
41245.295405
40733.198286
40469.932733
40365.550512
40032.077282
39690.998013
39364.782174
39282.116238
38899.033859
38585.656319
38333.504722
38055.496652
37663.132069
37424.102520
37182.021090
36861.458995
36512.282332
36292.179160
36129.349843
35921.340802
35651.376895
35358.150465
35166.308434
34811.971117
34670.401643
34445.730356
34185.750696
33892.145688
33763.305044
33631.106529
33541.532625
33350.644793
33230.660165
33111.174293
32941.285210
32779.346847
32577.604833
32362.300744
32238.968342
32094.273441
31957.407801
31717.827304
31477.808416
31425.460052
31383.670862
31259.264193
31107.380521
30956.359977
30715.525517
30427.487744
30255.076858
30109.924160
30001.413408
29921.819099
29754.776928
29669.405783
29543.565109
29248.548826
29030.715779
28865.924685
28815.251218
28625.042115
28435.922012
28187.560094
27977.519284
27772.511266
27530.063226
27470.773300
27251.268295
27043.191969
26926.373645
26723.702071
26485.672299
26302.619168
26075.970395
25760.141534
25597.432893
25393.795298
25259.286137
25099.169177
24861.493311
24701.690346
24455.723922
24272.343083
24062.091596
23871.073820
23692.717518
23457.337782
23250.358748
23088.403592
22852.496549
22675.069648
22406.973941
22111.617316
21875.428245
21652.923256
21489.029372
21283.263554
21027.089866
20779.672428
20506.449982
20239.514920
19998.106167
19818.020678
19601.695114
19378.362676
19164.697957
18911.418442
18605.217479
18377.609854
18147.870283
17984.622462
17807.011028
17539.464786
17329.224077
17054.152705
16803.236478
16567.505196
16304.747513
16059.653618
15798.296656
15593.994415
15342.353492
15037.895325
14764.067199
14557.802002
14311.667114
14117.373949
13889.103055
13650.829512
13382.317920
13146.818407
12949.401835
12765.287643
12430.213150
12185.130574
11949.913838
11745.265168
11492.824766
11255.433460
11008.345045
10758.555265
10512.739144
10301.851335
10095.506955
9910.772238
9668.581631
9459.732435
9256.185404
9041.558790
8837.918559
8633.231501
8410.977216
8203.635987
8006.030815
7847.570183
7628.621112
7503.836314
7318.881776
7127.492856
6951.914928
6820.983234
6639.223278
6463.436602
6312.158554
6150.919872
5962.039260
5802.682485
5684.821598
5523.718762
5389.869859
5255.530788
5144.675594
5015.415892
4882.542287
4731.133465
4592.227835
4503.452705
4352.234796
4205.563838
4083.687902
3955.267115
3832.193371
3727.638089
3608.352330
3519.345797
3426.851231
3353.879820
3235.457849
3121.349499
3043.873088
2937.588873
2867.310116
2760.557664
2678.674703
2603.019353
2495.684065
2415.705393
2353.051122
2251.502012
2170.491153
2104.335747
2024.820424
1956.348066
1881.407771
1810.509305
1738.005856
1673.660578
1604.339817
1564.649138
1519.954109
1463.196515
1412.629592
1368.410344
1328.568611
1290.815804
1245.162286
1196.721452
1160.585093
1115.636380
1073.980287
1020.478728
984.999362
945.517714
906.896999
872.120736
854.530055
808.167891
790.133892
756.400365
708.299948
670.216618
635.786508
610.637339
575.164391
559.252346
528.227125
502.707544
496.123818
481.833689
462.431358
441.478880
425.084995
412.069624
382.218054
364.922662
343.635800
329.818218
317.377893
301.638753
288.752380
273.382883
260.846080
249.329470
234.490362
222.165030
208.054361
192.299496
186.283788
177.931342
166.127288
160.032133
147.504534
143.182050
133.202019
123.814063
117.803975
112.515084
108.225037
100.517109
96.750646
92.400993
83.723824
76.161299
72.676919
68.450463
64.223315
60.107178
56.624061
55.688484
53.918278
48.607538
42.813551
38.582470
35.823233
33.733115
30.923622
28.559482
26.681651
26.451263
26.749391
25.816861
22.710643
20.599548
19.792703
21.029804
18.338952
18.206574
16.704939
17.032425
16.346374
15.069560
14.638307
14.093322
12.687021
11.796730
10.475143
10.388251
9.780371
9.427199
8.537515
8.061941
7.646983
6.656100
6.041813
5.474240
4.738543
4.083343
3.734099
3.122825
4.007169
2.888137
3.084041
3.217374
3.899383
3.768642
3.444854
3.003349
2.378713
2.396193
2.503943
1.726143
1.538505
1.606910
1.460533
1.147211
1.423216
1.227292
0.892908
0.591291
0.718658
0.872472
1.085740
0.951747
1.046495
0.822846
1.016975
1.224207
1.094424
0.708795
0.391931
0.418756
0.268830
0.211791
0.240869
0.365003
0.148909
0.108775
0.043649
0.039687
0.000000
0.000000
0.000000
0.000000
0.000000
0.000000
0.000000
0.000000
0.000000
0.000000
0.000000
0.000000
0.000000
0.000000
0.000000
0.000000
0.000000
0.000000
0.000000
0.000000
0.000000
0.000000
0.000000
0.000000
0.000000
0.000000
0.000000
0.000000
0.000000
0.000000
0.000000
0.000000
0.000000
0.000000
0.000000
0.000000
0.000000
0.000000
0.000000
0.000000
0.000000
0.000000
0.000000
0.000000
0.000000
0.000000
0.000000
0.000000
0.000000
0.000000
0.000000
0.000000
0.000000
0.000000
0.000000
0.000000
0.000000
0.000000
0.000000
0.000000
0.000000
0.000000
0.000000
0.000000
0.000000
0.000000
0.000000
0.000000
0.000000
0.000000
0.000000
0.000000
0.000000
0.000000
0.000000
0.000000
0.000000
0.000000
0.000000
0.000000
0.000000
0.000000
0.000000
0.000000
0.000000
0.000000
0.000000
0.000000
0.000000
0.000000
0.000000
0.000000
0.000000
0.000000
0.000000
0.000000
0.000000
0.000000
0.000000
0.000000
0.000000
0.000000
0.000000
0.000000
0.000000
0.000000
0.000000
0.000000
0.000000
0.000000
0.000000
0.000000
0.000000
0.000000
0.000000
0.000000
0.000000
0.000000
0.000000
0.000000
0.000000
0.000000
0.000000
0.000000
0.000000
0.000000
0.000000
0.000000
0.000000
0.000000
0.000000
0.000000
0.000000
0.000000
0.000000
0.000000
0.000000
0.000000
0.000000
0.000000
0.000000
0.000000
0.000000
0.000000
0.000000
0.000000
0.000000
0.000000
0.000000
0.000000
0.000000
0.000000
0.000000
0.000000
0.000000
0.000000
0.000000
0.000000
0.000000
0.000000
0.000000
0.000000
0.000000
0.000000
0.000000
0.000000
0.000000
0.000000
0.000000
0.000000
0.000000
0.000000
0.000000
0.000000
0.000000
0.000000
0.000000
0.000000
0.000000
0.000000
0.000000
0.000000
0.000000
0.000000
0.000000
0.000000
0.000000
0.000000
0.000000
0.000000
0.000000
0.000000
0.000000
0.000000
0.000000
0.000000
0.000000
0.000000
0.000000
0.000000
0.000000
0.000000
0.000000
0.000000
0.000000
0.000000
0.000000
0.000000
0.000000
0.000000
0.000000
0.000000
0.000000
0.000000
0.000000
0.000000
0.000000
0.000000
0.000000
0.000000
0.000000
0.000000
0.000000
0.000000
0.000000
0.000000
0.000000
0.000000
0.000000
0.000000
0.000000
0.000000
0.000000
0.000000
0.000000
0.000000
0.000000
0.000000
0.000000
0.000000
0.000000
0.000000
0.000000
0.000000
0.000000
0.000000
0.000000
0.000000
0.000000
0.000000
0.000000
0.000000
0.000000
0.000000
0.000000
0.000000
0.000000
0.000000
0.000000
0.000000
0.000000
0.000000
0.000000
0.000000
0.000000
0.000000
0.000000
0.000000
0.000000
0.000000
0.000000
0.000000
0.000000
0.000000
0.000000
0.000000
0.000000
0.000000
0.000000
0.000000
0.000000
0.000000
0.000000
0.000000
0.000000
0.000000
0.000000
0.000000
0.000000
0.000000
0.000000
0.000000
0.000000
0.000000
0.000000
0.000000
0.000000
0.000000
0.000000
0.000000
0.000000
0.000000
0.000000
0.000000
0.000000
0.000000
0.000000
0.000000
0.000000
0.000000
0.000000
0.000000
0.000000
0.000000
0.000000
0.000000
0.000000
0.000000
0.000000
0.000000
0.000000
0.000000
0.000000
0.000000
0.000000
0.000000
0.000000
0.000000
0.000000
0.000000
0.000000
0.000000
0.000000
0.000000
0.000000
0.000000
0.000000
0.000000
0.000000
0.000000
0.000000
0.000000
0.000000
0.000000
0.000000
0.000000
0.000000
0.000000
0.000000
0.000000
0.000000
0.000000
0.000000
0.000000
0.000000
0.000000
0.000000
0.000000
0.000000
0.000000
0.000000
0.000000
0.000000
0.000000
0.000000
0.000000
0.000000
0.000000
0.000000
0.000000
0.000000
0.000000
0.000000
0.000000
0.000000
0.000000
0.000000
0.000000
0.000000
0.000000
0.000000
0.000000
0.000000
0.000000
0.000000
0.000000
0.000000
0.000000
0.000000
0.000000
0.000000
0.000000
0.000000
0.000000
0.000000
0.000000
0.000000
0.000000
0.000000
0.000000
0.000000
0.000000
0.000000
0.000000
0.000000
0.000000
0.000000
0.000000
0.000000
0.000000
0.000000
0.000000
0.000000
0.000000
0.000000
0.000000
0.000000
0.000000
0.000000
0.000000
0.000000
0.000000
0.000000
0.000000
0.000000
0.000000
0.000000
0.000000
0.000000
0.000000
0.000000
0.000000
0.000000
0.000000
0.000000
0.000000
0.000000
0.000000
0.000000
0.000000
0.000000
0.000000
0.000000
0.000000
0.000000
0.000000
0.000000
0.000000
0.000000
0.000000
0.000000
0.000000
0.000000
0.000000
0.000000
0.000000
0.000000
0.000000
0.000000
0.000000
0.000000
0.000000
0.000000
0.000000
0.000000
0.000000
0.000000
0.000000
0.000000
0.000000
0.000000
0.000000
0.000000
0.000000
0.000000
0.000000
0.000000
0.000000
0.000000
0.000000
0.000000
0.000000
0.000000
0.000000
0.000000
0.000000
0.000000
0.000000
0.000000
0.000000
0.000000
0.000000
0.000000
0.000000
0.000000
0.000000
0.000000
0.000000
0.000000
0.000000
0.000000
0.000000
0.000000
0.000000
0.000000
0.000000
0.000000
0.000000
0.000000
0.000000
0.000000
0.000000
0.000000
0.000000
0.000000
0.000000
0.000000
0.000000
0.000000
0.000000
0.000000
0.000000
0.000000
0.000000
0.000000
0.000000
0.000000
0.000000
0.000000
0.000000
0.000000
0.000000
0.000000
0.000000
