0.000000
0.000000
0.000000
0.000000
0.000000
0.000000
0.000000
0.000000
0.000000
0.000000
0.419315
0.926897
0.980482
4.342874
7.850968
8.955412
12.550141
20.477157
28.135180
38.194727
46.096091
87.579322
142.732025
199.636945
291.577740
412.791239
586.680523
759.066198
1032.574313
1353.836448
1721.387675
2174.238916
2750.194764
3438.730836
4217.439163
5243.109307
6322.066611
7577.201187
8882.517101
10299.429209
12053.506157
13931.820969
16037.068084
18256.151712
20599.434182
23201.559513
25820.118336
28430.695434
31347.675479
34360.456623
37378.029010
40544.640398
43544.179477
46839.792257
50100.942697
53570.681614
56771.394100
60236.505620
63540.104482
66605.091968
70057.622358
73314.954907
76584.480736
79583.540026
82509.825800
85243.035942
88205.789037
90658.857915
93185.873174
95590.263664
98026.645152
100179.771399
102462.322577
104224.324116
106111.362498
107754.263547
109515.948172
111016.705460
112391.297187
113790.660867
115076.531772
116435.914433
117521.046174
118161.346028
118643.120252
118881.480315
119257.643425
119400.983808
119536.958289
119864.367464
119482.204676
119167.357168
118973.280886
118717.828258
118279.397163
117530.857396
116585.893813
115852.654783
115132.389012
114171.257047
113119.686441
112283.228429
111331.456365
110272.830094
109147.030453
107933.347575
106562.422032
104878.063490
103326.463296
101487.311909
99881.960497
98617.296027
96901.013137
95393.006316
93550.371359
91792.773719
90101.897547
88585.756512
87062.744067
85226.017479
83583.583455
81824.266706
80112.177793
78375.359738
76759.661392
75000.978050
73229.800653
71623.364867
70127.604548
68565.080130
66987.992421
65332.468886
63650.571025
62235.622032
60677.176309
59065.746052
57469.737133
56122.103693
54834.428943
53468.479319
52178.619330
50708.301517
49412.497302
47999.113429
46717.486072
45293.533150
44065.025417
42764.392883
41543.404272
40394.212601
39213.211441
37987.518016
36846.828010
35764.291932
34754.644301
33686.824588
32606.546729
31628.416703
30749.902150
29763.917733
28781.137551
27903.859195
26985.755878
26099.417588
25230.642906
24440.066704
23631.729915
22851.137717
22016.561759
21249.716408
20463.503158
19696.502508
18911.576631
18276.746359
17638.190706
17003.008367
16412.069653
15794.461730
15188.299074
14658.692375
14089.855883
13603.760359
13110.083521
12584.131770
12136.583654
11665.381847
11238.930812
10918.743884
10498.870502
10093.102976
9698.235915
9310.521978
8958.438428
8612.618327
8302.898965
7964.735490
7661.707060
7386.747783
7116.113103
6872.418253
6626.926268
6398.246038
6171.635260
5876.750652
5642.712717
5412.861229
5204.899127
4966.614967
4789.128509
4606.219185
4408.602729
4184.036998
3995.049369
3832.387825
3657.707611
3524.541336
3357.881163
3199.709970
3055.570233
2909.785634
2787.204698
2664.591599
2566.257528
2425.017881
2314.084262
2199.318866
2085.532829
1994.231924
1912.280547
1827.298504
1747.305485
1679.450638
1592.920758
1510.220417
1439.351849
1381.762445
1305.226752
1231.509273
1164.597004
1108.865306
1043.093444
991.862735
937.792519
888.843538
816.994015
766.543082
718.060776
681.536191
651.514341
607.623937
571.521825
544.526638
512.544708
494.136038
467.876139
431.088100
405.860052
386.837313
360.334828
344.153736
316.485043
303.421274
289.084970
268.992859
249.027551
235.510964
217.660808
202.309287
192.110963
179.791695
171.386393
154.798672
148.210904
139.943585
133.309358
123.526890
120.375255
108.968760
98.655380
89.506392
86.110981
77.775816
72.952449
70.842912
63.108059
62.224070
58.248627
54.609187
50.925093
48.814692
45.140738
41.550070
39.257735
36.133152
33.166811
31.856242
31.041561
29.012995
25.410809
25.246325
22.099246
19.586354
19.036728
17.675790
18.228851
16.640207
15.441895
15.461190
13.163219
12.897948
11.598201
11.601318
9.495187
8.022751
8.161390
5.793166
5.149584
4.293669
4.561184
4.382214
3.578452
2.427562
3.446851
3.006047
2.820567
3.395913
3.802568
3.468782
3.325422
3.621932
3.926685
4.333784
4.070720
3.705918
3.775370
3.352882
2.909020
2.792751
2.405361
2.858049
2.962352
2.632111
1.866418
1.861491
1.996512
2.359186
2.450232
3.031248
2.435394
2.089443
1.543866
1.276933
1.008690
0.875964
0.681600
0.527069
0.518075
0.500214
0.612859
0.672551
0.526997
0.374038
0.316983
0.324851
0.250149
0.087162
0.076363
0.092473
0.044712
0.000000
0.000000
0.000000
0.000000
0.000000
0.000000
0.000000
0.000000
0.000000
0.000000
0.000000
0.000000
0.000000
0.000000
0.000000
0.000000
0.000000
0.000000
0.000000
0.000000
0.000000
0.000000
0.000000
0.000000
0.000000
0.000000
0.000000
0.000000
0.000000
0.000000
0.000000
0.000000
0.000000
0.000000
0.000000
0.000000
0.000000
0.000000
0.000000
0.000000
0.000000
0.000000
0.000000
0.000000
0.000000
0.000000
0.000000
0.000000
0.000000
0.000000
0.000000
0.000000
0.000000
0.000000
0.000000
0.000000
0.000000
0.000000
0.000000
0.000000
0.000000
0.000000
0.000000
0.000000
0.000000
0.000000
0.000000
0.000000
0.000000
0.000000
0.000000
0.000000
0.000000
0.000000
0.000000
0.000000
0.000000
0.000000
0.000000
0.000000
0.000000
0.000000
0.000000
0.000000
0.000000
0.000000
0.000000
0.000000
0.000000
0.000000
0.000000
0.000000
0.000000
0.000000
0.000000
0.000000
0.000000
0.000000
0.000000
0.000000
0.000000
0.000000
0.000000
0.000000
0.000000
0.000000
0.000000
0.000000
0.000000
0.000000
0.000000
0.000000
0.000000
0.000000
0.000000
0.000000
0.000000
0.000000
0.000000
0.000000
0.000000
0.000000
0.000000
0.000000
0.000000
0.000000
0.000000
0.000000
0.000000
0.000000
0.000000
0.000000
0.000000
0.000000
0.000000
0.000000
0.000000
0.000000
0.000000
0.000000
0.000000
0.000000
0.000000
0.000000
0.000000
0.000000
0.000000
0.000000
0.000000
0.000000
0.000000
0.000000
0.000000
0.000000
0.000000
0.000000
0.000000
0.000000
0.000000
0.000000
0.000000
0.000000
0.000000
0.000000
0.000000
0.000000
0.000000
0.000000
0.000000
0.000000
0.000000
0.000000
0.000000
0.000000
0.000000
0.000000
0.000000
0.000000
0.000000
0.000000
0.000000
0.000000
0.000000
0.000000
0.000000
0.000000
0.000000
0.000000
0.000000
0.000000
0.000000
0.000000
0.000000
0.000000
0.000000
0.000000
0.000000
0.000000
0.000000
0.000000
0.000000
0.000000
0.000000
0.000000
0.000000
0.000000
0.000000
0.000000
0.000000
0.000000
0.000000
0.000000
0.000000
0.000000
0.000000
0.000000
0.000000
0.000000
0.000000
0.000000
0.000000
0.000000
0.000000
0.000000
0.000000
0.000000
0.000000
0.000000
0.000000
0.000000
0.000000
0.000000
0.000000
0.000000
0.000000
0.000000
0.000000
0.000000
0.000000
0.000000
0.000000
0.000000
0.000000
0.000000
0.000000
0.000000
0.000000
0.000000
0.000000
0.000000
0.000000
0.000000
0.000000
0.000000
0.000000
0.000000
0.000000
0.000000
0.000000
0.000000
0.000000
0.000000
0.000000
0.000000
0.000000
0.000000
0.000000
0.000000
0.000000
0.000000
0.000000
0.000000
0.000000
0.000000
0.000000
0.000000
0.000000
0.000000
0.000000
0.000000
0.000000
0.000000
0.000000
0.000000
0.000000
0.000000
0.000000
0.000000
0.000000
0.000000
0.000000
0.000000
0.000000
0.000000
0.000000
0.000000
0.000000
0.000000
0.000000
0.000000
0.000000
0.000000
0.000000
0.000000
0.000000
0.000000
0.000000
0.000000
0.000000
0.000000
0.000000
0.000000
0.000000
0.000000
0.000000
0.000000
0.000000
0.000000
0.000000
0.000000
0.000000
0.000000
0.000000
0.000000
0.000000
0.000000
0.000000
0.000000
0.000000
0.000000
0.000000
0.000000
0.000000
0.000000
0.000000
0.000000
0.000000
0.000000
0.000000
0.000000
0.000000
0.000000
0.000000
0.000000
0.000000
0.000000
0.000000
0.000000
0.000000
0.000000
0.000000
0.000000
0.000000
0.000000
0.000000
0.000000
0.000000
0.000000
0.000000
0.000000
0.000000
0.000000
0.000000
0.000000
0.000000
0.000000
0.000000
0.000000
0.000000
0.000000
0.000000
0.000000
0.000000
0.000000
0.000000
0.000000
0.000000
0.000000
0.000000
0.000000
0.000000
0.000000
0.000000
0.000000
0.000000
0.000000
0.000000
0.000000
0.000000
0.000000
0.000000
0.000000
0.000000
0.000000
0.000000
0.000000
0.000000
0.000000
0.000000
0.000000
0.000000
0.000000
0.000000
0.000000
0.000000
0.000000
0.000000
0.000000
0.000000
0.000000
0.000000
0.000000
0.000000
0.000000
0.000000
0.000000
0.000000
0.000000
0.000000
0.000000
0.000000
0.000000
0.000000
0.000000
0.000000
0.000000
0.000000
0.000000
0.000000
0.000000
0.000000
0.000000
0.000000
0.000000
0.000000
0.000000
0.000000
0.000000
0.000000
0.000000
0.000000
0.000000
0.000000
0.000000
0.000000
0.000000
0.000000
0.000000
0.000000
0.000000
0.000000
0.000000
0.000000
0.000000
0.000000
0.000000
0.000000
0.000000
0.000000
0.000000
0.000000
0.000000
0.000000
0.000000
0.000000
0.000000
0.000000
0.000000
0.000000
0.000000
0.000000
0.000000
0.000000
0.000000
0.000000
0.000000
0.000000
0.000000
0.000000
0.000000
0.000000
0.000000
0.000000
0.000000
0.000000
0.000000
0.000000
0.000000
0.000000
0.000000
0.000000
0.000000
0.000000
0.000000
0.000000
0.000000
0.000000
0.000000
0.000000
0.000000
0.000000
0.000000
0.000000
0.000000
0.000000
0.000000
0.000000
0.000000
0.000000
0.000000
0.000000
0.000000
0.000000
0.000000
0.000000
0.000000
0.000000
0.000000
0.000000
0.000000
0.000000
0.000000
0.000000
0.000000
0.000000
0.000000
0.000000
0.000000
0.000000
0.000000
0.000000
0.000000
0.000000
0.000000
0.000000
0.000000
0.000000
0.000000
0.000000
0.000000
0.000000
0.000000
0.000000
0.000000
0.000000
0.000000
0.000000
0.000000
0.000000
0.000000
0.000000
0.000000
0.000000
0.000000
0.000000
0.000000
0.000000
0.000000
0.000000
0.000000
0.000000
0.000000
0.000000
0.000000
0.000000
0.000000
0.000000
0.000000
0.000000
0.000000
0.000000
0.000000
0.000000
0.000000
0.000000
0.000000
0.000000
0.000000
0.000000
0.000000
0.000000
0.000000
0.000000
0.000000
0.000000
0.000000
0.000000
0.000000
0.000000
0.000000
0.000000
0.000000
0.000000
0.000000
0.000000
0.000000
0.000000
0.000000
0.000000
0.000000
0.000000
0.000000
0.000000
0.000000
0.000000
0.000000
0.000000
0.000000
0.000000
0.000000
0.000000
0.000000
0.000000
0.000000
0.000000
0.000000
0.000000
0.000000
0.000000
0.000000
0.000000
0.000000
0.000000
0.000000
0.000000
0.000000
0.000000
0.000000
0.000000
0.000000
0.000000
0.000000
