0.000000
0.000000
0.000000
0.000000
0.000000
0.000000
0.000000
0.000000
0.004462
0.019141
0.018145
0.038138
0.092247
0.126492
0.328655
0.737869
1.568567
2.917233
4.615246
7.626315
11.724014
18.665920
27.594842
42.365164
63.302029
90.176928
129.871193
181.341977
248.665132
337.174598
453.503875
596.454659
775.421276
1002.180446
1278.825485
1613.631947
2015.033897
2489.740163
3049.702981
3703.056597
4461.564422
5325.374930
6310.440528
7432.134942
8690.264940
10104.744523
11664.340532
13394.335429
15272.252200
17345.500971
19583.125317
22003.913189
24607.192260
27401.786822
30350.238150
33474.247161
36786.866069
40250.947436
43864.037586
47634.296797
51523.574397
55525.234318
59626.257409
63827.561706
68118.418729
72494.433057
76845.320914
81242.922901
85663.952719
90053.458340
94376.499688
98687.275333
102910.339396
107044.645383
111094.706008
115034.351928
118817.661296
122438.946973
125922.300358
129252.088915
132353.736741
135283.134134
138022.270877
140530.613480
142788.260850
144835.562981
146613.256971
148201.712737
149577.580814
150676.057600
151568.817577
152249.297424
152680.180478
152876.226060
152862.177324
152585.308741
152119.908079
151448.913576
150558.599076
149453.383318
148165.934155
146749.802990
145191.902163
143426.648923
141533.810858
139474.317639
137284.651641
134931.252820
132494.996162
129978.516172
127380.265268
124687.346710
121911.859013
119106.132908
116230.965761
113330.105106
110342.079044
107349.628909
104321.062080
101295.328221
98244.478101
95226.297700
92203.974161
89213.116750
86221.938240
83284.670939
80391.317439
77509.166381
74663.644389
71870.953101
69131.441059
66428.420629
63778.155152
61195.266963
58666.757539
56212.506931
53823.774212
51489.703392
49231.076446
47025.453777
44895.415094
42816.329850
40800.482372
38864.764792
36991.805134
35181.103893
33436.109217
31753.021718
30133.633442
28575.786810
27086.435557
25653.053740
24270.277443
22952.661505
21693.662887
20489.217737
19342.208565
18248.301603
17202.543630
16211.978870
15253.012377
14358.787489
13501.104820
12685.810194
11918.114680
11195.934860
10496.656289
9839.692663
9217.724441
8628.611124
8073.876326
7547.964809
7058.774079
6589.538936
6156.543364
5743.916535
5354.830522
4990.117205
4648.546127
4325.372689
4027.405999
3744.885329
3480.494178
3232.268649
2997.457984
2781.057982
2576.928517
2387.577013
2211.843856
2046.334973
1894.239319
1752.044616
1619.551591
1493.056530
1379.396324
1272.229954
1172.847266
1081.536394
995.780448
914.925107
842.346158
776.729424
712.978978
652.983686
600.834102
551.242294
504.910466
463.382757
425.932682
391.343865
358.538085
327.711474
299.920116
274.039790
250.130706
228.269494
208.375629
189.797978
172.546796
157.131009
143.267230
130.365441
118.995879
108.372836
98.157929
88.817430
80.409584
72.955537
66.319297
59.981979
54.202174
48.922980
43.997261
39.813567
35.890658
32.195842
28.813493
25.695268
22.873548
20.490011
18.303593
16.422535
14.534247
13.114432
11.589236
10.090134
8.896956
7.902516
6.947565
6.207826
5.498493
4.844307
4.327007
3.834643
3.313704
2.848101
2.501300
2.187810
1.834133
1.561254
1.288674
1.105929
1.010434
0.908646
0.770779
0.692384
0.605061
0.528379
0.496241
0.409316
0.357099
0.311031
0.270856
0.226183
0.199117
0.166222
0.130131
0.117107
0.099264
0.083465
0.069420
0.061745
0.051128
0.045229
0.045415
0.037186
0.027235
0.019268
0.012943
0.013899
0.004492
0.003292
0.003307
0.001551
0.000423
0.000124
0.000000
0.000000
0.000000
0.000000
0.000000
0.000000
0.000000
0.000000
0.000000
0.000000
0.000000
0.000000
0.000000
0.000000
0.000000
0.000000
0.000000
0.000000
0.000000
0.000000
0.000000
0.000000
0.000000
0.000000
0.000000
0.000000
0.000000
0.000000
0.000000
0.000000
0.000000
0.000000
0.000000
0.000000
0.000000
0.000000
0.000000
0.000000
0.000000
0.000000
0.000000
0.000000
0.000000
0.000000
0.000000
0.000000
0.000000
0.000000
0.000000
0.000000
0.000000
0.000000
0.000000
0.000000
0.000000
0.000000
0.000000
0.000000
0.000000
0.000000
0.000000
0.000000
0.000000
0.000000
0.000000
0.000000
0.000000
0.000000
0.000000
0.000000
0.000000
0.000000
0.000000
0.000000
0.000000
0.000000
0.000000
0.000000
0.000000
0.000000
0.000000
0.000000
0.000000
0.000000
0.000000
0.000000
0.000000
0.000000
0.000000
0.000000
0.000000
0.000000
0.000000
0.000000
0.000000
0.000000
0.000000
0.000000
0.000000
0.000000
0.000000
0.000000
0.000000
0.000000
0.000000
0.000000
0.000000
0.000000
0.000000
0.000000
0.000000
0.000000
0.000000
0.000000
0.000000
0.000000
0.000000
0.000000
0.000000
0.000000
0.000000
0.000000
0.000000
0.000000
0.000000
0.000000
0.000000
0.000000
0.000000
0.000000
0.000000
0.000000
0.000000
0.000000
0.000000
0.000000
0.000000
0.000000
0.000000
0.000000
0.000000
0.000000
0.000000
0.000000
0.000000
0.000000
0.000000
0.000000
0.000000
0.000000
0.000000
0.000000
0.000000
0.000000
0.000000
0.000000
0.000000
0.000000
0.000000
0.000000
0.000000
0.000000
0.000000
0.000000
0.000000
0.000000
0.000000
0.000000
0.000000
0.000000
0.000000
0.000000
0.000000
0.000000
0.000000
0.000000
0.000000
0.000000
0.000000
0.000000
0.000000
0.000000
0.000000
0.000000
0.000000
0.000000
0.000000
0.000000
0.000000
0.000000
0.000000
0.000000
0.000000
0.000000
0.000000
0.000000
0.000000
0.000000
0.000000
0.000000
0.000000
0.000000
0.000000
0.000000
0.000000
0.000000
0.000000
0.000000
0.000000
0.000000
0.000000
0.000000
0.000000
0.000000
0.000000
0.000000
0.000000
0.000000
0.000000
0.000000
0.000000
0.000000
0.000000
0.000000
0.000000
0.000000
0.000000
0.000000
0.000000
0.000000
0.000000
0.000000
0.000000
0.000000
0.000000
0.000000
0.000000
0.000000
0.000000
0.000000
0.000000
0.000000
0.000000
0.000000
0.000000
0.000000
0.000000
0.000000
0.000000
0.000000
0.000000
0.000000
0.000000
0.000000
0.000000
0.000000
0.000000
0.000000
0.000000
0.000000
0.000000
0.000000
0.000000
0.000000
0.000000
0.000000
0.000000
0.000000
0.000000
0.000000
0.000000
0.000000
0.000000
0.000000
0.000000
0.000000
0.000000
0.000000
0.000000
0.000000
0.000000
0.000000
0.000000
0.000000
0.000000
0.000000
0.000000
0.000000
0.000000
0.000000
0.000000
0.000000
0.000000
0.000000
0.000000
0.000000
0.000000
0.000000
0.000000
0.000000
0.000000
0.000000
0.000000
0.000000
0.000000
0.000000
0.000000
0.000000
0.000000
0.000000
0.000000
0.000000
0.000000
0.000000
0.000000
0.000000
0.000000
0.000000
0.000000
0.000000
0.000000
0.000000
0.000000
0.000000
0.000000
0.000000
0.000000
0.000000
0.000000
0.000000
0.000000
0.000000
0.000000
0.000000
0.000000
0.000000
0.000000
0.000000
0.000000
0.000000
0.000000
0.000000
0.000000
0.000000
0.000000
0.000000
0.000000
0.000000
0.000000
0.000000
0.000000
0.000000
0.000000
0.000000
0.000000
0.000000
0.000000
0.000000
0.000000
0.000000
0.000000
0.000000
0.000000
0.000000
0.000000
0.000000
0.000000
0.000000
0.000000
0.000000
0.000000
0.000000
0.000000
0.000000
0.000000
0.000000
0.000000
0.000000
0.000000
0.000000
0.000000
0.000000
0.000000
0.000000
0.000000
0.000000
0.000000
0.000000
0.000000
0.000000
0.000000
0.000000
0.000000
0.000000
0.000000
0.000000
0.000000
0.000000
0.000000
0.000000
0.000000
0.000000
0.000000
0.000000
0.000000
0.000000
0.000000
0.000000
0.000000
0.000000
0.000000
0.000000
0.000000
0.000000
0.000000
0.000000
0.000000
0.000000
0.000000
0.000000
0.000000
0.000000
0.000000
0.000000
0.000000
0.000000
0.000000
0.000000
0.000000
0.000000
0.000000
0.000000
0.000000
0.000000
0.000000
0.000000
0.000000
0.000000
0.000000
0.000000
0.000000
0.000000
0.000000
0.000000
0.000000
0.000000
0.000000
0.000000
0.000000
0.000000
0.000000
0.000000
0.000000
0.000000
0.000000
0.000000
0.000000
0.000000
0.000000
0.000000
0.000000
0.000000
0.000000
0.000000
0.000000
0.000000
0.000000
0.000000
0.000000
0.000000
0.000000
0.000000
0.000000
0.000000
0.000000
0.000000
0.000000
0.000000
0.000000
0.000000
0.000000
0.000000
0.000000
0.000000
0.000000
0.000000
0.000000
0.000000
0.000000
0.000000
0.000000
0.000000
0.000000
0.000000
0.000000
0.000000
0.000000
0.000000
0.000000
0.000000
0.000000
0.000000
0.000000
0.000000
0.000000
0.000000
0.000000
0.000000
0.000000
0.000000
0.000000
0.000000
0.000000
0.000000
0.000000
0.000000
0.000000
0.000000
0.000000
0.000000
0.000000
0.000000
0.000000
0.000000
0.000000
0.000000
0.000000
0.000000
0.000000
0.000000
0.000000
0.000000
0.000000
0.000000
0.000000
0.000000
0.000000
0.000000
0.000000
0.000000
0.000000
0.000000
0.000000
0.000000
0.000000
0.000000
0.000000
0.000000
0.000000
0.000000
0.000000
0.000000
0.000000
0.000000
0.000000
0.000000
0.000000
0.000000
0.000000
0.000000
0.000000
0.000000
0.000000
0.000000
0.000000
0.000000
0.000000
0.000000
0.000000
0.000000
0.000000
0.000000
0.000000
0.000000
0.000000
0.000000
0.000000
0.000000
0.000000
0.000000
0.000000
0.000000
0.000000
0.000000
0.000000
0.000000
0.000000
0.000000
0.000000
0.000000
0.000000
0.000000
0.000000
0.000000
0.000000
0.000000
0.000000
0.000000
0.000000
0.000000
0.000000
0.000000
0.000000
0.000000
0.000000
0.000000
0.000000
0.000000
0.000000
0.000000
0.000000
0.000000
0.000000
0.000000
0.000000
0.000000
0.000000
0.000000
0.000000
0.000000
0.000000
0.000000
0.000000
0.000000
0.000000
0.000000
0.000000
0.000000
0.000000
0.000000
0.000000
0.000000
0.000000
0.000000
0.000000
0.000000
0.000000
0.000000
0.000000
0.000000
0.000000
0.000000
0.000000
0.000000
0.000000
0.000000
0.000000
0.000000
0.000000
0.000000
0.000000
0.000000
0.000000
0.000000
0.000000
0.000000
0.000000
0.000000
0.000000
0.000000
0.000000
0.000000
0.000000
0.000000
0.000000
0.000000
0.000000
0.000000
0.000000
0.000000
0.000000
0.000000
0.000000
0.000000
0.000000
0.000000
0.000000
0.000000
0.000000
0.000000
0.000000
0.000000
0.000000
0.000000
0.000000
0.000000
0.000000
0.000000
0.000000
0.000000
0.000000
0.000000
0.000000
0.000000
0.000000
0.000000
0.000000
0.000000
0.000000
0.000000
0.000000
0.000000
0.000000
0.000000
0.000000
