0.000000
0.000000
0.000000
0.000000
0.000000
0.000000
0.000000
0.017065
0.122622
0.281706
0.850935
1.736139
3.853187
7.133817
13.410950
24.191187
35.168353
52.890008
88.128176
127.762634
173.801912
248.533417
355.696351
496.292552
671.754460
899.415668
1159.209418
1482.349365
1862.232506
2325.569866
2882.092961
3509.296670
4259.555858
5150.557237
6153.577897
7269.189344
8509.874060
9916.289357
11440.965546
13150.499649
14909.341835
16906.210956
18989.235913
21196.548165
23576.523115
26043.447111
28631.270475
31346.470239
34158.747506
37109.077356
40049.637594
43115.606102
46223.198310
49369.774681
52631.506958
55901.754205
59233.745228
62565.101978
65809.968489
69014.900288
72256.710520
75417.179319
78599.357004
81828.535293
84948.527134
87905.327288
90747.902855
93469.158093
96004.428876
98691.534125
101055.628195
103351.483408
105540.177246
107522.466172
109480.345379
111226.393799
112877.207081
114344.557559
115733.568489
116866.474996
117995.722085
118981.649640
119874.884096
120663.514657
121226.413989
121700.265287
122029.727102
122292.031492
122336.171209
122352.958970
122185.877642
121942.493877
121601.606338
121114.923082
120526.145376
119862.955071
119124.904585
118342.990514
117523.054610
116499.352073
115456.386630
114330.384898
113124.971000
111850.474532
110481.533557
109045.276009
107595.556463
106131.391506
104672.357158
103117.219038
101534.234538
99919.313209
98180.349052
96566.944445
94900.038869
93222.071563
91517.871615
89758.497298
87939.046004
86140.183299
84342.291041
82543.929254
80722.608065
78925.614151
77128.739840
75416.804390
73667.800254
71877.620740
70117.556811
68374.514704
66620.839615
64925.352601
63261.483901
61552.536498
59970.927153
58374.324540
56726.588495
55157.372017
53624.970416
52073.360589
50514.854491
49071.489065
47617.546463
46174.758537
44791.872115
43432.666638
42101.420194
40811.087195
39483.700982
38200.688372
36948.036188
35747.453165
34591.212351
33435.481092
32310.405495
31214.026391
30060.274532
29010.584295
27967.871819
26953.365383
25954.067810
24992.519499
24098.022300
23210.754277
22338.150595
21469.463108
20674.378381
19880.740442
19086.947886
18329.427425
17620.826737
16920.032694
16242.102283
15571.594688
14945.317266
14338.792385
13733.240535
13144.013926
12576.909082
12040.804346
11515.724367
11006.791622
10509.903993
10040.125690
9609.278812
9192.373092
8773.291599
8375.362886
7997.835986
7632.394847
7302.832893
6956.989833
6644.794521
6341.456920
6048.024592
5759.755483
5482.089235
5207.710567
4959.681105
4719.261317
4495.256278
4282.712306
4067.498064
3870.641333
3671.341921
3479.074077
3303.923559
3134.920100
2968.931438
2816.418615
2673.654633
2529.097069
2399.366577
2268.082822
2149.311269
2032.043106
1923.433575
1814.193351
1708.061334
1614.192038
1523.763089
1436.420050
1356.036170
1280.696468
1208.487984
1144.842909
1078.142809
1015.442700
956.675570
898.116774
848.264100
799.049267
752.430007
702.479834
659.345656
621.117352
580.177110
544.585675
512.581650
478.689080
448.850212
419.473546
393.923750
368.611152
344.220701
322.785261
302.138739
283.345835
265.399794
248.799830
231.066143
216.311983
201.458220
188.281159
175.925952
165.889617
154.556641
144.524788
133.661326
125.141394
115.365810
108.858490
102.400907
94.405399
88.053275
80.914630
75.404420
69.448305
63.795228
59.728601
56.202958
52.138384
49.015672
45.178932
41.712793
38.390367
35.740561
32.733515
30.622788
28.534925
26.161634
23.760049
21.674301
20.195765
19.161068
17.882602
16.977170
15.004147
13.651300
12.408932
11.150035
9.866181
9.176838
8.580121
8.450676
7.312629
6.758561
6.428904
5.589819
5.040305
4.573225
4.450485
4.130240
3.846267
3.528216
3.055410
3.091294
2.919701
2.789715
2.616150
2.545053
2.147836
1.723735
1.600338
1.520251
1.431962
1.439400
1.357840
1.285403
1.217746
1.046801
0.957143
0.787019
0.668055
0.644149
0.484305
0.395337
0.382242
0.281420
0.199661
0.309917
0.259928
0.294644
0.227385
0.201725
0.143304
0.162454
0.196368
0.247677
0.278677
0.251304
0.206757
0.144871
0.155252
0.190011
0.155163
0.169616
0.134836
0.087823
0.053696
0.041879
0.027221
0.035574
0.011985
0.020333
0.050784
0.042954
0.033986
0.024332
0.031194
0.019529
0.013017
0.013155
0.010753
0.003476
0.004363
0.002677
0.000000
0.000000
0.000000
0.000000
0.000000
0.000000
0.000000
0.000000
0.000000
0.000000
0.000000
0.000000
0.000000
0.000000
0.000000
0.000000
0.000000
0.000000
0.000000
0.000000
0.000000
0.000000
0.000000
0.000000
0.000000
0.000000
0.000000
0.000000
0.000000
0.000000
0.000000
0.000000
0.000000
0.000000
0.000000
0.000000
0.000000
0.000000
0.000000
0.000000
0.000000
0.000000
0.000000
0.000000
0.000000
0.000000
0.000000
0.000000
0.000000
0.000000
0.000000
0.000000
0.000000
0.000000
0.000000
0.000000
0.000000
0.000000
0.000000
0.000000
0.000000
0.000000
0.000000
0.000000
0.000000
0.000000
0.000000
0.000000
0.000000
0.000000
0.000000
0.000000
0.000000
0.000000
0.000000
0.000000
0.000000
0.000000
0.000000
0.000000
0.000000
0.000000
0.000000
0.000000
0.000000
0.000000
0.000000
0.000000
0.000000
0.000000
0.000000
0.000000
0.000000
0.000000
0.000000
0.000000
0.000000
0.000000
0.000000
0.000000
0.000000
0.000000
0.000000
0.000000
0.000000
0.000000
0.000000
0.000000
0.000000
0.000000
0.000000
0.000000
0.000000
0.000000
0.000000
0.000000
0.000000
0.000000
0.000000
0.000000
0.000000
0.000000
0.000000
0.000000
0.000000
0.000000
0.000000
0.000000
0.000000
0.000000
0.000000
0.000000
0.000000
0.000000
0.000000
0.000000
0.000000
0.000000
0.000000
0.000000
0.000000
0.000000
0.000000
0.000000
0.000000
0.000000
0.000000
0.000000
0.000000
0.000000
0.000000
0.000000
0.000000
0.000000
0.000000
0.000000
0.000000
0.000000
0.000000
0.000000
0.000000
0.000000
0.000000
0.000000
0.000000
0.000000
0.000000
0.000000
0.000000
0.000000
0.000000
0.000000
0.000000
0.000000
0.000000
0.000000
0.000000
0.000000
0.000000
0.000000
0.000000
0.000000
0.000000
0.000000
0.000000
0.000000
0.000000
0.000000
0.000000
0.000000
0.000000
0.000000
0.000000
0.000000
0.000000
0.000000
0.000000
0.000000
0.000000
0.000000
0.000000
0.000000
0.000000
0.000000
0.000000
0.000000
0.000000
0.000000
0.000000
0.000000
0.000000
0.000000
0.000000
0.000000
0.000000
0.000000
0.000000
0.000000
0.000000
0.000000
0.000000
0.000000
0.000000
0.000000
0.000000
0.000000
0.000000
0.000000
0.000000
0.000000
0.000000
0.000000
0.000000
0.000000
0.000000
0.000000
0.000000
0.000000
0.000000
0.000000
0.000000
0.000000
0.000000
0.000000
0.000000
0.000000
0.000000
0.000000
0.000000
0.000000
0.000000
0.000000
0.000000
0.000000
0.000000
0.000000
0.000000
0.000000
0.000000
0.000000
0.000000
0.000000
0.000000
0.000000
0.000000
0.000000
0.000000
0.000000
0.000000
0.000000
0.000000
0.000000
0.000000
0.000000
0.000000
0.000000
0.000000
0.000000
0.000000
0.000000
0.000000
0.000000
0.000000
0.000000
0.000000
0.000000
0.000000
0.000000
0.000000
0.000000
0.000000
0.000000
0.000000
0.000000
0.000000
0.000000
0.000000
0.000000
0.000000
0.000000
0.000000
0.000000
0.000000
0.000000
0.000000
0.000000
0.000000
0.000000
0.000000
0.000000
0.000000
0.000000
0.000000
0.000000
0.000000
0.000000
0.000000
0.000000
0.000000
0.000000
0.000000
0.000000
0.000000
0.000000
0.000000
0.000000
0.000000
0.000000
0.000000
0.000000
0.000000
0.000000
0.000000
0.000000
0.000000
0.000000
0.000000
0.000000
0.000000
0.000000
0.000000
0.000000
0.000000
0.000000
0.000000
0.000000
0.000000
0.000000
0.000000
0.000000
0.000000
0.000000
0.000000
0.000000
0.000000
0.000000
0.000000
0.000000
0.000000
0.000000
0.000000
0.000000
0.000000
0.000000
0.000000
0.000000
0.000000
0.000000
0.000000
0.000000
0.000000
0.000000
0.000000
0.000000
0.000000
0.000000
0.000000
0.000000
0.000000
0.000000
0.000000
0.000000
0.000000
0.000000
0.000000
0.000000
0.000000
0.000000
0.000000
0.000000
0.000000
0.000000
0.000000
0.000000
0.000000
0.000000
0.000000
0.000000
0.000000
0.000000
0.000000
0.000000
0.000000
0.000000
0.000000
0.000000
0.000000
0.000000
0.000000
0.000000
0.000000
0.000000
0.000000
0.000000
0.000000
0.000000
0.000000
0.000000
0.000000
0.000000
0.000000
0.000000
0.000000
0.000000
0.000000
0.000000
0.000000
0.000000
0.000000
0.000000
0.000000
0.000000
0.000000
0.000000
0.000000
0.000000
0.000000
0.000000
0.000000
0.000000
0.000000
0.000000
0.000000
0.000000
0.000000
0.000000
0.000000
0.000000
0.000000
0.000000
0.000000
0.000000
0.000000
0.000000
0.000000
0.000000
0.000000
0.000000
0.000000
0.000000
0.000000
0.000000
0.000000
0.000000
0.000000
0.000000
0.000000
0.000000
0.000000
0.000000
0.000000
0.000000
0.000000
0.000000
0.000000
0.000000
0.000000
0.000000
0.000000
0.000000
0.000000
0.000000
0.000000
0.000000
0.000000
0.000000
0.000000
0.000000
0.000000
0.000000
0.000000
0.000000
0.000000
0.000000
0.000000
0.000000
0.000000
0.000000
0.000000
0.000000
0.000000
0.000000
0.000000
0.000000
0.000000
0.000000
0.000000
0.000000
0.000000
0.000000
0.000000
0.000000
0.000000
0.000000
0.000000
0.000000
0.000000
0.000000
0.000000
0.000000
0.000000
0.000000
0.000000
0.000000
0.000000
0.000000
0.000000
0.000000
0.000000
0.000000
0.000000
0.000000
0.000000
0.000000
0.000000
0.000000
0.000000
0.000000
0.000000
0.000000
0.000000
0.000000
0.000000
0.000000
0.000000
0.000000
0.000000
0.000000
0.000000
0.000000
0.000000
0.000000
0.000000
0.000000
0.000000
0.000000
0.000000
0.000000
0.000000
0.000000
0.000000
0.000000
0.000000
0.000000
0.000000
0.000000
0.000000
0.000000
0.000000
0.000000
0.000000
0.000000
0.000000
0.000000
0.000000
0.000000
0.000000
0.000000
0.000000
0.000000
0.000000
0.000000
0.000000
0.000000
0.000000
0.000000
0.000000
0.000000
0.000000
0.000000
0.000000
0.000000
0.000000
0.000000
0.000000
0.000000
0.000000
0.000000
0.000000
0.000000
0.000000
0.000000
0.000000
0.000000
0.000000
0.000000
0.000000
0.000000
0.000000
0.000000
0.000000
0.000000
0.000000
0.000000
0.000000
0.000000
0.000000
0.000000
0.000000
0.000000
0.000000
0.000000
0.000000
0.000000
0.000000
0.000000
0.000000
0.000000
0.000000
0.000000
0.000000
0.000000
0.000000
0.000000
