0.147236
2.174723
8.927296
29.561838
79.008037
183.883933
375.669237
703.390850
1219.970719
1987.587995
3069.547271
4529.037003
6407.398344
8784.541231
11650.319192
15012.252655
18884.041096
23187.506337
27980.049315
33138.195125
38601.090704
44283.069022
50049.145549
55939.746169
61752.028695
67500.902968
73019.037612
78342.775956
83300.563715
87955.244041
92253.860006
96112.532409
99590.739221
102555.325433
105148.883886
107311.881140
109035.133147
110390.518679
111400.959581
112019.223712
112314.979132
112313.400398
112064.985990
111541.139298
110768.729308
109819.563893
108711.897491
107436.507063
106012.951000
104511.907144
102921.067710
101282.845296
99533.103776
97724.474721
95887.536609
94053.493772
92212.267531
90376.442799
88558.278105
86730.433282
84918.818210
83089.668946
81311.154000
79570.782357
77863.520963
76223.578726
74601.525432
73002.567689
71450.345640
69986.156000
68545.859501
67126.683447
65769.099557
64437.659976
63163.932352
61913.148705
60671.540460
59535.908062
58417.267414
57342.008717
56296.282125
55274.658575
54284.566249
53345.278929
52446.962810
51578.119578
50725.713434
49922.527076
49141.379590
48402.818701
47679.223820
46994.549130
46327.454093
45691.694462
45080.227599
44506.391931
43961.607287
43429.541869
42911.277001
42418.199499
41950.000829
41504.126067
41065.074190
40647.812788
40249.206933
39881.717472
39529.097170
39188.892868
38861.592893
38552.277478
38255.840461
37956.890486
37678.812537
37403.479822
37145.412884
36902.568812
36674.197737
36459.422277
36232.987353
36016.691300
35792.618549
35594.027892
35412.087691
35236.648199
35061.005310
34880.268859
34707.775936
34548.371494
34379.999519
34217.418466
34059.558525
33891.829522
33725.683592
33571.354191
33422.635984
33275.670044
33113.069250
32975.758166
32833.811392
32680.962068
32516.964798
32371.026111
32223.131368
32065.969439
31911.603700
31753.385045
31593.309167
31440.924471
31281.965012
31116.043853
30955.961786
30792.143992
30621.101490
30452.021980
30281.000492
30122.614186
29954.180348
29770.862924
29598.929907
29410.161256
29223.869579
29038.529775
28836.981359
28635.104995
28426.303500
28223.547255
28012.653670
27813.611035
27596.197085
27372.657976
27134.189206
26906.713777
26674.919042
26431.271278
26188.873145
25941.412970
25690.366643
25439.809188
25179.070246
24924.154910
24661.103154
24390.650222
24107.629960
23826.977921
23559.628307
23279.761945
22996.335640
22716.189933
22430.133515
22137.856690
21845.167299
21539.552520
21232.593292
20932.342707
20630.992342
20330.488270
20024.899235
19713.167949
19403.948469
19102.404825
18788.431258
18472.361588
18151.199554
17828.536910
17516.664385
17197.156565
16879.490354
16561.063788
16241.218035
15915.635891
15593.934135
15276.887385
14966.118582
14646.525954
14338.063822
14031.861810
13717.255801
13405.225764
13099.426732
12801.159347
12492.445049
12189.045370
11887.813127
11590.689285
11295.163718
11001.057450
10709.195651
10424.975409
10144.028733
9867.523894
9587.583088
9320.050401
9051.808229
8789.799251
8535.428585
8279.635697
8026.796286
7780.825183
7532.059548
7293.460274
7056.857096
6827.005740
6603.445753
6386.282700
6170.560322
5961.121755
5754.767778
5554.366522
5360.413536
5173.021437
4983.139333
4802.354086
4623.499289
4451.262465
4282.036660
4120.670094
3960.996229
3808.033677
3652.691413
3507.208097
3365.451957
3229.507328
3095.688836
2968.880632
2844.099558
2723.016435
2606.097597
2492.257045
2383.363133
2275.951706
2175.167105
2078.485852
1983.173594
1892.136953
1803.157728
1716.623740
1635.767430
1557.652956
1483.185224
1410.004732
1340.795387
1276.525201
1213.209681
1153.522483
1094.732721
1037.982437
983.880959
931.731580
884.348812
836.684345
791.219364
747.294010
705.673510
666.777226
629.773514
594.199572
559.559742
527.316285
497.480242
469.218569
441.705047
415.958502
391.204840
367.233005
345.865845
324.048312
303.883121
284.968967
266.696428
250.497568
234.968487
219.940451
206.122815
192.514490
179.796337
168.175375
157.486142
147.490743
137.731977
128.819229
120.504293
112.238684
104.321236
96.812606
90.049629
83.943196
77.882664
72.615721
67.200904
62.719888
58.268142
54.180950
50.424268
46.793973
43.531277
40.374545
37.639513
34.997521
32.451955
30.087466
27.778437
25.821678
23.670214
21.949605
20.012172
18.448692
17.112243
15.867101
14.532367
13.336709
12.325428
11.256541
10.274610
9.451764
8.739198
7.954967
7.292542
6.655788
6.038771
5.478202
4.987837
4.574122
4.149911
3.716140
3.442474
3.091546
2.768748
2.546527
2.286792
2.056004
1.904300
1.741107
1.574373
1.461468
1.311965
1.151844
1.035015
0.910393
0.812358
0.734675
0.654539
0.604751
0.535494
0.470607
0.405029
0.341665
0.290802
0.247463
0.212821
0.188897
0.175196
0.143351
0.130376
0.113405
0.089292
0.065171
0.059125
0.048295
0.042031
0.037766
0.030004
0.029427
0.025126
0.021241
0.020902
0.018532
0.015418
0.013053
0.012804
0.009513
0.003816
0.003722
0.003456
0.002714
0.001999
0.001501
0.001090
0.002224
0.001033
0.000124
0.000000
0.000000
0.000000
0.000000
0.000000
0.000000
0.000000
0.000000
0.000000
0.000000
0.000000
0.000000
0.000000
0.000000
0.000000
0.000000
0.000000
0.000000
0.000000
0.000000
0.000000
0.000000
0.000000
0.000000
0.000000
0.000000
0.000000
0.000000
0.000000
0.000000
0.000000
0.000000
0.000000
0.000000
0.000000
0.000000
0.000000
0.000000
0.000000
0.000000
0.000000
0.000000
0.000000
0.000000
0.000000
0.000000
0.000000
0.000000
0.000000
0.000000
0.000000
0.000000
0.000000
0.000000
0.000000
0.000000
0.000000
0.000000
0.000000
0.000000
0.000000
0.000000
0.000000
0.000000
0.000000
0.000000
0.000000
0.000000
0.000000
0.000000
0.000000
0.000000
0.000000
0.000000
0.000000
0.000000
0.000000
0.000000
0.000000
0.000000
0.000000
0.000000
0.000000
0.000000
0.000000
0.000000
0.000000
0.000000
0.000000
0.000000
0.000000
0.000000
0.000000
0.000000
0.000000
0.000000
0.000000
0.000000
0.000000
0.000000
0.000000
0.000000
0.000000
0.000000
0.000000
0.000000
0.000000
0.000000
0.000000
0.000000
0.000000
0.000000
0.000000
0.000000
0.000000
0.000000
0.000000
0.000000
0.000000
0.000000
0.000000
0.000000
0.000000
0.000000
0.000000
0.000000
0.000000
0.000000
0.000000
0.000000
0.000000
0.000000
0.000000
0.000000
0.000000
0.000000
0.000000
0.000000
0.000000
0.000000
0.000000
0.000000
0.000000
0.000000
0.000000
0.000000
0.000000
0.000000
0.000000
0.000000
0.000000
0.000000
0.000000
0.000000
0.000000
0.000000
0.000000
0.000000
0.000000
0.000000
0.000000
0.000000
0.000000
0.000000
0.000000
0.000000
0.000000
0.000000
0.000000
0.000000
0.000000
0.000000
0.000000
0.000000
0.000000
0.000000
0.000000
0.000000
0.000000
0.000000
0.000000
0.000000
0.000000
0.000000
0.000000
0.000000
0.000000
0.000000
0.000000
0.000000
0.000000
0.000000
0.000000
0.000000
0.000000
0.000000
0.000000
0.000000
0.000000
0.000000
0.000000
0.000000
0.000000
0.000000
0.000000
0.000000
0.000000
0.000000
0.000000
0.000000
0.000000
0.000000
0.000000
0.000000
0.000000
0.000000
0.000000
0.000000
0.000000
0.000000
0.000000
0.000000
0.000000
0.000000
0.000000
0.000000
0.000000
0.000000
0.000000
0.000000
0.000000
0.000000
0.000000
0.000000
0.000000
0.000000
0.000000
0.000000
0.000000
0.000000
0.000000
0.000000
0.000000
0.000000
0.000000
0.000000
0.000000
0.000000
0.000000
0.000000
0.000000
0.000000
0.000000
0.000000
0.000000
0.000000
0.000000
0.000000
0.000000
0.000000
0.000000
0.000000
0.000000
0.000000
0.000000
0.000000
0.000000
0.000000
0.000000
0.000000
0.000000
0.000000
0.000000
0.000000
0.000000
0.000000
0.000000
0.000000
0.000000
0.000000
0.000000
0.000000
0.000000
0.000000
0.000000
0.000000
0.000000
0.000000
0.000000
0.000000
0.000000
0.000000
0.000000
0.000000
0.000000
0.000000
0.000000
0.000000
0.000000
0.000000
0.000000
0.000000
0.000000
0.000000
0.000000
0.000000
0.000000
0.000000
0.000000
0.000000
0.000000
0.000000
0.000000
0.000000
0.000000
0.000000
0.000000
0.000000
0.000000
0.000000
0.000000
0.000000
0.000000
0.000000
0.000000
0.000000
0.000000
0.000000
0.000000
0.000000
0.000000
0.000000
0.000000
0.000000
0.000000
0.000000
0.000000
0.000000
0.000000
0.000000
0.000000
0.000000
0.000000
0.000000
0.000000
0.000000
0.000000
0.000000
0.000000
0.000000
0.000000
0.000000
0.000000
0.000000
0.000000
0.000000
0.000000
0.000000
0.000000
0.000000
0.000000
0.000000
0.000000
0.000000
0.000000
0.000000
0.000000
0.000000
0.000000
0.000000
0.000000
0.000000
0.000000
0.000000
0.000000
0.000000
0.000000
0.000000
0.000000
0.000000
0.000000
0.000000
0.000000
0.000000
0.000000
0.000000
0.000000
0.000000
0.000000
0.000000
0.000000
0.000000
0.000000
0.000000
0.000000
0.000000
0.000000
0.000000
0.000000
0.000000
0.000000
0.000000
0.000000
0.000000
0.000000
0.000000
0.000000
0.000000
0.000000
0.000000
0.000000
0.000000
0.000000
0.000000
0.000000
0.000000
0.000000
0.000000
0.000000
0.000000
0.000000
0.000000
0.000000
0.000000
0.000000
0.000000
0.000000
0.000000
0.000000
0.000000
0.000000
0.000000
0.000000
0.000000
0.000000
0.000000
0.000000
0.000000
0.000000
0.000000
0.000000
0.000000
0.000000
0.000000
0.000000
0.000000
0.000000
0.000000
0.000000
0.000000
0.000000
0.000000
0.000000
0.000000
0.000000
0.000000
0.000000
0.000000
0.000000
0.000000
0.000000
0.000000
0.000000
0.000000
0.000000
0.000000
0.000000
0.000000
0.000000
0.000000
0.000000
0.000000
0.000000
0.000000
0.000000
0.000000
0.000000
0.000000
0.000000
0.000000
0.000000
0.000000
0.000000
0.000000
0.000000
0.000000
0.000000
0.000000
0.000000
0.000000
0.000000
0.000000
0.000000
0.000000
0.000000
0.000000
0.000000
0.000000
0.000000
0.000000
0.000000
0.000000
0.000000
0.000000
0.000000
0.000000
0.000000
0.000000
0.000000
0.000000
0.000000
0.000000
0.000000
0.000000
0.000000
0.000000
0.000000
0.000000
0.000000
0.000000
0.000000
0.000000
0.000000
0.000000
0.000000
0.000000
0.000000
0.000000
0.000000
0.000000
0.000000
0.000000
0.000000
0.000000
0.000000
0.000000
0.000000
0.000000
0.000000
0.000000
0.000000
0.000000
0.000000
0.000000
0.000000
0.000000
0.000000
0.000000
0.000000
0.000000
0.000000
0.000000
0.000000
0.000000
0.000000
0.000000
0.000000
0.000000
0.000000
0.000000
0.000000
0.000000
0.000000
0.000000
0.000000
0.000000
0.000000
0.000000
0.000000
0.000000
0.000000
0.000000
0.000000
0.000000
0.000000
0.000000
0.000000
0.000000
0.000000
0.000000
0.000000
