0.833715
5.957508
23.919199
74.404925
190.395169
417.613396
825.818373
1488.544855
2509.162359
3974.128157
5967.507806
8527.706245
11765.957707
15684.940646
20238.169778
25435.029853
31244.235476
37567.260888
44244.796924
51241.492614
58366.237401
65579.177844
72719.814717
79624.656078
86219.571884
92469.565959
98221.080979
103485.103655
108195.099880
112388.992147
115924.893301
118864.177813
121269.812317
123108.165638
124417.654126
125201.519019
125530.076956
125405.773014
124896.721176
124029.074788
122784.551203
121306.621675
119629.884835
117722.246388
115664.998029
113445.334510
111107.325324
108686.646661
106214.928362
103678.211128
101125.757505
98594.198261
96050.596598
93536.016734
91028.632135
88575.545151
86166.521467
83778.948612
81475.170921
79228.248349
77058.233523
74939.811609
72914.181268
70935.697524
69024.866719
67179.132025
65397.637932
63696.128988
62050.915145
60466.452270
58913.338737
57452.574232
56045.306117
54697.961355
53430.977050
52206.791921
51026.083555
49902.089609
48827.185066
47822.912377
46856.059124
45924.237560
45031.094194
44201.679909
43391.181408
42614.482759
41879.170555
41190.158089
40513.785661
39867.545430
39254.356428
38652.233275
38106.047288
37585.497139
37078.014273
36587.745616
36126.628083
35689.983495
35270.911926
34864.710720
34480.149816
34124.077222
33774.003218
33438.139623
33130.483125
32827.611878
32546.389047
32269.514182
32016.059269
31787.094601
31562.762516
31355.126103
31159.912784
30956.533558
30758.882565
30584.645304
30413.648802
30252.191674
30097.113606
29957.145290
29823.804797
29699.056981
29584.063092
29476.389655
29358.805439
29255.500742
29161.734694
29074.475925
28997.295928
28921.926215
28859.641449
28795.113876
28726.384709
28660.169234
28601.363342
28548.211521
28502.465384
28453.213076
28406.541262
28356.434123
28322.074415
28275.143937
28221.395687
28176.035519
28131.518615
28081.872271
28027.352053
27978.340278
27931.069735
27885.877604
27838.658246
27768.997260
27729.593487
27685.074771
27616.017382
27551.513904
27486.619364
27416.176388
27354.921068
27274.189981
27194.783318
27105.629272
27012.712784
26928.186368
26841.338599
26762.761269
26658.732963
26557.105260
26460.712714
26342.328509
26226.047301
26102.460938
25975.936151
25832.307179
25698.494737
25551.089855
25397.345977
25243.659706
25084.314144
24927.174934
24762.500268
24579.649770
24405.940078
24228.139715
24042.813496
23840.716357
23640.573532
23439.579115
23225.035867
23014.786915
22792.498076
22563.595268
22331.404954
22095.278806
21850.187310
21609.788874
21367.338200
21113.254962
20858.177871
20603.334875
20345.015234
20080.934233
19816.876554
19545.315788
19262.937086
18979.926897
18697.055991
18407.743095
18120.558904
17826.573061
17535.581066
17252.902916
16954.657909
16659.733681
16371.851328
16075.336256
15774.928496
15481.014249
15181.635567
14886.302249
14594.899490
14298.285348
14003.694788
13699.218244
13395.870431
13102.741056
12805.147470
12516.055207
12224.768704
11933.949022
11648.640479
11359.013660
11075.991151
10795.968427
10518.837482
10247.172046
9981.201677
9715.424200
9449.345636
9186.130497
8929.223442
8672.280035
8418.453628
8169.508352
7920.186234
7674.269271
7436.925878
7203.118791
6973.262032
6752.153591
6536.349109
6320.277108
6107.452304
5898.046272
5695.844640
5496.244310
5301.848007
5110.279323
4923.872068
4742.223080
4568.730886
4398.917254
4233.346820
4071.407594
3914.150625
3759.717441
3608.465645
3465.811687
3327.233724
3190.752614
3059.516933
2933.497421
2810.947556
2690.430894
2572.037905
2458.498399
2351.510832
2245.696949
2144.945738
2046.965019
1953.248950
1861.166228
1774.734104
1691.035543
1611.485843
1534.443771
1460.579174
1390.370897
1322.496572
1256.919458
1193.149192
1132.709909
1072.887147
1016.921620
963.384720
912.078602
862.791058
815.612570
769.973447
727.941718
688.145997
649.542103
612.455270
578.017299
544.445715
513.715564
482.854303
455.121470
427.249692
401.990212
379.212396
355.565864
334.097208
313.605385
294.939758
276.642695
258.862002
242.857235
227.490518
212.920631
199.064475
186.785680
174.601918
163.373929
151.883511
141.494081
131.939230
123.129460
114.584456
107.200327
99.863127
93.195560
87.136780
81.375589
75.794108
70.920805
65.811646
61.084406
57.007781
52.961540
48.908952
45.439316
42.124686
39.270718
36.498707
33.597573
31.233254
29.013061
26.740785
24.544861
22.621344
20.990461
19.523008
18.032404
16.720598
15.426484
14.363973
13.226065
12.121397
11.124546
10.190959
9.260675
8.627594
7.943101
7.314528
6.703593
6.163310
5.636246
5.197221
4.806602
4.482116
4.114613
3.798203
3.563039
3.319963
3.062632
2.809614
2.561263
2.358229
2.196604
1.962950
1.769157
1.580324
1.494201
1.383535
1.233952
1.166246
1.090873
1.029137
0.922045
0.873948
0.825134
0.789382
0.704752
0.648881
0.594994
0.565184
0.502914
0.461357
0.416941
0.374106
0.356030
0.342512
0.302966
0.273848
0.230727
0.206272
0.174219
0.172859
0.156223
0.140578
0.125776
0.118869
0.104091
0.106508
0.089356
0.080187
0.069948
0.073091
0.065931
0.057289
0.058062
0.062987
0.057308
0.055627
0.047754
0.049181
0.043277
0.042930
0.036144
0.037339
0.034929
0.033500
0.033071
0.030022
0.027191
0.022045
0.016393
0.012336
0.012896
0.014938
0.010818
0.007952
0.006814
0.002894
0.002842
0.000649
0.000357
0.000520
0.000514
0.000563
0.000606
0.000563
0.000066
0.000124
0.000000
0.000000
0.000000
0.000000
0.000000
0.000000
0.000000
0.000000
0.000000
0.000000
0.000000
0.000000
0.000000
0.000000
0.000000
0.000000
0.000000
0.000000
0.000000
0.000000
0.000000
0.000000
0.000000
0.000000
0.000000
0.000000
0.000000
0.000000
0.000000
0.000000
0.000000
0.000000
0.000000
0.000000
0.000000
0.000000
0.000000
0.000000
0.000000
0.000000
0.000000
0.000000
0.000000
0.000000
0.000000
0.000000
0.000000
0.000000
0.000000
0.000000
0.000000
0.000000
0.000000
0.000000
0.000000
0.000000
0.000000
0.000000
0.000000
0.000000
0.000000
0.000000
0.000000
0.000000
0.000000
0.000000
0.000000
0.000000
0.000000
0.000000
0.000000
0.000000
0.000000
0.000000
0.000000
0.000000
0.000000
0.000000
0.000000
0.000000
0.000000
0.000000
0.000000
0.000000
0.000000
0.000000
0.000000
0.000000
0.000000
0.000000
0.000000
0.000000
0.000000
0.000000
0.000000
0.000000
0.000000
0.000000
0.000000
0.000000
0.000000
0.000000
0.000000
0.000000
0.000000
0.000000
0.000000
0.000000
0.000000
0.000000
0.000000
0.000000
0.000000
0.000000
0.000000
0.000000
0.000000
0.000000
0.000000
0.000000
0.000000
0.000000
0.000000
0.000000
0.000000
0.000000
0.000000
0.000000
0.000000
0.000000
0.000000
0.000000
0.000000
0.000000
0.000000
0.000000
0.000000
0.000000
0.000000
0.000000
0.000000
0.000000
0.000000
0.000000
0.000000
0.000000
0.000000
0.000000
0.000000
0.000000
0.000000
0.000000
0.000000
0.000000
0.000000
0.000000
0.000000
0.000000
0.000000
0.000000
0.000000
0.000000
0.000000
0.000000
0.000000
0.000000
0.000000
0.000000
0.000000
0.000000
0.000000
0.000000
0.000000
0.000000
0.000000
0.000000
0.000000
0.000000
0.000000
0.000000
0.000000
0.000000
0.000000
0.000000
0.000000
0.000000
0.000000
0.000000
0.000000
0.000000
0.000000
0.000000
0.000000
0.000000
0.000000
0.000000
0.000000
0.000000
0.000000
0.000000
0.000000
0.000000
0.000000
0.000000
0.000000
0.000000
0.000000
0.000000
0.000000
0.000000
0.000000
0.000000
0.000000
0.000000
0.000000
0.000000
0.000000
0.000000
0.000000
0.000000
0.000000
0.000000
0.000000
0.000000
0.000000
0.000000
0.000000
0.000000
0.000000
0.000000
0.000000
0.000000
0.000000
0.000000
0.000000
0.000000
0.000000
0.000000
0.000000
0.000000
0.000000
0.000000
0.000000
0.000000
0.000000
0.000000
0.000000
0.000000
0.000000
0.000000
0.000000
0.000000
0.000000
0.000000
0.000000
0.000000
0.000000
0.000000
0.000000
0.000000
0.000000
0.000000
0.000000
0.000000
0.000000
0.000000
0.000000
0.000000
0.000000
0.000000
0.000000
0.000000
0.000000
0.000000
0.000000
0.000000
0.000000
0.000000
0.000000
0.000000
0.000000
0.000000
0.000000
0.000000
0.000000
0.000000
0.000000
0.000000
0.000000
0.000000
0.000000
0.000000
0.000000
0.000000
0.000000
0.000000
0.000000
0.000000
0.000000
0.000000
0.000000
0.000000
0.000000
0.000000
0.000000
0.000000
0.000000
0.000000
0.000000
0.000000
0.000000
0.000000
0.000000
0.000000
0.000000
0.000000
0.000000
0.000000
0.000000
0.000000
0.000000
0.000000
0.000000
0.000000
0.000000
0.000000
0.000000
0.000000
0.000000
0.000000
0.000000
0.000000
0.000000
0.000000
0.000000
0.000000
0.000000
0.000000
0.000000
0.000000
0.000000
0.000000
0.000000
0.000000
0.000000
0.000000
0.000000
0.000000
0.000000
0.000000
0.000000
0.000000
0.000000
0.000000
0.000000
0.000000
0.000000
0.000000
0.000000
0.000000
0.000000
0.000000
0.000000
0.000000
0.000000
0.000000
0.000000
0.000000
0.000000
0.000000
0.000000
0.000000
0.000000
0.000000
0.000000
0.000000
0.000000
0.000000
0.000000
0.000000
0.000000
0.000000
0.000000
0.000000
0.000000
0.000000
0.000000
0.000000
0.000000
0.000000
0.000000
0.000000
0.000000
0.000000
0.000000
0.000000
0.000000
0.000000
0.000000
0.000000
0.000000
0.000000
0.000000
0.000000
0.000000
0.000000
0.000000
0.000000
0.000000
0.000000
0.000000
0.000000
0.000000
0.000000
0.000000
0.000000
0.000000
0.000000
0.000000
0.000000
0.000000
0.000000
0.000000
0.000000
0.000000
0.000000
0.000000
0.000000
0.000000
0.000000
0.000000
0.000000
0.000000
0.000000
0.000000
0.000000
0.000000
0.000000
0.000000
0.000000
0.000000
0.000000
0.000000
0.000000
0.000000
0.000000
0.000000
0.000000
0.000000
0.000000
0.000000
0.000000
0.000000
0.000000
0.000000
0.000000
0.000000
0.000000
0.000000
0.000000
0.000000
0.000000
0.000000
0.000000
0.000000
0.000000
0.000000
0.000000
0.000000
0.000000
0.000000
0.000000
0.000000
0.000000
0.000000
0.000000
0.000000
0.000000
0.000000
0.000000
0.000000
0.000000
0.000000
0.000000
0.000000
0.000000
0.000000
0.000000
0.000000
0.000000
0.000000
0.000000
0.000000
0.000000
0.000000
0.000000
0.000000
0.000000
0.000000
0.000000
0.000000
0.000000
0.000000
0.000000
0.000000
0.000000
0.000000
0.000000
0.000000
0.000000
0.000000
0.000000
0.000000
0.000000
0.000000
0.000000
0.000000
0.000000
0.000000
0.000000
0.000000
0.000000
0.000000
0.000000
0.000000
0.000000
0.000000
0.000000
0.000000
0.000000
0.000000
0.000000
0.000000
0.000000
0.000000
0.000000
0.000000
0.000000
0.000000
0.000000
0.000000
0.000000
0.000000
0.000000
0.000000
0.000000
