0.000000
0.000000
0.000000
0.070144
2.065213
1.872294
6.548314
23.030665
43.798101
69.901601
103.516142
169.858065
280.040734
414.333764
633.904088
961.042241
1364.569804
1893.643291
2517.738885
3327.066367
4222.241520
5310.211229
6548.740516
8018.567932
9765.097410
11650.843471
13683.126881
15958.568326
18495.979960
21045.844753
23819.702540
26444.235894
29212.801166
32040.240708
34697.297310
37613.664549
40362.711089
43277.990128
45959.054690
48710.376084
51311.496425
53731.353621
56318.555001
58644.620242
61047.617036
63435.031937
65500.213282
67422.265783
69250.508120
71007.589183
72766.969970
74488.750226
76052.024251
77662.097789
79047.158000
80255.580364
81324.632367
82110.418610
83312.707278
83931.998257
84706.689333
85168.273422
85518.794936
86183.706562
86544.093688
86925.038908
86917.141857
86906.505156
87094.836286
87281.810062
86980.490289
86669.541693
86536.475784
86356.991306
86141.002832
85399.207983
85245.906220
84947.420050
84539.528979
84105.312300
83651.031364
83149.352122
82633.426760
81987.446313
81550.014860
80949.945507
80247.401277
79776.997221
79225.050670
78579.969586
77760.481257
77129.972028
76569.928839
75968.137513
75175.766471
74773.050930
73988.691250
73209.131104
72744.312561
72225.269412
71689.235007
71064.116503
70495.730500
69844.724234
69152.058473
68535.716336
67969.167890
67390.953631
66460.036712
65690.177720
64979.743721
64279.724618
63726.489725
63012.688128
62372.284645
61770.969034
61190.255982
60489.594209
59712.554821
59239.173570
58698.368411
58019.423128
57268.372763
56634.490651
55974.332356
55354.980757
54710.495639
53969.734049
53388.131701
52749.649250
52181.318728
51574.192828
50943.611976
50339.557573
49793.228422
49209.167537
48705.785069
47969.824338
47365.220041
46892.116345
46320.039241
45606.923232
45105.442467
44471.973140
43966.215199
43334.328468
42869.480043
42298.146379
41821.734459
41185.377748
40597.014651
40064.092650
39588.916817
39095.687959
38518.216430
37919.641592
37391.167802
36951.002091
36361.987557
35881.660147
35405.652130
34736.438915
34155.834169
33574.917065
33020.578766
32586.766096
32081.107666
31506.643955
30879.137442
30378.472166
29903.418927
29406.642804
28962.766925
28443.935026
28027.522044
27515.012683
26969.817470
26511.729344
26049.947784
25574.449200
25244.453633
24772.028360
24419.595281
24006.296219
23549.555719
23107.333885
22661.620381
22239.229184
21743.174697
21314.456119
20899.199903
20517.750864
20088.627912
19676.928112
19239.382827
18883.887364
18519.535501
18170.980054
17775.807358
17340.136269
17001.755398
16628.353929
16250.899676
15903.180942
15471.503029
15140.029175
14706.130572
14378.676531
14063.351126
13749.158908
13464.482635
13132.610518
12861.234814
12490.592581
12170.140604
11871.519561
11613.586025
11332.380306
11063.391280
10813.674293
10532.073328
10284.920025
10020.579459
9792.297032
9520.460295
9268.375586
9049.064749
8820.588698
8575.765905
8337.780071
8104.939592
7863.360138
7622.668504
7403.776124
7238.093606
7011.250552
6783.946148
6587.664063
6380.092609
6201.926049
5985.541144
5807.630049
5635.340187
5446.180210
5300.451886
5157.859872
5016.953048
4852.512533
4664.056269
4564.230323
4404.388875
4251.405779
4123.786234
4005.048326
3892.469210
3805.722533
3656.226910
3536.340772
3424.342726
3311.553543
3174.638420
3068.712846
2977.947819
2859.099702
2763.336563
2658.639606
2553.538071
2468.142711
2369.265147
2278.371325
2200.506835
2120.062592
2043.506610
1983.156648
1916.222888
1844.639516
1791.141401
1704.814242
1636.245135
1569.983229
1518.609069
1484.615471
1414.794495
1362.938704
1303.462398
1246.966967
1194.030807
1142.320815
1095.154303
1050.872884
1000.202506
963.355744
919.031756
880.135218
835.949209
800.058078
770.221919
732.293149
705.040906
673.392154
637.484339
606.450057
575.339046
556.469883
538.853156
508.840056
492.861111
473.867793
449.548806
427.416815
407.620472
388.105888
370.697120
352.999424
334.889216
324.773916
317.899264
308.672431
290.729301
283.302528
268.737070
262.114726
249.310959
233.611731
224.141742
209.299645
200.144680
188.166577
180.813403
172.538895
165.553068
156.274308
143.888483
139.200093
134.999174
130.744426
127.077146
119.851345
114.928430
105.099986
96.639273
86.006404
80.926931
77.986388
71.829780
66.951837
58.404217
56.204825
54.886971
54.121186
51.761456
45.570601
42.600241
39.796941
37.044264
37.566871
36.189655
33.513493
31.431922
31.058997
30.324793
30.184012
30.973891
26.827929
24.927578
22.994898
21.961365
21.450166
20.528156
17.601874
16.184010
15.879816
16.231523
15.949431
13.281166
14.109120
12.175679
12.646901
12.079006
10.680854
10.637374
9.789021
11.159560
10.860956
10.625587
8.852639
8.231353
7.227361
6.657841
6.566849
6.670556
5.085599
4.631272
4.473066
4.426855
4.243154
4.674597
3.926098
3.168798
3.175844
2.974268
2.173771
1.905420
1.971020
2.053095
1.723256
1.960686
1.995251
2.457726
1.677676
1.751732
1.437130
1.726766
1.047218
1.107410
1.298410
1.252854
0.905108
0.964068
0.915065
0.896020
0.973302
0.769820
0.514240
0.275158
0.158964
0.143757
0.041459
0.039787
0.026405
0.003987
0.000000
0.000000
0.000000
0.000000
0.000000
0.000000
0.000000
0.000000
0.000000
0.000000
0.000000
0.000000
0.000000
0.000000
0.000000
0.000000
0.000000
0.000000
0.000000
0.000000
0.000000
0.000000
0.000000
0.000000
0.000000
0.000000
0.000000
0.000000
0.000000
0.000000
0.000000
0.000000
0.000000
0.000000
0.000000
0.000000
0.000000
0.000000
0.000000
0.000000
0.000000
0.000000
0.000000
0.000000
0.000000
0.000000
0.000000
0.000000
0.000000
0.000000
0.000000
0.000000
0.000000
0.000000
0.000000
0.000000
0.000000
0.000000
0.000000
0.000000
0.000000
0.000000
0.000000
0.000000
0.000000
0.000000
0.000000
0.000000
0.000000
0.000000
0.000000
0.000000
0.000000
0.000000
0.000000
0.000000
0.000000
0.000000
0.000000
0.000000
0.000000
0.000000
0.000000
0.000000
0.000000
0.000000
0.000000
0.000000
0.000000
0.000000
0.000000
0.000000
0.000000
0.000000
0.000000
0.000000
0.000000
0.000000
0.000000
0.000000
0.000000
0.000000
0.000000
0.000000
0.000000
0.000000
0.000000
0.000000
0.000000
0.000000
0.000000
0.000000
0.000000
0.000000
0.000000
0.000000
0.000000
0.000000
0.000000
0.000000
0.000000
0.000000
0.000000
0.000000
0.000000
0.000000
0.000000
0.000000
0.000000
0.000000
0.000000
0.000000
0.000000
0.000000
0.000000
0.000000
0.000000
0.000000
0.000000
0.000000
0.000000
0.000000
0.000000
0.000000
0.000000
0.000000
0.000000
0.000000
0.000000
0.000000
0.000000
0.000000
0.000000
0.000000
0.000000
0.000000
0.000000
0.000000
0.000000
0.000000
0.000000
0.000000
0.000000
0.000000
0.000000
0.000000
0.000000
0.000000
0.000000
0.000000
0.000000
0.000000
0.000000
0.000000
0.000000
0.000000
0.000000
0.000000
0.000000
0.000000
0.000000
0.000000
0.000000
0.000000
0.000000
0.000000
0.000000
0.000000
0.000000
0.000000
0.000000
0.000000
0.000000
0.000000
0.000000
0.000000
0.000000
0.000000
0.000000
0.000000
0.000000
0.000000
0.000000
0.000000
0.000000
0.000000
0.000000
0.000000
0.000000
0.000000
0.000000
0.000000
0.000000
0.000000
0.000000
0.000000
0.000000
0.000000
0.000000
0.000000
0.000000
0.000000
0.000000
0.000000
0.000000
0.000000
0.000000
0.000000
0.000000
0.000000
0.000000
0.000000
0.000000
0.000000
0.000000
0.000000
0.000000
0.000000
0.000000
0.000000
0.000000
0.000000
0.000000
0.000000
0.000000
0.000000
0.000000
0.000000
0.000000
0.000000
0.000000
0.000000
0.000000
0.000000
0.000000
0.000000
0.000000
0.000000
0.000000
0.000000
0.000000
0.000000
0.000000
0.000000
0.000000
0.000000
0.000000
0.000000
0.000000
0.000000
0.000000
0.000000
0.000000
0.000000
0.000000
0.000000
0.000000
0.000000
0.000000
0.000000
0.000000
0.000000
0.000000
0.000000
0.000000
0.000000
0.000000
0.000000
0.000000
0.000000
0.000000
0.000000
0.000000
0.000000
0.000000
0.000000
0.000000
0.000000
0.000000
0.000000
0.000000
0.000000
0.000000
0.000000
0.000000
0.000000
0.000000
0.000000
0.000000
0.000000
0.000000
0.000000
0.000000
0.000000
0.000000
0.000000
0.000000
0.000000
0.000000
0.000000
0.000000
0.000000
0.000000
0.000000
0.000000
0.000000
0.000000
0.000000
0.000000
0.000000
0.000000
0.000000
0.000000
0.000000
0.000000
0.000000
0.000000
0.000000
0.000000
0.000000
0.000000
0.000000
0.000000
0.000000
0.000000
0.000000
0.000000
0.000000
0.000000
0.000000
0.000000
0.000000
0.000000
0.000000
0.000000
0.000000
0.000000
0.000000
0.000000
0.000000
0.000000
0.000000
0.000000
0.000000
0.000000
0.000000
0.000000
0.000000
0.000000
0.000000
0.000000
0.000000
0.000000
0.000000
0.000000
0.000000
0.000000
0.000000
0.000000
0.000000
0.000000
0.000000
0.000000
0.000000
0.000000
0.000000
0.000000
0.000000
0.000000
0.000000
0.000000
0.000000
0.000000
0.000000
0.000000
0.000000
0.000000
0.000000
0.000000
0.000000
0.000000
0.000000
0.000000
0.000000
0.000000
0.000000
0.000000
0.000000
0.000000
0.000000
0.000000
0.000000
0.000000
0.000000
0.000000
0.000000
0.000000
0.000000
0.000000
0.000000
0.000000
0.000000
0.000000
0.000000
0.000000
0.000000
0.000000
0.000000
0.000000
0.000000
0.000000
0.000000
0.000000
0.000000
0.000000
0.000000
0.000000
0.000000
0.000000
0.000000
0.000000
0.000000
0.000000
0.000000
0.000000
0.000000
0.000000
0.000000
0.000000
0.000000
0.000000
0.000000
0.000000
0.000000
0.000000
0.000000
0.000000
0.000000
0.000000
0.000000
0.000000
0.000000
0.000000
0.000000
0.000000
0.000000
0.000000
0.000000
0.000000
0.000000
0.000000
0.000000
0.000000
0.000000
0.000000
0.000000
0.000000
0.000000
0.000000
0.000000
0.000000
0.000000
0.000000
0.000000
0.000000
0.000000
0.000000
0.000000
0.000000
0.000000
0.000000
0.000000
0.000000
0.000000
0.000000
0.000000
0.000000
0.000000
0.000000
0.000000
0.000000
0.000000
0.000000
0.000000
0.000000
0.000000
0.000000
0.000000
0.000000
0.000000
0.000000
0.000000
0.000000
0.000000
0.000000
0.000000
0.000000
0.000000
0.000000
0.000000
0.000000
0.000000
0.000000
0.000000
0.000000
0.000000
0.000000
0.000000
0.000000
0.000000
0.000000
0.000000
0.000000
0.000000
0.000000
0.000000
0.000000
0.000000
0.000000
0.000000
0.000000
0.000000
0.000000
0.000000
0.000000
0.000000
0.000000
0.000000
0.000000
0.000000
0.000000
0.000000
0.000000
0.000000
0.000000
0.000000
0.000000
0.000000
0.000000
0.000000
0.000000
0.000000
0.000000
0.000000
0.000000
0.000000
0.000000
0.000000
0.000000
0.000000
