0.000000
0.000000
0.000000
0.000000
0.000000
0.000000
0.000000
0.000000
0.000000
0.000000
0.000000
0.000000
0.070287
0.236064
0.517862
0.682595
1.691648
3.204206
5.497441
7.584938
10.853291
16.283103
26.727981
43.557721
69.836937
105.255018
148.372432
214.169779
311.946886
434.838056
585.391717
792.853774
1059.511229
1368.371538
1742.949568
2213.407404
2778.687188
3434.602156
4209.489141
5126.800852
6177.790360
7362.676859
8683.631592
10193.627804
11884.085057
13703.967121
15725.455206
17920.002075
20257.478701
22766.955159
25526.071430
28392.051253
31440.331444
34600.678477
37938.130091
41473.929008
45080.234218
48798.998450
52656.472338
56596.932719
60495.038265
64510.777436
68590.357425
72685.256643
76727.394075
80695.210312
84619.101537
88486.807628
92224.112774
95952.603000
99501.666866
103013.451547
106389.014186
109717.155539
112810.067119
115712.211604
118422.524829
121064.499169
123390.118838
125609.141620
127752.598100
129739.480317
131495.490114
133138.459731
134382.153818
135609.780114
136629.349216
137392.220546
138009.818902
138410.450340
138692.154094
138761.897185
138682.520356
138393.711997
137988.190668
137434.122800
136784.816122
135958.930308
135020.583803
133982.734329
132830.364700
131447.904827
129920.892057
128337.864546
126756.602868
124998.327255
123238.139877
121287.000969
119289.897106
117248.376362
115158.020533
113062.119155
110933.092973
108768.493122
106433.424091
104154.962057
101836.642438
99451.946754
97098.930230
94723.975373
92298.834586
89936.551214
87629.860267
85291.082778
83017.881396
80674.042562
78340.776608
76005.957554
73727.681951
71451.980442
69199.070352
67003.357672
64833.106931
62648.372482
60506.252647
58462.400476
56429.315780
54392.700892
52435.577949
50518.159132
48674.957244
46887.945375
45094.700488
43413.689371
41765.318578
40134.037831
38619.401588
37047.276432
35549.034017
34140.156256
32723.364067
31373.737874
30022.099189
28728.509464
27509.068818
26300.219841
25139.512838
24022.823095
22950.433965
21894.874408
20909.566970
19979.322842
19080.298546
18164.531893
17300.277635
16467.811802
15701.893056
14930.873456
14220.839491
13506.040934
12828.033236
12173.919136
11540.562945
10951.381695
10379.323142
9837.061861
9315.554915
8845.369369
8380.216125
7919.103203
7494.817974
7079.741182
6690.382688
6321.659502
5976.740155
5647.073865
5347.142695
5042.361122
4768.858585
4506.164683
4250.219135
3998.003208
3760.815906
3555.661631
3347.104465
3149.581483
2971.940165
2795.548692
2635.607006
2476.258774
2330.358142
2192.927877
2056.580353
1926.900789
1803.311001
1693.418865
1586.446345
1479.619673
1380.643866
1287.021815
1206.687104
1127.940958
1059.098407
988.125191
921.806168
855.483353
797.876532
743.684169
696.888393
651.309150
607.396629
566.896334
529.118418
495.400197
461.604240
429.112659
400.597906
372.693869
346.743811
322.069288
296.393156
273.930344
255.388725
238.270167
221.634790
205.189644
189.459121
175.169081
164.018855
151.592841
140.282670
128.433921
118.610340
109.783461
101.696697
92.828269
85.030954
78.640049
72.230128
65.827238
60.727734
56.330662
52.181707
47.922980
44.077188
40.027015
36.561882
33.757677
30.728870
28.455176
26.112964
23.993714
22.058992
20.253363
18.303217
16.688367
15.249273
14.655521
13.505071
12.286785
11.354561
10.785914
9.956504
9.375283
8.465817
7.570041
6.589155
5.680357
5.171336
4.637390
4.048797
3.462574
3.163562
2.903935
2.835196
2.443496
2.173101
1.899762
1.779566
1.528813
1.472553
1.280955
1.054993
0.839384
0.729145
0.596850
0.524926
0.556902
0.513704
0.399071
0.319027
0.266143
0.287820
0.191862
0.195659
0.166980
0.172628
0.148688
0.162586
0.146764
0.144205
0.118572
0.065766
0.076826
0.034285
0.010757
0.006373
0.009759
0.001740
0.000000
0.000000
0.000000
0.000000
0.000000
0.000000
0.000000
0.000000
0.000000
0.000000
0.000000
0.000000
0.000000
0.000000
0.000000
0.000000
0.000000
0.000000
0.000000
0.000000
0.000000
0.000000
0.000000
0.000000
0.000000
0.000000
0.000000
0.000000
0.000000
0.000000
0.000000
0.000000
0.000000
0.000000
0.000000
0.000000
0.000000
0.000000
0.000000
0.000000
0.000000
0.000000
0.000000
0.000000
0.000000
0.000000
0.000000
0.000000
0.000000
0.000000
0.000000
0.000000
0.000000
0.000000
0.000000
0.000000
0.000000
0.000000
0.000000
0.000000
0.000000
0.000000
0.000000
0.000000
0.000000
0.000000
0.000000
0.000000
0.000000
0.000000
0.000000
0.000000
0.000000
0.000000
0.000000
0.000000
0.000000
0.000000
0.000000
0.000000
0.000000
0.000000
0.000000
0.000000
0.000000
0.000000
0.000000
0.000000
0.000000
0.000000
0.000000
0.000000
0.000000
0.000000
0.000000
0.000000
0.000000
0.000000
0.000000
0.000000
0.000000
0.000000
0.000000
0.000000
0.000000
0.000000
0.000000
0.000000
0.000000
0.000000
0.000000
0.000000
0.000000
0.000000
0.000000
0.000000
0.000000
0.000000
0.000000
0.000000
0.000000
0.000000
0.000000
0.000000
0.000000
0.000000
0.000000
0.000000
0.000000
0.000000
0.000000
0.000000
0.000000
0.000000
0.000000
0.000000
0.000000
0.000000
0.000000
0.000000
0.000000
0.000000
0.000000
0.000000
0.000000
0.000000
0.000000
0.000000
0.000000
0.000000
0.000000
0.000000
0.000000
0.000000
0.000000
0.000000
0.000000
0.000000
0.000000
0.000000
0.000000
0.000000
0.000000
0.000000
0.000000
0.000000
0.000000
0.000000
0.000000
0.000000
0.000000
0.000000
0.000000
0.000000
0.000000
0.000000
0.000000
0.000000
0.000000
0.000000
0.000000
0.000000
0.000000
0.000000
0.000000
0.000000
0.000000
0.000000
0.000000
0.000000
0.000000
0.000000
0.000000
0.000000
0.000000
0.000000
0.000000
0.000000
0.000000
0.000000
0.000000
0.000000
0.000000
0.000000
0.000000
0.000000
0.000000
0.000000
0.000000
0.000000
0.000000
0.000000
0.000000
0.000000
0.000000
0.000000
0.000000
0.000000
0.000000
0.000000
0.000000
0.000000
0.000000
0.000000
0.000000
0.000000
0.000000
0.000000
0.000000
0.000000
0.000000
0.000000
0.000000
0.000000
0.000000
0.000000
0.000000
0.000000
0.000000
0.000000
0.000000
0.000000
0.000000
0.000000
0.000000
0.000000
0.000000
0.000000
0.000000
0.000000
0.000000
0.000000
0.000000
0.000000
0.000000
0.000000
0.000000
0.000000
0.000000
0.000000
0.000000
0.000000
0.000000
0.000000
0.000000
0.000000
0.000000
0.000000
0.000000
0.000000
0.000000
0.000000
0.000000
0.000000
0.000000
0.000000
0.000000
0.000000
0.000000
0.000000
0.000000
0.000000
0.000000
0.000000
0.000000
0.000000
0.000000
0.000000
0.000000
0.000000
0.000000
0.000000
0.000000
0.000000
0.000000
0.000000
0.000000
0.000000
0.000000
0.000000
0.000000
0.000000
0.000000
0.000000
0.000000
0.000000
0.000000
0.000000
0.000000
0.000000
0.000000
0.000000
0.000000
0.000000
0.000000
0.000000
0.000000
0.000000
0.000000
0.000000
0.000000
0.000000
0.000000
0.000000
0.000000
0.000000
0.000000
0.000000
0.000000
0.000000
0.000000
0.000000
0.000000
0.000000
0.000000
0.000000
0.000000
0.000000
0.000000
0.000000
0.000000
0.000000
0.000000
0.000000
0.000000
0.000000
0.000000
0.000000
0.000000
0.000000
0.000000
0.000000
0.000000
0.000000
0.000000
0.000000
0.000000
0.000000
0.000000
0.000000
0.000000
0.000000
0.000000
0.000000
0.000000
0.000000
0.000000
0.000000
0.000000
0.000000
0.000000
0.000000
0.000000
0.000000
0.000000
0.000000
0.000000
0.000000
0.000000
0.000000
0.000000
0.000000
0.000000
0.000000
0.000000
0.000000
0.000000
0.000000
0.000000
0.000000
0.000000
0.000000
0.000000
0.000000
0.000000
0.000000
0.000000
0.000000
0.000000
0.000000
0.000000
0.000000
0.000000
0.000000
0.000000
0.000000
0.000000
0.000000
0.000000
0.000000
0.000000
0.000000
0.000000
0.000000
0.000000
0.000000
0.000000
0.000000
0.000000
0.000000
0.000000
0.000000
0.000000
0.000000
0.000000
0.000000
0.000000
0.000000
0.000000
0.000000
0.000000
0.000000
0.000000
0.000000
0.000000
0.000000
0.000000
0.000000
0.000000
0.000000
0.000000
0.000000
0.000000
0.000000
0.000000
0.000000
0.000000
0.000000
0.000000
0.000000
0.000000
0.000000
0.000000
0.000000
0.000000
0.000000
0.000000
0.000000
0.000000
0.000000
0.000000
0.000000
0.000000
0.000000
0.000000
0.000000
0.000000
0.000000
0.000000
0.000000
0.000000
0.000000
0.000000
0.000000
0.000000
0.000000
0.000000
0.000000
0.000000
0.000000
0.000000
0.000000
0.000000
0.000000
0.000000
0.000000
0.000000
0.000000
0.000000
0.000000
0.000000
0.000000
0.000000
0.000000
0.000000
0.000000
0.000000
0.000000
0.000000
0.000000
0.000000
0.000000
0.000000
0.000000
0.000000
0.000000
0.000000
0.000000
0.000000
0.000000
0.000000
0.000000
0.000000
0.000000
0.000000
0.000000
0.000000
0.000000
0.000000
0.000000
0.000000
0.000000
0.000000
0.000000
0.000000
0.000000
0.000000
0.000000
0.000000
0.000000
0.000000
0.000000
0.000000
0.000000
0.000000
0.000000
0.000000
0.000000
0.000000
0.000000
0.000000
0.000000
0.000000
0.000000
0.000000
0.000000
0.000000
0.000000
0.000000
0.000000
0.000000
0.000000
0.000000
0.000000
0.000000
0.000000
0.000000
0.000000
0.000000
0.000000
0.000000
0.000000
0.000000
0.000000
0.000000
0.000000
0.000000
0.000000
0.000000
0.000000
0.000000
0.000000
0.000000
0.000000
0.000000
0.000000
0.000000
0.000000
0.000000
0.000000
0.000000
0.000000
0.000000
0.000000
0.000000
0.000000
0.000000
0.000000
0.000000
0.000000
0.000000
0.000000
0.000000
0.000000
0.000000
0.000000
0.000000
0.000000
0.000000
0.000000
0.000000
0.000000
0.000000
0.000000
0.000000
0.000000
0.000000
0.000000
0.000000
0.000000
0.000000
0.000000
0.000000
0.000000
0.000000
0.000000
0.000000
0.000000
0.000000
0.000000
0.000000
0.000000
0.000000
0.000000
0.000000
0.000000
0.000000
0.000000
0.000000
0.000000
0.000000
0.000000
0.000000
0.000000
0.000000
0.000000
0.000000
0.000000
0.000000
0.000000
0.000000
0.000000
0.000000
0.000000
0.000000
0.000000
0.000000
0.000000
0.000000
0.000000
0.000000
0.000000
0.000000
0.000000
0.000000
0.000000
0.000000
0.000000
0.000000
0.000000
0.000000
0.000000
0.000000
0.000000
0.000000
0.000000
0.000000
0.000000
0.000000
0.000000
0.000000
0.000000
0.000000
0.000000
0.000000
0.000000
0.000000
0.000000
0.000000
0.000000
0.000000
0.000000
