0.000000
0.000000
4.044412
18.229376
47.115563
126.127808
293.214652
619.045275
1177.096297
2008.907893
3335.647317
5114.099168
7486.945820
10468.836408
14234.734185
18725.131032
23671.966936
29158.113941
34837.126640
40741.236011
46935.731857
53037.972074
59380.746658
64854.556545
70562.598361
75650.721075
80869.942465
85323.298647
89242.078038
92327.337925
94995.762647
97272.919432
98840.899631
100368.610861
101522.074390
102328.683737
102875.618761
103423.991517
102791.541393
102347.320831
101360.502269
100528.882390
99265.691985
97905.691223
96396.847230
94915.776756
93240.570962
92035.345595
90572.329334
88672.397303
87047.651873
85307.220637
83679.781010
82080.236267
80838.946039
78909.838727
77628.405837
76100.677072
74556.839828
73159.333306
71575.347987
70358.884324
68973.095010
67805.857911
66859.053954
65651.454818
64322.540040
63219.240771
62137.768631
60951.040122
59870.807274
58469.544826
57603.353042
56587.469985
55372.335520
54589.020636
53992.558918
53364.810314
52393.303190
51759.960600
51010.411997
50220.065051
49495.894192
48627.158481
48115.221229
47255.244565
46466.200775
45916.890354
45351.778267
44583.875798
44036.185624
43379.267364
42902.863041
42452.890429
42106.563636
41598.295574
41266.214728
40819.807498
40422.185418
39865.256675
39348.427701
38985.196797
38571.088573
38178.385292
37868.319568
37524.907791
37228.877697
36949.420510
36669.766076
36307.354340
36068.240516
35934.409396
35652.072890
35386.457898
35103.426512
34742.032345
34561.834615
34341.462157
34062.729882
33828.126669
33723.938693
33524.268450
33249.795783
33124.668297
32965.991667
32687.466885
32534.518751
32426.694881
32263.241335
32068.476220
31894.838741
31724.836047
31660.094477
31636.391629
31437.789518
31359.176441
31231.006514
30959.265618
30844.211849
30792.586192
30502.616060
30336.964383
30229.896348
30071.549636
30042.405507
29901.924018
29738.870515
29537.918566
29431.514871
29405.516506
29222.179982
29055.524627
28855.353014
28667.952184
28508.974614
28461.538922
28337.002775
28168.750338
28098.383364
27953.847651
27792.719652
27704.723542
27570.310382
27525.044862
27426.727667
27242.269621
27108.928482
27017.145914
26814.311136
26587.100879
26531.394045
26366.964902
26279.003859
26091.662128
26014.158149
25812.432670
25630.218119
25471.169409
25306.333449
25202.221936
25092.074304
24963.979302
24797.801539
24572.253099
24352.976612
24198.259154
24035.300719
23798.713677
23583.681052
23408.176357
23282.748975
23113.067646
23002.774298
22765.576994
22535.452979
22369.315483
22187.400099
22002.618052
21877.706179
21639.872485
21393.814884
21252.562185
21124.113548
20932.531599
20697.833262
20551.949609
20388.768507
20193.385553
20026.547634
19816.950283
19563.961853
19367.492241
19225.998910
19021.484515
18785.784347
18625.667146
18380.938079
18159.850460
17900.313943
17741.237278
17523.879534
17294.459720
17135.525449
16907.005266
16688.427985
16434.986585
16177.356032
15974.900368
15736.997358
15514.676036
15208.145723
15045.348064
14826.941121
14616.221140
14425.549225
14201.001050
14053.331222
13860.196220
13638.033853
13459.762842
13204.193571
12921.818137
12689.530997
12449.102039
12295.064322
12041.970518
11813.572917
11577.706669
11373.020189
11209.388614
10980.560282
10746.258300
10577.519762
10312.413795
10096.664370
9928.201949
9743.942516
9511.310913
9309.267897
9117.425565
8969.018068
8806.757833
8683.975781
8493.366713
8355.505995
8170.254802
8023.710667
7868.908571
7745.014699
7581.299705
7461.771595
7298.015924
7140.221494
6982.748048
6807.760355
6642.325849
6441.513743
6295.150547
6127.202585
5964.765824
5806.467496
5677.582550
5542.374074
5373.328973
5231.583811
5113.288472
4950.528777
4845.175311
4714.320770
4600.986224
4456.920834
4354.067402
4238.803719
4128.652557
4032.103997
3923.847870
3812.595017
3702.099502
3635.640952
3514.360713
3398.836430
3271.292800
3168.418753
3059.354852
2958.933789
2879.092644
2788.069970
2706.214086
2635.016851
2568.929899
2504.549879
2453.529219
2366.282515
2292.816423
2226.330154
2159.957033
2083.899036
2011.929019
1948.895091
1875.122180
1810.274951
1741.666597
1680.976826
1640.712314
1574.109888
1523.390922
1465.582820
1416.460941
1362.374285
1328.454529
1284.312703
1235.441444
1203.617627
1160.635021
1123.113435
1078.799470
1036.475242
985.811501
940.037094
917.533654
884.924588
851.932468
812.374338
769.143848
731.559414
698.355159
682.670682
665.594732
645.465375
615.068821
588.876659
567.128387
547.361372
524.569098
503.323661
492.157569
472.209684
456.520961
437.341056
421.004213
400.363050
385.106996
366.126628
347.553890
331.240434
312.092287
290.844155
280.116809
273.142295
261.780758
249.290498
237.683443
227.474809
216.420773
208.817902
200.250163
190.375589
184.202599
173.150014
156.355613
149.566012
140.692013
135.502739
129.126549
118.556880
117.684339
110.472193
107.308128
101.606900
94.125134
92.904052
88.726827
87.325004
83.422636
82.562300
78.180392
77.567035
78.341303
74.723690
74.253908
70.880110
69.336577
62.580029
59.991806
57.703524
52.395561
51.542754
48.193738
43.299381
39.363979
37.965777
36.806214
37.443177
36.371444
34.379288
32.305525
30.174456
28.005489
25.836573
23.497461
19.900919
17.455046
15.237842
13.464662
12.991757
11.747367
10.887737
10.470800
10.289272
10.937944
9.599332
9.210425
8.203658
8.315921
7.708627
6.871821
6.852256
6.617607
6.161635
4.823949
5.454328
5.369532
4.590614
4.144468
4.021499
4.047839
3.293575
3.577108
2.819884
2.247332
2.077314
2.354178
2.244192
2.287729
2.270177
2.207974
2.377080
1.762612
2.413057
2.258130
1.651355
1.297598
1.343127
1.165119
1.182823
0.697392
0.809827
0.814086
0.904160
0.865547
0.791675
0.755041
0.740179
0.516162
0.510321
0.313206
0.329472
0.389819
0.281135
0.198420
0.175159
0.145951
0.195992
0.147709
0.208775
0.151749
0.131090
0.162170
0.235524
0.244222
0.151693
0.125245
0.076268
0.073862
0.040015
0.006950
0.000000
0.000000
0.000000
0.000000
0.000000
0.000000
0.000000
0.000000
0.000000
0.000000
0.000000
0.000000
0.000000
0.000000
0.000000
0.000000
0.000000
0.000000
0.000000
0.000000
0.000000
0.000000
0.000000
0.000000
0.000000
0.000000
0.000000
0.000000
0.000000
0.000000
0.000000
0.000000
0.000000
0.000000
0.000000
0.000000
0.000000
0.000000
0.000000
0.000000
0.000000
0.000000
0.000000
0.000000
0.000000
0.000000
0.000000
0.000000
0.000000
0.000000
0.000000
0.000000
0.000000
0.000000
0.000000
0.000000
0.000000
0.000000
0.000000
0.000000
0.000000
0.000000
0.000000
0.000000
0.000000
0.000000
0.000000
0.000000
0.000000
0.000000
0.000000
0.000000
0.000000
0.000000
0.000000
0.000000
0.000000
0.000000
0.000000
0.000000
0.000000
0.000000
0.000000
0.000000
0.000000
0.000000
0.000000
0.000000
0.000000
0.000000
0.000000
0.000000
0.000000
0.000000
0.000000
0.000000
0.000000
0.000000
0.000000
0.000000
0.000000
0.000000
0.000000
0.000000
0.000000
0.000000
0.000000
0.000000
0.000000
0.000000
0.000000
0.000000
0.000000
0.000000
0.000000
0.000000
0.000000
0.000000
0.000000
0.000000
0.000000
0.000000
0.000000
0.000000
0.000000
0.000000
0.000000
0.000000
0.000000
0.000000
0.000000
0.000000
0.000000
0.000000
0.000000
0.000000
0.000000
0.000000
0.000000
0.000000
0.000000
0.000000
0.000000
0.000000
0.000000
0.000000
0.000000
0.000000
0.000000
0.000000
0.000000
0.000000
0.000000
0.000000
0.000000
0.000000
0.000000
0.000000
0.000000
0.000000
0.000000
0.000000
0.000000
0.000000
0.000000
0.000000
0.000000
0.000000
0.000000
0.000000
0.000000
0.000000
0.000000
0.000000
0.000000
0.000000
0.000000
0.000000
0.000000
0.000000
0.000000
0.000000
0.000000
0.000000
0.000000
0.000000
0.000000
0.000000
0.000000
0.000000
0.000000
0.000000
0.000000
0.000000
0.000000
0.000000
0.000000
0.000000
0.000000
0.000000
0.000000
0.000000
0.000000
0.000000
0.000000
0.000000
0.000000
0.000000
0.000000
0.000000
0.000000
0.000000
0.000000
0.000000
0.000000
0.000000
0.000000
0.000000
0.000000
0.000000
0.000000
0.000000
0.000000
0.000000
0.000000
0.000000
0.000000
0.000000
0.000000
0.000000
0.000000
0.000000
0.000000
0.000000
0.000000
0.000000
0.000000
0.000000
0.000000
0.000000
0.000000
0.000000
0.000000
0.000000
0.000000
0.000000
0.000000
0.000000
0.000000
0.000000
0.000000
0.000000
0.000000
0.000000
0.000000
0.000000
0.000000
0.000000
0.000000
0.000000
0.000000
0.000000
0.000000
0.000000
0.000000
0.000000
0.000000
0.000000
0.000000
0.000000
0.000000
0.000000
0.000000
0.000000
0.000000
0.000000
0.000000
0.000000
0.000000
0.000000
0.000000
0.000000
0.000000
0.000000
0.000000
0.000000
0.000000
0.000000
0.000000
0.000000
0.000000
0.000000
0.000000
0.000000
0.000000
0.000000
0.000000
0.000000
0.000000
0.000000
0.000000
0.000000
0.000000
0.000000
0.000000
0.000000
0.000000
0.000000
0.000000
0.000000
0.000000
0.000000
0.000000
0.000000
0.000000
0.000000
0.000000
0.000000
0.000000
0.000000
0.000000
0.000000
0.000000
0.000000
0.000000
0.000000
0.000000
0.000000
0.000000
0.000000
0.000000
0.000000
0.000000
0.000000
0.000000
0.000000
0.000000
0.000000
0.000000
0.000000
0.000000
0.000000
0.000000
0.000000
0.000000
0.000000
0.000000
0.000000
0.000000
0.000000
0.000000
0.000000
0.000000
0.000000
0.000000
0.000000
0.000000
0.000000
0.000000
0.000000
0.000000
0.000000
0.000000
0.000000
0.000000
0.000000
0.000000
0.000000
0.000000
0.000000
0.000000
0.000000
0.000000
0.000000
0.000000
0.000000
0.000000
0.000000
0.000000
0.000000
0.000000
0.000000
0.000000
0.000000
0.000000
0.000000
0.000000
0.000000
0.000000
0.000000
0.000000
0.000000
0.000000
0.000000
0.000000
0.000000
0.000000
0.000000
0.000000
0.000000
0.000000
0.000000
0.000000
0.000000
0.000000
0.000000
0.000000
0.000000
0.000000
0.000000
0.000000
0.000000
0.000000
0.000000
0.000000
0.000000
0.000000
0.000000
0.000000
0.000000
0.000000
0.000000
0.000000
0.000000
0.000000
0.000000
0.000000
0.000000
0.000000
0.000000
0.000000
0.000000
0.000000
0.000000
0.000000
0.000000
0.000000
0.000000
0.000000
0.000000
0.000000
0.000000
0.000000
0.000000
0.000000
0.000000
0.000000
0.000000
0.000000
0.000000
0.000000
0.000000
0.000000
0.000000
0.000000
0.000000
0.000000
0.000000
0.000000
0.000000
0.000000
0.000000
0.000000
0.000000
0.000000
0.000000
0.000000
0.000000
0.000000
0.000000
0.000000
0.000000
0.000000
0.000000
0.000000
0.000000
0.000000
0.000000
0.000000
0.000000
0.000000
0.000000
0.000000
0.000000
0.000000
0.000000
0.000000
0.000000
0.000000
0.000000
0.000000
0.000000
0.000000
0.000000
0.000000
0.000000
0.000000
0.000000
0.000000
0.000000
0.000000
0.000000
0.000000
0.000000
0.000000
