79.384898
509.461131
1654.833926
4137.146735
8400.005258
15139.540593
24577.108541
36929.393044
51841.171756
69153.060741
88253.569918
108181.854717
128652.835097
148658.398967
167311.235366
184404.365362
199261.203591
211979.817584
221953.309028
229390.588984
234430.447419
237189.477657
237543.385581
235890.379999
232769.066681
228206.101952
222270.881088
215449.199518
208124.586418
200099.678771
191670.880153
182946.665595
174135.149517
165526.795939
156967.780402
148709.881083
140678.656317
132777.649215
125345.833678
118174.487454
111410.185836
104946.913190
98797.142858
93019.454973
87549.169360
82449.750431
77617.536000
73109.074457
68878.502024
64879.755964
61254.876907
57814.916180
54723.374994
51744.834654
49019.911200
46475.940925
44062.811445
41751.585003
39699.945816
37735.161300
35895.865752
34150.174518
32567.774826
31100.030230
29759.354408
28462.521400
27258.691660
26103.513106
25062.676817
24101.915489
23198.783241
22346.724415
21564.702472
20780.323440
20114.246229
19481.383220
18816.586389
18228.896409
17673.606462
17178.959409
16707.496262
16274.753635
15824.243161
15418.457235
15087.843407
14717.030526
14422.600164
14129.764004
13870.080638
13581.430203
13337.897011
13105.495031
12882.315126
12688.964504
12495.606693
12332.599518
12179.410577
12055.355737
11930.766951
11815.735740
11685.108605
11540.415119
11452.320805
11357.210426
11269.852412
11173.316998
11076.610616
11003.342035
10928.654301
10871.811807
10802.428898
10746.095064
10703.013215
10670.627290
10609.510166
10566.487872
10548.514780
10535.131761
10531.878982
10523.311727
10476.546483
10479.736106
10499.669090
10483.819927
10481.376966
10507.783851
10547.819422
10561.255504
10578.016285
10593.504817
10639.375017
10656.758143
10691.063997
10727.655440
10772.716351
10800.381071
10819.974884
10838.060313
10850.310066
10889.703733
10920.231619
10939.916788
10963.348500
10992.124145
11005.740137
11034.120361
11062.045422
11113.567205
11173.034034
11236.011218
11292.491965
11336.633111
11379.557071
11432.126336
11490.083911
11554.449888
11611.091914
11664.196340
11726.831551
11786.931092
11830.658772
11881.385320
11930.546656
11987.825074
12019.449816
12098.296287
12173.487815
12217.605556
12262.018714
12316.025714
12379.481566
12443.067983
12498.007475
12553.970036
12577.769501
12624.240338
12683.491257
12725.841853
12780.081448
12821.200238
12873.778521
12908.789836
12947.365210
12984.259577
13031.698956
13080.749535
13113.836639
13164.546028
13213.972567
13264.673111
13278.532811
13284.331528
13300.815110
13344.856427
13364.447267
13385.164637
13386.722881
13411.543418
13399.750657
13403.937207
13405.556399
13401.206096
13402.284034
13380.086685
13343.038910
13310.163298
13288.724939
13246.700767
13230.420074
13205.322794
13168.911779
13146.454182
13109.298933
13067.287848
13040.588762
12990.836995
12924.758423
12872.158372
12821.056067
12758.951500
12687.691056
12620.943270
12556.990720
12458.164553
12393.717065
12341.425305
12258.816671
12186.467390
12107.205165
12025.067894
11933.483566
11836.257042
11740.137367
11646.689118
11550.781180
11448.092978
11327.654044
11221.796967
11116.594901
11007.881173
10889.793434
10790.133548
10677.338022
10569.248037
10436.887127
10322.976185
10199.090299
10060.322826
9931.518729
9811.647658
9684.067342
9560.235281
9427.081108
9300.741262
9176.565077
9039.761780
8894.666319
8779.438370
8658.726742
8540.029559
8427.317331
8279.587761
8149.555248
8013.500620
7873.061706
7732.409718
7601.343191
7479.811847
7330.173959
7185.179835
7047.125809
6924.846763
6789.959599
6654.598418
6525.198722
6379.556089
6253.629279
6131.326591
6009.084119
5882.598007
5761.489098
5634.763329
5500.062013
5368.873743
5244.628023
5118.817614
4985.373163
4861.823549
4749.630579
4633.229584
4518.828916
4401.161809
4278.461886
4166.571972
4054.114362
3952.556113
3843.007848
3744.152590
3645.106447
3535.816392
3433.652470
3324.035446
3228.785283
3135.712945
3044.741052
2952.027017
2858.993667
2774.764676
2689.726830
2607.702841
2530.572990
2449.259553
2378.263384
2305.065249
2230.210081
2151.236870
2081.426896
2015.001317
1937.347912
1868.315686
1803.221707
1737.053490
1676.681323
1614.853546
1555.554603
1494.748446
1445.652337
1391.939902
1339.769211
1291.157323
1244.682486
1199.227492
1155.530543
1113.228916
1066.857906
1025.752166
986.849750
946.967615
911.205357
874.961875
842.093060
807.988157
776.484878
743.286039
710.680802
680.916536
655.062780
629.704625
601.252575
572.446961
551.485904
528.693358
503.797640
478.502821
458.714074
435.729800
415.506834
396.988804
375.855167
358.899113
342.459174
325.534107
308.645233
294.020472
280.092068
266.645656
251.822796
239.875835
228.106069
215.272239
206.088309
195.911294
187.311071
177.561672
169.369892
160.175580
152.335625
145.324714
137.205657
128.659783
121.914821
114.561554
107.305183
100.976241
94.984029
88.650963
83.318291
79.040130
74.565955
69.584922
66.012724
62.402635
58.701249
54.615510
50.839839
47.957933
45.302441
42.753968
40.274925
37.417799
35.700791
34.098869
31.775203
30.335208
29.065570
27.425945
25.446233
23.661822
22.117618
21.047725
20.081171
19.114128
17.624755
16.709360
15.158515
14.176628
12.936626
12.088290
11.467495
10.859971
10.158816
9.351623
8.853184
8.149387
7.308455
7.035996
6.734907
6.459223
6.163842
5.786194
5.502049
5.010794
5.025370
4.549980
4.288358
4.234857
3.973621
3.615259
3.248841
2.935251
2.693242
2.326984
2.039311
1.978232
1.858843
1.791231
1.720062
1.514161
1.324998
1.250877
1.090770
1.027976
0.796473
0.677074
0.570220
0.556704
0.533019
0.500859
0.401702
0.436352
0.436869
0.346346
0.292052
0.230707
0.201905
0.184346
0.164663
0.127440
0.118355
0.105733
0.063374
0.020946
0.018951
0.005573
0.005014
0.002674
0.000065
0.000000
0.000000
0.000000
0.000000
0.000000
0.000000
0.000000
0.000000
0.000000
0.000000
0.000000
0.000000
0.000000
0.000000
0.000000
0.000000
0.000000
0.000000
0.000000
0.000000
0.000000
0.000000
0.000000
0.000000
0.000000
0.000000
0.000000
0.000000
0.000000
0.000000
0.000000
0.000000
0.000000
0.000000
0.000000
0.000000
0.000000
0.000000
0.000000
0.000000
0.000000
0.000000
0.000000
0.000000
0.000000
0.000000
0.000000
0.000000
0.000000
0.000000
0.000000
0.000000
0.000000
0.000000
0.000000
0.000000
0.000000
0.000000
0.000000
0.000000
0.000000
0.000000
0.000000
0.000000
0.000000
0.000000
0.000000
0.000000
0.000000
0.000000
0.000000
0.000000
0.000000
0.000000
0.000000
0.000000
0.000000
0.000000
0.000000
0.000000
0.000000
0.000000
0.000000
0.000000
0.000000
0.000000
0.000000
0.000000
0.000000
0.000000
0.000000
0.000000
0.000000
0.000000
0.000000
0.000000
0.000000
0.000000
0.000000
0.000000
0.000000
0.000000
0.000000
0.000000
0.000000
0.000000
0.000000
0.000000
0.000000
0.000000
0.000000
0.000000
0.000000
0.000000
0.000000
0.000000
0.000000
0.000000
0.000000
0.000000
0.000000
0.000000
0.000000
0.000000
0.000000
0.000000
0.000000
0.000000
0.000000
0.000000
0.000000
0.000000
0.000000
0.000000
0.000000
0.000000
0.000000
0.000000
0.000000
0.000000
0.000000
0.000000
0.000000
0.000000
0.000000
0.000000
0.000000
0.000000
0.000000
0.000000
0.000000
0.000000
0.000000
0.000000
0.000000
0.000000
0.000000
0.000000
0.000000
0.000000
0.000000
0.000000
0.000000
0.000000
0.000000
0.000000
0.000000
0.000000
0.000000
0.000000
0.000000
0.000000
0.000000
0.000000
0.000000
0.000000
0.000000
0.000000
0.000000
0.000000
0.000000
0.000000
0.000000
0.000000
0.000000
0.000000
0.000000
0.000000
0.000000
0.000000
0.000000
0.000000
0.000000
0.000000
0.000000
0.000000
0.000000
0.000000
0.000000
0.000000
0.000000
0.000000
0.000000
0.000000
0.000000
0.000000
0.000000
0.000000
0.000000
0.000000
0.000000
0.000000
0.000000
0.000000
0.000000
0.000000
0.000000
0.000000
0.000000
0.000000
0.000000
0.000000
0.000000
0.000000
0.000000
0.000000
0.000000
0.000000
0.000000
0.000000
0.000000
0.000000
0.000000
0.000000
0.000000
0.000000
0.000000
0.000000
0.000000
0.000000
0.000000
0.000000
0.000000
0.000000
0.000000
0.000000
0.000000
0.000000
0.000000
0.000000
0.000000
0.000000
0.000000
0.000000
0.000000
0.000000
0.000000
0.000000
0.000000
0.000000
0.000000
0.000000
0.000000
0.000000
0.000000
0.000000
0.000000
0.000000
0.000000
0.000000
0.000000
0.000000
0.000000
0.000000
0.000000
0.000000
0.000000
0.000000
0.000000
0.000000
0.000000
0.000000
0.000000
0.000000
0.000000
0.000000
0.000000
0.000000
0.000000
0.000000
0.000000
0.000000
0.000000
0.000000
0.000000
0.000000
0.000000
0.000000
0.000000
0.000000
0.000000
0.000000
0.000000
0.000000
0.000000
0.000000
0.000000
0.000000
0.000000
0.000000
0.000000
0.000000
0.000000
0.000000
0.000000
0.000000
0.000000
0.000000
0.000000
0.000000
0.000000
0.000000
0.000000
0.000000
0.000000
0.000000
0.000000
0.000000
0.000000
0.000000
0.000000
0.000000
0.000000
0.000000
0.000000
0.000000
0.000000
0.000000
0.000000
0.000000
0.000000
0.000000
0.000000
0.000000
0.000000
0.000000
0.000000
0.000000
0.000000
0.000000
0.000000
0.000000
0.000000
0.000000
0.000000
0.000000
0.000000
0.000000
0.000000
0.000000
0.000000
0.000000
0.000000
0.000000
0.000000
0.000000
0.000000
0.000000
0.000000
0.000000
0.000000
0.000000
0.000000
0.000000
0.000000
0.000000
0.000000
0.000000
0.000000
0.000000
0.000000
0.000000
0.000000
0.000000
0.000000
0.000000
0.000000
0.000000
0.000000
0.000000
0.000000
0.000000
0.000000
0.000000
0.000000
0.000000
0.000000
0.000000
0.000000
0.000000
0.000000
0.000000
0.000000
0.000000
0.000000
0.000000
0.000000
0.000000
0.000000
0.000000
0.000000
0.000000
0.000000
0.000000
0.000000
0.000000
0.000000
0.000000
0.000000
0.000000
0.000000
0.000000
0.000000
0.000000
0.000000
0.000000
0.000000
0.000000
0.000000
0.000000
0.000000
0.000000
0.000000
0.000000
0.000000
0.000000
0.000000
0.000000
0.000000
0.000000
0.000000
0.000000
0.000000
0.000000
0.000000
0.000000
0.000000
0.000000
0.000000
0.000000
0.000000
0.000000
0.000000
0.000000
0.000000
0.000000
0.000000
0.000000
0.000000
0.000000
0.000000
0.000000
0.000000
0.000000
0.000000
0.000000
0.000000
0.000000
0.000000
0.000000
0.000000
0.000000
0.000000
0.000000
0.000000
0.000000
0.000000
0.000000
0.000000
0.000000
0.000000
0.000000
0.000000
0.000000
0.000000
0.000000
0.000000
0.000000
0.000000
0.000000
0.000000
0.000000
0.000000
0.000000
0.000000
0.000000
0.000000
0.000000
0.000000
0.000000
0.000000
0.000000
0.000000
0.000000
0.000000
0.000000
0.000000
0.000000
0.000000
0.000000
0.000000
0.000000
0.000000
0.000000
0.000000
0.000000
0.000000
0.000000
0.000000
0.000000
0.000000
0.000000
0.000000
0.000000
