0.000000
0.000000
0.000000
0.000000
0.000000
0.000000
0.000000
0.000000
0.000000
0.128615
1.073754
2.036940
4.461904
6.947982
14.679211
22.925496
37.290613
57.354901
84.892343
127.843507
185.252835
259.943414
364.521756
492.710266
647.230468
844.235808
1114.176211
1430.274584
1819.838805
2264.138536
2809.747400
3416.368161
4171.456401
5022.144102
5947.218762
7008.533040
8178.316087
9498.835912
10939.213664
12519.988358
14267.682644
16169.189587
18194.114981
20369.117358
22668.769230
25139.043354
27703.413580
30365.770824
33203.475551
36033.943759
38973.064501
41982.949731
45175.107225
48335.985633
51570.852034
54908.878135
58245.414456
61601.227553
64868.878910
68206.755831
71501.413779
74769.949848
78036.501185
81228.358272
84340.309482
87366.599441
90323.817777
93176.110429
95834.532770
98399.128890
100921.281573
103344.382961
105550.035615
107710.009085
109855.469148
111880.232503
113631.100548
115251.482168
116811.274842
118133.471817
119261.542811
120472.206308
121288.264603
122011.082502
122705.275777
123229.133299
123715.704468
124032.389772
124203.100661
124179.503285
124131.613170
123851.679458
123539.615741
123051.003298
122544.097588
121843.664703
121161.675048
120278.048458
119279.696132
118237.017376
117182.108720
116060.048380
114786.675162
113452.297703
112087.722701
110715.161504
109189.655929
107593.371631
105960.617439
104284.143642
102725.920511
101009.572825
99342.518776
97581.206148
95871.971540
94100.853029
92363.977687
90587.716134
88724.488244
86886.506354
85006.024632
83159.487632
81266.864874
79462.034152
77609.416548
75767.807139
74005.921529
72137.982350
70335.452303
68503.735704
66691.282374
64878.960154
63139.548968
61410.591165
59715.849729
58063.883394
56462.276621
54815.829284
53269.269260
51679.869253
50182.315634
48697.306389
47206.311420
45744.975017
44269.461641
42870.881203
41499.219178
40149.835915
38798.802399
37534.038539
36256.957160
35029.004788
33825.000085
32673.949610
31511.058395
30373.980153
29315.813526
28263.206603
27246.527210
26234.404409
25227.844576
24298.082880
23356.054468
22480.253151
21632.695869
20792.540288
19989.231485
19213.921857
18428.158417
17681.399063
16965.674348
16255.899201
15581.192173
14934.238144
14311.257419
13697.111333
13119.227935
12561.465692
12028.537349
11493.293236
10993.225577
10493.327927
10038.856055
9591.417434
9148.832409
8749.995529
8354.274719
7973.435313
7611.314864
7255.887432
6918.166443
6600.251331
6301.636981
6006.874212
5713.765886
5428.697813
5168.683551
4921.319509
4676.529845
4451.864402
4214.065638
3997.385881
3796.814964
3607.079977
3426.473834
3250.722882
3067.733171
2910.214422
2750.450439
2601.193452
2457.249330
2318.148293
2194.925731
2079.798545
1965.733549
1852.083774
1745.018993
1654.554396
1563.450294
1471.513727
1384.545278
1307.953144
1236.199545
1167.072118
1101.611292
1035.770249
975.604293
920.981283
868.824156
820.212035
771.813073
724.118077
679.898712
637.931789
598.881435
562.474072
527.841547
492.586849
458.225798
427.514731
398.963069
376.696933
350.764790
327.187030
308.829769
290.721163
273.066317
256.199260
240.857326
224.817292
208.032554
195.265073
184.213452
171.601711
160.199099
148.871279
139.044954
130.581478
120.213537
111.689965
103.751382
98.211776
91.210089
83.836604
77.610722
73.030092
68.401194
62.558973
58.293020
54.014137
49.873757
45.270901
41.763417
37.626427
34.699145
32.257741
29.657977
27.059716
25.974368
23.797906
22.051206
20.548232
18.238755
16.996056
15.703510
14.673425
13.504630
12.355284
11.485381
10.561921
9.423822
8.703026
7.734663
7.156562
6.295502
5.408351
5.071669
4.974469
4.429037
4.052879
3.463121
3.161279
2.840894
2.405208
2.341112
2.021449
1.794542
1.655518
1.538064
1.461763
1.333505
1.297771
1.120947
1.105531
1.032138
1.065482
1.062403
1.055958
1.043422
0.961684
0.825147
0.705112
0.630647
0.559877
0.515557
0.476705
0.436921
0.294024
0.293375
0.304790
0.251390
0.291287
0.229974
0.189420
0.206760
0.210365
0.185191
0.180855
0.157281
0.184464
0.118628
0.129788
0.108844
0.067539
0.051387
0.084925
0.073390
0.059763
0.055929
0.073122
0.064836
0.044096
0.029153
0.011334
0.046671
0.030396
0.006169
0.001292
0.000000
0.000000
0.000000
0.000000
0.000000
0.000000
0.000000
0.000000
0.000000
0.000000
0.000000
0.000000
0.000000
0.000000
0.000000
0.000000
0.000000
0.000000
0.000000
0.000000
0.000000
0.000000
0.000000
0.000000
0.000000
0.000000
0.000000
0.000000
0.000000
0.000000
0.000000
0.000000
0.000000
0.000000
0.000000
0.000000
0.000000
0.000000
0.000000
0.000000
0.000000
0.000000
0.000000
0.000000
0.000000
0.000000
0.000000
0.000000
0.000000
0.000000
0.000000
0.000000
0.000000
0.000000
0.000000
0.000000
0.000000
0.000000
0.000000
0.000000
0.000000
0.000000
0.000000
0.000000
0.000000
0.000000
0.000000
0.000000
0.000000
0.000000
0.000000
0.000000
0.000000
0.000000
0.000000
0.000000
0.000000
0.000000
0.000000
0.000000
0.000000
0.000000
0.000000
0.000000
0.000000
0.000000
0.000000
0.000000
0.000000
0.000000
0.000000
0.000000
0.000000
0.000000
0.000000
0.000000
0.000000
0.000000
0.000000
0.000000
0.000000
0.000000
0.000000
0.000000
0.000000
0.000000
0.000000
0.000000
0.000000
0.000000
0.000000
0.000000
0.000000
0.000000
0.000000
0.000000
0.000000
0.000000
0.000000
0.000000
0.000000
0.000000
0.000000
0.000000
0.000000
0.000000
0.000000
0.000000
0.000000
0.000000
0.000000
0.000000
0.000000
0.000000
0.000000
0.000000
0.000000
0.000000
0.000000
0.000000
0.000000
0.000000
0.000000
0.000000
0.000000
0.000000
0.000000
0.000000
0.000000
0.000000
0.000000
0.000000
0.000000
0.000000
0.000000
0.000000
0.000000
0.000000
0.000000
0.000000
0.000000
0.000000
0.000000
0.000000
0.000000
0.000000
0.000000
0.000000
0.000000
0.000000
0.000000
0.000000
0.000000
0.000000
0.000000
0.000000
0.000000
0.000000
0.000000
0.000000
0.000000
0.000000
0.000000
0.000000
0.000000
0.000000
0.000000
0.000000
0.000000
0.000000
0.000000
0.000000
0.000000
0.000000
0.000000
0.000000
0.000000
0.000000
0.000000
0.000000
0.000000
0.000000
0.000000
0.000000
0.000000
0.000000
0.000000
0.000000
0.000000
0.000000
0.000000
0.000000
0.000000
0.000000
0.000000
0.000000
0.000000
0.000000
0.000000
0.000000
0.000000
0.000000
0.000000
0.000000
0.000000
0.000000
0.000000
0.000000
0.000000
0.000000
0.000000
0.000000
0.000000
0.000000
0.000000
0.000000
0.000000
0.000000
0.000000
0.000000
0.000000
0.000000
0.000000
0.000000
0.000000
0.000000
0.000000
0.000000
0.000000
0.000000
0.000000
0.000000
0.000000
0.000000
0.000000
0.000000
0.000000
0.000000
0.000000
0.000000
0.000000
0.000000
0.000000
0.000000
0.000000
0.000000
0.000000
0.000000
0.000000
0.000000
0.000000
0.000000
0.000000
0.000000
0.000000
0.000000
0.000000
0.000000
0.000000
0.000000
0.000000
0.000000
0.000000
0.000000
0.000000
0.000000
0.000000
0.000000
0.000000
0.000000
0.000000
0.000000
0.000000
0.000000
0.000000
0.000000
0.000000
0.000000
0.000000
0.000000
0.000000
0.000000
0.000000
0.000000
0.000000
0.000000
0.000000
0.000000
0.000000
0.000000
0.000000
0.000000
0.000000
0.000000
0.000000
0.000000
0.000000
0.000000
0.000000
0.000000
0.000000
0.000000
0.000000
0.000000
0.000000
0.000000
0.000000
0.000000
0.000000
0.000000
0.000000
0.000000
0.000000
0.000000
0.000000
0.000000
0.000000
0.000000
0.000000
0.000000
0.000000
0.000000
0.000000
0.000000
0.000000
0.000000
0.000000
0.000000
0.000000
0.000000
0.000000
0.000000
0.000000
0.000000
0.000000
0.000000
0.000000
0.000000
0.000000
0.000000
0.000000
0.000000
0.000000
0.000000
0.000000
0.000000
0.000000
0.000000
0.000000
0.000000
0.000000
0.000000
0.000000
0.000000
0.000000
0.000000
0.000000
0.000000
0.000000
0.000000
0.000000
0.000000
0.000000
0.000000
0.000000
0.000000
0.000000
0.000000
0.000000
0.000000
0.000000
0.000000
0.000000
0.000000
0.000000
0.000000
0.000000
0.000000
0.000000
0.000000
0.000000
0.000000
0.000000
0.000000
0.000000
0.000000
0.000000
0.000000
0.000000
0.000000
0.000000
0.000000
0.000000
0.000000
0.000000
0.000000
0.000000
0.000000
0.000000
0.000000
0.000000
0.000000
0.000000
0.000000
0.000000
0.000000
0.000000
0.000000
0.000000
0.000000
0.000000
0.000000
0.000000
0.000000
0.000000
0.000000
0.000000
0.000000
0.000000
0.000000
0.000000
0.000000
0.000000
0.000000
0.000000
0.000000
0.000000
0.000000
0.000000
0.000000
0.000000
0.000000
0.000000
0.000000
0.000000
0.000000
0.000000
0.000000
0.000000
0.000000
0.000000
0.000000
0.000000
0.000000
0.000000
0.000000
0.000000
0.000000
0.000000
0.000000
0.000000
0.000000
0.000000
0.000000
0.000000
0.000000
0.000000
0.000000
0.000000
0.000000
0.000000
0.000000
0.000000
0.000000
0.000000
0.000000
0.000000
0.000000
0.000000
0.000000
0.000000
0.000000
0.000000
0.000000
0.000000
0.000000
0.000000
0.000000
0.000000
0.000000
0.000000
0.000000
0.000000
0.000000
0.000000
0.000000
0.000000
0.000000
0.000000
0.000000
0.000000
0.000000
0.000000
0.000000
0.000000
0.000000
0.000000
0.000000
0.000000
0.000000
0.000000
0.000000
0.000000
0.000000
0.000000
0.000000
0.000000
0.000000
0.000000
0.000000
0.000000
0.000000
0.000000
0.000000
0.000000
0.000000
0.000000
0.000000
0.000000
0.000000
0.000000
0.000000
0.000000
0.000000
0.000000
0.000000
0.000000
0.000000
0.000000
0.000000
0.000000
0.000000
0.000000
0.000000
0.000000
0.000000
0.000000
0.000000
0.000000
0.000000
0.000000
0.000000
0.000000
0.000000
0.000000
0.000000
0.000000
0.000000
0.000000
0.000000
0.000000
0.000000
0.000000
0.000000
0.000000
0.000000
0.000000
0.000000
0.000000
0.000000
0.000000
0.000000
0.000000
0.000000
0.000000
0.000000
0.000000
0.000000
0.000000
0.000000
0.000000
0.000000
0.000000
0.000000
0.000000
0.000000
0.000000
0.000000
0.000000
0.000000
0.000000
0.000000
0.000000
0.000000
0.000000
0.000000
0.000000
0.000000
0.000000
0.000000
0.000000
0.000000
0.000000
0.000000
0.000000
0.000000
0.000000
0.000000
0.000000
0.000000
0.000000
0.000000
0.000000
0.000000
0.000000
0.000000
0.000000
0.000000
0.000000
0.000000
0.000000
0.000000
0.000000
0.000000
0.000000
0.000000
0.000000
0.000000
0.000000
0.000000
0.000000
0.000000
0.000000
