0.000000
0.000000
0.007769
0.010989
0.114637
0.291043
0.575570
1.444106
2.893737
6.031853
11.280068
20.576068
34.633685
59.762901
96.659204
146.572978
219.934346
320.109141
457.467465
639.505049
875.991655
1170.140668
1530.260818
1967.773655
2494.677948
3118.747669
3853.810241
4706.075496
5684.628811
6787.588391
8031.418171
9403.188360
10926.757673
12576.444488
14367.145844
16303.507488
18389.338750
20605.346218
22940.366431
25395.870104
27930.357663
30583.231090
33297.363152
36102.650717
38972.945357
41893.031974
44835.991749
47840.312261
50849.346598
53875.165023
56866.976480
59821.770881
62738.698624
65635.714803
68482.347288
71283.521991
73994.076739
76683.749005
79257.887733
81784.868911
84174.388049
86488.831262
88688.272960
90781.851778
92746.678935
94607.954908
96414.073733
98067.451130
99648.894807
101113.066892
102458.742936
103656.526553
104713.181604
105738.680188
106614.506878
107402.327695
108061.352911
108645.469659
109123.173969
109494.591170
109744.699325
109916.609436
110000.477108
109983.982470
109873.812099
109673.990101
109443.518220
109130.797521
108752.391989
108320.405869
107830.381104
107278.043055
106697.087288
106002.816763
105313.371135
104555.113438
103750.368709
102906.736649
102007.557656
101085.704482
100126.468475
99121.984197
98089.103354
97032.677680
95950.459812
94821.219287
93684.295651
92487.929726
91308.196926
90084.073430
88834.720358
87583.297441
86312.384437
85022.562771
83717.440884
82412.751830
81090.577741
79748.587455
78402.894924
77051.283838
75725.018194
74352.937453
72986.167040
71631.731806
70279.490937
68919.168779
67574.348547
66229.346088
64904.112537
63581.716936
62256.366089
60952.014384
59649.676293
58347.631038
57051.782709
55784.484024
54522.663817
53276.084693
52039.626731
50829.688354
49611.411572
48399.620153
47227.960999
46050.286285
44886.042688
43768.391270
42632.719216
41517.366475
40433.949179
39352.906969
38301.677450
37258.394855
36235.406350
35219.244714
34231.443697
33254.422116
32291.991883
31343.729829
30405.614219
29495.439854
28597.467503
27711.805993
26849.729906
26011.115064
25180.653526
24368.804649
23563.351365
22785.531923
22029.174522
21285.194425
20551.550361
19837.752939
19149.156681
18472.653068
17815.544575
17169.872246
16536.823579
15929.224616
15341.224319
14762.243622
14203.588671
13662.587707
13135.096883
12623.089903
12126.665755
11644.809344
11174.534617
10723.502943
10282.881211
9853.578407
9440.463552
9049.033649
8665.468683
8294.293382
7933.455897
7586.106735
7250.916767
6924.254601
6612.078350
6314.607496
6027.019029
5753.537090
5486.636576
5230.553119
4990.907103
4752.280930
4522.765598
4302.687062
4095.417933
3901.654569
3710.397978
3524.636869
3347.564418
3177.452275
3016.514788
2862.738379
2719.426177
2576.397487
2439.024437
2312.691660
2187.834949
2071.704530
1961.081023
1855.225088
1753.962248
1655.772186
1564.652252
1477.667773
1394.377911
1316.492473
1241.937148
1170.990034
1104.097176
1040.956870
980.989604
923.362038
868.010659
816.808114
768.298615
722.466233
679.891818
638.593178
600.550493
563.195432
528.987206
495.508645
465.679077
437.253066
410.157535
383.276185
359.929422
336.710246
314.398030
293.664016
274.943736
257.078599
240.325987
225.413978
210.976540
196.767661
183.396949
171.098260
159.902789
148.618226
138.013950
128.675167
119.445931
111.533785
104.123642
96.251226
89.381606
83.495119
77.407849
71.541458
66.385815
61.540609
56.797077
52.807290
49.051593
45.266970
41.763423
38.509987
35.398106
32.948836
30.320681
28.116743
25.845883
23.941596
22.253013
20.395489
18.780514
17.106997
15.798933
14.465543
13.191817
12.217565
11.183252
10.098801
9.254447
8.472297
7.757661
7.106279
6.482189
5.929707
5.293006
4.880195
4.416572
4.027609
3.689259
3.405193
3.079656
2.808580
2.588420
2.315910
2.095070
1.925518
1.744364
1.637630
1.465388
1.297150
1.162909
1.060120
0.957067
0.862216
0.804171
0.732071
0.649518
0.575475
0.524782
0.445710
0.408377
0.354500
0.313001
0.293387
0.276484
0.251840
0.224234
0.189806
0.169039
0.146131
0.131104
0.109902
0.089553
0.079282
0.067903
0.062545
0.049821
0.049792
0.043151
0.037890
0.031370
0.024857
0.019472
0.015154
0.010565
0.008226
0.005864
0.004655
0.002960
0.001969
0.000731
0.000151
0.000294
0.000233
0.000000
0.000000
0.000000
0.000000
0.000000
0.000000
0.000000
0.000000
0.000000
0.000000
0.000000
0.000000
0.000000
0.000000
0.000000
0.000000
0.000000
0.000000
0.000000
0.000000
0.000000
0.000000
0.000000
0.000000
0.000000
0.000000
0.000000
0.000000
0.000000
0.000000
0.000000
0.000000
0.000000
0.000000
0.000000
0.000000
0.000000
0.000000
0.000000
0.000000
0.000000
0.000000
0.000000
0.000000
0.000000
0.000000
0.000000
0.000000
0.000000
0.000000
0.000000
0.000000
0.000000
0.000000
0.000000
0.000000
0.000000
0.000000
0.000000
0.000000
0.000000
0.000000
0.000000
0.000000
0.000000
0.000000
0.000000
0.000000
0.000000
0.000000
0.000000
0.000000
0.000000
0.000000
0.000000
0.000000
0.000000
0.000000
0.000000
0.000000
0.000000
0.000000
0.000000
0.000000
0.000000
0.000000
0.000000
0.000000
0.000000
0.000000
0.000000
0.000000
0.000000
0.000000
0.000000
0.000000
0.000000
0.000000
0.000000
0.000000
0.000000
0.000000
0.000000
0.000000
0.000000
0.000000
0.000000
0.000000
0.000000
0.000000
0.000000
0.000000
0.000000
0.000000
0.000000
0.000000
0.000000
0.000000
0.000000
0.000000
0.000000
0.000000
0.000000
0.000000
0.000000
0.000000
0.000000
0.000000
0.000000
0.000000
0.000000
0.000000
0.000000
0.000000
0.000000
0.000000
0.000000
0.000000
0.000000
0.000000
0.000000
0.000000
0.000000
0.000000
0.000000
0.000000
0.000000
0.000000
0.000000
0.000000
0.000000
0.000000
0.000000
0.000000
0.000000
0.000000
0.000000
0.000000
0.000000
0.000000
0.000000
0.000000
0.000000
0.000000
0.000000
0.000000
0.000000
0.000000
0.000000
0.000000
0.000000
0.000000
0.000000
0.000000
0.000000
0.000000
0.000000
0.000000
0.000000
0.000000
0.000000
0.000000
0.000000
0.000000
0.000000
0.000000
0.000000
0.000000
0.000000
0.000000
0.000000
0.000000
0.000000
0.000000
0.000000
0.000000
0.000000
0.000000
0.000000
0.000000
0.000000
0.000000
0.000000
0.000000
0.000000
0.000000
0.000000
0.000000
0.000000
0.000000
0.000000
0.000000
0.000000
0.000000
0.000000
0.000000
0.000000
0.000000
0.000000
0.000000
0.000000
0.000000
0.000000
0.000000
0.000000
0.000000
0.000000
0.000000
0.000000
0.000000
0.000000
0.000000
0.000000
0.000000
0.000000
0.000000
0.000000
0.000000
0.000000
0.000000
0.000000
0.000000
0.000000
0.000000
0.000000
0.000000
0.000000
0.000000
0.000000
0.000000
0.000000
0.000000
0.000000
0.000000
0.000000
0.000000
0.000000
0.000000
0.000000
0.000000
0.000000
0.000000
0.000000
0.000000
0.000000
0.000000
0.000000
0.000000
0.000000
0.000000
0.000000
0.000000
0.000000
0.000000
0.000000
0.000000
0.000000
0.000000
0.000000
0.000000
0.000000
0.000000
0.000000
0.000000
0.000000
0.000000
0.000000
0.000000
0.000000
0.000000
0.000000
0.000000
0.000000
0.000000
0.000000
0.000000
0.000000
0.000000
0.000000
0.000000
0.000000
0.000000
0.000000
0.000000
0.000000
0.000000
0.000000
0.000000
0.000000
0.000000
0.000000
0.000000
0.000000
0.000000
0.000000
0.000000
0.000000
0.000000
0.000000
0.000000
0.000000
0.000000
0.000000
0.000000
0.000000
0.000000
0.000000
0.000000
0.000000
0.000000
0.000000
0.000000
0.000000
0.000000
0.000000
0.000000
0.000000
0.000000
0.000000
0.000000
0.000000
0.000000
0.000000
0.000000
0.000000
0.000000
0.000000
0.000000
0.000000
0.000000
0.000000
0.000000
0.000000
0.000000
0.000000
0.000000
0.000000
0.000000
0.000000
0.000000
0.000000
0.000000
0.000000
0.000000
0.000000
0.000000
0.000000
0.000000
0.000000
0.000000
0.000000
0.000000
0.000000
0.000000
0.000000
0.000000
0.000000
0.000000
0.000000
0.000000
0.000000
0.000000
0.000000
0.000000
0.000000
0.000000
0.000000
0.000000
0.000000
0.000000
0.000000
0.000000
0.000000
0.000000
0.000000
0.000000
0.000000
0.000000
0.000000
0.000000
0.000000
0.000000
0.000000
0.000000
0.000000
0.000000
0.000000
0.000000
0.000000
0.000000
0.000000
0.000000
0.000000
0.000000
0.000000
0.000000
0.000000
0.000000
0.000000
0.000000
0.000000
0.000000
0.000000
0.000000
0.000000
0.000000
0.000000
0.000000
0.000000
0.000000
0.000000
0.000000
0.000000
0.000000
0.000000
0.000000
0.000000
0.000000
0.000000
0.000000
0.000000
0.000000
0.000000
0.000000
0.000000
0.000000
0.000000
0.000000
0.000000
0.000000
0.000000
0.000000
0.000000
0.000000
0.000000
0.000000
0.000000
0.000000
0.000000
0.000000
0.000000
0.000000
0.000000
0.000000
0.000000
0.000000
0.000000
0.000000
0.000000
0.000000
0.000000
0.000000
0.000000
0.000000
0.000000
0.000000
0.000000
0.000000
0.000000
0.000000
0.000000
0.000000
0.000000
0.000000
0.000000
0.000000
0.000000
0.000000
0.000000
0.000000
0.000000
0.000000
0.000000
0.000000
0.000000
0.000000
0.000000
0.000000
0.000000
0.000000
0.000000
0.000000
0.000000
0.000000
0.000000
0.000000
0.000000
0.000000
0.000000
0.000000
0.000000
0.000000
0.000000
0.000000
0.000000
0.000000
0.000000
0.000000
0.000000
0.000000
0.000000
0.000000
0.000000
0.000000
0.000000
0.000000
0.000000
0.000000
0.000000
0.000000
0.000000
0.000000
0.000000
0.000000
0.000000
0.000000
0.000000
0.000000
0.000000
0.000000
0.000000
0.000000
0.000000
0.000000
0.000000
0.000000
0.000000
0.000000
0.000000
0.000000
0.000000
0.000000
0.000000
0.000000
0.000000
0.000000
0.000000
0.000000
0.000000
0.000000
0.000000
0.000000
0.000000
0.000000
0.000000
0.000000
0.000000
0.000000
0.000000
0.000000
0.000000
0.000000
0.000000
0.000000
0.000000
0.000000
0.000000
0.000000
0.000000
0.000000
0.000000
0.000000
0.000000
0.000000
0.000000
0.000000
0.000000
0.000000
0.000000
0.000000
0.000000
0.000000
0.000000
0.000000
0.000000
0.000000
0.000000
0.000000
0.000000
0.000000
0.000000
0.000000
0.000000
0.000000
0.000000
0.000000
0.000000
0.000000
0.000000
0.000000
0.000000
0.000000
0.000000
0.000000
0.000000
0.000000
0.000000
0.000000
0.000000
0.000000
0.000000
0.000000
0.000000
0.000000
0.000000
0.000000
0.000000
0.000000
0.000000
0.000000
0.000000
0.000000
0.000000
0.000000
0.000000
0.000000
0.000000
