0.000000
0.000000
0.000000
0.000000
0.000000
0.000000
0.000000
0.000000
0.000000
0.000000
0.000000
0.000000
0.000000
0.000000
0.000000
0.000000
0.000000
0.000000
0.000000
0.000000
0.000000
0.000000
0.000000
0.000000
0.000000
0.000000
0.000000
0.044792
0.156371
0.338000
0.860566
1.634827
2.624214
3.892270
6.990323
11.924058
20.397554
32.419142
50.123276
76.329295
118.247070
173.565782
249.616169
357.460140
499.289307
685.024926
929.870983
1232.806654
1627.849334
2134.296386
2754.818579
3534.212892
4454.508732
5590.038647
6935.202190
8469.040178
10309.209598
12413.249776
14805.931748
17512.213260
20612.807560
23977.049248
27712.739842
31827.466575
36335.829033
41179.860214
46319.000921
51815.166159
57623.840755
63739.384867
70049.497092
76570.729020
83325.787103
90226.153240
97219.841450
104133.241819
111174.817280
118043.186872
124929.808262
131580.696870
138150.353766
144411.934404
150502.705388
156377.587324
161775.452376
166827.713656
171629.691809
175924.063560
179690.754869
183173.130556
186136.377547
188722.757466
190798.419124
192254.813220
193399.611493
194066.771472
194323.367370
194015.503676
193290.197621
192139.638103
190622.729718
188730.377960
186542.593551
184047.140768
181173.885151
178039.989600
174518.503838
170839.515180
166897.920521
162756.058520
158443.400331
153984.942093
149407.740648
144741.135710
139982.987307
135247.170404
130424.081023
125481.142311
120599.440943
115695.664386
110778.851402
105982.478900
101198.850176
96472.632486
91842.078450
87325.425120
82865.824638
78476.762091
74260.224807
70091.279636
66075.214287
62251.119634
58512.250436
54887.219491
51395.976982
48089.917909
44937.999601
41921.770406
39048.635845
36341.280588
33747.168051
31259.324465
28921.610812
26715.294495
24624.528358
22678.471721
20842.387386
19120.308981
17504.989302
16011.547085
14613.831565
13350.607656
12160.061047
11061.052879
10034.424891
9100.846364
8233.878893
7428.397612
6693.722858
6030.199471
5431.697929
4878.333005
4373.346537
3916.049733
3502.204656
3115.504230
2776.791612
2463.849356
2187.224544
1938.038050
1712.285029
1511.758405
1335.546833
1170.683618
1028.930662
898.030271
783.733987
683.078153
593.337471
515.047777
447.598190
387.490886
333.847287
288.174648
249.097527
212.618727
182.048202
154.931430
132.956180
114.253401
96.766337
82.315999
70.439882
60.080024
50.861456
43.621263
36.332031
30.217981
24.906909
20.905352
17.158419
14.045561
11.647340
9.770241
8.180473
6.801111
5.724286
4.784016
3.814564
3.388020
2.534548
1.994518
1.623364
1.234641
0.961037
0.829121
0.711046
0.692059
0.553782
0.408991
0.342910
0.311674
0.210684
0.161907
0.131882
0.091924
0.068763
0.046953
0.026455
0.011362
0.001130
0.000000
0.000000
0.000000
0.000000
0.000000
0.000000
0.000000
0.000000
0.000000
0.000000
0.000000
0.000000
0.000000
0.000000
0.000000
0.000000
0.000000
0.000000
0.000000
0.000000
0.000000
0.000000
0.000000
0.000000
0.000000
0.000000
0.000000
0.000000
0.000000
0.000000
0.000000
0.000000
0.000000
0.000000
0.000000
0.000000
0.000000
0.000000
0.000000
0.000000
0.000000
0.000000
0.000000
0.000000
0.000000
0.000000
0.000000
0.000000
0.000000
0.000000
0.000000
0.000000
0.000000
0.000000
0.000000
0.000000
0.000000
0.000000
0.000000
0.000000
0.000000
0.000000
0.000000
0.000000
0.000000
0.000000
0.000000
0.000000
0.000000
0.000000
0.000000
0.000000
0.000000
0.000000
0.000000
0.000000
0.000000
0.000000
0.000000
0.000000
0.000000
0.000000
0.000000
0.000000
0.000000
0.000000
0.000000
0.000000
0.000000
0.000000
0.000000
0.000000
0.000000
0.000000
0.000000
0.000000
0.000000
0.000000
0.000000
0.000000
0.000000
0.000000
0.000000
0.000000
0.000000
0.000000
0.000000
0.000000
0.000000
0.000000
0.000000
0.000000
0.000000
0.000000
0.000000
0.000000
0.000000
0.000000
0.000000
0.000000
0.000000
0.000000
0.000000
0.000000
0.000000
0.000000
0.000000
0.000000
0.000000
0.000000
0.000000
0.000000
0.000000
0.000000
0.000000
0.000000
0.000000
0.000000
0.000000
0.000000
0.000000
0.000000
0.000000
0.000000
0.000000
0.000000
0.000000
0.000000
0.000000
0.000000
0.000000
0.000000
0.000000
0.000000
0.000000
0.000000
0.000000
0.000000
0.000000
0.000000
0.000000
0.000000
0.000000
0.000000
0.000000
0.000000
0.000000
0.000000
0.000000
0.000000
0.000000
0.000000
0.000000
0.000000
0.000000
0.000000
0.000000
0.000000
0.000000
0.000000
0.000000
0.000000
0.000000
0.000000
0.000000
0.000000
0.000000
0.000000
0.000000
0.000000
0.000000
0.000000
0.000000
0.000000
0.000000
0.000000
0.000000
0.000000
0.000000
0.000000
0.000000
0.000000
0.000000
0.000000
0.000000
0.000000
0.000000
0.000000
0.000000
0.000000
0.000000
0.000000
0.000000
0.000000
0.000000
0.000000
0.000000
0.000000
0.000000
0.000000
0.000000
0.000000
0.000000
0.000000
0.000000
0.000000
0.000000
0.000000
0.000000
0.000000
0.000000
0.000000
0.000000
0.000000
0.000000
0.000000
0.000000
0.000000
0.000000
0.000000
0.000000
0.000000
0.000000
0.000000
0.000000
0.000000
0.000000
0.000000
0.000000
0.000000
0.000000
0.000000
0.000000
0.000000
0.000000
0.000000
0.000000
0.000000
0.000000
0.000000
0.000000
0.000000
0.000000
0.000000
0.000000
0.000000
0.000000
0.000000
0.000000
0.000000
