0.000000
0.000000
0.000000
0.026757
0.252418
0.319875
0.256307
0.397079
1.768019
4.466516
7.684616
13.814787
23.724043
36.306914
58.909093
93.727919
143.220307
213.483776
312.240155
447.969110
620.128205
844.943585
1114.210960
1462.962344
1881.716105
2368.829597
2979.002357
3686.853297
4479.086952
5393.514975
6437.374574
7635.022276
8922.145674
10347.569341
11986.405182
13696.515566
15521.773440
17486.793446
19602.936300
21836.512298
24172.713334
26647.840163
29233.860237
31962.278536
34683.777867
37534.323464
40433.236827
43355.691963
46301.879515
49275.203874
52244.566533
55282.821670
58285.832767
61236.407531
64181.050625
67078.649960
69923.383456
72687.061036
75529.768042
78204.180976
80750.707437
83300.797483
85814.213914
88153.173491
90345.948506
92413.035241
94432.168573
96324.064062
98037.937242
99711.068017
101167.808110
102718.388954
104033.064153
105130.058094
106332.282292
107283.951521
108077.927195
108911.550335
109513.277178
110010.275856
110457.014355
110888.929930
111116.046119
111347.812567
111410.519214
111355.701647
111245.357989
111154.676552
110887.866636
110455.668219
110027.638345
109553.224831
108928.601826
108324.513286
107577.024040
106791.037254
105970.393957
105142.904796
104216.141730
103364.427224
102359.305965
101238.806482
100197.785765
99116.375165
97999.600524
96826.972108
95603.896816
94430.304051
93214.579747
91915.132692
90637.728678
89399.193546
88132.688871
86781.108344
85366.769262
83986.804387
82602.266305
81269.508875
79909.984090
78476.596823
77015.246298
75617.474176
74268.264406
72859.403474
71414.338321
70049.380129
68644.877780
67238.806174
65803.335683
64449.113606
63106.954466
61692.303207
60341.329011
58999.026496
57683.474675
56326.748718
55033.935036
53711.217501
52410.977008
51187.207999
49985.646576
48718.331482
47559.492659
46363.899045
45193.683097
44063.027780
42931.549576
41822.373182
40674.416361
39576.869361
38514.636673
37443.541336
36394.218348
35368.549059
34346.291666
33355.997188
32380.923334
31432.642451
30522.988806
29646.754853
28771.896755
27921.969248
27082.134482
26228.879776
25406.641499
24579.056501
23793.119813
23012.375292
22273.647154
21541.611168
20870.375406
20180.143482
19521.071466
18882.463229
18231.504472
17596.980775
16973.833994
16368.176681
15807.902571
15251.342203
14678.939077
14158.241771
13672.364672
13200.724731
12709.656451
12247.446291
11801.087716
11364.077555
10935.789287
10516.180013
10105.829137
9717.861298
9344.546714
8982.675518
8634.652302
8295.937550
7984.977948
7677.813467
7368.399430
7072.497167
6796.507048
6528.756257
6267.446389
5987.635731
5723.657319
5488.934194
5264.595211
5019.907446
4794.631257
4580.525614
4380.985501
4184.085469
3995.072852
3814.757378
3631.326485
3466.788201
3308.548037
3166.395219
3024.175920
2877.314429
2737.650418
2598.999955
2476.704900
2356.247910
2241.983118
2134.971202
2030.044210
1928.677143
1831.519025
1741.155503
1653.496466
1572.534743
1495.932792
1421.181532
1353.624522
1286.603977
1217.488568
1158.863004
1100.465514
1043.733113
994.275102
939.085949
890.248111
841.606936
795.137760
749.424097
707.206859
665.614671
629.905673
594.157556
558.933156
527.135929
497.125066
470.610751
443.755097
420.276372
398.274675
378.393602
358.735921
338.375203
316.871033
297.904744
282.702394
264.494563
248.044356
232.860501
221.776797
207.512855
194.318411
180.992654
171.670282
161.663063
151.241898
141.785317
134.908495
126.685188
118.040258
109.504054
102.178066
95.959943
91.425998
84.394787
79.686560
75.185280
70.726252
65.948660
61.098862
57.184848
53.102129
50.197195
46.069936
42.679187
39.712252
37.232000
35.158374
33.051427
30.963450
28.676209
26.271677
24.213620
22.917421
21.652333
19.881053
18.138606
17.237220
16.145369
15.205278
14.215393
13.507024
13.271868
12.721669
11.760058
10.941578
10.383257
9.687209
9.099068
8.264440
7.930854
7.367625
6.936312
6.285874
5.817648
5.495829
5.140876
4.919475
4.751712
4.250477
4.017780
3.571725
3.357646
3.123986
2.779511
2.647581
2.247854
2.088519
1.884364
1.605313
1.366980
1.272485
1.192318
1.184949
1.086069
1.023866
0.849948
0.788784
0.808033
0.795777
0.719898
0.623465
0.629602
0.518005
0.402055
0.391553
0.413800
0.356978
0.224837
0.191537
0.180358
0.221685
0.223112
0.179417
0.149630
0.130947
0.114647
0.081438
0.073266
0.072249
0.061630
0.044903
0.050824
0.104066
0.089079
0.088630
0.077129
0.120400
0.108748
0.110711
0.120146
0.114441
0.135887
0.128541
0.109036
0.122330
0.084305
0.089328
0.079990
0.064164
0.052878
0.053873
0.051434
0.029299
0.017601
0.008082
0.000000
0.000000
0.000000
0.000000
0.000000
0.000000
0.000000
0.000000
0.000000
0.000000
0.000000
0.000000
0.000000
0.000000
0.000000
0.000000
0.000000
0.000000
0.000000
0.000000
0.000000
0.000000
0.000000
0.000000
0.000000
0.000000
0.000000
0.000000
0.000000
0.000000
0.000000
0.000000
0.000000
0.000000
0.000000
0.000000
0.000000
0.000000
0.000000
0.000000
0.000000
0.000000
0.000000
0.000000
0.000000
0.000000
0.000000
0.000000
0.000000
0.000000
0.000000
0.000000
0.000000
0.000000
0.000000
0.000000
0.000000
0.000000
0.000000
0.000000
0.000000
0.000000
0.000000
0.000000
0.000000
0.000000
0.000000
0.000000
0.000000
0.000000
0.000000
0.000000
0.000000
0.000000
0.000000
0.000000
0.000000
0.000000
0.000000
0.000000
0.000000
0.000000
0.000000
0.000000
0.000000
0.000000
0.000000
0.000000
0.000000
0.000000
0.000000
0.000000
0.000000
0.000000
0.000000
0.000000
0.000000
0.000000
0.000000
0.000000
0.000000
0.000000
0.000000
0.000000
0.000000
0.000000
0.000000
0.000000
0.000000
0.000000
0.000000
0.000000
0.000000
0.000000
0.000000
0.000000
0.000000
0.000000
0.000000
0.000000
0.000000
0.000000
0.000000
0.000000
0.000000
0.000000
0.000000
0.000000
0.000000
0.000000
0.000000
0.000000
0.000000
0.000000
0.000000
0.000000
0.000000
0.000000
0.000000
0.000000
0.000000
0.000000
0.000000
0.000000
0.000000
0.000000
0.000000
0.000000
0.000000
0.000000
0.000000
0.000000
0.000000
0.000000
0.000000
0.000000
0.000000
0.000000
0.000000
0.000000
0.000000
0.000000
0.000000
0.000000
0.000000
0.000000
0.000000
0.000000
0.000000
0.000000
0.000000
0.000000
0.000000
0.000000
0.000000
0.000000
0.000000
0.000000
0.000000
0.000000
0.000000
0.000000
0.000000
0.000000
0.000000
0.000000
0.000000
0.000000
0.000000
0.000000
0.000000
0.000000
0.000000
0.000000
0.000000
0.000000
0.000000
0.000000
0.000000
0.000000
0.000000
0.000000
0.000000
0.000000
0.000000
0.000000
0.000000
0.000000
0.000000
0.000000
0.000000
0.000000
0.000000
0.000000
0.000000
0.000000
0.000000
0.000000
0.000000
0.000000
0.000000
0.000000
0.000000
0.000000
0.000000
0.000000
0.000000
0.000000
0.000000
0.000000
0.000000
0.000000
0.000000
0.000000
0.000000
0.000000
0.000000
0.000000
0.000000
0.000000
0.000000
0.000000
0.000000
0.000000
0.000000
0.000000
0.000000
0.000000
0.000000
0.000000
0.000000
0.000000
0.000000
0.000000
0.000000
0.000000
0.000000
0.000000
0.000000
0.000000
0.000000
0.000000
0.000000
0.000000
0.000000
0.000000
0.000000
0.000000
0.000000
0.000000
0.000000
0.000000
0.000000
0.000000
0.000000
0.000000
0.000000
0.000000
0.000000
0.000000
0.000000
0.000000
0.000000
0.000000
0.000000
0.000000
0.000000
0.000000
0.000000
0.000000
0.000000
0.000000
0.000000
0.000000
0.000000
0.000000
0.000000
0.000000
0.000000
0.000000
0.000000
0.000000
0.000000
0.000000
0.000000
0.000000
0.000000
0.000000
0.000000
0.000000
0.000000
0.000000
0.000000
0.000000
0.000000
0.000000
0.000000
0.000000
0.000000
0.000000
0.000000
0.000000
0.000000
0.000000
0.000000
0.000000
0.000000
0.000000
0.000000
0.000000
0.000000
0.000000
0.000000
0.000000
0.000000
0.000000
0.000000
0.000000
0.000000
0.000000
0.000000
0.000000
0.000000
0.000000
0.000000
0.000000
0.000000
0.000000
0.000000
0.000000
0.000000
0.000000
0.000000
0.000000
0.000000
0.000000
0.000000
0.000000
0.000000
0.000000
0.000000
0.000000
0.000000
0.000000
0.000000
0.000000
0.000000
0.000000
0.000000
0.000000
0.000000
0.000000
0.000000
0.000000
0.000000
0.000000
0.000000
0.000000
0.000000
0.000000
0.000000
0.000000
0.000000
0.000000
0.000000
0.000000
0.000000
0.000000
0.000000
0.000000
0.000000
0.000000
0.000000
0.000000
0.000000
0.000000
0.000000
0.000000
0.000000
0.000000
0.000000
0.000000
0.000000
0.000000
0.000000
0.000000
0.000000
0.000000
0.000000
0.000000
0.000000
0.000000
0.000000
0.000000
0.000000
0.000000
0.000000
0.000000
0.000000
0.000000
0.000000
0.000000
0.000000
0.000000
0.000000
0.000000
0.000000
0.000000
0.000000
0.000000
0.000000
0.000000
0.000000
0.000000
0.000000
0.000000
0.000000
0.000000
0.000000
0.000000
0.000000
0.000000
0.000000
0.000000
0.000000
0.000000
0.000000
0.000000
0.000000
0.000000
0.000000
0.000000
0.000000
0.000000
0.000000
0.000000
0.000000
0.000000
0.000000
0.000000
0.000000
0.000000
0.000000
0.000000
0.000000
0.000000
0.000000
0.000000
0.000000
0.000000
0.000000
0.000000
0.000000
0.000000
0.000000
0.000000
0.000000
0.000000
0.000000
0.000000
0.000000
0.000000
0.000000
0.000000
0.000000
0.000000
0.000000
0.000000
0.000000
0.000000
0.000000
0.000000
0.000000
0.000000
0.000000
0.000000
0.000000
0.000000
0.000000
0.000000
0.000000
0.000000
0.000000
0.000000
0.000000
0.000000
0.000000
0.000000
0.000000
0.000000
0.000000
0.000000
0.000000
0.000000
0.000000
0.000000
0.000000
0.000000
0.000000
0.000000
0.000000
0.000000
0.000000
0.000000
0.000000
0.000000
0.000000
0.000000
0.000000
0.000000
0.000000
0.000000
0.000000
0.000000
0.000000
0.000000
0.000000
0.000000
0.000000
0.000000
0.000000
0.000000
0.000000
0.000000
0.000000
0.000000
0.000000
0.000000
0.000000
0.000000
0.000000
0.000000
0.000000
0.000000
0.000000
0.000000
0.000000
0.000000
0.000000
0.000000
0.000000
0.000000
0.000000
0.000000
0.000000
0.000000
0.000000
0.000000
0.000000
0.000000
0.000000
0.000000
0.000000
0.000000
0.000000
0.000000
0.000000
0.000000
0.000000
0.000000
0.000000
0.000000
0.000000
0.000000
0.000000
0.000000
0.000000
0.000000
0.000000
0.000000
0.000000
0.000000
0.000000
0.000000
0.000000
0.000000
0.000000
0.000000
0.000000
0.000000
0.000000
0.000000
0.000000
0.000000
0.000000
0.000000
0.000000
0.000000
