0.000000
1.590654
7.365349
30.303337
73.259440
166.797610
325.922912
619.300544
1075.642067
1714.741699
2621.362542
3834.182895
5458.078727
7483.198304
9863.122147
12698.000629
15969.837066
19479.258726
23344.836738
27489.109806
31934.582582
36481.215773
41151.885274
45890.331520
50716.468441
55391.041955
60089.459190
64367.532246
68664.424056
72638.816309
76265.243058
79586.048886
82734.560859
85485.785747
88029.227161
90323.335071
92316.988639
94155.276756
95466.938326
96662.981237
97636.003143
98227.234555
98603.378249
98734.909786
98722.710214
98595.703781
98109.004170
97662.433377
97041.333633
96346.032958
95562.638482
94610.978452
93724.051335
92623.724034
91506.168518
90348.123647
89165.890274
87829.223348
86437.726014
85226.786131
83859.373915
82565.289623
81206.478886
79850.235555
78498.988565
77198.150882
75943.957082
74682.501677
73416.575510
72209.373609
71072.536501
69883.180219
68710.082778
67607.156603
66647.094279
65668.915939
64629.010325
63720.310672
62777.847688
61890.134274
61022.425165
60157.215057
59321.965676
58534.156579
57767.152498
57030.350864
56260.958780
55627.333747
54881.555145
54188.957259
53565.505254
52902.811913
52266.699434
51603.680372
50980.490821
50443.118990
49862.182690
49328.611192
48855.294242
48363.454856
47884.795974
47400.989686
46938.404950
46482.897460
45982.384767
45597.126545
45201.798852
44788.214498
44404.636147
44008.390390
43609.270525
43227.932533
42813.533887
42505.131262
42165.505505
41818.104014
41496.822396
41169.972255
40864.098287
40561.644008
40255.321222
39953.689248
39648.797630
39350.072942
39010.172696
38711.645431
38455.760973
38185.166919
37909.466005
37666.098073
37398.587628
37127.452874
36864.358176
36594.336300
36344.440317
36046.919809
35841.128367
35583.508387
35353.192625
35142.221803
34908.629352
34639.790576
34366.815159
34089.084354
33845.214225
33611.199284
33376.231767
33127.438653
32910.769422
32684.450224
32430.083581
32159.038760
31905.288620
31646.112228
31404.839542
31153.779098
30895.889283
30679.961261
30452.447431
30160.450978
29891.649290
29630.626330
29373.461290
29111.280774
28830.413527
28578.002124
28296.775779
28008.914182
27753.241803
27497.737257
27224.042950
26965.979459
26703.426059
26426.958885
26155.023941
25866.892060
25595.722339
25340.245754
25043.547501
24788.353713
24535.674273
24243.975391
23970.450837
23684.493615
23421.481679
23144.347705
22874.561991
22591.150369
22288.287205
22013.165434
21734.841358
21457.467641
21165.725482
20885.851535
20598.140826
20292.124386
20005.820753
19715.107273
19418.931563
19101.324272
18814.996921
18508.289217
18215.380903
17943.722628
17647.545332
17361.732627
17076.599392
16781.283805
16471.032274
16195.763606
15925.148907
15641.053572
15357.767265
15068.948899
14776.102088
14507.161037
14225.855131
13947.559644
13690.935032
13424.246725
13151.439192
12862.020615
12597.279982
12327.495246
12069.039876
11807.101399
11537.512047
11263.448729
11022.232936
10760.131101
10515.618741
10262.001523
10030.402511
9801.023612
9559.555629
9319.737675
9097.495305
8866.778947
8646.975154
8443.476430
8229.086714
8010.596671
7805.067979
7595.099373
7387.025346
7178.946054
6986.987038
6796.251891
6611.015222
6421.143156
6233.395228
6049.079417
5886.970923
5722.011655
5547.675730
5389.521891
5221.819616
5059.801084
4897.619307
4741.319216
4591.887936
4451.937665
4304.108206
4155.710068
4022.840085
3889.984740
3764.934030
3640.997224
3523.369246
3399.123582
3289.394967
3175.829315
3063.219922
2950.324301
2830.942537
2728.475069
2627.141585
2534.224637
2446.542836
2350.241081
2264.654820
2179.297853
2095.024513
2010.246792
1940.101092
1859.312502
1781.392007
1716.084084
1641.850639
1573.365779
1503.144131
1439.568298
1385.096651
1336.871110
1281.667402
1230.774785
1178.009813
1129.836007
1085.392573
1036.821507
991.803465
954.558918
912.028085
868.070152
826.787849
790.935753
755.360532
722.474366
687.806721
655.574975
626.956755
595.483127
568.047298
541.514556
515.851774
492.081178
468.956385
443.281618
420.066835
393.913446
373.029672
357.200305
337.177498
319.877031
303.225856
286.970849
270.632611
255.275080
242.288136
230.060749
218.763768
207.636914
197.537392
185.801509
174.750395
166.037852
157.941743
149.954591
140.743137
132.157962
124.797632
117.238121
110.493164
103.388931
96.913767
91.263978
86.003024
80.697356
76.129934
72.243979
67.865968
63.553350
59.305666
55.899239
52.270713
49.040486
45.812859
42.101351
39.642003
37.096505
34.299261
32.119593
30.344631
28.672959
27.036837
25.293784
22.966668
21.805712
20.587756
18.789938
17.907851
16.695751
15.470665
15.021501
14.216000
13.702844
13.115733
12.272035
11.080511
10.445975
9.658935
8.698472
7.965910
7.220114
7.079409
6.509630
5.748136
5.247696
4.918091
4.779008
4.682351
4.399394
4.085362
3.704888
3.828472
3.399390
3.118739
3.070780
2.740964
2.542783
2.308587
2.095434
1.827000
1.762975
1.528809
1.500870
1.391651
1.306740
1.167847
0.992280
0.844228
0.695456
0.595334
0.515219
0.400424
0.459421
0.406965
0.360848
0.308649
0.274210
0.240046
0.241430
0.203019
0.209707
0.145056
0.146893
0.072922
0.071649
0.074144
0.070756
0.056648
0.046123
0.017178
0.018902
0.008525
0.000955
0.000000
0.000000
0.000000
0.000000
0.000000
0.000000
0.000000
0.000000
0.000000
0.000000
0.000000
0.000000
0.000000
0.000000
0.000000
0.000000
0.000000
0.000000
0.000000
0.000000
0.000000
0.000000
0.000000
0.000000
0.000000
0.000000
0.000000
0.000000
0.000000
0.000000
0.000000
0.000000
0.000000
0.000000
0.000000
0.000000
0.000000
0.000000
0.000000
0.000000
0.000000
0.000000
0.000000
0.000000
0.000000
0.000000
0.000000
0.000000
0.000000
0.000000
0.000000
0.000000
0.000000
0.000000
0.000000
0.000000
0.000000
0.000000
0.000000
0.000000
0.000000
0.000000
0.000000
0.000000
0.000000
0.000000
0.000000
0.000000
0.000000
0.000000
0.000000
0.000000
0.000000
0.000000
0.000000
0.000000
0.000000
0.000000
0.000000
0.000000
0.000000
0.000000
0.000000
0.000000
0.000000
0.000000
0.000000
0.000000
0.000000
0.000000
0.000000
0.000000
0.000000
0.000000
0.000000
0.000000
0.000000
0.000000
0.000000
0.000000
0.000000
0.000000
0.000000
0.000000
0.000000
0.000000
0.000000
0.000000
0.000000
0.000000
0.000000
0.000000
0.000000
0.000000
0.000000
0.000000
0.000000
0.000000
0.000000
0.000000
0.000000
0.000000
0.000000
0.000000
0.000000
0.000000
0.000000
0.000000
0.000000
0.000000
0.000000
0.000000
0.000000
0.000000
0.000000
0.000000
0.000000
0.000000
0.000000
0.000000
0.000000
0.000000
0.000000
0.000000
0.000000
0.000000
0.000000
0.000000
0.000000
0.000000
0.000000
0.000000
0.000000
0.000000
0.000000
0.000000
0.000000
0.000000
0.000000
0.000000
0.000000
0.000000
0.000000
0.000000
0.000000
0.000000
0.000000
0.000000
0.000000
0.000000
0.000000
0.000000
0.000000
0.000000
0.000000
0.000000
0.000000
0.000000
0.000000
0.000000
0.000000
0.000000
0.000000
0.000000
0.000000
0.000000
0.000000
0.000000
0.000000
0.000000
0.000000
0.000000
0.000000
0.000000
0.000000
0.000000
0.000000
0.000000
0.000000
0.000000
0.000000
0.000000
0.000000
0.000000
0.000000
0.000000
0.000000
0.000000
0.000000
0.000000
0.000000
0.000000
0.000000
0.000000
0.000000
0.000000
0.000000
0.000000
0.000000
0.000000
0.000000
0.000000
0.000000
0.000000
0.000000
0.000000
0.000000
0.000000
0.000000
0.000000
0.000000
0.000000
0.000000
0.000000
0.000000
0.000000
0.000000
0.000000
0.000000
0.000000
0.000000
0.000000
0.000000
0.000000
0.000000
0.000000
0.000000
0.000000
0.000000
0.000000
0.000000
0.000000
0.000000
0.000000
0.000000
0.000000
0.000000
0.000000
0.000000
0.000000
0.000000
0.000000
0.000000
0.000000
0.000000
0.000000
0.000000
0.000000
0.000000
0.000000
0.000000
0.000000
0.000000
0.000000
0.000000
0.000000
0.000000
0.000000
0.000000
0.000000
0.000000
0.000000
0.000000
0.000000
0.000000
0.000000
0.000000
0.000000
0.000000
0.000000
0.000000
0.000000
0.000000
0.000000
0.000000
0.000000
0.000000
0.000000
0.000000
0.000000
0.000000
0.000000
0.000000
0.000000
0.000000
0.000000
0.000000
0.000000
0.000000
0.000000
0.000000
0.000000
0.000000
0.000000
0.000000
0.000000
0.000000
0.000000
0.000000
0.000000
0.000000
0.000000
0.000000
0.000000
0.000000
0.000000
0.000000
0.000000
0.000000
0.000000
0.000000
0.000000
0.000000
0.000000
0.000000
0.000000
0.000000
0.000000
0.000000
0.000000
0.000000
0.000000
0.000000
0.000000
0.000000
0.000000
0.000000
0.000000
0.000000
0.000000
0.000000
0.000000
0.000000
0.000000
0.000000
0.000000
0.000000
0.000000
0.000000
0.000000
0.000000
0.000000
0.000000
0.000000
0.000000
0.000000
0.000000
0.000000
0.000000
0.000000
0.000000
0.000000
0.000000
0.000000
0.000000
0.000000
0.000000
0.000000
0.000000
0.000000
0.000000
0.000000
0.000000
0.000000
0.000000
0.000000
0.000000
0.000000
0.000000
0.000000
0.000000
0.000000
0.000000
0.000000
0.000000
0.000000
0.000000
0.000000
0.000000
0.000000
0.000000
0.000000
0.000000
0.000000
0.000000
0.000000
0.000000
0.000000
0.000000
0.000000
0.000000
0.000000
0.000000
0.000000
0.000000
0.000000
0.000000
0.000000
0.000000
0.000000
0.000000
0.000000
0.000000
0.000000
0.000000
0.000000
0.000000
0.000000
0.000000
0.000000
0.000000
0.000000
0.000000
0.000000
0.000000
0.000000
0.000000
0.000000
0.000000
0.000000
0.000000
0.000000
0.000000
0.000000
0.000000
0.000000
0.000000
0.000000
0.000000
0.000000
0.000000
0.000000
0.000000
0.000000
0.000000
0.000000
0.000000
0.000000
0.000000
0.000000
0.000000
0.000000
0.000000
0.000000
0.000000
0.000000
0.000000
0.000000
0.000000
0.000000
0.000000
0.000000
0.000000
0.000000
0.000000
0.000000
0.000000
0.000000
0.000000
0.000000
0.000000
0.000000
0.000000
0.000000
0.000000
0.000000
0.000000
0.000000
0.000000
0.000000
0.000000
0.000000
0.000000
0.000000
0.000000
0.000000
0.000000
0.000000
0.000000
0.000000
0.000000
0.000000
0.000000
0.000000
0.000000
0.000000
0.000000
0.000000
0.000000
0.000000
0.000000
0.000000
0.000000
0.000000
0.000000
0.000000
0.000000
0.000000
0.000000
0.000000
0.000000
0.000000
0.000000
0.000000
0.000000
0.000000
0.000000
0.000000
0.000000
0.000000
0.000000
0.000000
0.000000
0.000000
0.000000
0.000000
0.000000
0.000000
0.000000
0.000000
0.000000
0.000000
0.000000
0.000000
0.000000
0.000000
0.000000
0.000000
0.000000
0.000000
0.000000
0.000000
0.000000
0.000000
0.000000
0.000000
0.000000
0.000000
0.000000
0.000000
0.000000
0.000000
0.000000
0.000000
0.000000
