0.000000
0.000000
0.000000
0.000000
0.000000
0.000000
0.000000
0.000000
0.000000
0.020548
1.192518
0.412506
1.234159
2.369376
4.036167
8.687876
10.674273
18.764038
29.270826
45.122795
63.043618
87.015538
142.298822
220.148604
356.600553
514.064673
717.455787
998.994732
1381.973511
1751.720078
2250.902243
2828.463093
3545.176939
4401.220732
5361.572920
6448.897818
7705.683647
9114.668144
10676.885610
12353.095062
14247.282814
16197.990051
18282.967818
20658.925024
23216.296740
25690.402862
28475.343002
31321.226072
34358.837406
37290.746221
40201.684571
43354.598526
46541.005440
49774.352366
52953.689242
56600.978846
59760.419187
62786.763968
66172.268728
69272.031960
72195.333816
75254.312558
78084.819167
80981.487690
83643.472093
86374.744981
89013.558018
91275.951074
93406.660839
95659.484256
97557.989593
99448.314939
101392.429362
103238.485965
104771.035420
106368.493973
107761.132401
108769.643682
110004.775910
111192.238201
111849.979255
112489.426874
113445.255161
114190.954339
114677.336683
114917.370336
115062.381301
115380.784880
115210.849606
114858.138548
114942.679981
114505.759895
114309.225735
113388.372693
113023.228656
112525.471219
111975.720823
111029.354552
110201.580190
108959.933672
107751.646369
106538.034697
105682.936447
104590.698266
103462.749592
102123.595688
100861.700701
99579.807653
98366.526948
97010.417857
95534.086852
94141.133155
92694.962432
91581.545139
90177.778453
88781.084419
87403.920903
85990.721902
84451.170955
83059.478565
81654.995223
80155.018623
78620.244782
77260.085532
75756.564666
74166.641198
72709.863853
71146.949281
69559.149314
68150.562247
66766.954485
65484.393975
64097.999368
62573.596594
61087.111958
59714.650370
58431.965988
57208.797762
55933.233923
54616.793456
53256.952975
51934.439143
50524.425133
49251.796849
47933.097805
46762.958149
45464.383545
44278.753053
43044.421743
41948.583004
40889.548848
39775.833978
38666.897797
37595.101555
36586.459141
35461.934865
34456.173494
33422.203195
32391.307469
31465.109427
30560.594504
29705.896771
28929.802469
28058.907096
27149.013500
26398.606932
25577.946778
24784.293696
24010.922113
23272.137914
22527.265784
21852.466714
21141.276094
20445.054608
19852.918366
19194.210734
18572.439807
17877.856622
17191.778220
16563.736955
15924.903625
15337.701521
14724.584343
14207.657425
13670.762832
13150.341452
12656.234419
12210.553976
11860.825662
11402.306547
10970.428557
10606.425885
10216.566604
9872.859465
9479.227356
9114.620525
8785.943653
8446.277420
8096.400565
7757.719183
7425.639611
7124.719221
6829.811313
6536.989858
6314.965780
6024.845515
5733.628324
5497.158961
5281.206528
5032.758161
4767.198449
4556.641367
4405.409533
4230.990391
4065.379880
3905.428205
3726.775449
3540.551821
3419.512754
3245.876928
3098.128124
2954.641309
2830.945960
2743.284337
2635.879706
2508.746998
2396.139061
2268.155623
2136.254662
2036.289406
1919.673230
1838.672933
1779.951060
1692.442847
1619.033679
1528.625009
1446.881267
1374.191262
1306.894692
1252.312480
1208.051915
1149.768295
1089.857229
1051.756378
1004.976921
953.146706
907.817553
872.771489
839.267140
791.711797
737.312762
692.473669
648.000374
628.787158
603.642355
576.072240
536.204847
512.056727
483.736521
457.163236
427.936661
406.138359
378.238658
356.461257
341.716159
311.421173
291.482232
277.269654
263.453041
250.473590
234.623309
219.084425
202.812971
200.914709
190.542648
172.278196
166.304346
153.452115
154.867495
142.257856
133.371564
128.425907
123.316877
115.771854
113.164684
106.615473
100.210147
95.201999
89.172840
87.047536
86.098803
79.608696
75.196939
70.867396
61.727189
54.659327
50.313093
47.660429
44.756507
44.740866
43.081832
40.597305
37.031752
34.140051
29.942420
26.423571
23.630275
22.023904
21.823638
21.346043
20.085739
18.930261
17.141644
14.898698
14.744498
15.865316
14.789357
13.843995
12.223266
13.652455
12.031988
10.096992
8.942874
8.752962
8.057139
7.608873
7.100035
6.556312
7.682434
7.527724
7.020724
6.358914
5.651223
6.015798
5.447119
4.635898
4.381790
4.317279
4.401669
4.429404
4.593878
4.567004
4.487041
4.796667
4.113664
3.846678
3.864575
3.555103
3.153451
2.478990
3.101902
3.195972
3.604365
3.485554
2.835442
2.748706
2.838285
2.584299
1.676362
1.423756
1.110274
1.352419
1.358778
1.084054
0.886950
0.548649
0.427426
0.564840
0.661511
0.725231
1.071884
0.952766
1.384427
1.103192
1.212013
0.983378
0.725128
0.686142
0.550974
0.340569
0.560697
0.446964
0.582250
0.384645
0.506084
0.515309
0.683468
0.405888
0.337481
0.475893
0.611345
0.324678
0.256645
0.322025
0.330289
0.355800
0.153792
0.178436
0.159460
0.192163
0.153321
0.092909
0.068048
0.053426
0.019744
0.003088
0.000000
0.000000
0.000000
0.000000
0.000000
0.000000
0.000000
0.000000
0.000000
0.000000
0.000000
0.000000
0.000000
0.000000
0.000000
0.000000
0.000000
0.000000
0.000000
0.000000
0.000000
0.000000
0.000000
0.000000
0.000000
0.000000
0.000000
0.000000
0.000000
0.000000
0.000000
0.000000
0.000000
0.000000
0.000000
0.000000
0.000000
0.000000
0.000000
0.000000
0.000000
0.000000
0.000000
0.000000
0.000000
0.000000
0.000000
0.000000
0.000000
0.000000
0.000000
0.000000
0.000000
0.000000
0.000000
0.000000
0.000000
0.000000
0.000000
0.000000
0.000000
0.000000
0.000000
0.000000
0.000000
0.000000
0.000000
0.000000
0.000000
0.000000
0.000000
0.000000
0.000000
0.000000
0.000000
0.000000
0.000000
0.000000
0.000000
0.000000
0.000000
0.000000
0.000000
0.000000
0.000000
0.000000
0.000000
0.000000
0.000000
0.000000
0.000000
0.000000
0.000000
0.000000
0.000000
0.000000
0.000000
0.000000
0.000000
0.000000
0.000000
0.000000
0.000000
0.000000
0.000000
0.000000
0.000000
0.000000
0.000000
0.000000
0.000000
0.000000
0.000000
0.000000
0.000000
0.000000
0.000000
0.000000
0.000000
0.000000
0.000000
0.000000
0.000000
0.000000
0.000000
0.000000
0.000000
0.000000
0.000000
0.000000
0.000000
0.000000
0.000000
0.000000
0.000000
0.000000
0.000000
0.000000
0.000000
0.000000
0.000000
0.000000
0.000000
0.000000
0.000000
0.000000
0.000000
0.000000
0.000000
0.000000
0.000000
0.000000
0.000000
0.000000
0.000000
0.000000
0.000000
0.000000
0.000000
0.000000
0.000000
0.000000
0.000000
0.000000
0.000000
0.000000
0.000000
0.000000
0.000000
0.000000
0.000000
0.000000
0.000000
0.000000
0.000000
0.000000
0.000000
0.000000
0.000000
0.000000
0.000000
0.000000
0.000000
0.000000
0.000000
0.000000
0.000000
0.000000
0.000000
0.000000
0.000000
0.000000
0.000000
0.000000
0.000000
0.000000
0.000000
0.000000
0.000000
0.000000
0.000000
0.000000
0.000000
0.000000
0.000000
0.000000
0.000000
0.000000
0.000000
0.000000
0.000000
0.000000
0.000000
0.000000
0.000000
0.000000
0.000000
0.000000
0.000000
0.000000
0.000000
0.000000
0.000000
0.000000
0.000000
0.000000
0.000000
0.000000
0.000000
0.000000
0.000000
0.000000
0.000000
0.000000
0.000000
0.000000
0.000000
0.000000
0.000000
0.000000
0.000000
0.000000
0.000000
0.000000
0.000000
0.000000
0.000000
0.000000
0.000000
0.000000
0.000000
0.000000
0.000000
0.000000
0.000000
0.000000
0.000000
0.000000
0.000000
0.000000
0.000000
0.000000
0.000000
0.000000
0.000000
0.000000
0.000000
0.000000
0.000000
0.000000
0.000000
0.000000
0.000000
0.000000
0.000000
0.000000
0.000000
0.000000
0.000000
0.000000
0.000000
0.000000
0.000000
0.000000
0.000000
0.000000
0.000000
0.000000
0.000000
0.000000
0.000000
0.000000
0.000000
0.000000
0.000000
0.000000
0.000000
0.000000
0.000000
0.000000
0.000000
0.000000
0.000000
0.000000
0.000000
0.000000
0.000000
0.000000
0.000000
0.000000
0.000000
0.000000
0.000000
0.000000
0.000000
0.000000
0.000000
0.000000
0.000000
0.000000
0.000000
0.000000
0.000000
0.000000
0.000000
0.000000
0.000000
0.000000
0.000000
0.000000
0.000000
0.000000
0.000000
0.000000
0.000000
0.000000
0.000000
0.000000
0.000000
0.000000
0.000000
0.000000
0.000000
0.000000
0.000000
0.000000
0.000000
0.000000
0.000000
0.000000
0.000000
0.000000
0.000000
0.000000
0.000000
0.000000
0.000000
0.000000
0.000000
0.000000
0.000000
0.000000
0.000000
0.000000
0.000000
0.000000
0.000000
0.000000
0.000000
0.000000
0.000000
0.000000
0.000000
0.000000
0.000000
0.000000
0.000000
0.000000
0.000000
0.000000
0.000000
0.000000
0.000000
0.000000
0.000000
0.000000
0.000000
0.000000
0.000000
0.000000
0.000000
0.000000
0.000000
0.000000
0.000000
0.000000
0.000000
0.000000
0.000000
0.000000
0.000000
0.000000
0.000000
0.000000
0.000000
0.000000
0.000000
0.000000
0.000000
0.000000
0.000000
0.000000
0.000000
0.000000
0.000000
0.000000
0.000000
0.000000
0.000000
0.000000
0.000000
0.000000
0.000000
0.000000
0.000000
0.000000
0.000000
0.000000
0.000000
0.000000
0.000000
0.000000
0.000000
0.000000
0.000000
0.000000
0.000000
0.000000
0.000000
0.000000
0.000000
0.000000
0.000000
0.000000
0.000000
0.000000
0.000000
0.000000
0.000000
0.000000
0.000000
0.000000
0.000000
0.000000
0.000000
0.000000
0.000000
0.000000
0.000000
0.000000
0.000000
0.000000
0.000000
0.000000
0.000000
0.000000
0.000000
0.000000
0.000000
0.000000
0.000000
0.000000
0.000000
0.000000
0.000000
0.000000
0.000000
0.000000
0.000000
0.000000
0.000000
0.000000
0.000000
0.000000
0.000000
0.000000
0.000000
0.000000
0.000000
0.000000
0.000000
0.000000
0.000000
0.000000
0.000000
0.000000
0.000000
0.000000
0.000000
0.000000
0.000000
0.000000
0.000000
0.000000
0.000000
0.000000
0.000000
0.000000
0.000000
0.000000
0.000000
0.000000
0.000000
0.000000
0.000000
0.000000
0.000000
0.000000
0.000000
0.000000
0.000000
0.000000
0.000000
0.000000
0.000000
0.000000
0.000000
0.000000
0.000000
0.000000
0.000000
0.000000
0.000000
0.000000
0.000000
0.000000
0.000000
0.000000
0.000000
0.000000
0.000000
0.000000
0.000000
0.000000
0.000000
0.000000
0.000000
0.000000
0.000000
0.000000
0.000000
0.000000
0.000000
0.000000
0.000000
0.000000
0.000000
0.000000
0.000000
0.000000
0.000000
0.000000
0.000000
0.000000
0.000000
0.000000
0.000000
0.000000
0.000000
0.000000
0.000000
0.000000
0.000000
0.000000
0.000000
0.000000
0.000000
0.000000
0.000000
0.000000
0.000000
0.000000
0.000000
0.000000
0.000000
0.000000
0.000000
0.000000
0.000000
0.000000
0.000000
0.000000
0.000000
0.000000
0.000000
