0.292977
1.922641
10.036667
31.066616
83.480107
190.036799
391.024814
730.131841
1264.382548
2053.721163
3160.753296
4639.276500
6561.283351
8940.422263
11826.549127
15227.053142
19124.920816
23478.056021
28262.423599
33424.285075
38836.384467
44495.370859
50308.570322
56161.114112
61959.995650
67629.570803
73069.056677
78334.252377
83328.039248
87966.245980
92209.591736
96028.928746
99478.781734
102498.847277
105103.279311
107243.497086
108993.663183
110289.354970
111271.122042
111871.213118
112120.240309
112127.723974
111846.611990
111342.681518
110591.686547
109638.891897
108540.114941
107301.552064
105846.403648
104358.687801
102789.419001
101112.362741
99403.930281
97645.734027
95855.667235
94006.794502
92149.348804
90299.962757
88449.826216
86605.639382
84798.141693
83011.772641
81264.908130
79544.538920
77862.681111
76218.635825
74576.187938
73009.652938
71511.308166
70020.913221
68559.882671
67150.489809
65773.536654
64464.237377
63166.667665
61911.545989
60688.523643
59529.612757
58409.051189
57320.973099
56244.418319
55248.650988
54268.946050
53347.473909
52446.674141
51574.761922
50746.707448
49948.391891
49168.278688
48427.416702
47720.212354
47032.624451
46377.542181
45718.981884
45109.723839
44522.020138
43939.509121
43426.928888
42914.744638
42413.181958
41938.619320
41485.926313
41063.499568
40644.553356
40248.316779
39885.880734
39522.125342
39180.900267
38867.834458
38561.672375
38262.083674
37981.775777
37709.971875
37447.008718
37182.235204
36932.632615
36703.126172
36475.157669
36254.556210
36043.899372
35836.083332
35656.921193
35449.699459
35263.737863
35081.664435
34907.785066
34732.040123
34561.781123
34392.880533
34238.043182
34078.278224
33913.441878
33743.214326
33591.706082
33436.183225
33275.573205
33117.371419
32956.948473
32791.473488
32639.404161
32492.054556
32342.199078
32183.915846
32027.349331
31866.302049
31720.624933
31573.386252
31421.224816
31263.416492
31110.646679
30958.649836
30785.109728
30620.330796
30451.165274
30290.291906
30113.966212
29935.888232
29765.296393
29584.377410
29395.490049
29210.162697
29023.731173
28818.335549
28619.031974
28413.037470
28197.587531
27983.372777
27769.519542
27547.107160
27324.145564
27101.197939
26862.019702
26630.305927
26393.936749
26154.055084
25922.222288
25669.200072
25419.372403
25164.394862
24897.336817
24637.156041
24382.676461
24110.682651
23836.392599
23552.469100
23270.529968
22991.600338
22695.741774
22410.562912
22103.111356
21810.028285
21503.483554
21211.814284
20912.675096
20597.030132
20291.599911
19983.469473
19670.641561
19365.562337
19057.585954
18733.838114
18425.284163
18112.931852
17795.951704
17477.719159
17160.789601
16841.145027
16527.434123
16211.810450
15898.303325
15577.858750
15266.960203
14953.363554
14634.032247
14316.672142
14006.094950
13692.369935
13386.548191
13082.334138
12777.194127
12473.816927
12171.639975
11873.659088
11577.599838
11282.224700
10990.032266
10697.503149
10417.994328
10135.371423
9858.848437
9583.373405
9322.509412
9057.762363
8796.568776
8537.173705
8281.207751
8034.507419
7792.438204
7552.064465
7315.331274
7086.997120
6858.406870
6635.245581
6418.283062
6202.965171
5990.858934
5787.685869
5583.423478
5385.348838
5194.764315
5007.628524
4824.316706
4647.577110
4474.507516
4308.439881
4143.479470
3985.862198
3830.816485
3679.678950
3535.888023
3396.010695
3257.216225
3126.197617
2995.891710
2869.063390
2747.843380
2631.469385
2514.990468
2406.717527
2302.383689
2200.993127
2102.975157
2005.561854
1912.434199
1823.056384
1737.152703
1653.430181
1574.067614
1498.366804
1426.412840
1357.660047
1289.889200
1225.853508
1165.806744
1105.475815
1048.954107
995.969247
943.016770
893.808102
846.109410
800.518272
757.368904
715.025312
676.197209
639.792201
604.945461
571.127487
539.021047
508.231612
478.987347
451.774256
426.596919
401.923456
378.271054
356.333066
334.498563
314.153332
294.786120
276.405855
258.921655
242.156632
227.299734
212.681645
198.763162
186.600965
174.812631
163.069509
152.491937
142.885019
133.746529
124.383530
116.265931
108.082158
100.924234
94.193067
87.981483
81.788897
76.464884
70.972667
66.011416
61.564272
57.292534
53.191606
49.380331
46.194195
42.639529
39.616053
36.713817
34.225790
31.468140
29.186804
26.906936
25.015482
23.075513
21.288846
19.480623
17.959325
16.671761
15.355394
14.180471
13.028172
12.023170
11.123071
10.352330
9.591583
8.828783
8.168449
7.524315
6.818356
6.289473
5.615574
5.109566
4.656930
4.253086
3.852777
3.421030
3.152223
2.867135
2.590749
2.335796
2.139248
1.876053
1.710598
1.531982
1.349435
1.227048
1.126545
0.970472
0.855887
0.754682
0.675786
0.568768
0.498094
0.461351
0.415823
0.372298
0.325146
0.290045
0.243098
0.214473
0.179507
0.153616
0.130729
0.117313
0.096823
0.091399
0.081269
0.076364
0.069290
0.059305
0.050051
0.040956
0.033259
0.030131
0.030693
0.024258
0.016500
0.011582
0.015566
0.011458
0.012011
0.011694
0.009649
0.010334
0.007240
0.005043
0.006947
0.003540
0.002656
0.003014
0.002879
0.002341
0.000943
0.001282
0.000984
0.002137
0.000630
0.000472
0.000358
0.000000
0.000000
0.000000
0.000000
0.000000
0.000000
0.000000
0.000000
0.000000
0.000000
0.000000
0.000000
0.000000
0.000000
0.000000
0.000000
0.000000
0.000000
0.000000
0.000000
0.000000
0.000000
0.000000
0.000000
0.000000
0.000000
0.000000
0.000000
0.000000
0.000000
0.000000
0.000000
0.000000
0.000000
0.000000
0.000000
0.000000
0.000000
0.000000
0.000000
0.000000
0.000000
0.000000
0.000000
0.000000
0.000000
0.000000
0.000000
0.000000
0.000000
0.000000
0.000000
0.000000
0.000000
0.000000
0.000000
0.000000
0.000000
0.000000
0.000000
0.000000
0.000000
0.000000
0.000000
0.000000
0.000000
0.000000
0.000000
0.000000
0.000000
0.000000
0.000000
0.000000
0.000000
0.000000
0.000000
0.000000
0.000000
0.000000
0.000000
0.000000
0.000000
0.000000
0.000000
0.000000
0.000000
0.000000
0.000000
0.000000
0.000000
0.000000
0.000000
0.000000
0.000000
0.000000
0.000000
0.000000
0.000000
0.000000
0.000000
0.000000
0.000000
0.000000
0.000000
0.000000
0.000000
0.000000
0.000000
0.000000
0.000000
0.000000
0.000000
0.000000
0.000000
0.000000
0.000000
0.000000
0.000000
0.000000
0.000000
0.000000
0.000000
0.000000
0.000000
0.000000
0.000000
0.000000
0.000000
0.000000
0.000000
0.000000
0.000000
0.000000
0.000000
0.000000
0.000000
0.000000
0.000000
0.000000
0.000000
0.000000
0.000000
0.000000
0.000000
0.000000
0.000000
0.000000
0.000000
0.000000
0.000000
0.000000
0.000000
0.000000
0.000000
0.000000
0.000000
0.000000
0.000000
0.000000
0.000000
0.000000
0.000000
0.000000
0.000000
0.000000
0.000000
0.000000
0.000000
0.000000
0.000000
0.000000
0.000000
0.000000
0.000000
0.000000
0.000000
0.000000
0.000000
0.000000
0.000000
0.000000
0.000000
0.000000
0.000000
0.000000
0.000000
0.000000
0.000000
0.000000
0.000000
0.000000
0.000000
0.000000
0.000000
0.000000
0.000000
0.000000
0.000000
0.000000
0.000000
0.000000
0.000000
0.000000
0.000000
0.000000
0.000000
0.000000
0.000000
0.000000
0.000000
0.000000
0.000000
0.000000
0.000000
0.000000
0.000000
0.000000
0.000000
0.000000
0.000000
0.000000
0.000000
0.000000
0.000000
0.000000
0.000000
0.000000
0.000000
0.000000
0.000000
0.000000
0.000000
0.000000
0.000000
0.000000
0.000000
0.000000
0.000000
0.000000
0.000000
0.000000
0.000000
0.000000
0.000000
0.000000
0.000000
0.000000
0.000000
0.000000
0.000000
0.000000
0.000000
0.000000
0.000000
0.000000
0.000000
0.000000
0.000000
0.000000
0.000000
0.000000
0.000000
0.000000
0.000000
0.000000
0.000000
0.000000
0.000000
0.000000
0.000000
0.000000
0.000000
0.000000
0.000000
0.000000
0.000000
0.000000
0.000000
0.000000
0.000000
0.000000
0.000000
0.000000
0.000000
0.000000
0.000000
0.000000
0.000000
0.000000
0.000000
0.000000
0.000000
0.000000
0.000000
0.000000
0.000000
0.000000
0.000000
0.000000
0.000000
0.000000
0.000000
0.000000
0.000000
0.000000
0.000000
0.000000
0.000000
0.000000
0.000000
0.000000
0.000000
0.000000
0.000000
0.000000
0.000000
0.000000
0.000000
0.000000
0.000000
0.000000
0.000000
0.000000
0.000000
0.000000
0.000000
0.000000
0.000000
0.000000
0.000000
0.000000
0.000000
0.000000
0.000000
0.000000
0.000000
0.000000
0.000000
0.000000
0.000000
0.000000
0.000000
0.000000
0.000000
0.000000
0.000000
0.000000
0.000000
0.000000
0.000000
0.000000
0.000000
0.000000
0.000000
0.000000
0.000000
0.000000
0.000000
0.000000
0.000000
0.000000
0.000000
0.000000
0.000000
0.000000
0.000000
0.000000
0.000000
0.000000
0.000000
0.000000
0.000000
0.000000
0.000000
0.000000
0.000000
0.000000
0.000000
0.000000
0.000000
0.000000
0.000000
0.000000
0.000000
0.000000
0.000000
0.000000
0.000000
0.000000
0.000000
0.000000
0.000000
0.000000
0.000000
0.000000
0.000000
0.000000
0.000000
0.000000
0.000000
0.000000
0.000000
0.000000
0.000000
0.000000
0.000000
0.000000
0.000000
0.000000
0.000000
0.000000
0.000000
0.000000
0.000000
0.000000
0.000000
0.000000
0.000000
0.000000
0.000000
0.000000
0.000000
0.000000
0.000000
0.000000
0.000000
0.000000
0.000000
0.000000
0.000000
0.000000
0.000000
0.000000
0.000000
0.000000
0.000000
0.000000
0.000000
0.000000
0.000000
0.000000
0.000000
0.000000
0.000000
0.000000
0.000000
0.000000
0.000000
0.000000
0.000000
0.000000
0.000000
0.000000
0.000000
0.000000
0.000000
0.000000
0.000000
0.000000
0.000000
0.000000
0.000000
0.000000
0.000000
0.000000
0.000000
0.000000
0.000000
0.000000
0.000000
0.000000
0.000000
0.000000
0.000000
0.000000
0.000000
0.000000
0.000000
0.000000
0.000000
0.000000
0.000000
0.000000
0.000000
0.000000
0.000000
0.000000
0.000000
0.000000
0.000000
0.000000
0.000000
0.000000
0.000000
0.000000
0.000000
0.000000
0.000000
0.000000
0.000000
0.000000
0.000000
0.000000
0.000000
0.000000
0.000000
0.000000
0.000000
0.000000
0.000000
0.000000
0.000000
0.000000
0.000000
0.000000
0.000000
0.000000
0.000000
0.000000
0.000000
0.000000
0.000000
0.000000
0.000000
0.000000
0.000000
0.000000
0.000000
0.000000
0.000000
0.000000
0.000000
0.000000
0.000000
0.000000
0.000000
0.000000
0.000000
0.000000
0.000000
0.000000
0.000000
0.000000
0.000000
0.000000
0.000000
0.000000
0.000000
0.000000
0.000000
0.000000
0.000000
0.000000
0.000000
0.000000
0.000000
0.000000
0.000000
0.000000
0.000000
0.000000
0.000000
0.000000
0.000000
0.000000
0.000000
0.000000
0.000000
0.000000
0.000000
0.000000
0.000000
