3.569524
16.091597
122.668385
420.757950
1300.990875
3011.885621
6114.676899
11226.506641
18343.204990
27949.141509
39764.855019
54088.014820
69576.992533
85870.025640
102294.288169
118642.827849
133524.562790
147039.803043
158622.762926
168180.506510
176339.112506
182594.188409
186187.824923
188007.922436
187807.655599
185679.349535
182870.833932
179213.316376
174862.302514
169893.509596
164692.001548
158835.691115
153136.263415
147602.895457
141583.912824
135271.187023
129207.020795
123582.135115
117847.851299
112435.581093
107338.282086
102475.025036
97795.792663
93533.215794
89742.358990
85444.102325
81380.168787
77857.073165
74712.018197
71744.271269
68726.461867
66080.408045
63042.994274
60295.312413
57772.494998
55455.654311
53253.130880
51180.549777
49133.938868
47160.783996
45370.258335
43559.018311
42399.078363
40944.536070
39467.786204
38400.270504
37207.707017
36153.778926
35147.052765
34108.010364
33145.696175
32223.736696
31506.048937
30565.868734
29747.149894
28975.609425
28364.322231
27711.710608
27055.562912
26500.099454
25924.044713
25448.981872
24963.562077
24520.138208
24045.136071
23699.844993
23273.742489
22923.463214
22631.981946
22374.722305
22173.120387
21814.043012
21670.589945
21435.282098
21216.901328
20992.509111
20793.325982
20584.070566
20212.753628
20037.305702
19777.534276
19538.075098
19410.351505
19197.833271
18998.560388
18855.427842
18673.755172
18494.620757
18377.748425
18211.104122
18089.704420
17998.815859
17933.421136
17725.191713
17694.574430
17579.208889
17493.306197
17462.897042
17363.984290
17322.776374
17234.861615
17119.938932
17059.568078
16970.144091
16843.705288
16877.782198
16906.157682
16848.459091
16866.329601
16793.230441
16694.439373
16681.516707
16578.809864
16566.097732
16600.306498
16532.019465
16511.470475
16490.040781
16469.215036
16456.151274
16499.137196
16510.831978
16589.098365
16644.066664
16732.974917
16782.187950
16838.575680
16852.757846
16772.168021
16739.535217
16764.696148
16779.700613
16854.879606
16811.043766
16803.651375
16814.837154
16788.554796
16802.189879
16818.381691
16860.473151
16878.306416
16859.152253
16889.760913
16904.501869
16950.897729
16954.051154
17000.365843
16990.731722
17011.810677
17038.616075
17021.148432
17039.518554
17056.028549
17126.565876
17176.506030
17203.987356
17168.466084
17147.845677
17066.463167
17039.198796
17121.893556
17162.084450
17114.071713
17119.565354
17121.714869
17178.705163
17120.830620
17140.834153
17103.942483
17089.528424
17060.784724
17022.556469
16964.173953
16884.615980
16824.944704
16775.452599
16731.612116
16720.050287
16769.606075
16704.229353
16657.137342
16643.049597
16576.459487
16511.362044
16464.472857
16420.354976
16364.655216
16265.977339
16259.048830
16191.495040
16186.790129
16147.412038
16060.462140
16014.360480
15938.399415
15824.933104
15768.839252
15606.463393
15482.736853
15401.317440
15338.400667
15255.893982
15161.655233
15079.480831
14990.900673
14905.329160
14741.008429
14605.829370
14534.684028
14475.383985
14356.554446
14207.116672
14128.658733
13995.630368
13890.368449
13824.326740
13755.201655
13702.588170
13574.893002
13493.845882
13406.533258
13309.562660
13132.716678
12997.980960
12851.566149
12718.327543
12593.145403
12418.392759
12282.576573
12118.541388
11984.515161
11854.902023
11745.069814
11605.361211
11485.496620
11377.408726
11233.250590
11082.739039
10926.877143
10770.001229
10604.684452
10445.872836
10320.069947
10185.384755
10082.595505
9881.546727
9713.954678
9541.429670
9335.813645
9222.727266
9076.380892
8925.544931
8747.063806
8632.806157
8494.473866
8313.790463
8174.389335
8077.617183
7958.705674
7831.729505
7713.298329
7579.498552
7432.212376
7285.047195
7156.974550
7033.663455
6890.519209
6748.754009
6593.168830
6462.671152
6324.934334
6223.459681
6099.493952
5967.981603
5810.972626
5692.553702
5550.586487
5426.203700
5333.542091
5221.980557
5106.303487
4987.256815
4866.695736
4741.556643
4630.226881
4521.181041
4402.702893
4278.568417
4174.592359
4068.706245
3980.614983
3886.233665
3788.722708
3717.412262
3631.362035
3538.315362
3448.186570
3384.562296
3268.323869
3173.116090
3086.831276
3027.853632
2950.439664
2882.651627
2799.579850
2731.082524
2682.130228
2617.171875
2528.436190
2460.539665
2403.222800
2367.360252
2298.785353
2214.715491
2160.081729
2101.410557
2066.543184
2014.944622
1967.085116
1900.916842
1847.649594
1785.454524
1731.914631
1679.297192
1639.549023
1594.279702
1527.356927
1478.304704
1429.345110
1380.539019
1335.516491
1296.219670
1248.154262
1200.476841
1163.269510
1116.508553
1077.387685
1047.966251
1003.142882
980.519888
958.842793
924.499254
881.773479
851.688979
817.874309
783.770046
749.938259
712.869949
683.694180
664.331390
633.462408
606.293877
580.967596
557.312735
531.625315
511.459681
485.246637
463.421101
441.552521
423.319103
414.416507
398.569158
381.963924
368.493064
352.140462
340.493673
333.079610
321.804523
306.014517
293.366630
283.265817
266.687522
255.725157
242.256073
228.549755
219.689043
212.124923
206.549086
197.783342
191.764674
179.176708
175.775639
167.318921
158.076402
153.410838
145.254056
138.017331
129.944456
121.333906
116.240645
109.789210
109.384225
104.791054
103.005081
99.339733
94.087551
89.691409
87.764916
84.219978
80.348775
75.016246
72.702102
67.812073
64.571147
62.173337
59.949312
56.951378
55.949726
52.164842
49.074729
48.290980
45.033343
43.131661
41.044678
38.202194
36.843897
34.259339
33.870035
29.340412
27.801704
28.040659
26.587165
25.495442
23.554684
22.885211
20.607309
19.220900
18.841798
19.181356
18.994981
16.936338
16.554150
15.785007
15.942498
15.089021
13.646177
12.676137
11.680781
11.190525
10.081804
8.306495
7.497325
5.900798
5.429884
4.891271
4.440458
3.932723
3.662351
4.128575
3.125183
2.327900
2.782222
2.975239
3.179563
2.326385
1.851529
1.781657
1.745854
1.588335
1.704725
1.634685
1.221516
1.172906
0.899246
0.685908
0.466615
0.504847
0.420607
0.611510
0.767588
0.864042
1.213235
0.975719
0.625388
0.611119
0.405183
0.508218
0.379597
0.411791
0.459843
0.456128
0.415636
0.553741
0.371971
0.240911
0.365052
0.259173
0.175802
0.143862
0.107225
0.211059
0.283983
0.342474
0.379128
0.304715
0.220971
0.052016
0.073086
0.088982
0.113630
0.069100
0.070730
0.068675
0.014651
0.018926
0.005822
0.000000
0.000000
0.000000
0.000000
0.000000
0.000000
0.000000
0.000000
0.000000
0.000000
0.000000
0.000000
0.000000
0.000000
0.000000
0.000000
0.000000
0.000000
0.000000
0.000000
0.000000
0.000000
0.000000
0.000000
0.000000
0.000000
0.000000
0.000000
0.000000
0.000000
0.000000
0.000000
0.000000
0.000000
0.000000
0.000000
0.000000
0.000000
0.000000
0.000000
0.000000
0.000000
0.000000
0.000000
0.000000
0.000000
0.000000
0.000000
0.000000
0.000000
0.000000
0.000000
0.000000
0.000000
0.000000
0.000000
0.000000
0.000000
0.000000
0.000000
0.000000
0.000000
0.000000
0.000000
0.000000
0.000000
0.000000
0.000000
0.000000
0.000000
0.000000
0.000000
0.000000
0.000000
0.000000
0.000000
0.000000
0.000000
0.000000
0.000000
0.000000
0.000000
0.000000
0.000000
0.000000
0.000000
0.000000
0.000000
0.000000
0.000000
0.000000
0.000000
0.000000
0.000000
0.000000
0.000000
0.000000
0.000000
0.000000
0.000000
0.000000
0.000000
0.000000
0.000000
0.000000
0.000000
0.000000
0.000000
0.000000
0.000000
0.000000
0.000000
0.000000
0.000000
0.000000
0.000000
0.000000
0.000000
0.000000
0.000000
0.000000
0.000000
0.000000
0.000000
0.000000
0.000000
0.000000
0.000000
0.000000
0.000000
0.000000
0.000000
0.000000
0.000000
0.000000
0.000000
0.000000
0.000000
0.000000
0.000000
0.000000
0.000000
0.000000
0.000000
0.000000
0.000000
0.000000
0.000000
0.000000
0.000000
0.000000
0.000000
0.000000
0.000000
0.000000
0.000000
0.000000
0.000000
0.000000
0.000000
0.000000
0.000000
0.000000
0.000000
0.000000
0.000000
0.000000
0.000000
0.000000
0.000000
0.000000
0.000000
0.000000
0.000000
0.000000
0.000000
0.000000
0.000000
0.000000
0.000000
0.000000
0.000000
0.000000
0.000000
0.000000
0.000000
0.000000
0.000000
0.000000
0.000000
0.000000
0.000000
0.000000
0.000000
0.000000
0.000000
0.000000
0.000000
0.000000
0.000000
0.000000
0.000000
0.000000
0.000000
0.000000
0.000000
0.000000
0.000000
0.000000
0.000000
0.000000
0.000000
0.000000
0.000000
0.000000
0.000000
0.000000
0.000000
0.000000
0.000000
0.000000
0.000000
0.000000
0.000000
0.000000
0.000000
0.000000
0.000000
0.000000
0.000000
0.000000
0.000000
0.000000
0.000000
0.000000
0.000000
0.000000
0.000000
0.000000
0.000000
0.000000
0.000000
0.000000
0.000000
0.000000
0.000000
0.000000
0.000000
0.000000
0.000000
0.000000
0.000000
0.000000
0.000000
0.000000
0.000000
0.000000
0.000000
0.000000
0.000000
0.000000
0.000000
0.000000
0.000000
0.000000
0.000000
0.000000
0.000000
0.000000
0.000000
0.000000
0.000000
0.000000
0.000000
0.000000
0.000000
0.000000
0.000000
0.000000
0.000000
0.000000
0.000000
0.000000
0.000000
0.000000
0.000000
0.000000
0.000000
0.000000
0.000000
0.000000
0.000000
0.000000
0.000000
0.000000
0.000000
0.000000
0.000000
0.000000
0.000000
0.000000
0.000000
0.000000
0.000000
0.000000
0.000000
0.000000
0.000000
0.000000
0.000000
0.000000
0.000000
0.000000
0.000000
0.000000
0.000000
0.000000
0.000000
0.000000
0.000000
0.000000
0.000000
0.000000
0.000000
0.000000
0.000000
0.000000
0.000000
0.000000
0.000000
0.000000
0.000000
0.000000
0.000000
0.000000
0.000000
0.000000
0.000000
0.000000
0.000000
0.000000
0.000000
0.000000
0.000000
0.000000
0.000000
0.000000
0.000000
0.000000
0.000000
0.000000
0.000000
0.000000
0.000000
0.000000
0.000000
0.000000
0.000000
0.000000
0.000000
0.000000
0.000000
0.000000
0.000000
0.000000
0.000000
0.000000
0.000000
0.000000
0.000000
0.000000
0.000000
0.000000
0.000000
0.000000
0.000000
0.000000
0.000000
0.000000
0.000000
0.000000
0.000000
0.000000
0.000000
0.000000
0.000000
0.000000
0.000000
0.000000
0.000000
0.000000
0.000000
0.000000
0.000000
0.000000
0.000000
0.000000
0.000000
0.000000
0.000000
0.000000
0.000000
0.000000
0.000000
0.000000
0.000000
0.000000
0.000000
0.000000
0.000000
0.000000
0.000000
0.000000
0.000000
0.000000
0.000000
0.000000
0.000000
0.000000
0.000000
0.000000
0.000000
0.000000
0.000000
0.000000
0.000000
0.000000
0.000000
0.000000
0.000000
0.000000
0.000000
0.000000
0.000000
0.000000
0.000000
0.000000
0.000000
0.000000
0.000000
0.000000
0.000000
0.000000
0.000000
0.000000
0.000000
0.000000
0.000000
0.000000
0.000000
0.000000
0.000000
0.000000
0.000000
0.000000
0.000000
0.000000
0.000000
0.000000
0.000000
0.000000
0.000000
0.000000
0.000000
0.000000
0.000000
0.000000
0.000000
0.000000
0.000000
0.000000
0.000000
0.000000
0.000000
0.000000
