0.000000
0.000000
0.000000
0.000000
0.000000
0.000000
0.000000
0.061650
0.153341
0.347055
1.291995
3.613733
7.448589
16.202372
28.651809
48.598128
85.966327
138.151479
213.719724
324.838726
464.382596
663.172857
921.665085
1258.616093
1694.771725
2246.690070
2881.841242
3627.847077
4520.765696
5551.293673
6720.949655
8085.446697
9608.169381
11343.595807
13211.609663
15218.696983
17410.089443
19735.835129
22180.759224
24749.052446
27505.001506
30246.730394
33141.283366
36067.494752
39118.351823
42106.986058
45166.873362
48234.046037
51347.370870
54428.611538
57511.803317
60602.485253
63493.309521
66504.627555
69352.648295
72208.129550
74920.137642
77609.418011
80098.941461
82511.973915
84879.589356
87131.987326
89204.314900
91221.295697
93082.396598
94809.808094
96395.420529
97973.888964
99482.668549
100817.280799
101951.140292
103006.075029
103876.013090
104686.923790
105492.027445
106251.204782
106814.087529
107200.982716
107508.574156
107839.032154
107959.031051
107940.645603
107868.118236
107763.681911
107613.708156
107410.859854
107096.058546
106692.211596
106232.404279
105731.823576
105124.645697
104448.463234
103749.613005
102942.957794
102206.270954
101404.145844
100524.901933
99579.393875
98715.428408
97781.905239
96869.344066
95860.023096
94806.308415
93721.193461
92668.477849
91553.761551
90491.196323
89343.113872
88179.942879
86992.555980
85784.800535
84571.769642
83390.518552
82179.621388
80931.868429
79694.559986
78444.597608
77165.432358
75945.791977
74732.406193
73451.277094
72223.572007
70987.351841
69744.649703
68494.365347
67239.180867
66017.531494
64836.741045
63607.424417
62384.301082
61154.073054
59995.882261
58834.063067
57669.857725
56515.561533
55324.408446
54158.451978
52997.252253
51825.165900
50708.814381
49622.732879
48515.237023
47444.661505
46349.538054
45304.406893
44269.712595
43236.363423
42246.069976
41234.877935
40230.110362
39227.708028
38263.645154
37294.640632
36359.260208
35422.357322
34496.465870
33609.741000
32767.273329
31916.234734
31124.963731
30284.053551
29445.046247
28637.872753
27826.686533
27036.302519
26285.016062
25537.142235
24806.135846
24090.573449
23390.393074
22676.224289
21985.973885
21308.483724
20653.048986
20026.173110
19405.449067
18791.108346
18196.686453
17620.617747
17061.284818
16497.043522
15923.288264
15377.957297
14843.084943
14311.018102
13800.928553
13308.157783
12828.081033
12372.100787
11943.530557
11511.753650
11099.352664
10679.247126
10293.391218
9920.767567
9554.978469
9208.651453
8853.269798
8512.791263
8179.225048
7854.179940
7545.161046
7241.911144
6951.961135
6667.019024
6398.793836
6125.023401
5866.941989
5628.996471
5383.738047
5156.587710
4923.697895
4703.339586
4497.294569
4304.946750
4113.699022
3931.571770
3744.138910
3584.285760
3424.483888
3271.121134
3119.312433
2976.103625
2839.099799
2707.567618
2577.266808
2452.438368
2333.517203
2226.347903
2114.602350
2017.088909
1914.665658
1825.229699
1735.621954
1650.443074
1568.671508
1488.009476
1415.066429
1341.098708
1271.399972
1209.634036
1142.422014
1083.464889
1031.181644
979.509308
929.247657
879.775210
834.691986
788.782008
743.822649
702.684980
660.576281
627.091437
594.168460
561.032304
529.133289
496.402147
467.727683
440.978289
412.659239
387.632966
363.631367
343.136825
321.722171
302.137036
282.121129
261.196963
244.567960
229.749627
214.610899
202.323447
188.964334
176.499430
164.141007
152.531504
142.049906
131.637873
122.510032
113.635863
106.017562
99.947430
94.709800
88.096924
83.454634
79.364594
74.482425
70.111225
65.865820
62.056179
56.957991
52.567227
50.033819
46.500226
43.092250
40.402007
36.258476
33.508865
30.608231
28.261698
26.411193
23.844026
22.109921
21.033626
20.094966
18.785905
17.610369
16.301930
14.702478
13.956776
12.960775
11.976932
11.220079
10.777037
9.660401
8.611878
7.935366
6.988845
6.236795
5.822402
5.504001
5.301087
4.952058
4.448948
4.031161
3.447373
3.006060
2.629856
2.358683
2.012875
1.765858
1.566374
1.248664
1.295148
1.157724
0.978712
0.835654
0.698141
0.611175
0.468306
0.401555
0.452811
0.446046
0.367408
0.269318
0.170456
0.112464
0.113751
0.085417
0.029071
0.033944
0.016584
0.007079
0.004833
0.000000
0.000000
0.000000
0.000000
0.000000
0.000000
0.000000
0.000000
0.000000
0.000000
0.000000
0.000000
0.000000
0.000000
0.000000
0.000000
0.000000
0.000000
0.000000
0.000000
0.000000
0.000000
0.000000
0.000000
0.000000
0.000000
0.000000
0.000000
0.000000
0.000000
0.000000
0.000000
0.000000
0.000000
0.000000
0.000000
0.000000
0.000000
0.000000
0.000000
0.000000
0.000000
0.000000
0.000000
0.000000
0.000000
0.000000
0.000000
0.000000
0.000000
0.000000
0.000000
0.000000
0.000000
0.000000
0.000000
0.000000
0.000000
0.000000
0.000000
0.000000
0.000000
0.000000
0.000000
0.000000
0.000000
0.000000
0.000000
0.000000
0.000000
0.000000
0.000000
0.000000
0.000000
0.000000
0.000000
0.000000
0.000000
0.000000
0.000000
0.000000
0.000000
0.000000
0.000000
0.000000
0.000000
0.000000
0.000000
0.000000
0.000000
0.000000
0.000000
0.000000
0.000000
0.000000
0.000000
0.000000
0.000000
0.000000
0.000000
0.000000
0.000000
0.000000
0.000000
0.000000
0.000000
0.000000
0.000000
0.000000
0.000000
0.000000
0.000000
0.000000
0.000000
0.000000
0.000000
0.000000
0.000000
0.000000
0.000000
0.000000
0.000000
0.000000
0.000000
0.000000
0.000000
0.000000
0.000000
0.000000
0.000000
0.000000
0.000000
0.000000
0.000000
0.000000
0.000000
0.000000
0.000000
0.000000
0.000000
0.000000
0.000000
0.000000
0.000000
0.000000
0.000000
0.000000
0.000000
0.000000
0.000000
0.000000
0.000000
0.000000
0.000000
0.000000
0.000000
0.000000
0.000000
0.000000
0.000000
0.000000
0.000000
0.000000
0.000000
0.000000
0.000000
0.000000
0.000000
0.000000
0.000000
0.000000
0.000000
0.000000
0.000000
0.000000
0.000000
0.000000
0.000000
0.000000
0.000000
0.000000
0.000000
0.000000
0.000000
0.000000
0.000000
0.000000
0.000000
0.000000
0.000000
0.000000
0.000000
0.000000
0.000000
0.000000
0.000000
0.000000
0.000000
0.000000
0.000000
0.000000
0.000000
0.000000
0.000000
0.000000
0.000000
0.000000
0.000000
0.000000
0.000000
0.000000
0.000000
0.000000
0.000000
0.000000
0.000000
0.000000
0.000000
0.000000
0.000000
0.000000
0.000000
0.000000
0.000000
0.000000
0.000000
0.000000
0.000000
0.000000
0.000000
0.000000
0.000000
0.000000
0.000000
0.000000
0.000000
0.000000
0.000000
0.000000
0.000000
0.000000
0.000000
0.000000
0.000000
0.000000
0.000000
0.000000
0.000000
0.000000
0.000000
0.000000
0.000000
0.000000
0.000000
0.000000
0.000000
0.000000
0.000000
0.000000
0.000000
0.000000
0.000000
0.000000
0.000000
0.000000
0.000000
0.000000
0.000000
0.000000
0.000000
0.000000
0.000000
0.000000
0.000000
0.000000
0.000000
0.000000
0.000000
0.000000
0.000000
0.000000
0.000000
0.000000
0.000000
0.000000
0.000000
0.000000
0.000000
0.000000
0.000000
0.000000
0.000000
0.000000
0.000000
0.000000
0.000000
0.000000
0.000000
0.000000
0.000000
0.000000
0.000000
0.000000
0.000000
0.000000
0.000000
0.000000
0.000000
0.000000
0.000000
0.000000
0.000000
0.000000
0.000000
0.000000
0.000000
0.000000
0.000000
0.000000
0.000000
0.000000
0.000000
0.000000
0.000000
0.000000
0.000000
0.000000
0.000000
0.000000
0.000000
0.000000
0.000000
0.000000
0.000000
0.000000
0.000000
0.000000
0.000000
0.000000
0.000000
0.000000
0.000000
0.000000
0.000000
0.000000
0.000000
0.000000
0.000000
0.000000
0.000000
0.000000
0.000000
0.000000
0.000000
0.000000
0.000000
0.000000
0.000000
0.000000
0.000000
0.000000
0.000000
0.000000
0.000000
0.000000
0.000000
0.000000
0.000000
0.000000
0.000000
0.000000
0.000000
0.000000
0.000000
0.000000
0.000000
0.000000
0.000000
0.000000
0.000000
0.000000
0.000000
0.000000
0.000000
0.000000
0.000000
0.000000
0.000000
0.000000
0.000000
0.000000
0.000000
0.000000
0.000000
0.000000
0.000000
0.000000
0.000000
0.000000
0.000000
0.000000
0.000000
0.000000
0.000000
0.000000
0.000000
0.000000
0.000000
0.000000
0.000000
0.000000
0.000000
0.000000
0.000000
0.000000
0.000000
0.000000
0.000000
0.000000
0.000000
0.000000
0.000000
0.000000
0.000000
0.000000
0.000000
0.000000
0.000000
0.000000
0.000000
0.000000
0.000000
0.000000
0.000000
0.000000
0.000000
0.000000
0.000000
0.000000
0.000000
0.000000
0.000000
0.000000
0.000000
0.000000
0.000000
0.000000
0.000000
0.000000
0.000000
0.000000
0.000000
0.000000
0.000000
0.000000
0.000000
0.000000
0.000000
0.000000
0.000000
0.000000
0.000000
0.000000
0.000000
0.000000
0.000000
0.000000
0.000000
0.000000
0.000000
0.000000
0.000000
0.000000
0.000000
0.000000
0.000000
0.000000
0.000000
0.000000
0.000000
0.000000
0.000000
0.000000
0.000000
0.000000
0.000000
0.000000
0.000000
0.000000
0.000000
0.000000
0.000000
0.000000
0.000000
0.000000
0.000000
0.000000
0.000000
0.000000
0.000000
0.000000
0.000000
0.000000
0.000000
0.000000
0.000000
0.000000
0.000000
0.000000
0.000000
0.000000
0.000000
0.000000
0.000000
0.000000
0.000000
0.000000
0.000000
0.000000
0.000000
0.000000
0.000000
0.000000
0.000000
0.000000
0.000000
0.000000
0.000000
0.000000
0.000000
0.000000
0.000000
0.000000
0.000000
0.000000
0.000000
0.000000
0.000000
0.000000
0.000000
0.000000
0.000000
0.000000
0.000000
0.000000
0.000000
0.000000
0.000000
0.000000
0.000000
0.000000
0.000000
0.000000
0.000000
0.000000
0.000000
0.000000
0.000000
0.000000
0.000000
0.000000
0.000000
0.000000
0.000000
0.000000
0.000000
0.000000
0.000000
0.000000
0.000000
0.000000
0.000000
0.000000
0.000000
0.000000
0.000000
0.000000
0.000000
0.000000
0.000000
0.000000
0.000000
0.000000
0.000000
0.000000
0.000000
0.000000
0.000000
0.000000
0.000000
0.000000
0.000000
0.000000
0.000000
0.000000
0.000000
0.000000
0.000000
0.000000
0.000000
0.000000
0.000000
0.000000
0.000000
0.000000
0.000000
0.000000
0.000000
0.000000
0.000000
0.000000
0.000000
0.000000
0.000000
0.000000
0.000000
0.000000
0.000000
0.000000
0.000000
0.000000
0.000000
0.000000
0.000000
0.000000
0.000000
0.000000
0.000000
0.000000
0.000000
0.000000
0.000000
0.000000
0.000000
0.000000
0.000000
0.000000
0.000000
0.000000
0.000000
0.000000
0.000000
0.000000
0.000000
0.000000
0.000000
0.000000
0.000000
