0.025127
0.039448
0.101081
0.180236
0.891276
1.795308
3.913297
9.005514
18.461427
34.302067
62.884733
106.506569
175.101873
269.617060
406.602827
591.205999
844.786521
1176.763459
1590.518943
2108.201973
2744.606327
3512.291292
4407.974593
5466.115345
6683.249679
8055.403625
9612.384979
11341.740301
13221.637013
15254.297243
17444.501521
19776.700123
22255.633003
24860.444711
27563.255610
30369.707808
33235.421142
36166.424880
39127.515500
42108.958175
45095.176279
48131.158399
51127.169065
54078.130685
56993.540893
59844.807728
62636.718126
65350.184833
67974.564970
70485.078912
72901.904213
75249.402568
77466.610166
79542.715251
81523.839275
83403.227751
85148.793856
86760.485061
88292.924379
89711.803797
90987.442530
92185.629728
93290.721380
94246.151927
95136.747427
95940.915685
96621.239452
97195.201298
97708.579258
98109.525309
98425.466406
98679.371880
98827.785181
98918.894739
98933.014354
98851.244634
98753.829029
98570.534942
98325.456538
98051.942548
97693.883770
97303.959917
96854.142527
96366.852069
95850.287547
95313.436380
94737.151729
94081.653263
93458.436543
92761.526421
92050.973851
91309.854568
90538.748684
89769.468606
88980.646899
88182.155035
87354.614484
86529.660072
85672.420969
84797.261664
83937.936549
83057.212741
82176.020282
81299.895025
80398.003141
79510.046677
78601.497811
77697.303651
76789.262280
75888.934891
74972.810525
74061.941886
73136.460146
72197.133152
71283.231867
70373.759928
69439.393012
68512.802336
67600.068239
66679.817664
65761.270887
64822.261205
63925.407228
62990.535662
62063.915713
61146.136335
60217.936838
59307.974776
58399.960502
57480.846486
56599.059465
55720.624903
54819.435385
53906.793489
53002.287271
52100.460526
51216.295453
50334.575295
49451.394617
48575.000721
47716.279157
46855.594826
45994.820582
45147.997838
44304.478321
43458.873890
42627.058557
41797.037179
40966.078703
40139.845947
39329.748051
38533.984084
37723.221583
36919.947951
36131.703528
35350.012764
34577.892299
33813.625621
33055.879658
32308.011859
31562.517985
30816.203287
30090.810752
29379.395804
28661.048649
27963.801761
27265.143128
26580.937944
25895.128143
25229.916414
24577.860670
23931.402855
23301.633839
22678.486485
22053.262019
21455.393325
20859.779111
20271.672241
19691.835148
19125.284534
18564.300800
18011.905633
17474.587670
16950.751106
16442.332346
15928.601731
15438.006690
14954.969969
14472.480612
13998.119486
13534.497719
13094.449477
12657.635258
12232.212135
11817.558838
11406.357102
11009.301652
10623.168968
10241.766550
9876.035578
9513.485816
9162.663574
8821.634771
8489.721751
8163.601232
7851.859133
7547.496607
7247.686524
6958.571471
6680.570830
6408.205847
6148.310939
5896.708135
5650.850664
5415.778612
5184.149746
4964.593172
4749.943484
4538.448882
4341.345891
4148.929918
3962.715746
3784.169508
3613.480492
3446.157347
3287.744630
3134.421249
2985.631098
2842.186189
2706.926284
2576.972556
2448.670432
2329.786924
2215.388940
2101.037781
1992.808254
1891.345466
1794.589481
1700.336729
1611.286150
1527.597794
1447.037593
1371.256496
1297.188779
1225.973664
1157.857539
1093.653161
1033.654113
976.502210
920.652612
867.841163
817.634458
769.520203
724.479280
682.736518
643.863925
603.577016
567.825804
533.569212
500.556154
470.354572
441.571867
413.717287
387.329811
363.516654
339.718631
318.161131
297.742973
278.310467
259.862433
242.966927
226.213573
211.127681
196.748653
182.911699
170.201113
158.341136
148.359728
137.885764
127.522751
118.186529
109.813578
101.397731
93.871745
86.813833
80.331253
74.438886
68.836116
63.846225
58.804312
54.433646
50.406747
46.505969
42.657167
39.292614
36.412332
33.673010
30.900953
28.315348
26.222863
24.026510
22.045051
20.052047
18.383875
16.950365
15.581384
14.229429
13.009835
11.988548
11.126319
10.287105
9.481179
8.672574
7.962818
7.299841
6.747028
6.235414
5.606458
5.165649
4.801911
4.423827
3.971731
3.678197
3.299424
2.906438
2.632350
2.355687
2.109327
1.979172
1.789198
1.670627
1.523133
1.412991
1.302546
1.231075
1.124931
0.975565
0.884059
0.788656
0.718369
0.647341
0.614305
0.557798
0.517783
0.452245
0.391847
0.336827
0.331446
0.304917
0.269247
0.234569
0.219433
0.180145
0.166382
0.148869
0.118346
0.104244
0.082739
0.065008
0.058860
0.043346
0.037310
0.026672
0.021684
0.022758
0.025564
0.019963
0.013396
0.011555
0.010599
0.010528
0.006384
0.006440
0.004750
0.002763
0.001996
0.001688
0.000505
0.000053
0.000000
0.000000
0.000000
0.000000
0.000000
0.000000
0.000000
0.000000
0.000000
0.000000
0.000000
0.000000
0.000000
0.000000
0.000000
0.000000
0.000000
0.000000
0.000000
0.000000
0.000000
0.000000
0.000000
0.000000
0.000000
0.000000
0.000000
0.000000
0.000000
0.000000
0.000000
0.000000
0.000000
0.000000
0.000000
0.000000
0.000000
0.000000
0.000000
0.000000
0.000000
0.000000
0.000000
0.000000
0.000000
0.000000
0.000000
0.000000
0.000000
0.000000
0.000000
0.000000
0.000000
0.000000
0.000000
0.000000
0.000000
0.000000
0.000000
0.000000
0.000000
0.000000
0.000000
0.000000
0.000000
0.000000
0.000000
0.000000
0.000000
0.000000
0.000000
0.000000
0.000000
0.000000
0.000000
0.000000
0.000000
0.000000
0.000000
0.000000
0.000000
0.000000
0.000000
0.000000
0.000000
0.000000
0.000000
0.000000
0.000000
0.000000
0.000000
0.000000
0.000000
0.000000
0.000000
0.000000
0.000000
0.000000
0.000000
0.000000
0.000000
0.000000
0.000000
0.000000
0.000000
0.000000
0.000000
0.000000
0.000000
0.000000
0.000000
0.000000
0.000000
0.000000
0.000000
0.000000
0.000000
0.000000
0.000000
0.000000
0.000000
0.000000
0.000000
0.000000
0.000000
0.000000
0.000000
0.000000
0.000000
0.000000
0.000000
0.000000
0.000000
0.000000
0.000000
0.000000
0.000000
0.000000
0.000000
0.000000
0.000000
0.000000
0.000000
0.000000
0.000000
0.000000
0.000000
0.000000
0.000000
0.000000
0.000000
0.000000
0.000000
0.000000
0.000000
0.000000
0.000000
0.000000
0.000000
0.000000
0.000000
0.000000
0.000000
0.000000
0.000000
0.000000
0.000000
0.000000
0.000000
0.000000
0.000000
0.000000
0.000000
0.000000
0.000000
0.000000
0.000000
0.000000
0.000000
0.000000
0.000000
0.000000
0.000000
0.000000
0.000000
0.000000
0.000000
0.000000
0.000000
0.000000
0.000000
0.000000
0.000000
0.000000
0.000000
0.000000
0.000000
0.000000
0.000000
0.000000
0.000000
0.000000
0.000000
0.000000
0.000000
0.000000
0.000000
0.000000
0.000000
0.000000
0.000000
0.000000
0.000000
0.000000
0.000000
0.000000
0.000000
0.000000
0.000000
0.000000
0.000000
0.000000
0.000000
0.000000
0.000000
0.000000
0.000000
0.000000
0.000000
0.000000
0.000000
0.000000
0.000000
0.000000
0.000000
0.000000
0.000000
0.000000
0.000000
0.000000
0.000000
0.000000
0.000000
0.000000
0.000000
0.000000
0.000000
0.000000
0.000000
0.000000
0.000000
0.000000
0.000000
0.000000
0.000000
0.000000
0.000000
0.000000
0.000000
0.000000
0.000000
0.000000
0.000000
0.000000
0.000000
0.000000
0.000000
0.000000
0.000000
0.000000
0.000000
0.000000
0.000000
0.000000
0.000000
0.000000
0.000000
0.000000
0.000000
0.000000
0.000000
0.000000
0.000000
0.000000
0.000000
0.000000
0.000000
0.000000
0.000000
0.000000
0.000000
0.000000
0.000000
0.000000
0.000000
0.000000
0.000000
0.000000
0.000000
0.000000
0.000000
0.000000
0.000000
0.000000
0.000000
0.000000
0.000000
0.000000
0.000000
0.000000
0.000000
0.000000
0.000000
0.000000
0.000000
0.000000
0.000000
0.000000
0.000000
0.000000
0.000000
0.000000
0.000000
0.000000
0.000000
0.000000
0.000000
0.000000
0.000000
0.000000
0.000000
0.000000
0.000000
0.000000
0.000000
0.000000
0.000000
0.000000
0.000000
0.000000
0.000000
0.000000
0.000000
0.000000
0.000000
0.000000
0.000000
0.000000
0.000000
0.000000
0.000000
0.000000
0.000000
0.000000
0.000000
0.000000
0.000000
0.000000
0.000000
0.000000
0.000000
0.000000
0.000000
0.000000
0.000000
0.000000
0.000000
0.000000
0.000000
0.000000
0.000000
0.000000
0.000000
0.000000
0.000000
0.000000
0.000000
0.000000
0.000000
0.000000
0.000000
0.000000
0.000000
0.000000
0.000000
0.000000
0.000000
0.000000
0.000000
0.000000
0.000000
0.000000
0.000000
0.000000
0.000000
0.000000
0.000000
0.000000
0.000000
0.000000
0.000000
0.000000
0.000000
0.000000
0.000000
0.000000
0.000000
0.000000
0.000000
0.000000
0.000000
0.000000
0.000000
0.000000
0.000000
0.000000
0.000000
0.000000
0.000000
0.000000
0.000000
0.000000
0.000000
0.000000
0.000000
0.000000
0.000000
0.000000
0.000000
0.000000
0.000000
0.000000
0.000000
0.000000
0.000000
0.000000
0.000000
0.000000
0.000000
0.000000
0.000000
0.000000
0.000000
0.000000
0.000000
0.000000
0.000000
0.000000
0.000000
0.000000
0.000000
0.000000
0.000000
0.000000
0.000000
0.000000
0.000000
0.000000
0.000000
0.000000
0.000000
0.000000
0.000000
0.000000
0.000000
0.000000
0.000000
0.000000
0.000000
0.000000
0.000000
0.000000
0.000000
0.000000
0.000000
0.000000
0.000000
0.000000
0.000000
0.000000
0.000000
0.000000
0.000000
0.000000
0.000000
0.000000
0.000000
0.000000
0.000000
0.000000
0.000000
0.000000
0.000000
0.000000
0.000000
0.000000
0.000000
0.000000
0.000000
0.000000
0.000000
0.000000
0.000000
0.000000
0.000000
0.000000
0.000000
0.000000
0.000000
0.000000
0.000000
0.000000
0.000000
0.000000
0.000000
0.000000
0.000000
0.000000
0.000000
0.000000
0.000000
0.000000
0.000000
0.000000
0.000000
0.000000
0.000000
0.000000
0.000000
0.000000
0.000000
0.000000
0.000000
0.000000
0.000000
0.000000
0.000000
0.000000
0.000000
0.000000
0.000000
0.000000
0.000000
0.000000
0.000000
0.000000
0.000000
0.000000
0.000000
0.000000
0.000000
0.000000
0.000000
0.000000
0.000000
0.000000
0.000000
0.000000
0.000000
0.000000
0.000000
0.000000
0.000000
0.000000
0.000000
0.000000
0.000000
0.000000
0.000000
0.000000
0.000000
0.000000
0.000000
0.000000
0.000000
0.000000
0.000000
0.000000
0.000000
0.000000
0.000000
0.000000
0.000000
0.000000
0.000000
0.000000
0.000000
0.000000
0.000000
0.000000
0.000000
0.000000
0.000000
0.000000
0.000000
0.000000
0.000000
0.000000
0.000000
0.000000
0.000000
0.000000
0.000000
0.000000
0.000000
0.000000
0.000000
0.000000
0.000000
0.000000
0.000000
0.000000
0.000000
0.000000
0.000000
0.000000
0.000000
0.000000
0.000000
0.000000
0.000000
0.000000
