0.000000
0.000000
0.000000
0.000000
0.000000
0.000000
0.000000
0.000000
0.000000
0.000000
0.000851
0.339434
1.364184
2.568086
7.816117
19.030690
42.774574
81.686856
160.134884
289.595224
513.618466
864.740684
1407.410489
2202.048373
3345.055033
4937.389757
7052.398669
9776.059004
13292.131995
17632.462943
22807.106389
28892.469256
35962.632191
43748.349865
52382.109881
61656.769492
71455.607283
81738.027722
92174.150443
102623.325072
112880.800879
122838.029008
132203.914167
140823.862632
148782.184563
155505.966326
161402.282422
166148.485536
169725.633827
172305.906898
173915.133744
174434.856501
174167.799073
173059.540945
170981.623613
168381.349455
165148.783586
161522.138227
157625.867039
153199.563590
148605.048964
143844.454998
138895.435724
133965.172567
128921.522419
123896.519301
119042.249086
114161.711087
109431.376962
104848.923738
100524.342988
96345.467357
92287.508647
88374.177815
84645.155032
81120.170003
77807.941410
74716.867331
71696.187833
68952.598873
66395.546695
63908.754574
61584.487556
59450.449103
57474.354004
55683.451748
54027.433499
52485.657878
51055.767652
49763.031280
48629.153207
47506.565961
46509.209528
45597.601562
44809.201262
44038.259708
43355.937021
42755.534589
42205.524273
41748.063056
41320.970148
40964.669813
40631.051317
40342.228195
40109.918874
39929.055888
39806.839320
39675.743876
39628.861459
39585.129002
39594.806631
39632.213270
39710.754005
39811.472593
39937.646399
40087.364000
40247.241493
40447.592857
40682.807000
40906.671271
41118.492005
41357.088574
41581.296332
41825.360609
42068.081850
42258.585130
42520.608178
42780.733092
42984.943009
43164.746393
43375.349824
43531.217995
43665.177222
43784.727224
43878.810763
43952.292319
43983.617192
43962.476784
43908.305192
43825.848374
43710.608583
43546.798826
43362.056448
43100.771974
42782.334252
42419.803281
42024.118558
41559.270361
41054.656150
40521.050951
39912.901218
39319.993375
38639.906621
37931.771041
37181.447455
36390.411455
35549.050416
34697.420816
33829.582879
32905.262315
31968.345562
30997.462033
30026.074312
29062.843827
28067.614543
27040.767323
26032.994746
25027.630861
24028.540272
23007.767649
21982.648011
20978.670665
20000.189807
19019.794940
18072.628205
17141.429792
16228.070402
15322.626241
14461.257251
13608.148684
12787.224993
11999.636309
11235.296432
10493.775494
9789.328890
9124.454290
8488.522585
7865.749210
7298.023556
6749.912889
6249.474409
5764.213892
5307.597714
4878.545826
4470.989664
4097.569373
3746.331014
3415.999000
3109.870964
2828.407223
2566.274517
2327.314617
2103.164840
1901.228065
1715.001497
1537.643534
1382.302802
1234.583074
1101.173535
982.028880
875.714049
776.435671
687.968250
608.370344
537.361647
473.789808
416.805530
364.429470
321.008140
281.814942
246.140596
215.728550
186.993088
163.051284
140.885529
122.547072
106.281615
91.999094
79.023658
68.485802
58.822823
50.131493
42.854994
37.494565
31.968044
27.929011
23.622352
20.297960
16.945527
14.452280
12.315541
10.215497
8.662596
7.336263
6.161098
5.137421
4.211160
3.462721
2.657230
2.300872
1.953843
1.619902
1.348232
1.117910
0.930502
0.766494
0.693213
0.552819
0.491137
0.418847
0.326743
0.271943
0.215410
0.156777
0.146770
0.086768
0.085852
0.055788
0.053844
0.022980
0.008106
0.005653
0.001569
0.000000
0.000000
0.000000
0.000000
0.000000
0.000000
0.000000
0.000000
0.000000
0.000000
0.000000
0.000000
0.000000
0.000000
0.000000
0.000000
0.000000
0.000000
0.000000
0.000000
0.000000
0.000000
0.000000
0.000000
0.000000
0.000000
0.000000
0.000000
0.000000
0.000000
0.000000
0.000000
0.000000
0.000000
0.000000
0.000000
0.000000
0.000000
0.000000
0.000000
0.000000
0.000000
0.000000
0.000000
0.000000
0.000000
0.000000
0.000000
0.000000
0.000000
0.000000
0.000000
0.000000
0.000000
0.000000
0.000000
0.000000
0.000000
0.000000
0.000000
0.000000
0.000000
0.000000
0.000000
0.000000
0.000000
0.000000
0.000000
0.000000
0.000000
0.000000
0.000000
0.000000
0.000000
0.000000
0.000000
0.000000
0.000000
0.000000
0.000000
0.000000
0.000000
0.000000
0.000000
0.000000
0.000000
0.000000
0.000000
0.000000
0.000000
0.000000
0.000000
0.000000
0.000000
0.000000
0.000000
0.000000
0.000000
0.000000
0.000000
0.000000
0.000000
0.000000
0.000000
0.000000
0.000000
0.000000
0.000000
0.000000
0.000000
0.000000
0.000000
0.000000
0.000000
0.000000
0.000000
0.000000
0.000000
0.000000
0.000000
0.000000
0.000000
0.000000
0.000000
0.000000
0.000000
0.000000
0.000000
0.000000
0.000000
0.000000
0.000000
0.000000
0.000000
0.000000
0.000000
0.000000
0.000000
0.000000
0.000000
0.000000
0.000000
0.000000
0.000000
0.000000
0.000000
0.000000
0.000000
0.000000
0.000000
0.000000
0.000000
0.000000
0.000000
0.000000
0.000000
0.000000
0.000000
0.000000
0.000000
0.000000
0.000000
0.000000
0.000000
0.000000
0.000000
0.000000
0.000000
0.000000
0.000000
0.000000
0.000000
0.000000
0.000000
0.000000
0.000000
0.000000
0.000000
0.000000
0.000000
0.000000
0.000000
0.000000
0.000000
0.000000
0.000000
0.000000
0.000000
0.000000
0.000000
0.000000
0.000000
0.000000
0.000000
0.000000
0.000000
0.000000
0.000000
0.000000
0.000000
0.000000
0.000000
0.000000
0.000000
0.000000
0.000000
0.000000
0.000000
0.000000
0.000000
0.000000
0.000000
0.000000
0.000000
0.000000
0.000000
0.000000
0.000000
0.000000
0.000000
0.000000
0.000000
0.000000
0.000000
0.000000
0.000000
0.000000
0.000000
