0.000000
0.000000
0.000000
0.000000
0.000000
0.000000
0.004644
0.027164
0.025138
0.062320
0.102448
0.179727
0.419699
0.759281
1.315984
2.339776
4.313175
7.312040
12.373155
19.856635
30.763390
46.252465
67.758799
97.042101
137.368421
190.784139
260.985061
352.760533
469.508841
617.845052
800.736203
1028.813029
1307.022902
1647.979271
2058.502209
2539.533883
3108.689317
3771.969919
4536.098150
5411.258690
6400.453139
7528.025946
8788.367256
10190.942959
11737.941240
13442.570509
15298.419092
17323.814605
19512.200708
21868.166447
24403.649795
27082.268924
29922.189129
32911.807612
36065.578331
39348.249885
42761.025342
46281.800105
49918.260469
53653.350494
57480.039128
61389.664306
65356.181441
69386.087706
73425.391189
77488.308655
81544.640150
85582.332141
89597.157429
93543.020960
97427.971285
101211.891585
104924.039926
108522.598950
111969.914473
115282.016208
118448.021018
121465.318476
124349.483647
127051.797395
129559.004110
131870.829970
134028.860113
135937.774152
137697.986698
139202.374330
140512.754204
141672.616491
142610.265867
143349.833117
143887.273275
144239.235786
144401.237274
144395.219743
144192.534572
143806.824410
143230.531547
142502.231596
141604.377837
140563.138946
139342.650601
137968.028998
136479.173029
134893.633210
133180.523472
131374.525178
129428.029425
127400.800549
125264.367947
123028.457922
120767.226019
118401.294418
115978.799558
113514.696815
111018.938831
108480.455664
105894.334999
103283.947742
100657.136456
98002.381557
95341.127180
92677.230242
89995.633737
87343.702570
84699.756199
82070.965273
79460.377802
76878.742341
74320.448948
71815.465173
69314.711302
66867.657984
64473.718442
62108.483563
59796.522919
57530.606968
55311.598161
53131.825670
51011.454254
48948.968738
46939.073070
44983.436272
43074.413471
41234.236075
39428.423871
37680.992811
35991.202326
34365.494180
32788.904495
31262.284503
29788.565547
28372.572145
26995.040453
25679.322012
24415.618118
23204.654482
22023.797450
20899.646641
19826.223801
18801.820373
17809.266172
16863.959469
15955.906037
15093.842920
14271.489516
13482.450917
12733.361042
12018.463043
11339.042817
10690.445546
10070.061441
9482.458133
8926.542481
8397.861492
7897.625075
7423.644596
6975.486373
6548.139099
6143.832121
5764.750849
5401.059553
5057.100662
4736.217471
4435.933776
4152.656187
3883.874815
3629.678698
3392.034689
3167.879510
2957.577199
2760.011258
2577.304395
2399.753970
2237.358991
2084.118482
1941.066369
1806.074107
1679.064196
1563.405863
1452.126675
1351.318393
1255.523848
1165.594124
1082.048332
1003.131520
930.930514
862.465322
799.518255
741.435501
688.207466
636.970473
588.123697
544.403891
503.752730
465.616664
430.017308
398.561863
367.531542
338.476767
312.881060
289.765932
266.289599
244.440003
225.227698
207.361712
189.598784
174.144408
159.903438
146.926329
134.216941
123.189456
113.694800
104.675818
95.563004
87.422642
80.397556
72.820097
66.610254
61.219763
56.341693
51.446974
46.773440
43.051260
39.166354
35.578303
32.321822
29.463487
26.583156
24.088786
21.595099
19.278881
17.408447
15.691434
14.088736
12.744528
11.494414
10.355134
9.245288
8.259115
7.389568
6.580693
5.920889
5.287755
4.684475
4.243489
3.781469
3.347136
3.028227
2.717895
2.432443
2.127322
1.887177
1.687691
1.465967
1.274490
1.118681
0.980510
0.914757
0.781154
0.688894
0.596357
0.523203
0.457893
0.394564
0.354796
0.323259
0.282497
0.243491
0.210436
0.174438
0.147216
0.131460
0.102888
0.096870
0.083408
0.076975
0.090663
0.087625
0.085442
0.068659
0.049369
0.060785
0.056121
0.040499
0.036848
0.039237
0.041264
0.034823
0.024777
0.025764
0.017381
0.013070
0.010070
0.007640
0.004925
0.006615
0.004568
0.002464
0.004419
0.003102
0.001951
0.002656
0.002877
0.001545
0.001536
0.001619
0.001357
0.001447
0.000938
0.000056
0.000000
0.000000
0.000000
0.000000
0.000000
0.000000
0.000000
0.000000
0.000000
0.000000
0.000000
0.000000
0.000000
0.000000
0.000000
0.000000
0.000000
0.000000
0.000000
0.000000
0.000000
0.000000
0.000000
0.000000
0.000000
0.000000
0.000000
0.000000
0.000000
0.000000
0.000000
0.000000
0.000000
0.000000
0.000000
0.000000
0.000000
0.000000
0.000000
0.000000
0.000000
0.000000
0.000000
0.000000
0.000000
0.000000
0.000000
0.000000
0.000000
0.000000
0.000000
0.000000
0.000000
0.000000
0.000000
0.000000
0.000000
0.000000
0.000000
0.000000
0.000000
0.000000
0.000000
0.000000
0.000000
0.000000
0.000000
0.000000
0.000000
0.000000
0.000000
0.000000
0.000000
0.000000
0.000000
0.000000
0.000000
0.000000
0.000000
0.000000
0.000000
0.000000
0.000000
0.000000
0.000000
0.000000
0.000000
0.000000
0.000000
0.000000
0.000000
0.000000
0.000000
0.000000
0.000000
0.000000
0.000000
0.000000
0.000000
0.000000
0.000000
0.000000
0.000000
0.000000
0.000000
0.000000
0.000000
0.000000
0.000000
0.000000
0.000000
0.000000
0.000000
0.000000
0.000000
0.000000
0.000000
0.000000
0.000000
0.000000
0.000000
0.000000
0.000000
0.000000
0.000000
0.000000
0.000000
0.000000
0.000000
0.000000
0.000000
0.000000
0.000000
0.000000
0.000000
0.000000
0.000000
0.000000
0.000000
0.000000
0.000000
0.000000
0.000000
0.000000
0.000000
0.000000
0.000000
0.000000
0.000000
0.000000
0.000000
0.000000
0.000000
0.000000
0.000000
0.000000
0.000000
0.000000
0.000000
0.000000
0.000000
0.000000
0.000000
0.000000
0.000000
0.000000
0.000000
0.000000
0.000000
0.000000
0.000000
0.000000
0.000000
0.000000
0.000000
0.000000
0.000000
0.000000
0.000000
0.000000
0.000000
0.000000
0.000000
0.000000
0.000000
0.000000
0.000000
0.000000
0.000000
0.000000
0.000000
0.000000
0.000000
0.000000
0.000000
0.000000
0.000000
0.000000
0.000000
0.000000
0.000000
0.000000
0.000000
0.000000
0.000000
0.000000
0.000000
0.000000
0.000000
0.000000
0.000000
0.000000
0.000000
0.000000
0.000000
0.000000
0.000000
0.000000
0.000000
0.000000
0.000000
0.000000
0.000000
0.000000
0.000000
0.000000
0.000000
0.000000
0.000000
0.000000
0.000000
0.000000
0.000000
0.000000
0.000000
0.000000
0.000000
0.000000
0.000000
0.000000
0.000000
0.000000
0.000000
0.000000
0.000000
0.000000
0.000000
0.000000
0.000000
0.000000
0.000000
0.000000
0.000000
0.000000
0.000000
0.000000
0.000000
0.000000
0.000000
0.000000
0.000000
0.000000
0.000000
0.000000
0.000000
0.000000
0.000000
0.000000
0.000000
0.000000
0.000000
0.000000
0.000000
0.000000
0.000000
0.000000
0.000000
0.000000
0.000000
0.000000
0.000000
0.000000
0.000000
0.000000
0.000000
0.000000
0.000000
0.000000
0.000000
0.000000
0.000000
0.000000
0.000000
0.000000
0.000000
0.000000
0.000000
0.000000
0.000000
0.000000
0.000000
0.000000
0.000000
0.000000
0.000000
0.000000
0.000000
0.000000
0.000000
0.000000
0.000000
0.000000
0.000000
0.000000
0.000000
0.000000
0.000000
0.000000
0.000000
0.000000
0.000000
0.000000
0.000000
0.000000
0.000000
0.000000
0.000000
0.000000
0.000000
0.000000
0.000000
0.000000
0.000000
0.000000
0.000000
0.000000
0.000000
0.000000
0.000000
0.000000
0.000000
0.000000
0.000000
0.000000
0.000000
0.000000
0.000000
0.000000
0.000000
0.000000
0.000000
0.000000
0.000000
0.000000
0.000000
0.000000
0.000000
0.000000
0.000000
0.000000
0.000000
0.000000
0.000000
0.000000
0.000000
0.000000
0.000000
0.000000
0.000000
0.000000
0.000000
0.000000
0.000000
0.000000
0.000000
0.000000
0.000000
0.000000
0.000000
0.000000
0.000000
0.000000
0.000000
0.000000
0.000000
0.000000
0.000000
0.000000
0.000000
0.000000
0.000000
0.000000
0.000000
0.000000
0.000000
0.000000
0.000000
0.000000
0.000000
0.000000
0.000000
0.000000
0.000000
0.000000
0.000000
0.000000
0.000000
0.000000
0.000000
0.000000
0.000000
0.000000
0.000000
0.000000
0.000000
0.000000
0.000000
0.000000
0.000000
0.000000
0.000000
0.000000
0.000000
0.000000
0.000000
0.000000
0.000000
0.000000
0.000000
0.000000
0.000000
0.000000
0.000000
0.000000
0.000000
0.000000
0.000000
0.000000
0.000000
0.000000
0.000000
0.000000
0.000000
0.000000
0.000000
0.000000
0.000000
0.000000
0.000000
0.000000
0.000000
0.000000
0.000000
0.000000
0.000000
0.000000
0.000000
0.000000
0.000000
0.000000
0.000000
0.000000
0.000000
0.000000
0.000000
0.000000
0.000000
0.000000
0.000000
0.000000
0.000000
0.000000
0.000000
0.000000
0.000000
0.000000
0.000000
0.000000
0.000000
0.000000
0.000000
0.000000
0.000000
0.000000
0.000000
0.000000
0.000000
0.000000
0.000000
0.000000
0.000000
0.000000
0.000000
0.000000
0.000000
0.000000
0.000000
0.000000
0.000000
0.000000
0.000000
0.000000
0.000000
0.000000
0.000000
0.000000
0.000000
0.000000
0.000000
0.000000
0.000000
0.000000
0.000000
0.000000
0.000000
0.000000
0.000000
0.000000
0.000000
0.000000
0.000000
0.000000
0.000000
0.000000
0.000000
0.000000
0.000000
0.000000
0.000000
0.000000
0.000000
0.000000
0.000000
0.000000
0.000000
0.000000
0.000000
0.000000
0.000000
0.000000
0.000000
0.000000
0.000000
0.000000
0.000000
0.000000
0.000000
0.000000
0.000000
0.000000
0.000000
0.000000
0.000000
0.000000
0.000000
0.000000
0.000000
0.000000
0.000000
0.000000
0.000000
0.000000
0.000000
0.000000
0.000000
0.000000
0.000000
0.000000
0.000000
0.000000
0.000000
0.000000
0.000000
0.000000
0.000000
0.000000
0.000000
0.000000
0.000000
0.000000
0.000000
0.000000
0.000000
0.000000
0.000000
0.000000
0.000000
0.000000
0.000000
0.000000
0.000000
0.000000
0.000000
0.000000
0.000000
0.000000
0.000000
0.000000
0.000000
0.000000
0.000000
0.000000
0.000000
0.000000
0.000000
0.000000
0.000000
0.000000
0.000000
0.000000
0.000000
0.000000
0.000000
0.000000
0.000000
0.000000
0.000000
0.000000
0.000000
0.000000
0.000000
0.000000
0.000000
0.000000
0.000000
0.000000
0.000000
0.000000
0.000000
0.000000
0.000000
0.000000
0.000000
0.000000
0.000000
0.000000
0.000000
0.000000
0.000000
0.000000
0.000000
0.000000
0.000000
0.000000
0.000000
0.000000
0.000000
0.000000
0.000000
0.000000
0.000000
0.000000
0.000000
0.000000
0.000000
0.000000
0.000000
0.000000
0.000000
0.000000
0.000000
0.000000
0.000000
0.000000
0.000000
0.000000
0.000000
0.000000
0.000000
0.000000
0.000000
