0.000000
0.000000
0.000000
0.000000
0.000000
0.000000
0.000000
0.000000
0.000000
0.000000
0.000000
0.000000
0.000000
0.000000
0.000000
0.224626
0.223090
0.375413
0.654528
1.665011
3.568231
6.033084
10.437373
14.839979
23.324373
38.287635
57.154275
89.179405
139.383889
206.865499
285.144349
401.786971
551.953144
733.133798
962.083385
1252.605451
1614.318624
2059.813396
2592.469159
3192.733984
3916.959278
4767.247140
5744.685367
6838.166052
8121.975609
9580.155604
11195.207657
12967.410505
14939.814261
17077.417574
19432.561658
22043.016201
24809.023334
27843.750433
30941.891581
34156.196677
37658.292942
41252.347716
45094.633808
49015.161022
53065.880075
57226.606001
61418.523499
65673.576988
69990.624678
74277.676202
78606.515554
83007.860120
87332.795710
91638.716208
95900.749434
100034.380074
104202.901736
108130.154888
111973.078283
115655.992077
119282.931988
122678.855003
125889.960947
128860.746518
131674.746421
134149.610180
136567.242630
138686.881345
140726.360716
142430.187684
143939.063073
145086.733297
146104.455682
146911.578031
147475.028704
147938.435108
148166.144947
148135.629242
147951.933001
147461.460133
146819.022554
146101.636715
145086.392177
143846.999289
142524.891082
141086.019069
139522.683600
137788.113101
135935.726823
133910.706480
131796.674251
129532.767811
127225.693688
124905.249458
122478.432489
119978.468303
117406.460608
114832.840707
112170.081747
109513.581417
106816.536929
104072.138108
101302.846570
98576.125220
95769.071863
93041.568208
90346.519454
87649.429495
84976.211339
82377.871122
79785.100237
77248.520443
74671.601469
72177.773140
69697.780364
67242.814143
64878.065729
62496.755222
60215.742379
57968.813605
55748.477576
53596.466651
51430.149788
49367.006010
47394.126660
45405.453940
43477.263448
41613.345243
39835.150102
38079.364259
36414.865564
34793.790154
33242.210854
31728.201889
30264.210406
28855.084605
27463.675196
26170.277503
24905.821065
23668.389036
22478.173816
21338.231222
20255.333698
19220.671376
18239.212931
17309.783417
16407.473100
15533.223181
14715.921854
13923.607307
13164.937899
12433.485095
11748.193803
11098.003665
10466.750948
9880.852154
9299.554953
8759.874381
8238.329308
7744.201221
7295.163482
6859.110362
6437.945589
6042.158573
5664.973448
5316.887861
4980.387298
4666.935750
4388.061948
4090.938886
3825.301305
3587.821526
3362.405108
3143.415941
2941.151404
2741.100717
2563.672179
2393.771614
2229.728618
2076.637464
1937.036766
1799.541653
1672.443459
1555.349186
1442.968762
1343.206031
1248.722981
1163.753940
1072.703985
992.817501
918.482587
856.625350
795.101070
734.584144
681.336505
632.509245
583.811407
538.796488
497.453089
455.522559
417.855335
385.481620
353.077645
324.482859
300.451632
277.751948
255.292698
235.520792
214.624072
201.081997
184.242049
169.405430
156.143647
143.260015
131.604885
121.294200
110.532339
100.859496
93.081291
85.152380
77.250018
70.124590
64.879596
58.573160
52.784083
48.771937
43.678344
39.368644
35.662348
31.431012
27.870897
25.229584
22.640615
20.062595
18.010364
16.998552
15.449774
13.850782
13.071783
11.738353
11.122765
10.009744
9.089366
8.312187
7.740822
7.451609
6.834335
6.329989
5.811412
5.325085
5.056937
4.335041
4.027333
3.392387
2.894844
2.757404
2.558543
2.186195
1.982502
2.032698
1.973188
1.969731
1.917800
1.562305
1.339522
1.121715
0.995198
1.033239
1.074493
0.835386
0.765400
0.647827
0.554268
0.563227
0.486908
0.428739
0.538181
0.492040
0.431614
0.395269
0.397357
0.281882
0.205804
0.125476
0.125983
0.117730
0.138988
0.050552
0.061689
0.041087
0.022098
0.009666
0.004623
0.000000
0.000000
0.000000
0.000000
0.000000
0.000000
0.000000
0.000000
0.000000
0.000000
0.000000
0.000000
0.000000
0.000000
0.000000
0.000000
0.000000
0.000000
0.000000
0.000000
0.000000
0.000000
0.000000
0.000000
0.000000
0.000000
0.000000
0.000000
0.000000
0.000000
0.000000
0.000000
0.000000
0.000000
0.000000
0.000000
0.000000
0.000000
0.000000
0.000000
0.000000
0.000000
0.000000
0.000000
0.000000
0.000000
0.000000
0.000000
0.000000
0.000000
0.000000
0.000000
0.000000
0.000000
0.000000
0.000000
0.000000
0.000000
0.000000
0.000000
0.000000
0.000000
0.000000
0.000000
0.000000
0.000000
0.000000
0.000000
0.000000
0.000000
0.000000
0.000000
0.000000
0.000000
0.000000
0.000000
0.000000
0.000000
0.000000
0.000000
0.000000
0.000000
0.000000
0.000000
0.000000
0.000000
0.000000
0.000000
0.000000
0.000000
0.000000
0.000000
0.000000
0.000000
0.000000
0.000000
0.000000
0.000000
0.000000
0.000000
0.000000
0.000000
0.000000
0.000000
0.000000
0.000000
0.000000
0.000000
0.000000
0.000000
0.000000
0.000000
0.000000
0.000000
0.000000
0.000000
0.000000
0.000000
0.000000
0.000000
0.000000
0.000000
0.000000
0.000000
0.000000
0.000000
0.000000
0.000000
0.000000
0.000000
0.000000
0.000000
0.000000
0.000000
0.000000
0.000000
0.000000
0.000000
0.000000
0.000000
0.000000
0.000000
0.000000
0.000000
0.000000
0.000000
0.000000
0.000000
0.000000
0.000000
0.000000
0.000000
0.000000
0.000000
0.000000
0.000000
0.000000
0.000000
0.000000
0.000000
0.000000
0.000000
0.000000
0.000000
0.000000
0.000000
0.000000
0.000000
0.000000
0.000000
0.000000
0.000000
0.000000
0.000000
0.000000
0.000000
0.000000
0.000000
0.000000
0.000000
0.000000
0.000000
0.000000
0.000000
0.000000
0.000000
0.000000
0.000000
0.000000
0.000000
0.000000
0.000000
0.000000
0.000000
0.000000
0.000000
0.000000
0.000000
0.000000
0.000000
0.000000
0.000000
0.000000
0.000000
0.000000
0.000000
0.000000
0.000000
0.000000
0.000000
0.000000
0.000000
0.000000
0.000000
0.000000
0.000000
0.000000
0.000000
0.000000
0.000000
0.000000
0.000000
0.000000
0.000000
0.000000
0.000000
0.000000
0.000000
0.000000
0.000000
0.000000
0.000000
0.000000
0.000000
0.000000
0.000000
0.000000
0.000000
0.000000
0.000000
0.000000
0.000000
0.000000
0.000000
0.000000
0.000000
0.000000
0.000000
0.000000
0.000000
0.000000
0.000000
0.000000
0.000000
0.000000
0.000000
0.000000
0.000000
0.000000
0.000000
0.000000
0.000000
0.000000
0.000000
0.000000
0.000000
0.000000
0.000000
0.000000
0.000000
0.000000
0.000000
0.000000
0.000000
0.000000
0.000000
0.000000
0.000000
0.000000
0.000000
0.000000
0.000000
0.000000
0.000000
0.000000
0.000000
0.000000
0.000000
0.000000
0.000000
0.000000
0.000000
0.000000
0.000000
0.000000
0.000000
0.000000
0.000000
0.000000
0.000000
0.000000
0.000000
0.000000
0.000000
0.000000
0.000000
0.000000
0.000000
0.000000
0.000000
0.000000
0.000000
0.000000
0.000000
0.000000
0.000000
0.000000
0.000000
0.000000
0.000000
0.000000
0.000000
0.000000
0.000000
0.000000
0.000000
0.000000
0.000000
0.000000
0.000000
0.000000
0.000000
0.000000
0.000000
0.000000
0.000000
0.000000
0.000000
0.000000
0.000000
0.000000
0.000000
0.000000
0.000000
0.000000
0.000000
0.000000
0.000000
0.000000
0.000000
0.000000
0.000000
0.000000
0.000000
0.000000
0.000000
0.000000
0.000000
0.000000
0.000000
0.000000
0.000000
0.000000
0.000000
0.000000
0.000000
0.000000
0.000000
0.000000
0.000000
0.000000
0.000000
0.000000
0.000000
0.000000
0.000000
0.000000
0.000000
0.000000
0.000000
0.000000
0.000000
0.000000
0.000000
0.000000
0.000000
0.000000
0.000000
0.000000
0.000000
0.000000
0.000000
0.000000
0.000000
0.000000
0.000000
0.000000
0.000000
0.000000
0.000000
0.000000
0.000000
0.000000
0.000000
0.000000
0.000000
0.000000
0.000000
0.000000
0.000000
0.000000
0.000000
0.000000
0.000000
0.000000
0.000000
0.000000
0.000000
0.000000
0.000000
0.000000
0.000000
0.000000
0.000000
0.000000
0.000000
0.000000
0.000000
0.000000
0.000000
0.000000
0.000000
0.000000
0.000000
0.000000
0.000000
0.000000
0.000000
0.000000
0.000000
0.000000
0.000000
0.000000
0.000000
0.000000
0.000000
0.000000
0.000000
0.000000
0.000000
0.000000
0.000000
0.000000
0.000000
0.000000
0.000000
0.000000
0.000000
0.000000
0.000000
0.000000
0.000000
0.000000
0.000000
0.000000
0.000000
0.000000
0.000000
0.000000
0.000000
0.000000
0.000000
0.000000
0.000000
0.000000
0.000000
0.000000
0.000000
0.000000
0.000000
0.000000
0.000000
0.000000
0.000000
0.000000
0.000000
0.000000
0.000000
0.000000
0.000000
0.000000
0.000000
0.000000
0.000000
0.000000
0.000000
0.000000
0.000000
0.000000
0.000000
0.000000
0.000000
0.000000
0.000000
0.000000
0.000000
0.000000
0.000000
0.000000
0.000000
0.000000
0.000000
0.000000
0.000000
0.000000
0.000000
0.000000
0.000000
0.000000
0.000000
0.000000
0.000000
0.000000
0.000000
0.000000
0.000000
0.000000
0.000000
0.000000
0.000000
0.000000
0.000000
0.000000
0.000000
0.000000
0.000000
0.000000
0.000000
0.000000
0.000000
0.000000
0.000000
0.000000
0.000000
0.000000
0.000000
0.000000
0.000000
0.000000
0.000000
0.000000
0.000000
0.000000
0.000000
0.000000
0.000000
0.000000
0.000000
0.000000
0.000000
0.000000
0.000000
0.000000
0.000000
0.000000
0.000000
0.000000
0.000000
0.000000
0.000000
0.000000
0.000000
0.000000
0.000000
0.000000
0.000000
0.000000
0.000000
0.000000
0.000000
0.000000
0.000000
0.000000
0.000000
0.000000
0.000000
0.000000
0.000000
0.000000
0.000000
0.000000
0.000000
0.000000
0.000000
0.000000
0.000000
0.000000
0.000000
0.000000
0.000000
0.000000
0.000000
0.000000
0.000000
0.000000
0.000000
0.000000
0.000000
0.000000
0.000000
0.000000
0.000000
0.000000
0.000000
0.000000
0.000000
0.000000
0.000000
0.000000
0.000000
0.000000
0.000000
0.000000
0.000000
0.000000
0.000000
0.000000
0.000000
0.000000
0.000000
0.000000
0.000000
0.000000
0.000000
0.000000
0.000000
0.000000
0.000000
0.000000
0.000000
0.000000
0.000000
0.000000
0.000000
0.000000
0.000000
0.000000
0.000000
0.000000
0.000000
0.000000
0.000000
0.000000
0.000000
0.000000
0.000000
0.000000
0.000000
0.000000
0.000000
0.000000
0.000000
0.000000
0.000000
0.000000
0.000000
0.000000
0.000000
0.000000
0.000000
0.000000
0.000000
0.000000
0.000000
0.000000
0.000000
0.000000
0.000000
0.000000
0.000000
0.000000
0.000000
0.000000
0.000000
0.000000
0.000000
0.000000
0.000000
0.000000
0.000000
0.000000
0.000000
