0.000000
0.000000
0.000000
0.000000
0.000000
0.000000
0.060868
0.034585
0.079088
0.415561
0.356240
1.525517
2.259247
1.979146
2.339639
3.653597
7.142416
13.038472
21.551464
33.421085
47.512584
72.635930
104.757119
151.428134
211.115418
287.787867
382.534832
509.557180
659.971817
839.090357
1074.521215
1369.976272
1742.646597
2159.875970
2666.653824
3269.942330
3954.704260
4754.352160
5650.513899
6691.095641
7836.634065
9113.229066
10575.235722
12167.792139
13898.758987
15792.714475
17824.044840
20042.722299
22379.549176
24871.939699
27571.962309
30337.706145
33270.863284
36369.792855
39540.312210
42889.531066
46317.594643
49884.540335
53538.475053
57280.445752
60952.445949
64609.854250
68428.600102
72230.471869
76013.783952
79814.918661
83562.384142
87249.451996
90859.778750
94453.483146
97953.377668
101397.499000
104711.797624
107903.360760
110985.640242
113938.287632
116841.409663
119470.288847
121917.521203
124143.766755
126310.003179
128219.945213
130005.301962
131616.168492
133048.644598
134255.223803
135359.615348
136261.999944
136877.104982
137366.091413
137711.273318
137905.724886
137956.692786
137750.481622
137387.262633
137025.082166
136366.370536
135587.883866
134633.334274
133579.538259
132392.351606
131118.396925
129725.671833
128293.917813
126693.404569
125023.415327
123315.808652
121438.359523
119541.235383
117485.198594
115308.002990
113172.826760
111008.984599
108825.520212
106538.059190
104223.448106
101845.580459
99413.621115
97111.039406
94675.185562
92239.397019
89883.018037
87495.390823
85160.901179
82804.124483
80409.469720
78146.281847
75808.076586
73509.164703
71202.651254
68952.802342
66759.529242
64638.021255
62554.376842
60523.586352
58486.048631
56438.254705
54468.456156
52517.524250
50617.798327
48753.066801
46945.603318
45243.809567
43522.157015
41835.632269
40191.325484
38625.652443
37069.584365
35594.989266
34140.348031
32725.154614
31392.601888
30074.106558
28811.802145
27522.504966
26334.810255
25161.458082
24035.558551
22949.945392
21944.274241
20922.484158
19954.122377
19018.965557
18096.049878
17232.519554
16421.284417
15605.483801
14855.308820
14122.432107
13430.087284
12752.793469
12114.059230
11494.890997
10903.429244
10326.915758
9797.639634
9274.498502
8796.726003
8343.037167
7896.100848
7477.313169
7069.617601
6700.073539
6333.727621
5984.638423
5645.072133
5319.994002
5026.943237
4733.825927
4460.060123
4199.838095
3956.889404
3727.364500
3505.410777
3304.362329
3109.936358
2919.082498
2740.115081
2564.498213
2403.026532
2256.038069
2109.875266
1976.902781
1850.133461
1733.903413
1620.591148
1513.474163
1416.030709
1331.983865
1247.776658
1166.667806
1088.330479
1020.940388
952.804085
887.424206
827.801910
770.578285
718.320219
669.206429
626.498607
582.363435
541.835982
507.442574
473.336352
442.141600
410.027123
380.189389
355.276929
330.659009
308.815673
289.548929
268.710141
249.374578
232.843938
216.617737
197.545509
182.364925
168.508469
158.009247
148.632282
138.018397
130.225990
120.937870
112.222098
103.073975
94.291847
85.660376
79.785066
73.131490
66.916157
61.049611
56.098656
51.140286
45.769645
41.637856
39.030225
36.667433
32.909572
30.346971
28.408589
25.954503
23.172858
21.219631
20.031463
17.679138
16.036848
14.319274
13.325984
12.771861
11.681886
11.339537
10.171403
9.101829
8.422775
7.894915
7.088566
6.549679
5.549621
4.951299
4.466920
4.126604
4.078847
3.680313
3.667042
3.550394
3.179206
2.811104
2.621263
2.529034
2.533133
2.167431
1.856304
1.497746
1.437627
1.238155
1.143890
1.119127
1.005995
0.861911
0.924652
0.700462
0.600833
0.646514
0.537144
0.532176
0.513294
0.486049
0.452982
0.466750
0.463487
0.478484
0.497782
0.412180
0.463163
0.459336
0.495939
0.456955
0.409120
0.278882
0.289705
0.275684
0.230509
0.192663
0.131221
0.099059
0.135397
0.116108
0.077981
0.075624
0.062720
0.042105
0.037826
0.014927
0.006485
0.002116
0.012505
0.012488
0.019940
0.022844
0.026107
0.011900
0.000277
0.000000
0.000000
0.000000
0.000000
0.000000
0.000000
0.000000
0.000000
0.000000
0.000000
0.000000
0.000000
0.000000
0.000000
0.000000
0.000000
0.000000
0.000000
0.000000
0.000000
0.000000
0.000000
0.000000
0.000000
0.000000
0.000000
0.000000
0.000000
0.000000
0.000000
0.000000
0.000000
0.000000
0.000000
0.000000
0.000000
0.000000
0.000000
0.000000
0.000000
0.000000
0.000000
0.000000
0.000000
0.000000
0.000000
0.000000
0.000000
0.000000
0.000000
0.000000
0.000000
0.000000
0.000000
0.000000
0.000000
0.000000
0.000000
0.000000
0.000000
0.000000
0.000000
0.000000
0.000000
0.000000
0.000000
0.000000
0.000000
0.000000
0.000000
0.000000
0.000000
0.000000
0.000000
0.000000
0.000000
0.000000
0.000000
0.000000
0.000000
0.000000
0.000000
0.000000
0.000000
0.000000
0.000000
0.000000
0.000000
0.000000
0.000000
0.000000
0.000000
0.000000
0.000000
0.000000
0.000000
0.000000
0.000000
0.000000
0.000000
0.000000
0.000000
0.000000
0.000000
0.000000
0.000000
0.000000
0.000000
0.000000
0.000000
0.000000
0.000000
0.000000
0.000000
0.000000
0.000000
0.000000
0.000000
0.000000
0.000000
0.000000
0.000000
0.000000
0.000000
0.000000
0.000000
0.000000
0.000000
0.000000
0.000000
0.000000
0.000000
0.000000
0.000000
0.000000
0.000000
0.000000
0.000000
0.000000
0.000000
0.000000
0.000000
0.000000
0.000000
0.000000
0.000000
0.000000
0.000000
0.000000
0.000000
0.000000
0.000000
0.000000
0.000000
0.000000
0.000000
0.000000
0.000000
0.000000
0.000000
0.000000
0.000000
0.000000
0.000000
0.000000
0.000000
0.000000
0.000000
0.000000
0.000000
0.000000
0.000000
0.000000
0.000000
0.000000
0.000000
0.000000
0.000000
0.000000
0.000000
0.000000
0.000000
0.000000
0.000000
0.000000
0.000000
0.000000
0.000000
0.000000
0.000000
0.000000
0.000000
0.000000
0.000000
0.000000
0.000000
0.000000
0.000000
0.000000
0.000000
0.000000
0.000000
0.000000
0.000000
0.000000
0.000000
0.000000
0.000000
0.000000
0.000000
0.000000
0.000000
0.000000
0.000000
0.000000
0.000000
0.000000
0.000000
0.000000
0.000000
0.000000
0.000000
0.000000
0.000000
0.000000
0.000000
0.000000
0.000000
0.000000
0.000000
0.000000
0.000000
0.000000
0.000000
0.000000
0.000000
0.000000
0.000000
0.000000
0.000000
0.000000
0.000000
0.000000
0.000000
0.000000
0.000000
0.000000
0.000000
0.000000
0.000000
0.000000
0.000000
0.000000
0.000000
0.000000
0.000000
0.000000
0.000000
0.000000
0.000000
0.000000
0.000000
0.000000
0.000000
0.000000
0.000000
0.000000
0.000000
0.000000
0.000000
0.000000
0.000000
0.000000
0.000000
0.000000
0.000000
0.000000
0.000000
0.000000
0.000000
0.000000
0.000000
0.000000
0.000000
0.000000
0.000000
0.000000
0.000000
0.000000
0.000000
0.000000
0.000000
0.000000
0.000000
0.000000
0.000000
0.000000
0.000000
0.000000
0.000000
0.000000
0.000000
0.000000
0.000000
0.000000
0.000000
0.000000
0.000000
0.000000
0.000000
0.000000
0.000000
0.000000
0.000000
0.000000
0.000000
0.000000
0.000000
0.000000
0.000000
0.000000
0.000000
0.000000
0.000000
0.000000
0.000000
0.000000
0.000000
0.000000
0.000000
0.000000
0.000000
0.000000
0.000000
0.000000
0.000000
0.000000
0.000000
0.000000
0.000000
0.000000
0.000000
0.000000
0.000000
0.000000
0.000000
0.000000
0.000000
0.000000
0.000000
0.000000
0.000000
0.000000
0.000000
0.000000
0.000000
0.000000
0.000000
0.000000
0.000000
0.000000
0.000000
0.000000
0.000000
0.000000
0.000000
0.000000
0.000000
0.000000
0.000000
0.000000
0.000000
0.000000
0.000000
0.000000
0.000000
0.000000
0.000000
0.000000
0.000000
0.000000
0.000000
0.000000
0.000000
0.000000
0.000000
0.000000
0.000000
0.000000
0.000000
0.000000
0.000000
0.000000
0.000000
0.000000
0.000000
0.000000
0.000000
0.000000
0.000000
0.000000
0.000000
0.000000
0.000000
0.000000
0.000000
0.000000
0.000000
0.000000
0.000000
0.000000
0.000000
0.000000
0.000000
0.000000
0.000000
0.000000
0.000000
0.000000
0.000000
0.000000
0.000000
0.000000
0.000000
0.000000
0.000000
0.000000
0.000000
0.000000
0.000000
0.000000
0.000000
0.000000
0.000000
0.000000
0.000000
0.000000
0.000000
0.000000
0.000000
0.000000
0.000000
0.000000
0.000000
0.000000
0.000000
0.000000
0.000000
0.000000
0.000000
0.000000
0.000000
0.000000
0.000000
0.000000
0.000000
0.000000
0.000000
0.000000
0.000000
0.000000
0.000000
0.000000
0.000000
0.000000
0.000000
0.000000
0.000000
0.000000
0.000000
0.000000
0.000000
0.000000
0.000000
0.000000
0.000000
0.000000
0.000000
0.000000
0.000000
0.000000
0.000000
0.000000
0.000000
0.000000
0.000000
0.000000
0.000000
0.000000
0.000000
0.000000
0.000000
0.000000
0.000000
0.000000
0.000000
0.000000
0.000000
0.000000
0.000000
0.000000
0.000000
0.000000
0.000000
0.000000
0.000000
0.000000
0.000000
0.000000
0.000000
0.000000
0.000000
0.000000
0.000000
0.000000
0.000000
0.000000
0.000000
0.000000
0.000000
0.000000
0.000000
0.000000
0.000000
0.000000
0.000000
0.000000
0.000000
0.000000
0.000000
0.000000
0.000000
0.000000
0.000000
0.000000
0.000000
0.000000
0.000000
0.000000
0.000000
0.000000
0.000000
0.000000
0.000000
0.000000
0.000000
0.000000
0.000000
0.000000
0.000000
0.000000
0.000000
0.000000
0.000000
0.000000
0.000000
0.000000
0.000000
0.000000
0.000000
0.000000
0.000000
0.000000
0.000000
0.000000
0.000000
0.000000
0.000000
0.000000
0.000000
0.000000
0.000000
0.000000
0.000000
0.000000
0.000000
0.000000
0.000000
0.000000
0.000000
0.000000
0.000000
0.000000
0.000000
0.000000
0.000000
0.000000
0.000000
0.000000
0.000000
0.000000
0.000000
0.000000
0.000000
0.000000
0.000000
0.000000
0.000000
0.000000
0.000000
0.000000
0.000000
0.000000
0.000000
0.000000
0.000000
0.000000
0.000000
0.000000
0.000000
0.000000
0.000000
0.000000
0.000000
0.000000
0.000000
0.000000
0.000000
0.000000
0.000000
0.000000
0.000000
0.000000
0.000000
0.000000
0.000000
0.000000
0.000000
0.000000
0.000000
0.000000
0.000000
0.000000
0.000000
0.000000
0.000000
0.000000
0.000000
0.000000
0.000000
0.000000
0.000000
0.000000
0.000000
0.000000
0.000000
0.000000
0.000000
0.000000
0.000000
0.000000
0.000000
0.000000
0.000000
0.000000
0.000000
0.000000
0.000000
0.000000
