0.000000
0.000000
0.000000
0.000000
0.000000
0.079777
0.425496
1.731532
6.176846
13.964737
28.271644
56.321944
98.258088
166.303564
269.698729
436.099580
660.755429
987.971679
1404.414051
1942.023567
2631.927739
3530.974884
4575.026648
5811.496012
7245.775588
8933.016614
10792.609210
12849.538763
15076.178090
17542.935986
20175.580410
23014.140431
25953.028100
28997.677224
32084.256172
35235.752287
38454.257973
41647.892616
44833.670970
48031.004772
51172.111661
54205.572935
57225.006289
60256.242524
63135.849511
65932.281391
68607.304061
71213.176553
73597.843890
75852.213946
77993.848986
79941.659770
81811.824652
83527.819324
85094.996665
86551.701555
87923.001292
89075.509889
89997.471156
91026.722134
91774.063625
92449.532810
92979.372274
93494.822590
93920.643075
94195.383133
94421.998782
94575.281852
94649.265896
94763.002171
94735.563276
94625.138333
94383.458296
94120.806483
93845.722905
93458.658533
93014.915979
92518.284435
92011.503987
91448.416250
90934.086353
90317.117546
89707.745184
89108.002420
88533.418935
87871.167764
87168.953524
86480.101028
85788.862861
85044.194384
84256.665220
83483.650989
82756.943014
82055.284819
81308.711294
80536.798804
79860.560160
79086.495948
78323.101937
77559.248070
76744.000487
75910.877673
75136.129081
74385.966836
73651.711400
72917.706925
72174.346266
71416.283907
70606.606422
69874.489972
69112.102571
68351.695204
67614.776201
66856.128389
66092.793566
65317.124904
64541.812141
63750.661440
62980.957351
62215.806414
61440.238088
60700.175049
59913.903557
59153.429180
58389.692272
57559.171893
56769.916355
56000.738353
55171.694585
54404.793087
53642.149317
52937.429573
52195.585692
51522.128195
50758.107953
50042.028272
49331.675994
48578.710220
47910.225123
47190.847948
46532.460333
45846.704981
45175.249826
44470.604987
43782.628515
43076.026099
42370.876998
41715.784395
41021.093505
40354.184102
39657.211777
39020.068465
38325.767732
37623.677075
36964.498229
36284.204852
35640.044957
34966.128349
34365.930593
33720.736370
33099.108713
32475.229861
31858.004418
31226.048341
30604.417164
30002.282064
29410.272849
28808.306350
28198.813445
27618.790102
27052.145569
26486.404249
25891.431296
25319.838366
24765.928713
24216.099182
23674.845653
23120.383371
22592.261545
22036.679325
21523.280112
21020.313180
20518.382042
20010.697770
19519.797409
19035.282561
18558.472990
18073.059320
17607.893853
17140.843093
16674.190444
16236.249490
15795.077762
15363.594537
14947.535357
14555.469148
14131.530592
13760.101906
13366.155497
12973.971956
12608.961729
12266.412973
11907.453052
11540.439534
11183.289889
10831.455556
10497.991824
10161.420737
9839.112283
9532.273287
9251.597222
8959.473374
8655.607356
8373.911598
8102.887477
7840.430049
7583.884610
7322.911071
7080.993872
6842.525556
6601.860995
6373.878295
6144.700423
5922.215906
5712.241259
5498.960868
5295.769857
5097.191662
4904.987792
4725.395647
4551.886120
4379.999279
4208.037154
4053.621160
3888.103952
3736.772645
3575.080495
3430.161779
3285.995943
3150.123150
3019.720453
2887.031766
2758.656502
2643.803822
2533.731351
2416.736051
2312.793978
2206.832814
2112.819531
2013.912987
1911.999466
1824.275256
1738.189078
1650.553248
1580.097203
1511.586022
1441.734453
1374.308138
1316.243652
1248.902644
1188.524456
1132.183221
1076.726805
1025.517642
978.048237
925.744715
874.446097
831.048323
790.159887
750.059563
712.013259
676.860815
641.889711
604.745296
575.208818
545.655192
515.779496
489.936544
467.498819
445.575237
418.817021
397.876951
374.358882
355.596399
332.950288
313.991472
294.007272
275.650717
259.486245
243.906011
229.148341
215.999123
203.150117
192.057803
180.707506
167.100512
157.957099
145.213776
135.259162
127.419903
118.859379
110.290522
102.521691
94.679016
87.502690
80.989631
74.959280
69.308353
64.711494
60.362518
56.494189
53.168571
49.774507
46.637812
43.534401
41.176018
39.379988
36.571141
34.643605
32.197962
30.648764
27.971009
26.317091
23.890424
21.628241
19.502762
17.972046
16.418625
14.638750
13.074661
11.777401
10.967278
10.470904
9.778272
8.793513
7.901883
7.424702
6.864645
6.387374
5.747873
5.161007
4.865365
4.263966
3.855155
3.603726
3.777154
3.667339
3.348269
3.236635
3.039397
2.773718
2.484534
2.264344
2.120659
2.038758
1.840837
1.448246
1.451670
1.255139
1.217614
0.990554
0.905539
0.901684
0.734195
0.659078
0.600101
0.536064
0.409212
0.444400
0.470829
0.393781
0.350119
0.242064
0.193592
0.132944
0.086903
0.023029
0.014251
0.005804
0.001809
0.000000
0.000000
0.000000
0.000000
0.000000
0.000000
0.000000
0.000000
0.000000
0.000000
0.000000
0.000000
0.000000
0.000000
0.000000
0.000000
0.000000
0.000000
0.000000
0.000000
0.000000
0.000000
0.000000
0.000000
0.000000
0.000000
0.000000
0.000000
0.000000
0.000000
0.000000
0.000000
0.000000
0.000000
0.000000
0.000000
0.000000
0.000000
0.000000
0.000000
0.000000
0.000000
0.000000
0.000000
0.000000
0.000000
0.000000
0.000000
0.000000
0.000000
0.000000
0.000000
0.000000
0.000000
0.000000
0.000000
0.000000
0.000000
0.000000
0.000000
0.000000
0.000000
0.000000
0.000000
0.000000
0.000000
0.000000
0.000000
0.000000
0.000000
0.000000
0.000000
0.000000
0.000000
0.000000
0.000000
0.000000
0.000000
0.000000
0.000000
0.000000
0.000000
0.000000
0.000000
0.000000
0.000000
0.000000
0.000000
0.000000
0.000000
0.000000
0.000000
0.000000
0.000000
0.000000
0.000000
0.000000
0.000000
0.000000
0.000000
0.000000
0.000000
0.000000
0.000000
0.000000
0.000000
0.000000
0.000000
0.000000
0.000000
0.000000
0.000000
0.000000
0.000000
0.000000
0.000000
0.000000
0.000000
0.000000
0.000000
0.000000
0.000000
0.000000
0.000000
0.000000
0.000000
0.000000
0.000000
0.000000
0.000000
0.000000
0.000000
0.000000
0.000000
0.000000
0.000000
0.000000
0.000000
0.000000
0.000000
0.000000
0.000000
0.000000
0.000000
0.000000
0.000000
0.000000
0.000000
0.000000
0.000000
0.000000
0.000000
0.000000
0.000000
0.000000
0.000000
0.000000
0.000000
0.000000
0.000000
0.000000
0.000000
0.000000
0.000000
0.000000
0.000000
0.000000
0.000000
0.000000
0.000000
0.000000
0.000000
0.000000
0.000000
0.000000
0.000000
0.000000
0.000000
0.000000
0.000000
0.000000
0.000000
0.000000
0.000000
0.000000
0.000000
0.000000
0.000000
0.000000
0.000000
0.000000
0.000000
0.000000
0.000000
0.000000
0.000000
0.000000
0.000000
0.000000
0.000000
0.000000
0.000000
0.000000
0.000000
0.000000
0.000000
0.000000
0.000000
0.000000
0.000000
0.000000
0.000000
0.000000
0.000000
0.000000
0.000000
0.000000
0.000000
0.000000
0.000000
0.000000
0.000000
0.000000
0.000000
0.000000
0.000000
0.000000
0.000000
0.000000
0.000000
0.000000
0.000000
0.000000
0.000000
0.000000
0.000000
0.000000
0.000000
0.000000
0.000000
0.000000
0.000000
0.000000
0.000000
0.000000
0.000000
0.000000
0.000000
0.000000
0.000000
0.000000
0.000000
0.000000
0.000000
0.000000
0.000000
0.000000
0.000000
0.000000
0.000000
0.000000
0.000000
0.000000
0.000000
0.000000
0.000000
0.000000
0.000000
0.000000
0.000000
0.000000
0.000000
0.000000
0.000000
0.000000
0.000000
0.000000
0.000000
0.000000
0.000000
0.000000
0.000000
0.000000
0.000000
0.000000
0.000000
0.000000
0.000000
0.000000
0.000000
0.000000
0.000000
0.000000
0.000000
0.000000
0.000000
0.000000
0.000000
0.000000
0.000000
0.000000
0.000000
0.000000
0.000000
0.000000
0.000000
0.000000
0.000000
0.000000
0.000000
0.000000
0.000000
0.000000
0.000000
0.000000
0.000000
0.000000
0.000000
0.000000
0.000000
0.000000
0.000000
0.000000
0.000000
0.000000
0.000000
0.000000
0.000000
0.000000
0.000000
0.000000
0.000000
0.000000
0.000000
0.000000
0.000000
0.000000
0.000000
0.000000
0.000000
0.000000
0.000000
0.000000
0.000000
0.000000
0.000000
0.000000
0.000000
0.000000
0.000000
0.000000
0.000000
0.000000
0.000000
0.000000
0.000000
0.000000
0.000000
0.000000
0.000000
0.000000
0.000000
0.000000
0.000000
0.000000
0.000000
0.000000
0.000000
0.000000
0.000000
0.000000
0.000000
0.000000
0.000000
0.000000
0.000000
0.000000
0.000000
0.000000
0.000000
0.000000
0.000000
0.000000
0.000000
0.000000
0.000000
0.000000
0.000000
0.000000
0.000000
0.000000
0.000000
0.000000
0.000000
0.000000
0.000000
0.000000
0.000000
0.000000
0.000000
0.000000
0.000000
0.000000
0.000000
0.000000
0.000000
0.000000
0.000000
0.000000
0.000000
0.000000
0.000000
0.000000
0.000000
0.000000
0.000000
0.000000
0.000000
0.000000
0.000000
0.000000
0.000000
0.000000
0.000000
0.000000
0.000000
0.000000
0.000000
0.000000
0.000000
0.000000
0.000000
0.000000
0.000000
0.000000
0.000000
0.000000
0.000000
0.000000
0.000000
0.000000
0.000000
0.000000
0.000000
0.000000
0.000000
0.000000
0.000000
0.000000
0.000000
0.000000
0.000000
0.000000
0.000000
0.000000
0.000000
0.000000
0.000000
0.000000
0.000000
0.000000
0.000000
0.000000
0.000000
0.000000
0.000000
0.000000
0.000000
0.000000
0.000000
0.000000
0.000000
0.000000
0.000000
0.000000
0.000000
0.000000
0.000000
0.000000
0.000000
0.000000
0.000000
0.000000
0.000000
0.000000
0.000000
0.000000
0.000000
0.000000
0.000000
0.000000
0.000000
0.000000
0.000000
0.000000
0.000000
0.000000
0.000000
0.000000
0.000000
0.000000
0.000000
0.000000
0.000000
0.000000
0.000000
0.000000
0.000000
0.000000
0.000000
0.000000
0.000000
0.000000
0.000000
0.000000
0.000000
0.000000
0.000000
0.000000
0.000000
0.000000
0.000000
0.000000
0.000000
0.000000
0.000000
0.000000
0.000000
0.000000
0.000000
0.000000
0.000000
0.000000
0.000000
0.000000
0.000000
0.000000
0.000000
0.000000
0.000000
0.000000
0.000000
0.000000
0.000000
0.000000
0.000000
0.000000
0.000000
0.000000
0.000000
0.000000
0.000000
0.000000
0.000000
0.000000
0.000000
0.000000
0.000000
0.000000
0.000000
0.000000
0.000000
0.000000
0.000000
0.000000
0.000000
0.000000
0.000000
0.000000
0.000000
0.000000
0.000000
0.000000
0.000000
0.000000
0.000000
0.000000
0.000000
0.000000
0.000000
0.000000
0.000000
0.000000
0.000000
0.000000
0.000000
0.000000
0.000000
0.000000
0.000000
0.000000
0.000000
0.000000
0.000000
0.000000
0.000000
0.000000
0.000000
0.000000
0.000000
0.000000
0.000000
0.000000
0.000000
0.000000
0.000000
0.000000
0.000000
0.000000
0.000000
0.000000
0.000000
0.000000
0.000000
0.000000
0.000000
0.000000
0.000000
0.000000
0.000000
0.000000
