0.000000
0.000000
0.000000
0.000000
0.000000
0.000000
0.000000
0.000000
0.000000
0.000000
0.000000
0.000000
0.000000
0.000000
0.000000
0.000000
0.000000
0.000000
0.000000
0.000000
0.000000
0.000000
0.000000
0.000000
0.000000
0.000000
0.000000
0.000000
0.000069
0.003379
0.024339
0.035235
0.039919
0.102262
0.177034
0.270778
0.542679
0.963261
1.714660
2.972963
4.966437
8.323653
13.178756
21.049086
32.545886
49.024902
73.837002
109.360128
159.191876
230.745020
325.517774
457.831213
632.602831
868.409346
1173.940807
1570.400273
2074.019941
2715.908628
3518.655811
4510.215039
5732.331451
7213.334299
8980.782781
11105.695230
13596.819309
16526.083862
19908.246395
23787.971367
28202.602847
33189.632293
38752.393512
44938.788865
51709.271038
59125.806295
67132.094928
75725.056429
84859.481087
94483.500472
104600.478807
115074.402300
125840.000557
136835.999383
147967.523130
159084.409194
170177.982874
180984.626059
191547.525387
201682.153221
211275.072865
220231.612343
228448.222060
235868.673647
242378.693967
247914.782381
252459.394886
255956.028025
258344.436608
259598.359230
259822.849993
258996.563605
257008.142274
254107.614227
250165.916862
245359.030453
239706.551765
233248.155233
226121.872593
218414.618914
210165.814056
201522.508251
192491.160996
183263.966589
173811.408076
164266.107368
154747.670925
145224.535752
135883.853849
126664.056194
117710.515097
108996.802428
100619.247107
92550.773846
84879.143567
77570.540172
70669.329045
64179.770678
58092.103974
52425.896340
47168.146903
42290.118740
37813.073811
33699.433825
29930.917552
26523.246285
23418.070936
20625.809375
18091.983359
15841.299840
13817.081595
12022.068488
10425.333820
9017.768911
7768.943078
6681.744855
5723.995787
4894.920605
4173.039306
3542.281421
3006.879987
2536.479385
2138.391946
1793.667712
1502.101232
1253.005663
1045.134132
865.219836
717.771299
592.702571
487.466600
400.753411
328.386475
267.646857
219.033810
177.305566
143.706459
116.147797
93.639201
74.850317
60.176343
47.932836
38.657269
30.168541
24.144833
18.923721
14.966150
11.683512
9.157905
7.101421
5.516896
4.323305
3.287635
2.600952
1.933982
1.537445
1.184373
0.934253
0.701429
0.561059
0.418599
0.320126
0.227311
0.174106
0.121065
0.099957
0.065041
0.053532
0.026057
0.026355
0.011368
0.014296
0.006296
0.006408
0.002484
0.002102
0.000785
0.001141
0.000007
0.000073
0.000000
0.000000
0.000000
0.000000
0.000000
0.000000
0.000000
0.000000
0.000000
0.000000
0.000000
0.000000
0.000000
0.000000
0.000000
0.000000
0.000000
0.000000
0.000000
0.000000
0.000000
0.000000
0.000000
0.000000
0.000000
0.000000
0.000000
0.000000
0.000000
0.000000
0.000000
0.000000
0.000000
0.000000
0.000000
0.000000
0.000000
0.000000
0.000000
0.000000
0.000000
0.000000
0.000000
0.000000
0.000000
0.000000
0.000000
0.000000
0.000000
0.000000
0.000000
0.000000
0.000000
0.000000
0.000000
0.000000
0.000000
0.000000
0.000000
0.000000
0.000000
0.000000
0.000000
0.000000
0.000000
0.000000
0.000000
0.000000
0.000000
0.000000
0.000000
0.000000
0.000000
0.000000
0.000000
0.000000
0.000000
0.000000
0.000000
0.000000
0.000000
0.000000
0.000000
0.000000
0.000000
0.000000
0.000000
0.000000
0.000000
0.000000
0.000000
0.000000
0.000000
0.000000
0.000000
0.000000
0.000000
0.000000
0.000000
0.000000
0.000000
0.000000
0.000000
0.000000
0.000000
0.000000
0.000000
0.000000
0.000000
0.000000
0.000000
0.000000
0.000000
0.000000
0.000000
0.000000
0.000000
0.000000
0.000000
0.000000
0.000000
0.000000
0.000000
0.000000
0.000000
0.000000
0.000000
0.000000
0.000000
0.000000
0.000000
0.000000
0.000000
0.000000
0.000000
0.000000
0.000000
0.000000
0.000000
0.000000
0.000000
0.000000
0.000000
0.000000
0.000000
0.000000
0.000000
0.000000
0.000000
0.000000
0.000000
0.000000
0.000000
0.000000
0.000000
0.000000
0.000000
0.000000
0.000000
0.000000
0.000000
0.000000
0.000000
0.000000
0.000000
0.000000
0.000000
0.000000
0.000000
0.000000
0.000000
0.000000
0.000000
0.000000
0.000000
0.000000
0.000000
0.000000
0.000000
0.000000
0.000000
0.000000
0.000000
0.000000
0.000000
0.000000
0.000000
0.000000
0.000000
0.000000
0.000000
0.000000
0.000000
0.000000
0.000000
0.000000
0.000000
0.000000
0.000000
0.000000
0.000000
0.000000
0.000000
0.000000
0.000000
0.000000
0.000000
0.000000
0.000000
0.000000
0.000000
0.000000
0.000000
0.000000
0.000000
0.000000
0.000000
0.000000
0.000000
0.000000
0.000000
0.000000
0.000000
0.000000
0.000000
0.000000
0.000000
0.000000
0.000000
0.000000
0.000000
0.000000
0.000000
0.000000
0.000000
0.000000
0.000000
0.000000
0.000000
0.000000
0.000000
0.000000
0.000000
0.000000
0.000000
0.000000
0.000000
0.000000
0.000000
0.000000
0.000000
0.000000
0.000000
0.000000
0.000000
0.000000
0.000000
0.000000
0.000000
0.000000
0.000000
0.000000
0.000000
0.000000
0.000000
0.000000
0.000000
0.000000
0.000000
0.000000
0.000000
0.000000
0.000000
0.000000
0.000000
0.000000
0.000000
0.000000
0.000000
0.000000
0.000000
0.000000
0.000000
0.000000
0.000000
0.000000
0.000000
0.000000
0.000000
0.000000
0.000000
0.000000
0.000000
