0.000000
0.000000
0.000000
0.000000
0.000000
0.000000
0.000000
0.000000
0.000000
0.000000
0.000000
0.000000
0.000000
0.000000
0.000000
0.000000
0.000000
0.045125
0.119707
0.239225
0.446208
1.026656
1.729807
2.517486
4.154758
7.868416
13.764971
24.070284
40.703421
66.695121
109.329577
168.231700
252.803151
376.254138
542.580322
768.923249
1070.284344
1472.363231
1974.413191
2634.462699
3446.532928
4454.435686
5644.687202
7071.951867
8769.697258
10755.344073
12992.587362
15556.063767
18403.210665
21640.290500
25116.540323
28963.538674
33015.539596
37367.449434
41954.911919
46794.191288
51797.464605
56961.743313
62198.773115
67544.499872
72894.788523
78186.021138
83416.897705
88586.164470
93634.238802
98548.853561
103226.623616
107706.552554
111922.098012
115920.809257
119608.921817
123029.301029
126148.141509
128951.299205
131543.695315
133876.053135
135829.887760
137576.763477
139002.857371
140166.158730
141148.565839
141879.768348
142410.686320
142655.626184
142801.521646
142712.884311
142514.112157
142192.544698
141607.473558
141013.220173
140326.488226
139475.089368
138505.163488
137481.811195
136392.958177
135239.020277
134101.190704
132801.862663
131546.936932
130229.576683
128856.296624
127497.793808
126017.449855
124523.220250
123005.136129
121452.758625
119905.626009
118280.254684
116635.976968
114930.203727
113255.709826
111492.900572
109705.409662
107814.714108
105941.948978
104005.473835
102033.541193
100048.076050
98005.096628
95907.127526
93708.782683
91569.824301
89337.474301
87082.613241
84790.377964
82452.788805
80112.931424
77766.554383
75356.511838
72957.662091
70507.142459
68097.996754
65655.123270
63180.465696
60732.924188
58323.116148
55912.382193
53530.804829
51143.921346
48816.768191
46500.832976
44223.453931
42015.719538
39817.893859
37686.020050
35610.158706
33582.227202
31621.446799
29718.941232
27865.104816
26096.115505
24378.946989
22744.576255
21183.112604
19682.683251
18248.172621
16897.213477
15610.526723
14388.689286
13237.297013
12154.109486
11135.024851
10186.385812
9285.138910
8453.192502
7678.804979
6954.152025
6289.750296
5677.407071
5109.517369
4577.345501
4105.461860
3670.381724
3274.226313
2914.274169
2583.675588
2290.779272
2019.166491
1782.987855
1566.312133
1375.479728
1201.769595
1056.435055
915.156282
798.310548
689.968468
595.259055
516.356815
441.128923
379.245989
324.678577
276.266952
235.357028
200.031742
169.504002
143.723268
120.477666
101.016231
84.875171
70.930645
59.733815
49.644514
41.810293
34.736880
28.698480
23.526608
19.141141
15.832753
12.632792
10.137944
8.384723
6.867589
5.675564
4.626443
3.679150
2.970221
2.503118
1.945253
1.526913
1.249814
0.980280
0.840282
0.664032
0.643594
0.456704
0.406576
0.349373
0.299827
0.224970
0.166257
0.126450
0.076548
0.075750
0.056739
0.036342
0.024461
0.015459
0.011200
0.011067
0.006341
0.010010
0.002185
0.002326
0.000802
0.000328
0.000000
0.000000
0.000000
0.000000
0.000000
0.000000
0.000000
0.000000
0.000000
0.000000
0.000000
0.000000
0.000000
0.000000
0.000000
0.000000
0.000000
0.000000
0.000000
0.000000
0.000000
0.000000
0.000000
0.000000
0.000000
0.000000
0.000000
0.000000
0.000000
0.000000
0.000000
0.000000
0.000000
0.000000
0.000000
0.000000
0.000000
0.000000
0.000000
0.000000
0.000000
0.000000
0.000000
0.000000
0.000000
0.000000
0.000000
0.000000
0.000000
0.000000
0.000000
0.000000
0.000000
0.000000
0.000000
0.000000
0.000000
0.000000
0.000000
0.000000
0.000000
0.000000
0.000000
0.000000
0.000000
0.000000
0.000000
0.000000
0.000000
0.000000
0.000000
0.000000
0.000000
0.000000
0.000000
0.000000
0.000000
0.000000
0.000000
0.000000
0.000000
0.000000
0.000000
0.000000
0.000000
0.000000
0.000000
0.000000
0.000000
0.000000
0.000000
0.000000
0.000000
0.000000
0.000000
0.000000
0.000000
0.000000
0.000000
0.000000
0.000000
0.000000
0.000000
0.000000
0.000000
0.000000
0.000000
0.000000
0.000000
0.000000
0.000000
0.000000
0.000000
0.000000
0.000000
0.000000
0.000000
0.000000
0.000000
0.000000
0.000000
0.000000
0.000000
0.000000
0.000000
0.000000
0.000000
0.000000
0.000000
0.000000
0.000000
0.000000
0.000000
0.000000
0.000000
0.000000
0.000000
0.000000
0.000000
0.000000
0.000000
0.000000
0.000000
0.000000
0.000000
0.000000
0.000000
0.000000
0.000000
0.000000
0.000000
0.000000
0.000000
0.000000
0.000000
0.000000
0.000000
0.000000
0.000000
0.000000
0.000000
0.000000
0.000000
0.000000
0.000000
0.000000
0.000000
0.000000
0.000000
0.000000
0.000000
0.000000
0.000000
0.000000
0.000000
0.000000
0.000000
0.000000
0.000000
0.000000
0.000000
0.000000
0.000000
0.000000
0.000000
0.000000
0.000000
0.000000
0.000000
0.000000
0.000000
0.000000
0.000000
0.000000
0.000000
0.000000
0.000000
0.000000
0.000000
0.000000
0.000000
0.000000
0.000000
0.000000
0.000000
0.000000
0.000000
0.000000
0.000000
0.000000
0.000000
0.000000
0.000000
0.000000
0.000000
0.000000
0.000000
0.000000
0.000000
0.000000
0.000000
0.000000
0.000000
0.000000
0.000000
0.000000
0.000000
0.000000
0.000000
0.000000
0.000000
0.000000
0.000000
0.000000
0.000000
0.000000
0.000000
0.000000
0.000000
0.000000
0.000000
0.000000
0.000000
0.000000
0.000000
0.000000
0.000000
0.000000
0.000000
0.000000
0.000000
0.000000
0.000000
0.000000
0.000000
0.000000
