0.000000
0.000000
0.000000
0.000000
0.028368
0.311527
0.192275
0.386182
1.048704
1.337717
2.730825
4.588359
7.236836
12.271676
22.881403
34.475859
53.139731
83.475117
126.196273
185.593816
266.060639
377.425376
506.365877
680.496534
901.521811
1178.463764
1524.925877
1951.153639
2435.383349
3041.901173
3701.762963
4477.899997
5398.287322
6416.142965
7570.868563
8821.579413
10193.935683
11748.834145
13448.218362
15257.461847
17208.966984
19350.583187
21635.468501
23981.879118
26481.512471
29086.156956
31771.284575
34555.201674
37534.288911
40543.225942
43532.649813
46695.537376
49867.655965
52988.684647
56148.462039
59436.961439
62645.259979
65913.993329
68962.966024
72073.193728
75201.268121
78224.546339
81118.033489
84001.677023
86784.825055
89471.449499
92080.065589
94561.880894
96955.815187
99162.585406
101360.316372
103374.321096
105285.846552
107099.107838
108690.222874
110129.848264
111549.585038
112702.759685
113786.045818
114841.570277
115851.155248
116607.543265
117325.808026
117863.459236
118295.202153
118534.159530
118677.399201
118733.061502
118593.675226
118454.778593
118175.975799
117929.027546
117366.693767
116896.479230
116221.183914
115603.032532
114761.825441
113876.866697
112972.093089
112009.793422
110999.122610
109987.368181
108767.787552
107519.607659
106307.508885
104967.077059
103640.787326
102264.488524
100783.496987
99333.798046
97800.920076
96301.712733
94747.093146
93208.580552
91668.763955
90108.423152
88491.049977
86953.889777
85378.210916
83712.759512
82030.459248
80492.380716
78843.242111
77215.224158
75622.906142
74014.252320
72370.388151
70756.715570
69159.146841
67520.066187
65950.942154
64337.894841
62762.664103
61178.475928
59565.112476
58085.228835
56612.307807
55129.679785
53650.604802
52238.372751
50781.406981
49341.420645
47926.726325
46577.273925
45240.913626
43945.473093
42661.839121
41391.993809
40129.636689
38894.121131
37675.418312
36504.223727
35328.589124
34197.861751
33091.540783
32022.250820
30943.908871
29915.179341
28935.884801
27964.058059
27021.013949
26105.100067
25204.906773
24321.199123
23449.301818
22582.115175
21776.880070
20984.702248
20220.619900
19459.425452
18763.096625
18066.228906
17387.768474
16741.953843
16113.792571
15507.426086
14902.572636
14320.414050
13737.741942
13194.188140
12683.711080
12174.012027
11702.004154
11227.555528
10760.540276
10313.290117
9859.211338
9435.354419
9042.193259
8647.406187
8279.111015
7904.770012
7581.845150
7240.598634
6925.824810
6625.102343
6338.825652
6069.044826
5806.904438
5546.225022
5295.346995
5040.534310
4807.640415
4578.001578
4357.453322
4152.218083
3952.363866
3767.486553
3575.047596
3391.961444
3226.814645
3057.342501
2899.906099
2746.897678
2604.586408
2465.027086
2336.538312
2204.819075
2091.965181
1981.149508
1876.601443
1778.290707
1682.155333
1595.578108
1505.357893
1418.866153
1332.431178
1255.942264
1182.105135
1114.662228
1053.354625
994.763604
930.346164
874.972142
822.558612
771.270043
723.914095
677.264913
639.447020
599.338442
565.318786
532.268290
499.271031
466.502665
438.607550
411.258777
388.011424
364.253535
342.360483
317.627526
299.860012
281.219775
264.804485
247.577245
230.150263
212.494952
199.679417
185.957924
173.089159
161.837532
152.399867
142.622582
133.170534
124.812701
116.235845
107.111086
98.465440
92.374020
84.870027
79.811939
73.538787
68.394640
62.998977
58.316459
54.729657
50.137723
46.882607
42.947796
39.813510
36.152883
34.297568
30.943154
28.671185
26.209041
24.599016
23.225605
21.331877
19.599144
18.732350
17.949181
16.319989
15.041348
13.760343
12.432174
11.202973
10.155984
9.265086
8.832067
8.126814
7.543614
7.127576
6.737937
5.873744
5.383627
4.922386
4.413969
4.089354
3.833535
3.469134
3.143825
3.019478
2.523281
2.261298
1.972855
1.747934
1.597420
1.617246
1.620308
1.475478
1.409278
1.286183
1.193639
1.054769
0.927436
0.827402
0.773766
0.618725
0.542897
0.440399
0.568260
0.452687
0.508475
0.448423
0.411810
0.428409
0.312505
0.252292
0.198808
0.118709
0.076487
0.040691
0.013916
0.020012
0.021014
0.013279
0.001256
0.000000
0.000000
0.000000
0.000000
0.000000
0.000000
0.000000
0.000000
0.000000
0.000000
0.000000
0.000000
0.000000
0.000000
0.000000
0.000000
0.000000
0.000000
0.000000
0.000000
0.000000
0.000000
0.000000
0.000000
0.000000
0.000000
0.000000
0.000000
0.000000
0.000000
0.000000
0.000000
0.000000
0.000000
0.000000
0.000000
0.000000
0.000000
0.000000
0.000000
0.000000
0.000000
0.000000
0.000000
0.000000
0.000000
0.000000
0.000000
0.000000
0.000000
0.000000
0.000000
0.000000
0.000000
0.000000
0.000000
0.000000
0.000000
0.000000
0.000000
0.000000
0.000000
0.000000
0.000000
0.000000
0.000000
0.000000
0.000000
0.000000
0.000000
0.000000
0.000000
0.000000
0.000000
0.000000
0.000000
0.000000
0.000000
0.000000
0.000000
0.000000
0.000000
0.000000
0.000000
0.000000
0.000000
0.000000
0.000000
0.000000
0.000000
0.000000
0.000000
0.000000
0.000000
0.000000
0.000000
0.000000
0.000000
0.000000
0.000000
0.000000
0.000000
0.000000
0.000000
0.000000
0.000000
0.000000
0.000000
0.000000
0.000000
0.000000
0.000000
0.000000
0.000000
0.000000
0.000000
0.000000
0.000000
0.000000
0.000000
0.000000
0.000000
0.000000
0.000000
0.000000
0.000000
0.000000
0.000000
0.000000
0.000000
0.000000
0.000000
0.000000
0.000000
0.000000
0.000000
0.000000
0.000000
0.000000
0.000000
0.000000
0.000000
0.000000
0.000000
0.000000
0.000000
0.000000
0.000000
0.000000
0.000000
0.000000
0.000000
0.000000
0.000000
0.000000
0.000000
0.000000
0.000000
0.000000
0.000000
0.000000
0.000000
0.000000
0.000000
0.000000
0.000000
0.000000
0.000000
0.000000
0.000000
0.000000
0.000000
0.000000
0.000000
0.000000
0.000000
0.000000
0.000000
0.000000
0.000000
0.000000
0.000000
0.000000
0.000000
0.000000
0.000000
0.000000
0.000000
0.000000
0.000000
0.000000
0.000000
0.000000
0.000000
0.000000
0.000000
0.000000
0.000000
0.000000
0.000000
0.000000
0.000000
0.000000
0.000000
0.000000
0.000000
0.000000
0.000000
0.000000
0.000000
0.000000
0.000000
0.000000
0.000000
0.000000
0.000000
0.000000
0.000000
0.000000
0.000000
0.000000
0.000000
0.000000
0.000000
0.000000
0.000000
0.000000
0.000000
0.000000
0.000000
0.000000
0.000000
0.000000
0.000000
0.000000
0.000000
0.000000
0.000000
0.000000
0.000000
0.000000
0.000000
0.000000
0.000000
0.000000
0.000000
0.000000
0.000000
0.000000
0.000000
0.000000
0.000000
0.000000
0.000000
0.000000
0.000000
0.000000
0.000000
0.000000
0.000000
0.000000
0.000000
0.000000
0.000000
0.000000
0.000000
0.000000
0.000000
0.000000
0.000000
0.000000
0.000000
0.000000
0.000000
0.000000
0.000000
0.000000
0.000000
0.000000
0.000000
0.000000
0.000000
0.000000
0.000000
0.000000
0.000000
0.000000
0.000000
0.000000
0.000000
0.000000
0.000000
0.000000
0.000000
0.000000
0.000000
0.000000
0.000000
0.000000
0.000000
0.000000
0.000000
0.000000
0.000000
0.000000
0.000000
0.000000
0.000000
0.000000
0.000000
0.000000
0.000000
0.000000
0.000000
0.000000
0.000000
0.000000
0.000000
0.000000
0.000000
0.000000
0.000000
0.000000
0.000000
0.000000
0.000000
0.000000
0.000000
0.000000
0.000000
0.000000
0.000000
0.000000
0.000000
0.000000
0.000000
0.000000
0.000000
0.000000
0.000000
0.000000
0.000000
0.000000
0.000000
0.000000
0.000000
0.000000
0.000000
0.000000
0.000000
0.000000
0.000000
0.000000
0.000000
0.000000
0.000000
0.000000
0.000000
0.000000
0.000000
0.000000
0.000000
0.000000
0.000000
0.000000
0.000000
0.000000
0.000000
0.000000
0.000000
0.000000
0.000000
0.000000
0.000000
0.000000
0.000000
0.000000
0.000000
0.000000
0.000000
0.000000
0.000000
0.000000
0.000000
0.000000
0.000000
0.000000
0.000000
0.000000
0.000000
0.000000
0.000000
0.000000
0.000000
0.000000
0.000000
0.000000
0.000000
0.000000
0.000000
0.000000
0.000000
0.000000
0.000000
0.000000
0.000000
0.000000
0.000000
0.000000
0.000000
0.000000
0.000000
0.000000
0.000000
0.000000
0.000000
0.000000
0.000000
0.000000
0.000000
0.000000
0.000000
0.000000
0.000000
0.000000
0.000000
0.000000
0.000000
0.000000
0.000000
0.000000
0.000000
0.000000
0.000000
0.000000
0.000000
0.000000
0.000000
0.000000
0.000000
0.000000
0.000000
0.000000
0.000000
0.000000
0.000000
0.000000
0.000000
0.000000
0.000000
0.000000
0.000000
0.000000
0.000000
0.000000
0.000000
0.000000
0.000000
0.000000
0.000000
0.000000
0.000000
0.000000
0.000000
0.000000
0.000000
0.000000
0.000000
0.000000
0.000000
0.000000
0.000000
0.000000
0.000000
0.000000
0.000000
0.000000
0.000000
0.000000
0.000000
0.000000
0.000000
0.000000
0.000000
0.000000
0.000000
0.000000
0.000000
0.000000
0.000000
0.000000
0.000000
0.000000
0.000000
0.000000
0.000000
0.000000
0.000000
0.000000
0.000000
0.000000
0.000000
0.000000
0.000000
0.000000
0.000000
0.000000
0.000000
0.000000
0.000000
0.000000
0.000000
0.000000
0.000000
0.000000
0.000000
0.000000
0.000000
0.000000
0.000000
0.000000
0.000000
0.000000
0.000000
0.000000
0.000000
0.000000
0.000000
0.000000
0.000000
0.000000
0.000000
0.000000
0.000000
0.000000
0.000000
0.000000
0.000000
0.000000
0.000000
0.000000
0.000000
0.000000
0.000000
0.000000
0.000000
0.000000
0.000000
0.000000
0.000000
0.000000
0.000000
0.000000
0.000000
0.000000
0.000000
0.000000
0.000000
0.000000
0.000000
0.000000
0.000000
0.000000
0.000000
0.000000
0.000000
0.000000
0.000000
0.000000
0.000000
0.000000
0.000000
0.000000
0.000000
0.000000
0.000000
0.000000
0.000000
0.000000
0.000000
0.000000
0.000000
0.000000
0.000000
0.000000
0.000000
0.000000
0.000000
0.000000
0.000000
0.000000
0.000000
0.000000
0.000000
0.000000
0.000000
0.000000
0.000000
0.000000
0.000000
0.000000
0.000000
0.000000
0.000000
0.000000
0.000000
0.000000
0.000000
0.000000
0.000000
0.000000
0.000000
0.000000
0.000000
0.000000
0.000000
0.000000
0.000000
0.000000
0.000000
0.000000
0.000000
0.000000
0.000000
0.000000
0.000000
0.000000
0.000000
0.000000
0.000000
0.000000
0.000000
0.000000
0.000000
0.000000
0.000000
0.000000
0.000000
0.000000
0.000000
0.000000
0.000000
0.000000
0.000000
0.000000
0.000000
0.000000
0.000000
0.000000
0.000000
0.000000
0.000000
0.000000
0.000000
0.000000
