0.000000
0.000000
0.000000
0.000000
0.000000
0.000000
0.000000
0.000000
0.000000
0.000000
0.000000
0.000000
0.000000
0.080828
0.052943
0.201676
0.415079
0.556470
0.848014
2.288608
4.608979
8.790253
15.464248
27.994951
49.459646
79.196387
130.567849
206.009280
324.547389
497.617846
732.089555
1049.148041
1483.307786
2046.430387
2783.459653
3709.020585
4883.085143
6285.644450
7929.626345
9872.161727
12154.922576
14771.440315
17687.118123
20954.097298
24495.898143
28285.179799
32435.751974
36715.567901
41273.688329
45931.252696
50830.708458
55754.637298
60699.183707
65596.556121
70428.124057
75188.590201
79786.075763
84181.651050
88422.216738
92296.613740
95987.753950
99448.692823
102564.746876
105439.860632
108040.315928
110273.991121
112192.780717
113875.783714
115180.098027
116390.253353
117264.030043
117965.310428
118504.321611
118830.724338
118798.685029
118757.983465
118479.561726
118130.989000
117636.931789
117073.833383
116394.353706
115611.959200
114751.579586
113935.615521
113059.042555
112143.260952
111298.710749
110328.524744
109382.029967
108333.979547
107398.288431
106449.051382
105453.195768
104450.489545
103563.847665
102686.657793
101823.256109
100968.173937
100148.851996
99270.903563
98483.899810
97623.781829
96800.705417
96003.462059
95208.335151
94379.878556
93677.297908
92982.952929
92184.102618
91394.082591
90642.545547
89858.371382
89108.724079
88326.860295
87546.488371
86756.902846
85978.969223
85142.044277
84371.514317
83571.209935
82717.872273
81863.852423
80930.484650
80043.627597
79079.127346
78103.525346
77067.713741
76045.634596
75008.511769
73918.371311
72766.409133
71537.309825
70329.299525
69078.765534
67780.230952
66422.293241
65075.001792
63677.354727
62277.152140
60777.563659
59248.612182
57712.878026
56161.819524
54574.313050
52942.377721
51305.781842
49660.739350
47992.889605
46343.340585
44739.288954
43065.062356
41413.805970
39767.404347
38145.024240
36509.508627
34888.243541
33285.194597
31721.816158
30181.739456
28691.536729
27218.928502
25785.965531
24372.633798
23000.046514
21704.627991
20440.301456
19219.501795
18023.980762
16893.118124
15793.727710
14732.369617
13722.764265
12771.388222
11865.301308
10985.844917
10170.085181
9394.325352
8661.873138
7970.063346
7316.490655
6721.119766
6155.690584
5626.135975
5136.343270
4669.299671
4244.261783
3849.370515
3493.453038
3164.727871
2858.640702
2578.881765
2321.354999
2083.421490
1868.986223
1673.341656
1492.841829
1330.911156
1180.029137
1044.879722
922.851144
814.684929
719.045552
631.882764
556.848033
487.281725
428.370885
374.232771
324.504109
283.357586
245.657461
210.921985
183.125161
158.807062
137.898084
118.106758
101.321357
88.478025
75.306235
64.346716
54.776549
46.810870
40.436616
33.966871
28.587137
23.410676
20.203469
16.609999
13.821655
11.408977
9.637581
7.971058
6.342154
5.251663
4.216434
3.505707
2.839706
2.420511
1.961836
1.545093
1.165962
0.942425
0.835422
0.547269
0.460095
0.372447
0.309794
0.212390
0.181679
0.157244
0.158512
0.131522
0.142572
0.128664
0.087486
0.081645
0.076875
0.046278
0.051113
0.043127
0.023594
0.018910
0.025350
0.019616
0.012471
0.010642
0.004229
0.002187
0.000000
0.000000
0.000000
0.000000
0.000000
0.000000
0.000000
0.000000
0.000000
0.000000
0.000000
0.000000
0.000000
0.000000
0.000000
0.000000
0.000000
0.000000
0.000000
0.000000
0.000000
0.000000
0.000000
0.000000
0.000000
0.000000
0.000000
0.000000
0.000000
0.000000
0.000000
0.000000
0.000000
0.000000
0.000000
0.000000
0.000000
0.000000
0.000000
0.000000
0.000000
0.000000
0.000000
0.000000
0.000000
0.000000
0.000000
0.000000
0.000000
0.000000
0.000000
0.000000
0.000000
0.000000
0.000000
0.000000
0.000000
0.000000
0.000000
0.000000
0.000000
0.000000
0.000000
0.000000
0.000000
0.000000
0.000000
0.000000
0.000000
0.000000
0.000000
0.000000
0.000000
0.000000
0.000000
0.000000
0.000000
0.000000
0.000000
0.000000
0.000000
0.000000
0.000000
0.000000
0.000000
0.000000
0.000000
0.000000
0.000000
0.000000
0.000000
0.000000
0.000000
0.000000
0.000000
0.000000
0.000000
0.000000
0.000000
0.000000
0.000000
0.000000
0.000000
0.000000
0.000000
0.000000
0.000000
0.000000
0.000000
0.000000
0.000000
0.000000
0.000000
0.000000
0.000000
0.000000
0.000000
0.000000
0.000000
0.000000
0.000000
0.000000
0.000000
0.000000
0.000000
0.000000
0.000000
0.000000
0.000000
0.000000
0.000000
0.000000
0.000000
0.000000
0.000000
0.000000
0.000000
0.000000
0.000000
0.000000
0.000000
0.000000
0.000000
0.000000
0.000000
0.000000
0.000000
0.000000
0.000000
0.000000
0.000000
0.000000
0.000000
0.000000
0.000000
0.000000
0.000000
0.000000
0.000000
0.000000
0.000000
0.000000
0.000000
0.000000
0.000000
0.000000
0.000000
0.000000
0.000000
0.000000
0.000000
0.000000
0.000000
0.000000
0.000000
0.000000
0.000000
0.000000
0.000000
0.000000
0.000000
0.000000
0.000000
0.000000
0.000000
0.000000
0.000000
0.000000
0.000000
0.000000
0.000000
0.000000
0.000000
0.000000
0.000000
0.000000
0.000000
0.000000
0.000000
0.000000
0.000000
0.000000
0.000000
0.000000
0.000000
0.000000
0.000000
0.000000
0.000000
0.000000
0.000000
0.000000
0.000000
0.000000
0.000000
0.000000
0.000000
0.000000
0.000000
0.000000
0.000000
0.000000
0.000000
0.000000
0.000000
0.000000
0.000000
0.000000
0.000000
0.000000
0.000000
0.000000
0.000000
0.000000
