0.000000
0.000000
0.000000
0.000000
0.000000
0.000000
0.000000
0.000000
0.000000
0.187506
1.615755
3.487883
4.009099
6.735229
13.079530
27.556769
44.782993
68.827927
105.914802
173.463624
231.884462
366.980081
504.584831
687.229681
966.652143
1342.352118
1810.797559
2312.212778
2973.486983
3709.771449
4494.602473
5484.964101
6578.333691
7841.884373
9311.820984
10814.201828
12510.578615
14397.647306
16323.827359
18520.074573
20844.585802
23213.147270
25854.295857
28560.862871
31495.704357
34281.653322
37372.705617
40283.560077
43243.120668
46250.842014
49374.772561
52311.342629
55248.252456
57897.102674
60890.733845
64026.179722
66940.832722
69848.513496
72503.994535
75103.347954
77621.557839
80294.009271
82731.586450
84928.571954
87037.279111
88760.513847
90446.381476
92437.734073
94277.794009
95742.155794
97229.320521
98520.608819
99774.690876
101110.027709
102464.254849
103066.424654
103786.884525
104314.348295
104984.573484
105641.576825
106046.585591
106235.555758
106443.060292
106638.698608
106762.545401
106762.013364
106380.532557
106198.679211
106007.174991
105780.704646
105494.961200
105065.670997
104587.811406
104166.908289
103286.075812
102894.901131
102255.321445
101598.247059
100600.634286
99774.895383
98812.873916
97843.010233
96874.505878
95900.735635
94709.703050
93538.134813
92671.700922
91577.399869
90796.198923
89740.050270
88655.734683
87524.360042
86236.721971
85079.811810
83927.262396
82555.589896
81393.985521
80180.538983
78923.505727
77529.616721
76328.989096
74999.459338
73825.201518
72383.644703
71082.848716
69625.051705
68294.530223
67190.520710
65984.806640
64774.557342
63616.966712
62351.095516
61054.787358
59890.365181
58718.977822
57449.082085
56303.611306
55113.579258
54061.505744
52831.079789
51639.474768
50521.672392
49384.238336
48222.783947
47161.315950
46070.841135
45040.029983
43977.694158
42974.569104
42028.013496
41030.943495
40103.958929
39137.357726
38211.724476
37211.740666
36432.095165
35612.692996
34654.384873
33820.508202
32957.457747
32131.693395
31311.748134
30516.976324
29691.921560
29016.550468
28256.564568
27537.431289
26789.419617
26058.834497
25281.112696
24558.862709
23928.457448
23244.313021
22696.284921
22102.899725
21496.094199
20920.800597
20353.620038
19800.330165
19294.094387
18682.210649
18090.006911
17565.502217
17092.934214
16507.867134
16003.434297
15516.259569
15009.644867
14546.021732
14033.327962
13584.168052
13222.751095
12744.238399
12339.666284
11921.054490
11539.979779
11155.073550
10776.166591
10476.790671
10136.514243
9836.520903
9521.941192
9230.917415
8868.104440
8587.215332
8300.717796
8014.718179
7760.215315
7493.704344
7226.499994
6974.044174
6731.640231
6456.561274
6202.367238
5978.359934
5739.606673
5535.765029
5333.286690
5097.673773
4919.781752
4715.948496
4552.719144
4366.203119
4217.769122
4046.899552
3860.025363
3711.591837
3557.962511
3409.410847
3288.575985
3181.758617
3066.961420
2950.603950
2819.216533
2700.093073
2552.454181
2465.779913
2354.235491
2243.621555
2150.098766
2040.998194
1955.038825
1842.745968
1774.313650
1687.121946
1612.571853
1554.463904
1505.724453
1433.657646
1366.418680
1285.751107
1223.047540
1150.266964
1100.895989
1056.525955
1002.048541
936.152950
888.055656
852.057429
809.147826
768.311371
721.760997
693.935104
660.280766
619.710367
589.698337
566.414648
530.354366
517.824251
492.420619
462.116319
431.608453
420.702887
405.853871
378.939717
365.980646
344.634031
323.023064
299.452470
283.124727
266.379445
248.511680
240.375177
221.609489
203.356502
193.171969
184.509812
180.074035
175.822433
168.731842
161.945543
152.786271
143.585232
140.011251
132.742983
124.644921
117.899129
111.715442
103.903357
95.476593
95.879430
91.659129
93.046321
89.136750
85.255559
80.608954
76.710311
74.097605
74.620442
66.468799
61.231689
54.662961
54.892960
51.925349
49.481344
47.022079
45.652593
41.075014
38.406631
35.542058
32.633525
30.182282
26.729143
26.087717
24.659192
24.030045
25.017233
21.985798
20.527142
20.688472
18.059835
16.864141
15.518239
15.012124
15.282075
15.716958
13.977909
14.482265
13.621127
13.268896
13.298143
12.660488
11.691212
10.423373
9.189552
7.818381
7.193266
7.318901
6.708570
5.076649
3.867513
2.874987
2.845761
2.943189
2.716603
3.201409
2.959166
2.886768
2.754509
2.514525
2.085655
2.321299
1.942665
1.890543
1.446827
1.372739
1.391307
1.007154
0.778548
0.890799
0.831717
0.435179
0.294145
0.239890
0.147396
0.193834
0.226345
0.178500
0.065693
0.027832
0.000000
0.000000
0.000000
0.000000
0.000000
0.000000
0.000000
0.000000
0.000000
0.000000
0.000000
0.000000
0.000000
0.000000
0.000000
0.000000
0.000000
0.000000
0.000000
0.000000
0.000000
0.000000
0.000000
0.000000
0.000000
0.000000
0.000000
0.000000
0.000000
0.000000
0.000000
0.000000
0.000000
0.000000
0.000000
0.000000
0.000000
0.000000
0.000000
0.000000
0.000000
0.000000
0.000000
0.000000
0.000000
0.000000
0.000000
0.000000
0.000000
0.000000
0.000000
0.000000
0.000000
0.000000
0.000000
0.000000
0.000000
0.000000
0.000000
0.000000
0.000000
0.000000
0.000000
0.000000
0.000000
0.000000
0.000000
0.000000
0.000000
0.000000
0.000000
0.000000
0.000000
0.000000
0.000000
0.000000
0.000000
0.000000
0.000000
0.000000
0.000000
0.000000
0.000000
0.000000
0.000000
0.000000
0.000000
0.000000
0.000000
0.000000
0.000000
0.000000
0.000000
0.000000
0.000000
0.000000
0.000000
0.000000
0.000000
0.000000
0.000000
0.000000
0.000000
0.000000
0.000000
0.000000
0.000000
0.000000
0.000000
0.000000
0.000000
0.000000
0.000000
0.000000
0.000000
0.000000
0.000000
0.000000
0.000000
0.000000
0.000000
0.000000
0.000000
0.000000
0.000000
0.000000
0.000000
0.000000
0.000000
0.000000
0.000000
0.000000
0.000000
0.000000
0.000000
0.000000
0.000000
0.000000
0.000000
0.000000
0.000000
0.000000
0.000000
0.000000
0.000000
0.000000
0.000000
0.000000
0.000000
0.000000
0.000000
0.000000
0.000000
0.000000
0.000000
0.000000
0.000000
0.000000
0.000000
0.000000
0.000000
0.000000
0.000000
0.000000
0.000000
0.000000
0.000000
0.000000
0.000000
0.000000
0.000000
0.000000
0.000000
0.000000
0.000000
0.000000
0.000000
0.000000
0.000000
0.000000
0.000000
0.000000
0.000000
0.000000
0.000000
0.000000
0.000000
0.000000
0.000000
0.000000
0.000000
0.000000
0.000000
0.000000
0.000000
0.000000
0.000000
0.000000
0.000000
0.000000
0.000000
0.000000
0.000000
0.000000
0.000000
0.000000
0.000000
0.000000
0.000000
0.000000
0.000000
0.000000
0.000000
0.000000
0.000000
0.000000
0.000000
0.000000
0.000000
0.000000
0.000000
0.000000
0.000000
0.000000
0.000000
0.000000
0.000000
0.000000
0.000000
0.000000
0.000000
0.000000
0.000000
0.000000
0.000000
0.000000
0.000000
0.000000
0.000000
0.000000
0.000000
0.000000
0.000000
0.000000
0.000000
0.000000
0.000000
0.000000
0.000000
0.000000
0.000000
0.000000
0.000000
0.000000
0.000000
0.000000
0.000000
0.000000
0.000000
0.000000
0.000000
0.000000
0.000000
0.000000
0.000000
0.000000
0.000000
0.000000
0.000000
0.000000
0.000000
0.000000
0.000000
0.000000
0.000000
0.000000
0.000000
0.000000
0.000000
0.000000
0.000000
0.000000
0.000000
0.000000
0.000000
0.000000
0.000000
0.000000
0.000000
0.000000
0.000000
0.000000
0.000000
0.000000
0.000000
0.000000
0.000000
0.000000
0.000000
0.000000
0.000000
0.000000
0.000000
0.000000
0.000000
0.000000
0.000000
0.000000
0.000000
0.000000
0.000000
0.000000
0.000000
0.000000
0.000000
0.000000
0.000000
0.000000
0.000000
0.000000
0.000000
0.000000
0.000000
0.000000
0.000000
0.000000
0.000000
0.000000
0.000000
0.000000
0.000000
0.000000
0.000000
0.000000
0.000000
0.000000
0.000000
0.000000
0.000000
0.000000
0.000000
0.000000
0.000000
0.000000
0.000000
0.000000
0.000000
0.000000
0.000000
0.000000
0.000000
0.000000
0.000000
0.000000
0.000000
0.000000
0.000000
0.000000
0.000000
0.000000
0.000000
0.000000
0.000000
0.000000
0.000000
0.000000
0.000000
0.000000
0.000000
0.000000
0.000000
0.000000
0.000000
0.000000
0.000000
0.000000
0.000000
0.000000
0.000000
0.000000
0.000000
0.000000
0.000000
0.000000
0.000000
0.000000
0.000000
0.000000
0.000000
0.000000
0.000000
0.000000
0.000000
0.000000
0.000000
0.000000
0.000000
0.000000
0.000000
0.000000
0.000000
0.000000
0.000000
0.000000
0.000000
0.000000
0.000000
0.000000
0.000000
0.000000
0.000000
0.000000
0.000000
0.000000
0.000000
0.000000
0.000000
0.000000
0.000000
0.000000
0.000000
0.000000
0.000000
0.000000
0.000000
0.000000
0.000000
0.000000
0.000000
0.000000
0.000000
0.000000
0.000000
0.000000
0.000000
0.000000
0.000000
0.000000
0.000000
0.000000
0.000000
0.000000
0.000000
0.000000
0.000000
0.000000
0.000000
0.000000
0.000000
0.000000
0.000000
0.000000
0.000000
0.000000
0.000000
0.000000
0.000000
0.000000
0.000000
0.000000
0.000000
0.000000
0.000000
0.000000
0.000000
0.000000
0.000000
0.000000
0.000000
0.000000
0.000000
0.000000
0.000000
0.000000
0.000000
0.000000
0.000000
0.000000
0.000000
0.000000
0.000000
0.000000
0.000000
0.000000
0.000000
0.000000
0.000000
0.000000
0.000000
0.000000
0.000000
0.000000
0.000000
0.000000
0.000000
0.000000
0.000000
0.000000
0.000000
0.000000
0.000000
0.000000
0.000000
0.000000
0.000000
0.000000
0.000000
0.000000
0.000000
0.000000
0.000000
0.000000
0.000000
0.000000
0.000000
0.000000
0.000000
0.000000
0.000000
0.000000
0.000000
0.000000
0.000000
0.000000
0.000000
0.000000
0.000000
0.000000
0.000000
0.000000
0.000000
0.000000
0.000000
0.000000
0.000000
0.000000
0.000000
0.000000
0.000000
0.000000
0.000000
0.000000
0.000000
0.000000
0.000000
0.000000
0.000000
0.000000
0.000000
0.000000
0.000000
0.000000
0.000000
0.000000
0.000000
0.000000
0.000000
0.000000
0.000000
0.000000
0.000000
0.000000
0.000000
0.000000
0.000000
0.000000
0.000000
0.000000
0.000000
0.000000
0.000000
0.000000
0.000000
0.000000
0.000000
0.000000
0.000000
0.000000
0.000000
0.000000
0.000000
0.000000
0.000000
0.000000
0.000000
0.000000
0.000000
0.000000
0.000000
0.000000
0.000000
0.000000
0.000000
0.000000
0.000000
0.000000
0.000000
0.000000
0.000000
0.000000
0.000000
0.000000
0.000000
0.000000
0.000000
0.000000
0.000000
0.000000
0.000000
0.000000
0.000000
0.000000
0.000000
0.000000
0.000000
0.000000
0.000000
0.000000
0.000000
0.000000
0.000000
