30.060626
335.704295
1163.807424
2976.170332
6504.348645
12112.802337
20612.796744
31680.044906
45314.802759
61769.708089
79762.834418
98726.331099
117626.488003
135890.405255
152477.189212
167672.650205
180696.747205
191453.129060
200286.094214
205656.785995
209820.387287
211106.436334
211452.749018
209577.285707
205417.439999
201659.838362
196029.181524
190319.650630
183575.578606
175756.703461
168243.886709
160889.070791
152869.082284
145247.079442
137839.730386
130963.833094
123784.512025
116772.425406
110091.001064
104288.122827
98359.908626
93505.800556
88685.939099
84091.544222
79460.033299
75546.394174
71552.637797
67630.590005
64461.217150
61425.358183
58250.694049
55456.284920
52823.970068
50513.512325
48234.617287
46006.657660
44072.059342
42301.242826
40497.012184
39024.509364
37351.405667
35966.070922
34858.473596
33652.648424
32396.626268
31184.268346
30169.822902
29236.648380
28298.397284
27386.342340
26492.005860
25664.494512
24945.846625
24229.190787
23571.021826
23029.360931
22434.216289
21851.100247
21316.704502
20947.853390
20435.181985
19961.236844
19541.764295
19163.587254
18766.321818
18421.649852
18082.940627
17755.188452
17436.560502
17223.226272
16928.711323
16602.058188
16369.145130
16084.291954
15760.489373
15500.640418
15375.799554
15167.439193
14976.206230
14912.484304
14705.049571
14595.818513
14393.273357
14308.555678
14118.390601
13978.434897
13826.995634
13726.506082
13626.108841
13575.775541
13509.557385
13503.237224
13434.979142
13309.920807
13253.412706
13166.614175
13104.940872
13054.954972
13017.368216
13010.723420
13025.289204
13043.179769
13027.503099
13075.144551
13117.312784
13180.313444
13179.490152
13263.284181
13336.741101
13331.004128
13302.127270
13280.507319
13239.932314
13260.953383
13272.599289
13312.320777
13378.638886
13392.265694
13399.016788
13473.207052
13487.024458
13494.272722
13576.516573
13558.581811
13623.344033
13717.241179
13773.439976
13759.975799
13813.306321
13929.717604
13981.501561
13967.819919
14025.423642
14110.610231
14112.334909
14167.526615
14252.907433
14237.529391
14279.705488
14308.165496
14267.069340
14284.427066
14297.005953
14352.427828
14365.825390
14366.599450
14407.784993
14465.432374
14492.966639
14522.920086
14510.026838
14514.962752
14580.243381
14594.996244
14612.960204
14598.105467
14635.989279
14677.641126
14651.839033
14722.964997
14738.734276
14780.278225
14771.236268
14792.577884
14881.338476
14940.487806
14985.324892
15005.548979
15047.751793
15056.223142
15048.725306
15044.096821
15030.138662
15034.497452
15045.403017
15074.509726
15070.742215
15055.240744
15066.936268
15073.139370
15127.607858
15102.717751
15149.052911
15172.606040
15109.860428
15115.184141
15097.193350
15084.502066
15024.393173
15010.127983
15022.131967
14926.566046
14835.884846
14849.884135
14815.362829
14765.284273
14805.173208
14709.578151
14668.135392
14580.818823
14533.892950
14549.390724
14503.206293
14423.891134
14442.755097
14391.232644
14281.748703
14168.130269
14076.236534
14049.210538
14032.097789
13848.390962
13812.735014
13775.529307
13685.466824
13633.377517
13520.419876
13440.575971
13317.628816
13242.304560
13207.245960
13170.051012
13056.864749
12917.246727
12841.530210
12720.794562
12583.935384
12468.691086
12314.700462
12184.544689
12045.321737
11964.060812
11860.791375
11703.142147
11567.597160
11415.918862
11298.149097
11225.576135
11125.913852
11008.397610
10898.910641
10769.249468
10639.265022
10512.837524
10375.316841
10284.707040
10224.096226
10104.654716
9992.919723
9867.279417
9761.235340
9688.906518
9542.678854
9462.275921
9321.187140
9210.359520
9049.104473
8914.027432
8771.197954
8624.942933
8485.677529
8389.099909
8238.029077
8103.498398
7926.369380
7814.191143
7696.952006
7561.248868
7407.751255
7259.013644
7124.526428
6960.107182
6851.710464
6735.381143
6623.434326
6486.360558
6376.878019
6238.480962
6086.268705
5970.162022
5823.544373
5690.795113
5559.119626
5435.735767
5332.128328
5213.401205
5137.058499
5044.029641
4943.830447
4838.395698
4743.350593
4601.356381
4480.923627
4370.633574
4290.928934
4181.601816
4082.282189
3997.272704
3894.462809
3792.820078
3717.008470
3653.798106
3580.163414
3454.808194
3360.182216
3298.875182
3197.756038
3104.971447
3019.996662
2921.096971
2853.056727
2789.232288
2691.478127
2611.151195
2533.394004
2459.283240
2396.919007
2315.994500
2230.597781
2168.657164
2100.915910
2033.897673
1965.631834
1915.572623
1842.169193
1782.749127
1734.605011
1698.184466
1652.390746
1600.330918
1538.665318
1497.937817
1447.988624
1401.300198
1358.659115
1311.978748
1279.980142
1242.825601
1186.345276
1148.635792
1105.881942
1068.763916
1036.316933
992.811922
965.526865
933.047295
886.016656
849.827087
817.348784
788.101730
753.396484
724.963303
692.848393
665.176119
635.582326
603.036499
583.991004
563.621818
534.490889
513.978467
495.045058
484.027041
460.047044
440.132020
421.586099
398.546121
382.162472
370.322985
352.693363
340.041906
326.745657
311.771347
302.293566
290.755207
274.226750
269.832408
257.689184
250.186270
237.561336
229.070007
215.568995
209.342036
203.479305
194.179262
186.962270
179.982873
173.726515
166.786319
157.933189
155.029445
146.545406
136.210827
132.172990
125.093639
118.622886
116.515958
107.007140
100.474507
96.457234
88.282009
84.830550
81.383896
77.346063
73.068352
69.019209
63.590949
59.924059
57.474197
54.223202
50.513414
46.137948
44.368866
42.242198
40.478912
39.615131
37.604929
33.629731
33.888391
31.856063
30.344301
26.850159
27.107224
26.420302
26.751924
25.639380
22.991456
21.145050
19.725016
19.703833
18.643570
17.003165
17.332978
15.768605
14.824901
14.311424
13.603403
12.026388
9.699673
8.123220
8.108214
7.911387
7.405568
8.039455
6.666050
7.253931
6.499355
6.676318
6.525609
5.871442
5.786672
5.084982
5.285024
5.052820
4.871651
5.261902
4.283470
3.881681
3.010363
2.623821
2.506438
2.478428
2.002189
1.486938
1.035801
0.791411
0.757946
0.716123
0.878092
0.721340
0.525955
0.461342
0.350022
0.198016
0.233400
0.282744
0.228130
0.267602
0.277951
0.334247
0.210569
0.093064
0.047959
0.045042
0.022817
0.086355
0.076674
0.010111
0.000000
0.000000
0.000000
0.000000
0.000000
0.000000
0.000000
0.000000
0.000000
0.000000
0.000000
0.000000
0.000000
0.000000
0.000000
0.000000
0.000000
0.000000
0.000000
0.000000
0.000000
0.000000
0.000000
0.000000
0.000000
0.000000
0.000000
0.000000
0.000000
0.000000
0.000000
0.000000
0.000000
0.000000
0.000000
0.000000
0.000000
0.000000
0.000000
0.000000
0.000000
0.000000
0.000000
0.000000
0.000000
0.000000
0.000000
0.000000
0.000000
0.000000
0.000000
0.000000
0.000000
0.000000
0.000000
0.000000
0.000000
0.000000
0.000000
0.000000
0.000000
0.000000
0.000000
0.000000
0.000000
0.000000
0.000000
0.000000
0.000000
0.000000
0.000000
0.000000
0.000000
0.000000
0.000000
0.000000
0.000000
0.000000
0.000000
0.000000
0.000000
0.000000
0.000000
0.000000
0.000000
0.000000
0.000000
0.000000
0.000000
0.000000
0.000000
0.000000
0.000000
0.000000
0.000000
0.000000
0.000000
0.000000
0.000000
0.000000
0.000000
0.000000
0.000000
0.000000
0.000000
0.000000
0.000000
0.000000
0.000000
0.000000
0.000000
0.000000
0.000000
0.000000
0.000000
0.000000
0.000000
0.000000
0.000000
0.000000
0.000000
0.000000
0.000000
0.000000
0.000000
0.000000
0.000000
0.000000
0.000000
0.000000
0.000000
0.000000
0.000000
0.000000
0.000000
0.000000
0.000000
0.000000
0.000000
0.000000
0.000000
0.000000
0.000000
0.000000
0.000000
0.000000
0.000000
0.000000
0.000000
0.000000
0.000000
0.000000
0.000000
0.000000
0.000000
0.000000
0.000000
0.000000
0.000000
0.000000
0.000000
0.000000
0.000000
0.000000
0.000000
0.000000
0.000000
0.000000
0.000000
0.000000
0.000000
0.000000
0.000000
0.000000
0.000000
0.000000
0.000000
0.000000
0.000000
0.000000
0.000000
0.000000
0.000000
0.000000
0.000000
0.000000
0.000000
0.000000
0.000000
0.000000
0.000000
0.000000
0.000000
0.000000
0.000000
0.000000
0.000000
0.000000
0.000000
0.000000
0.000000
0.000000
0.000000
0.000000
0.000000
0.000000
0.000000
0.000000
0.000000
0.000000
0.000000
0.000000
0.000000
0.000000
0.000000
0.000000
0.000000
0.000000
0.000000
0.000000
0.000000
0.000000
0.000000
0.000000
0.000000
0.000000
0.000000
0.000000
0.000000
0.000000
0.000000
0.000000
0.000000
0.000000
0.000000
0.000000
0.000000
0.000000
0.000000
0.000000
0.000000
0.000000
0.000000
0.000000
0.000000
0.000000
0.000000
0.000000
0.000000
0.000000
0.000000
0.000000
0.000000
0.000000
0.000000
0.000000
0.000000
0.000000
0.000000
0.000000
0.000000
0.000000
0.000000
0.000000
0.000000
0.000000
0.000000
0.000000
0.000000
0.000000
0.000000
0.000000
0.000000
0.000000
0.000000
0.000000
0.000000
0.000000
0.000000
0.000000
0.000000
0.000000
0.000000
0.000000
0.000000
0.000000
0.000000
0.000000
0.000000
0.000000
0.000000
0.000000
0.000000
0.000000
0.000000
0.000000
0.000000
0.000000
0.000000
0.000000
0.000000
0.000000
0.000000
0.000000
0.000000
0.000000
0.000000
0.000000
0.000000
0.000000
0.000000
0.000000
0.000000
0.000000
0.000000
0.000000
0.000000
0.000000
0.000000
0.000000
0.000000
0.000000
0.000000
0.000000
0.000000
0.000000
0.000000
0.000000
0.000000
0.000000
0.000000
0.000000
0.000000
0.000000
0.000000
0.000000
0.000000
0.000000
0.000000
0.000000
0.000000
0.000000
0.000000
0.000000
0.000000
0.000000
0.000000
0.000000
0.000000
0.000000
0.000000
0.000000
0.000000
0.000000
0.000000
0.000000
0.000000
0.000000
0.000000
0.000000
0.000000
0.000000
0.000000
0.000000
0.000000
0.000000
0.000000
0.000000
0.000000
0.000000
0.000000
0.000000
0.000000
0.000000
0.000000
0.000000
0.000000
0.000000
0.000000
0.000000
0.000000
0.000000
0.000000
0.000000
0.000000
0.000000
0.000000
0.000000
0.000000
0.000000
0.000000
0.000000
0.000000
0.000000
0.000000
0.000000
0.000000
0.000000
0.000000
0.000000
0.000000
0.000000
0.000000
0.000000
0.000000
0.000000
0.000000
0.000000
0.000000
0.000000
0.000000
0.000000
0.000000
0.000000
0.000000
0.000000
0.000000
0.000000
0.000000
0.000000
0.000000
0.000000
0.000000
0.000000
0.000000
0.000000
0.000000
0.000000
0.000000
0.000000
0.000000
0.000000
0.000000
0.000000
0.000000
0.000000
0.000000
0.000000
0.000000
0.000000
0.000000
0.000000
0.000000
0.000000
0.000000
0.000000
0.000000
0.000000
0.000000
0.000000
0.000000
0.000000
0.000000
0.000000
0.000000
0.000000
0.000000
0.000000
0.000000
0.000000
0.000000
0.000000
0.000000
0.000000
0.000000
0.000000
0.000000
0.000000
0.000000
0.000000
0.000000
0.000000
0.000000
0.000000
0.000000
0.000000
0.000000
0.000000
0.000000
0.000000
0.000000
0.000000
0.000000
0.000000
0.000000
0.000000
0.000000
0.000000
0.000000
0.000000
0.000000
0.000000
0.000000
0.000000
