0.000000
0.000000
0.000000
0.000000
0.000000
0.000000
0.000000
0.000000
0.000000
0.000000
0.000000
0.000000
0.000000
0.000000
0.000000
0.000000
0.000000
0.000000
0.000000
0.000000
0.000000
0.000000
0.000000
0.000000
0.000000
0.000000
0.000000
0.000000
0.001032
0.000966
0.015379
0.005370
0.028764
0.058422
0.080008
0.197425
0.368031
0.787062
1.228157
2.212489
3.728751
6.419373
9.649782
16.039694
24.259575
37.770550
57.067013
85.985556
126.578303
184.945176
266.439225
377.682989
529.754479
730.514453
997.100698
1343.964254
1794.659547
2368.135221
3086.747211
3996.219957
5110.987167
6477.255368
8128.692271
10104.479131
12461.181474
15209.750279
18419.660158
22143.741033
26359.143841
31187.069690
36584.247266
42618.973406
49281.941623
56585.138138
64522.589574
73089.505979
82224.885962
91939.652166
102102.483668
112690.683825
123660.426910
134873.664342
146256.624960
157683.034697
169063.654972
180294.438068
191195.167103
201719.453033
211730.862267
221079.698644
229696.748264
237508.023378
244365.975741
250295.642248
255147.605583
258884.964838
261562.081423
263049.628914
263412.428376
262654.903291
260781.959640
257851.363809
253878.847704
248983.956644
243198.135547
236598.753932
229267.087831
221360.325123
212871.048019
203955.061289
194657.883106
185124.680881
175408.225990
165613.919847
155777.063648
146044.989404
136403.735967
126983.042905
117794.635241
108876.461161
100350.353955
92118.243657
84308.702525
76884.197117
69917.353899
63331.387633
57201.536814
51500.027093
46193.165520
41323.539968
36835.399414
32738.580391
29004.094724
25613.666778
22546.630502
19787.334075
17303.927622
15093.323285
13116.121909
11368.009582
9819.146012
8456.740259
7258.842211
6211.907343
5304.810413
4509.795508
3828.342110
3233.972389
2730.654346
2291.114785
1923.811835
1606.154586
1338.326203
1111.928537
920.002942
759.864491
626.246443
513.245811
421.124616
341.867467
279.584733
225.384408
182.882601
146.816839
118.108470
94.581536
75.508919
59.886852
47.508750
37.603817
29.525767
23.267220
18.143885
14.041441
10.977853
8.439423
6.516198
5.071250
3.871225
2.963267
2.259887
1.679350
1.283515
0.942662
0.733702
0.535124
0.404567
0.305292
0.222226
0.155182
0.105288
0.078440
0.053313
0.034852
0.033333
0.019235
0.018226
0.014527
0.009743
0.006328
0.007094
0.001758
0.002530
0.000647
0.000592
0.000056
0.000727
0.000033
0.000708
0.000000
0.000069
0.000000
0.000000
0.000000
0.000000
0.000000
0.000000
0.000000
0.000000
0.000000
0.000000
0.000000
0.000000
0.000000
0.000000
0.000000
0.000000
0.000000
0.000000
0.000000
0.000000
0.000000
0.000000
0.000000
0.000000
0.000000
0.000000
0.000000
0.000000
0.000000
0.000000
0.000000
0.000000
0.000000
0.000000
0.000000
0.000000
0.000000
0.000000
0.000000
0.000000
0.000000
0.000000
0.000000
0.000000
0.000000
0.000000
0.000000
0.000000
0.000000
0.000000
0.000000
0.000000
0.000000
0.000000
0.000000
0.000000
0.000000
0.000000
0.000000
0.000000
0.000000
0.000000
0.000000
0.000000
0.000000
0.000000
0.000000
0.000000
0.000000
0.000000
0.000000
0.000000
0.000000
0.000000
0.000000
0.000000
0.000000
0.000000
0.000000
0.000000
0.000000
0.000000
0.000000
0.000000
0.000000
0.000000
0.000000
0.000000
0.000000
0.000000
0.000000
0.000000
0.000000
0.000000
0.000000
0.000000
0.000000
0.000000
0.000000
0.000000
0.000000
0.000000
0.000000
0.000000
0.000000
0.000000
0.000000
0.000000
0.000000
0.000000
0.000000
0.000000
0.000000
0.000000
0.000000
0.000000
0.000000
0.000000
0.000000
0.000000
0.000000
0.000000
0.000000
0.000000
0.000000
0.000000
0.000000
0.000000
0.000000
0.000000
0.000000
0.000000
0.000000
0.000000
0.000000
0.000000
0.000000
0.000000
0.000000
0.000000
0.000000
0.000000
0.000000
0.000000
0.000000
0.000000
0.000000
0.000000
0.000000
0.000000
0.000000
0.000000
0.000000
0.000000
0.000000
0.000000
0.000000
0.000000
0.000000
0.000000
0.000000
0.000000
0.000000
0.000000
0.000000
0.000000
0.000000
0.000000
0.000000
0.000000
0.000000
0.000000
0.000000
0.000000
0.000000
0.000000
0.000000
0.000000
0.000000
0.000000
0.000000
0.000000
0.000000
0.000000
0.000000
0.000000
0.000000
0.000000
0.000000
0.000000
0.000000
0.000000
0.000000
0.000000
0.000000
0.000000
0.000000
0.000000
0.000000
0.000000
0.000000
0.000000
0.000000
0.000000
0.000000
0.000000
0.000000
0.000000
0.000000
0.000000
0.000000
0.000000
0.000000
0.000000
0.000000
0.000000
0.000000
0.000000
0.000000
0.000000
0.000000
0.000000
0.000000
0.000000
0.000000
0.000000
0.000000
0.000000
0.000000
0.000000
0.000000
0.000000
0.000000
0.000000
0.000000
0.000000
0.000000
0.000000
0.000000
0.000000
0.000000
0.000000
0.000000
0.000000
0.000000
0.000000
0.000000
0.000000
0.000000
0.000000
0.000000
0.000000
0.000000
0.000000
0.000000
0.000000
0.000000
0.000000
0.000000
0.000000
0.000000
0.000000
0.000000
0.000000
0.000000
0.000000
0.000000
0.000000
0.000000
0.000000
0.000000
0.000000
0.000000
0.000000
0.000000
0.000000
0.000000
0.000000
0.000000
0.000000
0.000000
0.000000
0.000000
0.000000
0.000000
0.000000
0.000000
0.000000
0.000000
0.000000
