0.012072
0.302637
2.126163
7.095939
22.642445
67.174009
171.807149
383.722317
775.530197
1446.139989
2515.159333
4088.998930
6284.912103
9218.523948
12965.756785
17522.791317
22953.071132
29170.124807
36102.967992
43601.074468
51516.664303
59672.791467
67932.880846
76135.146442
84077.019323
91688.778861
98751.253297
105239.067667
111015.874154
116130.584143
120483.393065
124091.456116
127000.904724
129192.689015
130684.389485
131597.896767
131863.095991
131653.111704
130946.695148
129821.859632
128313.802279
126507.617895
124468.925706
122207.138638
119814.257173
117215.033396
114511.950960
111789.235752
108972.484484
106149.289091
103294.134594
100467.295328
97606.373084
94812.637219
92070.143014
89383.970035
86793.193510
84282.960124
81857.458772
79467.834793
77173.740150
74962.910753
72802.510513
70724.826221
68738.497421
66844.938507
65001.697424
63231.337178
61541.178512
59935.070855
58387.522487
56901.563822
55480.657321
54113.843549
52806.792627
51549.526810
50352.672035
49201.048942
48126.771965
47113.769291
46141.889492
45218.769785
44347.851725
43530.415419
42749.264964
42005.216589
41315.602419
40656.456291
40026.285711
39424.907304
38850.420890
38289.317329
37762.694939
37225.084248
36721.123807
36216.358776
35737.395308
35290.853006
34856.604666
34442.358665
34041.480192
33669.343883
33330.691916
32987.615118
32670.200287
32382.227958
32102.387470
31845.300835
31619.451977
31387.738274
31171.959337
30968.640540
30772.003707
30576.752832
30401.999448
30249.226031
30098.555497
29967.008610
29850.542868
29729.011815
29608.256368
29490.796491
29390.212123
29283.113780
29182.196467
29084.408122
28998.314926
28904.990643
28828.986570
28753.863740
28684.908376
28609.107424
28545.352083
28492.212384
28445.663624
28401.698192
28367.759288
28341.834776
28325.694233
28308.624610
28293.013787
28267.536964
28244.045750
28235.656126
28212.648108
28193.568421
28152.003595
28113.586992
28073.923864
28022.351855
27973.856060
27932.063715
27885.168877
27840.667984
27800.633722
27755.609585
27717.435028
27664.652079
27624.304528
27562.289840
27504.278700
27434.972815
27372.085576
27302.264966
27228.451062
27151.806762
27065.885644
26981.875576
26880.645891
26778.854086
26672.372958
26555.637709
26430.065727
26309.071951
26181.943688
26042.054860
25906.029720
25761.126951
25611.807038
25469.813101
25311.892122
25143.563623
24963.404717
24783.168144
24605.356898
24414.518704
24217.337379
24021.858066
23823.535368
23613.793275
23392.919583
23165.140316
22931.526757
22699.001241
22461.041673
22214.397771
21955.137048
21697.692828
21437.820427
21166.042925
20892.051667
20623.963531
20347.032213
20074.041107
19791.644496
19503.560395
19213.178868
18913.771377
18611.027875
18304.004295
17999.459656
17695.392848
17388.244298
17074.414356
16761.411712
16446.775329
16137.295252
15816.814939
15500.066430
15184.574968
14870.718215
14560.060829
14235.582285
13918.493160
13596.093443
13274.368351
12963.236851
12641.239828
12330.457973
12013.406793
11699.308949
11388.563215
11080.475211
10776.714114
10476.048109
10183.382200
9887.996049
9601.398053
9317.993852
9042.723130
8761.754846
8487.404436
8216.318531
7946.856522
7685.228766
7426.771460
7173.800786
6923.337461
6676.123070
6440.091915
6211.411850
5983.531087
5764.708786
5551.569485
5338.582543
5139.154681
4936.377945
4740.652412
4550.999360
4366.568548
4188.531735
4013.349235
3847.547970
3684.194931
3523.793804
3371.683171
3224.428192
3081.172084
2942.100739
2808.363391
2679.668401
2553.452648
2432.478406
2314.649852
2201.584505
2092.743665
1990.467996
1890.861716
1794.234885
1700.727184
1613.207460
1529.629260
1448.049633
1369.919665
1294.468397
1223.211615
1156.127831
1091.434942
1028.446971
970.130818
912.100635
857.341726
805.733856
758.098815
712.724537
669.051505
628.492247
588.214018
550.327415
515.036894
482.302791
450.381418
421.513415
393.197116
367.523783
343.464504
320.774901
298.808766
278.734789
259.430498
241.498600
224.959064
208.637200
193.835048
179.369126
166.407204
154.507301
143.036266
132.747362
122.432892
113.170300
104.412186
96.131894
88.756898
82.226476
75.442393
69.336663
63.902184
58.808841
54.126390
49.818855
45.500884
41.652209
38.215938
35.003702
32.085504
29.493192
27.172162
25.201961
23.120125
21.268275
19.622582
18.170926
16.831619
15.456023
14.448708
13.514889
12.438584
11.473171
10.615111
9.897951
9.077510
8.279526
7.698591
7.079422
6.593934
5.992568
5.529338
5.101327
4.720999
4.323292
3.966204
3.619240
3.348903
3.027020
2.741463
2.438517
2.192431
1.979845
1.811160
1.561465
1.428205
1.249723
1.137275
1.033178
0.943167
0.837655
0.790973
0.690282
0.614353
0.578810
0.534775
0.484923
0.413644
0.377719
0.347619
0.320246
0.306852
0.301631
0.303268
0.267885
0.249095
0.227800
0.214188
0.201616
0.197653
0.195102
0.175589
0.170997
0.155009
0.139675
0.122942
0.114677
0.103543
0.085669
0.078322
0.077523
0.064279
0.051419
0.037142
0.029665
0.019251
0.010952
0.006046
0.006567
0.006346
0.004491
0.002271
0.000740
0.000402
0.000635
0.000464
0.000122
0.000000
0.000000
0.000000
0.000000
0.000000
0.000000
0.000000
0.000000
0.000000
0.000000
0.000000
0.000000
0.000000
0.000000
0.000000
0.000000
0.000000
0.000000
0.000000
0.000000
0.000000
0.000000
0.000000
0.000000
0.000000
0.000000
0.000000
0.000000
0.000000
0.000000
0.000000
0.000000
0.000000
0.000000
0.000000
0.000000
0.000000
0.000000
0.000000
0.000000
0.000000
0.000000
0.000000
0.000000
0.000000
0.000000
0.000000
0.000000
0.000000
0.000000
0.000000
0.000000
0.000000
0.000000
0.000000
0.000000
0.000000
0.000000
0.000000
0.000000
0.000000
0.000000
0.000000
0.000000
0.000000
0.000000
0.000000
0.000000
0.000000
0.000000
0.000000
0.000000
0.000000
0.000000
0.000000
0.000000
0.000000
0.000000
0.000000
0.000000
0.000000
0.000000
0.000000
0.000000
0.000000
0.000000
0.000000
0.000000
0.000000
0.000000
0.000000
0.000000
0.000000
0.000000
0.000000
0.000000
0.000000
0.000000
0.000000
0.000000
0.000000
0.000000
0.000000
0.000000
0.000000
0.000000
0.000000
0.000000
0.000000
0.000000
0.000000
0.000000
0.000000
0.000000
0.000000
0.000000
0.000000
0.000000
0.000000
0.000000
0.000000
0.000000
0.000000
0.000000
0.000000
0.000000
0.000000
0.000000
0.000000
0.000000
0.000000
0.000000
0.000000
0.000000
0.000000
0.000000
0.000000
0.000000
0.000000
0.000000
0.000000
0.000000
0.000000
0.000000
0.000000
0.000000
0.000000
0.000000
0.000000
0.000000
0.000000
0.000000
0.000000
0.000000
0.000000
0.000000
0.000000
0.000000
0.000000
0.000000
0.000000
0.000000
0.000000
0.000000
0.000000
0.000000
0.000000
0.000000
0.000000
0.000000
0.000000
0.000000
0.000000
0.000000
0.000000
0.000000
0.000000
0.000000
0.000000
0.000000
0.000000
0.000000
0.000000
0.000000
0.000000
0.000000
0.000000
0.000000
0.000000
0.000000
0.000000
0.000000
0.000000
0.000000
0.000000
0.000000
0.000000
0.000000
0.000000
0.000000
0.000000
0.000000
0.000000
0.000000
0.000000
0.000000
0.000000
0.000000
0.000000
0.000000
0.000000
0.000000
0.000000
0.000000
0.000000
0.000000
0.000000
0.000000
0.000000
0.000000
0.000000
0.000000
0.000000
0.000000
0.000000
0.000000
0.000000
0.000000
0.000000
0.000000
0.000000
0.000000
0.000000
0.000000
0.000000
0.000000
0.000000
0.000000
0.000000
0.000000
0.000000
0.000000
0.000000
0.000000
0.000000
0.000000
0.000000
0.000000
0.000000
0.000000
0.000000
0.000000
0.000000
0.000000
0.000000
0.000000
0.000000
0.000000
0.000000
0.000000
0.000000
0.000000
0.000000
0.000000
0.000000
0.000000
0.000000
0.000000
0.000000
0.000000
0.000000
0.000000
0.000000
0.000000
0.000000
0.000000
0.000000
0.000000
0.000000
0.000000
0.000000
0.000000
0.000000
0.000000
0.000000
0.000000
0.000000
0.000000
0.000000
0.000000
0.000000
0.000000
0.000000
0.000000
0.000000
0.000000
0.000000
0.000000
0.000000
0.000000
0.000000
0.000000
0.000000
0.000000
0.000000
0.000000
0.000000
0.000000
0.000000
0.000000
0.000000
0.000000
0.000000
0.000000
0.000000
0.000000
0.000000
0.000000
0.000000
0.000000
0.000000
0.000000
0.000000
0.000000
0.000000
0.000000
0.000000
0.000000
0.000000
0.000000
0.000000
0.000000
0.000000
0.000000
0.000000
0.000000
0.000000
0.000000
0.000000
0.000000
0.000000
0.000000
0.000000
0.000000
0.000000
0.000000
0.000000
0.000000
0.000000
0.000000
0.000000
0.000000
0.000000
0.000000
0.000000
0.000000
0.000000
0.000000
0.000000
0.000000
0.000000
0.000000
0.000000
0.000000
0.000000
0.000000
0.000000
0.000000
0.000000
0.000000
0.000000
0.000000
0.000000
0.000000
0.000000
0.000000
0.000000
0.000000
0.000000
0.000000
0.000000
0.000000
0.000000
0.000000
0.000000
0.000000
0.000000
0.000000
0.000000
0.000000
0.000000
0.000000
0.000000
0.000000
0.000000
0.000000
0.000000
0.000000
0.000000
0.000000
0.000000
0.000000
0.000000
0.000000
0.000000
0.000000
0.000000
0.000000
0.000000
0.000000
0.000000
0.000000
0.000000
0.000000
0.000000
0.000000
0.000000
0.000000
0.000000
0.000000
0.000000
0.000000
0.000000
0.000000
0.000000
0.000000
0.000000
0.000000
0.000000
0.000000
0.000000
0.000000
0.000000
0.000000
0.000000
0.000000
0.000000
0.000000
0.000000
0.000000
0.000000
0.000000
0.000000
0.000000
0.000000
0.000000
0.000000
0.000000
0.000000
0.000000
0.000000
0.000000
0.000000
0.000000
0.000000
0.000000
0.000000
0.000000
0.000000
0.000000
0.000000
0.000000
0.000000
0.000000
0.000000
0.000000
0.000000
0.000000
0.000000
0.000000
0.000000
0.000000
0.000000
0.000000
0.000000
0.000000
0.000000
0.000000
0.000000
0.000000
0.000000
0.000000
0.000000
0.000000
0.000000
0.000000
0.000000
0.000000
0.000000
0.000000
0.000000
0.000000
0.000000
0.000000
0.000000
0.000000
0.000000
0.000000
0.000000
0.000000
0.000000
0.000000
0.000000
0.000000
0.000000
0.000000
0.000000
0.000000
0.000000
0.000000
0.000000
0.000000
0.000000
0.000000
0.000000
0.000000
0.000000
0.000000
0.000000
0.000000
0.000000
0.000000
0.000000
0.000000
0.000000
0.000000
0.000000
0.000000
0.000000
0.000000
0.000000
0.000000
0.000000
0.000000
0.000000
0.000000
0.000000
0.000000
0.000000
0.000000
0.000000
0.000000
0.000000
0.000000
0.000000
0.000000
0.000000
0.000000
0.000000
0.000000
0.000000
0.000000
0.000000
0.000000
0.000000
0.000000
0.000000
0.000000
0.000000
0.000000
0.000000
0.000000
0.000000
0.000000
0.000000
0.000000
0.000000
0.000000
0.000000
0.000000
0.000000
0.000000
0.000000
0.000000
0.000000
0.000000
0.000000
0.000000
