0.000000
0.000000
0.000000
0.000000
0.000000
0.000000
0.000000
0.000000
0.000000
0.000000
0.000000
0.000000
0.000000
0.000000
0.000000
0.000000
0.008713
0.020199
0.061684
0.084916
0.214446
0.509062
1.217670
2.689066
4.758635
9.359841
15.762121
26.893978
44.205857
71.792895
113.182325
175.181600
264.318392
389.173114
564.864241
805.776109
1127.313351
1544.408415
2089.487078
2765.706965
3618.753769
4682.360767
5947.865768
7474.155152
9249.516453
11338.695323
13725.714444
16462.770867
19507.259942
22879.249154
26613.980438
30616.867074
34984.634449
39589.639711
44457.839605
49534.138491
54806.025031
60204.118734
65717.564164
71283.676289
76820.076025
82356.532107
87776.322857
93094.443138
98278.377476
103235.156609
107990.133996
112456.740830
116739.736251
120631.638299
124322.983826
127637.138804
130652.268388
133359.792597
135729.821918
137785.456249
139530.565402
141010.371191
142161.837701
143070.130686
143725.051813
144124.512530
144336.136089
144317.191966
144105.773767
143759.112008
143251.060690
142609.565693
141844.935608
140980.475719
140037.943798
139003.011588
137904.035494
136720.448780
135540.202839
134274.244629
132985.033024
131663.251073
130329.787000
128965.678174
127579.917598
126178.203146
124737.712448
123308.262500
121831.126362
120349.088923
118830.810540
117304.476698
115718.274769
114130.097495
112476.589174
110812.442297
109074.057299
107355.989007
105547.084718
103723.691852
101838.267436
99886.514786
97894.928220
95838.797110
93749.813887
91600.805320
89397.938182
87139.264691
84845.506897
82490.637297
80088.631611
77664.129691
75182.261891
72698.031162
70157.248868
67617.710499
65035.265022
62460.256662
59868.252479
57282.429323
54717.747377
52141.471866
49621.726222
47107.041970
44636.582347
42198.613456
39822.170984
37492.013609
35206.215839
33009.161224
30853.279365
28795.051429
26798.008027
24880.543623
23051.218807
21301.286935
19637.479741
18065.285878
16568.704695
15161.650933
13837.083926
12597.011391
11441.600922
10360.449869
9359.996558
8434.587706
7582.544407
6790.943127
6070.383392
5412.359724
4814.283670
4265.992503
3775.541742
3325.670160
2926.592329
2564.371244
2242.809432
1955.211107
1700.216407
1473.871717
1275.757993
1099.828281
946.098024
810.418824
692.738043
590.447566
501.744777
425.596538
359.415018
303.965272
254.587854
213.563141
178.075702
148.159859
123.289852
102.184668
84.431311
69.289149
57.263550
46.579740
38.317154
31.057085
25.268638
20.516817
16.455216
13.249304
10.679442
8.561064
6.913317
5.430577
4.359280
3.429018
2.713902
2.119537
1.670067
1.277164
1.025754
0.772644
0.616037
0.468708
0.372019
0.282272
0.218535
0.166256
0.126553
0.098995
0.079423
0.057332
0.047417
0.039890
0.026233
0.016690
0.013118
0.007535
0.006886
0.006761
0.003797
0.003566
0.002840
0.000738
0.000978
0.000371
0.000971
0.000000
0.000238
0.000000
0.000253
0.000000
0.000027
0.000000
0.000000
0.000000
0.000000
0.000000
0.000000
0.000000
0.000000
0.000000
0.000000
0.000000
0.000000
0.000000
0.000000
0.000000
0.000000
0.000000
0.000000
0.000000
0.000000
0.000000
0.000000
0.000000
0.000000
0.000000
0.000000
0.000000
0.000000
0.000000
0.000000
0.000000
0.000000
0.000000
0.000000
0.000000
0.000000
0.000000
0.000000
0.000000
0.000000
0.000000
0.000000
0.000000
0.000000
0.000000
0.000000
0.000000
0.000000
0.000000
0.000000
0.000000
0.000000
0.000000
0.000000
0.000000
0.000000
0.000000
0.000000
0.000000
0.000000
0.000000
0.000000
0.000000
0.000000
0.000000
0.000000
0.000000
0.000000
0.000000
0.000000
0.000000
0.000000
0.000000
0.000000
0.000000
0.000000
0.000000
0.000000
0.000000
0.000000
0.000000
0.000000
0.000000
0.000000
0.000000
0.000000
0.000000
0.000000
0.000000
0.000000
0.000000
0.000000
0.000000
0.000000
0.000000
0.000000
0.000000
0.000000
0.000000
0.000000
0.000000
0.000000
0.000000
0.000000
0.000000
0.000000
0.000000
0.000000
0.000000
0.000000
0.000000
0.000000
0.000000
0.000000
0.000000
0.000000
0.000000
0.000000
0.000000
0.000000
0.000000
0.000000
0.000000
0.000000
0.000000
0.000000
0.000000
0.000000
0.000000
0.000000
0.000000
0.000000
0.000000
0.000000
0.000000
0.000000
0.000000
0.000000
0.000000
0.000000
0.000000
0.000000
0.000000
0.000000
0.000000
0.000000
0.000000
0.000000
0.000000
0.000000
0.000000
0.000000
0.000000
0.000000
0.000000
0.000000
0.000000
0.000000
0.000000
0.000000
0.000000
0.000000
0.000000
0.000000
0.000000
0.000000
0.000000
0.000000
0.000000
0.000000
0.000000
0.000000
0.000000
0.000000
0.000000
0.000000
0.000000
0.000000
0.000000
0.000000
0.000000
0.000000
0.000000
0.000000
0.000000
0.000000
0.000000
0.000000
0.000000
0.000000
0.000000
0.000000
0.000000
0.000000
0.000000
0.000000
0.000000
0.000000
0.000000
0.000000
0.000000
0.000000
0.000000
0.000000
0.000000
0.000000
0.000000
0.000000
0.000000
0.000000
0.000000
0.000000
0.000000
0.000000
0.000000
0.000000
0.000000
0.000000
0.000000
0.000000
0.000000
0.000000
0.000000
0.000000
0.000000
0.000000
0.000000
0.000000
0.000000
0.000000
0.000000
0.000000
0.000000
0.000000
0.000000
0.000000
0.000000
0.000000
0.000000
0.000000
0.000000
0.000000
0.000000
0.000000
0.000000
0.000000
0.000000
0.000000
0.000000
0.000000
0.000000
0.000000
0.000000
0.000000
0.000000
0.000000
