0.000000
0.000000
0.000000
0.000000
0.000000
0.000000
0.000000
0.000000
0.000000
0.000000
0.000000
0.000000
0.000000
0.000000
0.000000
0.000000
0.000000
0.000000
0.002615
0.010492
0.029106
0.058889
0.139195
0.324531
0.563958
1.031626
2.073511
3.281717
5.896556
10.304387
16.200843
26.413443
41.667669
65.469934
97.427200
149.277132
216.270709
312.463168
443.335810
622.706705
856.506109
1165.203207
1560.515433
2063.066103
2689.995429
3464.328186
4401.324387
5540.391228
6876.906846
8465.807403
10296.232750
12394.418343
14813.035791
17493.648084
20524.133179
23835.197009
27475.752580
31422.893552
35680.052669
40205.455217
45016.785901
50091.946633
55348.920306
60836.589884
66463.557442
72203.933459
78029.934632
83895.538718
89755.484494
95624.761768
101420.854328
107119.839636
112684.683093
118089.581155
123303.998960
128279.925064
133060.516111
137593.105604
141860.330855
145819.307939
149475.559521
152857.471562
155919.330412
158722.003160
161161.589280
163340.673892
165192.753873
166732.282837
167943.829534
168898.607554
169539.865329
169910.035627
169984.717678
169816.048000
169416.969795
168748.485500
167858.025904
166765.801074
165473.987224
163967.573710
162286.147849
160433.217033
158399.199656
156226.949397
153879.062331
151399.691148
148780.958374
146037.854061
143197.710443
140244.118277
137167.727511
133986.906203
130735.876713
127388.105094
123964.349603
120500.167720
116958.107500
113373.050851
109703.545056
106049.648157
102346.930410
98630.696827
94885.218590
91148.265150
87412.244690
83688.826752
79988.480684
76318.658951
72682.935069
69096.396494
65574.165914
62107.818333
58719.911482
55401.706015
52162.634927
49015.334168
45961.994563
43012.532707
40155.930280
37428.914253
34785.815797
32273.024625
29863.731545
27584.789034
25416.805146
23360.878376
21427.472856
19597.027696
17887.525892
16277.282460
14789.168075
13393.414433
12097.193028
10906.770235
9800.087435
8784.929591
7854.924110
7008.642075
6232.063459
5533.489480
4894.463469
4319.992538
3803.305895
3339.637003
2925.363571
2554.923650
2224.788766
1931.602918
1673.261573
1446.090459
1242.279923
1068.126256
912.747697
781.804582
663.442726
564.834739
477.998138
403.886741
339.882407
285.011966
238.671219
199.215653
165.267457
137.360884
113.481323
93.559198
76.959518
63.128647
51.789176
42.133041
34.282616
27.691534
22.392063
18.187054
14.415177
11.732479
9.240755
7.432205
5.968642
4.653772
3.761635
2.855998
2.334192
1.765012
1.428859
1.089077
0.848400
0.674756
0.507567
0.419893
0.317922
0.238787
0.166044
0.138153
0.104476
0.077310
0.055954
0.041282
0.032287
0.027417
0.014139
0.012854
0.008494
0.007382
0.003024
0.004737
0.001130
0.001767
0.001799
0.001644
0.001654
0.000846
0.001023
0.000460
0.000431
0.000461
0.000000
0.000741
0.000000
0.000271
0.000000
0.000000
0.000000
0.000000
0.000000
0.000000
0.000000
0.000000
0.000000
0.000000
0.000000
0.000000
0.000000
0.000000
0.000000
0.000000
0.000000
0.000000
0.000000
0.000000
0.000000
0.000000
0.000000
0.000000
0.000000
0.000000
0.000000
0.000000
0.000000
0.000000
0.000000
0.000000
0.000000
0.000000
0.000000
0.000000
0.000000
0.000000
0.000000
0.000000
0.000000
0.000000
0.000000
0.000000
0.000000
0.000000
0.000000
0.000000
0.000000
0.000000
0.000000
0.000000
0.000000
0.000000
0.000000
0.000000
0.000000
0.000000
0.000000
0.000000
0.000000
0.000000
0.000000
0.000000
0.000000
0.000000
0.000000
0.000000
0.000000
0.000000
0.000000
0.000000
0.000000
0.000000
0.000000
0.000000
0.000000
0.000000
0.000000
0.000000
0.000000
0.000000
0.000000
0.000000
0.000000
0.000000
0.000000
0.000000
0.000000
0.000000
0.000000
0.000000
0.000000
0.000000
0.000000
0.000000
0.000000
0.000000
0.000000
0.000000
0.000000
0.000000
0.000000
0.000000
0.000000
0.000000
0.000000
0.000000
0.000000
0.000000
0.000000
0.000000
0.000000
0.000000
0.000000
0.000000
0.000000
0.000000
0.000000
0.000000
0.000000
0.000000
0.000000
0.000000
0.000000
0.000000
0.000000
0.000000
0.000000
0.000000
0.000000
0.000000
0.000000
0.000000
0.000000
0.000000
0.000000
0.000000
0.000000
0.000000
0.000000
0.000000
0.000000
0.000000
0.000000
0.000000
0.000000
0.000000
0.000000
0.000000
0.000000
0.000000
0.000000
0.000000
0.000000
0.000000
0.000000
0.000000
0.000000
0.000000
0.000000
0.000000
0.000000
0.000000
0.000000
0.000000
0.000000
0.000000
0.000000
0.000000
0.000000
0.000000
0.000000
0.000000
0.000000
0.000000
0.000000
0.000000
0.000000
0.000000
0.000000
0.000000
0.000000
0.000000
0.000000
0.000000
0.000000
0.000000
0.000000
0.000000
0.000000
0.000000
0.000000
0.000000
0.000000
0.000000
0.000000
0.000000
0.000000
0.000000
0.000000
0.000000
0.000000
0.000000
0.000000
0.000000
0.000000
0.000000
0.000000
0.000000
0.000000
0.000000
0.000000
0.000000
0.000000
0.000000
0.000000
0.000000
0.000000
0.000000
0.000000
0.000000
0.000000
0.000000
0.000000
0.000000
0.000000
0.000000
0.000000
0.000000
0.000000
0.000000
0.000000
0.000000
0.000000
0.000000
0.000000
0.000000
0.000000
0.000000
0.000000
0.000000
0.000000
0.000000
0.000000
0.000000
0.000000
0.000000
0.000000
0.000000
0.000000
0.000000
0.000000
0.000000
0.000000
0.000000
0.000000
0.000000
0.000000
0.000000
0.000000
