10.722571
116.887299
596.259177
2011.401431
5229.033575
11557.316951
22087.461042
37515.798999
58184.672252
83593.448545
113232.065003
145253.030159
177587.101156
208671.161907
237355.325247
261583.043905
281366.937750
296414.704124
306426.485539
311154.616645
311518.565387
308047.641952
301280.300890
291471.525445
280190.448547
267602.098969
254086.435708
239742.285921
225153.777946
210968.398561
196599.495766
183023.470241
170101.613038
157970.553822
146353.753379
135398.542086
125275.628395
115970.769538
107246.639821
99188.221209
91753.514962
84793.588859
78475.199667
72634.667387
67307.017599
62380.279741
57922.616606
53827.674238
50181.071968
46749.298416
43634.054925
40787.073437
38204.958031
35758.861162
33593.907545
31590.762074
29727.757217
28086.127073
26536.617798
25134.950541
23828.056911
22643.600954
21546.125616
20504.917153
19551.061084
18719.005662
17929.152599
17179.228922
16523.246905
15863.960883
15231.070386
14654.415684
14093.684970
13595.098452
13117.922714
12709.645324
12337.468681
11956.810431
11587.451274
11229.152751
10902.854431
10601.382616
10318.950299
10041.075533
9786.377436
9560.831330
9349.848022
9138.933154
8953.929084
8804.318439
8622.266235
8474.687062
8331.327792
8206.427373
8109.818648
7991.876855
7881.382381
7757.855114
7646.750431
7562.631237
7473.423337
7389.372740
7303.427292
7217.069882
7164.833944
7109.737501
7030.369060
6966.234551
6958.443654
6930.220154
6899.282603
6868.661404
6854.207912
6850.087818
6826.599852
6799.846474
6795.250067
6801.347063
6815.098637
6805.641663
6811.803373
6817.052989
6828.504142
6829.400520
6852.869938
6888.679110
6909.917164
6944.693538
6975.035432
7010.722518
7032.678911
7032.952542
7068.564670
7110.134112
7150.376837
7202.088217
7230.957724
7248.521079
7282.275312
7322.486198
7376.225963
7412.220094
7471.819841
7515.875203
7565.128666
7628.183321
7677.583180
7730.425963
7780.847582
7842.248292
7912.006414
7976.621984
8051.542775
8120.921173
8177.404385
8244.574350
8317.467484
8372.280503
8442.755677
8503.738122
8570.182991
8642.129392
8696.540505
8759.423106
8841.165950
8908.098714
8989.709587
9063.873714
9145.336004
9225.731754
9286.929958
9355.819475
9446.576849
9523.239481
9583.740625
9666.774615
9748.366323
9823.246537
9882.203893
9935.571507
10003.287267
10071.254844
10146.685733
10225.159416
10299.452965
10371.769352
10430.077019
10513.117421
10588.136499
10665.850529
10739.839509
10770.971784
10813.671971
10868.176143
10923.422267
10992.070239
11032.553446
11088.647931
11122.479134
11151.754510
11189.717721
11230.245207
11265.987793
11285.197317
11315.314188
11335.282100
11357.180461
11368.028376
11366.847865
11377.708867
11378.538260
11381.250654
11387.265225
11380.274888
11386.359064
11360.895554
11340.059093
11323.390822
11307.958234
11283.605046
11266.816243
11260.188045
11248.557745
11227.805194
11190.353978
11158.095887
11128.834171
11077.177695
11061.651953
11014.045736
10996.544371
10956.518226
10909.555156
10864.273182
10826.108535
10744.848883
10690.933109
10635.679719
10558.967115
10491.831781
10413.722152
10337.460183
10251.047708
10163.023357
10084.663589
9996.941790
9899.365419
9818.653442
9735.450834
9641.953109
9537.831593
9444.544296
9339.534465
9240.931031
9138.886785
9024.722669
8926.464478
8819.979256
8711.596573
8589.817133
8473.412797
8347.689530
8223.612170
8110.612211
7995.492381
7867.803388
7735.055177
7612.801678
7488.955310
7365.462210
7226.901873
7093.687365
6968.958971
6846.482480
6707.485887
6585.304338
6469.467620
6343.200901
6215.945607
6086.370019
5967.806351
5842.828511
5715.142261
5598.663653
5479.492138
5345.429772
5215.878521
5084.189394
4960.373864
4831.949560
4717.090859
4597.754936
4478.365189
4360.736538
4249.639126
4134.130507
4019.148001
3913.662630
3800.621469
3695.706200
3583.128052
3477.841151
3373.669641
3268.753933
3166.694288
3073.233765
2978.339364
2879.108030
2788.459317
2706.084394
2618.271531
2532.070490
2442.558351
2356.599040
2271.171892
2188.296059
2109.301597
2034.185627
1960.029768
1885.063347
1815.091795
1751.134176
1688.405673
1619.886602
1565.299017
1505.601688
1445.471042
1394.398856
1340.903652
1284.039327
1229.983297
1182.361690
1135.395024
1086.288142
1043.408411
1003.619046
960.060603
922.443112
882.286494
848.085811
812.269037
779.036846
744.852139
713.938300
679.845589
649.447234
621.029621
594.018004
567.545724
541.168597
512.938937
488.744083
466.033916
445.640614
426.369204
405.813948
388.196463
369.448220
349.846558
329.208456
312.282257
296.519851
281.768294
267.572514
254.216197
240.933878
227.672126
216.553568
203.961965
194.386138
183.754574
172.631881
161.584721
151.412212
141.178008
132.706442
125.448134
118.437117
110.756989
104.708797
98.610988
92.864546
86.937236
81.440346
76.550766
72.101501
67.578219
63.114120
60.237289
57.147123
52.842856
49.343130
45.791681
42.864882
39.642254
36.741644
34.475879
31.518621
29.579846
27.616100
25.639801
24.176591
22.441343
20.916219
19.330703
18.143861
16.893148
16.474576
15.393709
14.266282
13.367454
12.084930
11.182129
10.157994
9.574376
8.843791
7.992271
7.219606
6.679855
6.096152
5.783928
5.200837
4.664178
4.072358
3.822576
3.613203
3.215221
2.965734
2.704136
2.406771
2.113084
1.792730
1.643208
1.399234
1.303391
1.294716
1.246940
1.150177
1.068928
0.940535
0.812114
0.759987
0.604795
0.492480
0.407060
0.417254
0.403890
0.333243
0.305310
0.287558
0.190751
0.169728
0.150631
0.155873
0.120773
0.150441
0.134410
0.167067
0.125023
0.103289
0.104600
0.092013
0.086393
0.113556
0.129686
0.118376
0.159393
0.186027
0.180948
0.145679
0.145489
0.133917
0.138949
0.102213
0.107646
0.127701
0.117583
0.079210
0.060068
0.065424
0.061232
0.082343
0.045029
0.032611
0.025367
0.025766
0.014408
0.017482
0.014550
0.005362
0.000000
0.000000
0.000000
0.000000
0.000000
0.000000
0.000000
0.000000
0.000000
0.000000
0.000000
0.000000
0.000000
0.000000
0.000000
0.000000
0.000000
0.000000
0.000000
0.000000
0.000000
0.000000
0.000000
0.000000
0.000000
0.000000
0.000000
0.000000
0.000000
0.000000
0.000000
0.000000
0.000000
0.000000
0.000000
0.000000
0.000000
0.000000
0.000000
0.000000
0.000000
0.000000
0.000000
0.000000
0.000000
0.000000
0.000000
0.000000
0.000000
0.000000
0.000000
0.000000
0.000000
0.000000
0.000000
0.000000
0.000000
0.000000
0.000000
0.000000
0.000000
0.000000
0.000000
0.000000
0.000000
0.000000
0.000000
0.000000
0.000000
0.000000
0.000000
0.000000
0.000000
0.000000
0.000000
0.000000
0.000000
0.000000
0.000000
0.000000
0.000000
0.000000
0.000000
0.000000
0.000000
0.000000
0.000000
0.000000
0.000000
0.000000
0.000000
0.000000
0.000000
0.000000
0.000000
0.000000
0.000000
0.000000
0.000000
0.000000
0.000000
0.000000
0.000000
0.000000
0.000000
0.000000
0.000000
0.000000
0.000000
0.000000
0.000000
0.000000
0.000000
0.000000
0.000000
0.000000
0.000000
0.000000
0.000000
0.000000
0.000000
0.000000
0.000000
0.000000
0.000000
0.000000
0.000000
0.000000
0.000000
0.000000
0.000000
0.000000
0.000000
0.000000
0.000000
0.000000
0.000000
0.000000
0.000000
0.000000
0.000000
0.000000
0.000000
0.000000
0.000000
0.000000
0.000000
0.000000
0.000000
0.000000
0.000000
0.000000
0.000000
0.000000
0.000000
0.000000
0.000000
0.000000
0.000000
0.000000
0.000000
0.000000
0.000000
0.000000
0.000000
0.000000
0.000000
0.000000
0.000000
0.000000
0.000000
0.000000
0.000000
0.000000
0.000000
0.000000
0.000000
0.000000
0.000000
0.000000
0.000000
0.000000
0.000000
0.000000
0.000000
0.000000
0.000000
0.000000
0.000000
0.000000
0.000000
0.000000
0.000000
0.000000
0.000000
0.000000
0.000000
0.000000
0.000000
0.000000
0.000000
0.000000
0.000000
0.000000
0.000000
0.000000
0.000000
0.000000
0.000000
0.000000
0.000000
0.000000
0.000000
0.000000
0.000000
0.000000
0.000000
0.000000
0.000000
0.000000
0.000000
0.000000
0.000000
0.000000
0.000000
0.000000
0.000000
0.000000
0.000000
0.000000
0.000000
0.000000
0.000000
0.000000
0.000000
0.000000
0.000000
0.000000
0.000000
0.000000
0.000000
0.000000
0.000000
0.000000
0.000000
0.000000
0.000000
0.000000
0.000000
0.000000
0.000000
0.000000
0.000000
0.000000
0.000000
0.000000
0.000000
0.000000
0.000000
0.000000
0.000000
0.000000
0.000000
0.000000
0.000000
0.000000
0.000000
0.000000
0.000000
0.000000
0.000000
0.000000
0.000000
0.000000
0.000000
0.000000
0.000000
0.000000
0.000000
0.000000
0.000000
0.000000
0.000000
0.000000
0.000000
0.000000
0.000000
0.000000
0.000000
0.000000
0.000000
0.000000
0.000000
0.000000
0.000000
0.000000
0.000000
0.000000
0.000000
0.000000
0.000000
0.000000
0.000000
0.000000
0.000000
0.000000
0.000000
0.000000
0.000000
0.000000
0.000000
0.000000
0.000000
0.000000
0.000000
0.000000
0.000000
0.000000
0.000000
0.000000
0.000000
0.000000
0.000000
0.000000
0.000000
0.000000
0.000000
0.000000
0.000000
0.000000
0.000000
0.000000
0.000000
0.000000
0.000000
0.000000
0.000000
0.000000
0.000000
0.000000
0.000000
0.000000
0.000000
0.000000
0.000000
0.000000
0.000000
0.000000
0.000000
0.000000
0.000000
0.000000
0.000000
0.000000
0.000000
0.000000
0.000000
0.000000
0.000000
0.000000
0.000000
0.000000
0.000000
0.000000
0.000000
0.000000
0.000000
0.000000
0.000000
0.000000
0.000000
0.000000
0.000000
0.000000
0.000000
0.000000
0.000000
0.000000
0.000000
0.000000
0.000000
0.000000
0.000000
0.000000
0.000000
0.000000
0.000000
0.000000
0.000000
0.000000
0.000000
0.000000
0.000000
0.000000
0.000000
0.000000
0.000000
0.000000
0.000000
0.000000
0.000000
0.000000
0.000000
0.000000
0.000000
0.000000
0.000000
0.000000
0.000000
0.000000
0.000000
0.000000
0.000000
0.000000
0.000000
0.000000
0.000000
0.000000
0.000000
0.000000
0.000000
0.000000
0.000000
0.000000
0.000000
0.000000
0.000000
0.000000
0.000000
0.000000
0.000000
0.000000
0.000000
0.000000
0.000000
0.000000
0.000000
0.000000
0.000000
0.000000
0.000000
0.000000
0.000000
0.000000
0.000000
0.000000
0.000000
0.000000
0.000000
0.000000
0.000000
0.000000
0.000000
0.000000
0.000000
0.000000
0.000000
0.000000
0.000000
0.000000
0.000000
0.000000
0.000000
0.000000
0.000000
0.000000
0.000000
0.000000
0.000000
0.000000
0.000000
0.000000
0.000000
0.000000
0.000000
0.000000
0.000000
0.000000
0.000000
0.000000
0.000000
0.000000
0.000000
0.000000
0.000000
0.000000
0.000000
0.000000
0.000000
0.000000
0.000000
0.000000
0.000000
0.000000
0.000000
0.000000
0.000000
0.000000
0.000000
0.000000
0.000000
0.000000
0.000000
0.000000
0.000000
0.000000
0.000000
0.000000
0.000000
0.000000
0.000000
