0.000000
0.000000
0.000000
0.000000
0.000000
0.000000
0.000000
0.000000
0.000000
0.000000
0.000000
0.014999
0.247739
0.612605
1.512053
3.957770
6.111925
12.734868
26.004078
50.087479
92.645756
169.654033
287.715124
477.096447
770.778332
1197.195749
1794.329138
2613.718804
3695.171288
5133.283085
6964.794885
9232.488323
12011.122194
15255.095965
19110.660059
23484.434961
28455.373921
33921.921863
39765.260497
46152.760724
52768.417709
59633.797227
66609.263195
73683.033028
80635.553213
87515.872852
94076.036643
100205.964760
105905.127031
111112.354195
115765.574111
119847.653159
123343.260795
126312.120832
128752.093077
130539.776352
131697.184868
132352.886131
132454.111100
132093.055229
131287.526535
130163.444806
128711.530907
126896.549044
124908.039045
122691.876828
120292.334043
117728.173908
115139.824794
112469.189581
109739.129937
107007.411308
104334.332239
101675.524486
99020.712404
96434.641632
93896.509711
91545.852653
89204.919187
86957.665078
84832.569210
82739.126836
80796.403439
78965.082076
77250.345491
75563.870218
74036.626265
72601.614333
71320.331288
70040.239668
68921.585397
67839.847150
66811.661698
65898.948673
65105.071546
64339.744851
63701.206179
63076.314991
62556.550164
62051.221106
61578.261481
61183.043521
60868.353226
60569.695619
60355.271251
60141.805348
59986.288104
59885.043352
59804.151244
59751.749727
59737.858412
59737.633759
59731.622033
59780.638513
59856.366663
59932.166377
60002.746410
60079.143142
60213.440958
60267.299968
60390.038517
60512.192235
60582.769086
60653.306575
60723.774451
60799.609249
60826.547675
60859.651908
60816.883384
60746.003151
60634.887445
60562.443486
60388.402109
60194.491428
59943.136847
59664.703560
59314.925143
58909.183151
58447.026967
57942.934310
57411.927666
56764.070983
56144.502517
55436.789825
54673.928467
53859.758335
52983.975147
52076.550120
51079.666672
50026.508319
48946.857603
47850.815817
46693.744238
45479.911498
44223.749191
42984.381246
41729.338509
40401.033570
39109.076923
37782.111315
36441.304550
35091.293980
33735.516733
32389.983745
31027.181924
29669.497815
28357.832652
27037.643736
25755.231217
24474.569598
23229.246347
21974.255835
20785.460197
19616.069886
18493.356927
17403.837463
16347.113969
15334.028832
14348.820900
13394.322383
12496.723415
11651.049392
10832.801896
10060.149680
9319.696002
8610.591012
7948.020050
7319.757538
6743.923298
6188.607576
5663.576948
5174.237650
4725.833533
4303.553696
3902.882821
3541.774615
3221.061650
2917.179608
2630.871310
2372.707766
2134.729664
1917.579298
1718.722807
1538.711236
1373.867108
1227.284873
1088.669080
970.054655
862.507690
762.861115
674.884726
597.013307
525.278291
462.441064
405.167566
354.956258
311.162104
271.822162
236.087395
204.259190
177.813419
154.114422
133.372399
114.516996
97.793129
84.638369
71.915029
62.217882
53.324077
45.734999
38.888010
33.120728
28.316143
24.400309
20.741893
17.623025
15.053847
12.909807
10.979608
9.075744
7.809180
6.688093
5.476971
4.772955
3.907607
3.107797
2.486707
2.112757
1.748056
1.411964
1.237389
0.936706
0.770283
0.693650
0.576290
0.483598
0.287866
0.241202
0.208374
0.207851
0.131701
0.129385
0.111907
0.092002
0.070382
0.066977
0.045707
0.045274
0.051319
0.031095
0.031489
0.030449
0.025511
0.013131
0.011701
0.009058
0.007345
0.004793
0.005560
0.013448
0.011656
0.011577
0.011249
0.007588
0.007217
0.009797
0.007865
0.003091
0.002666
0.000677
0.000000
0.000000
0.000000
0.000000
0.000000
0.000000
0.000000
0.000000
0.000000
0.000000
0.000000
0.000000
0.000000
0.000000
0.000000
0.000000
0.000000
0.000000
0.000000
0.000000
0.000000
0.000000
0.000000
0.000000
0.000000
0.000000
0.000000
0.000000
0.000000
0.000000
0.000000
0.000000
0.000000
0.000000
0.000000
0.000000
0.000000
0.000000
0.000000
0.000000
0.000000
0.000000
0.000000
0.000000
0.000000
0.000000
0.000000
0.000000
0.000000
0.000000
0.000000
0.000000
0.000000
0.000000
0.000000
0.000000
0.000000
0.000000
0.000000
0.000000
0.000000
0.000000
0.000000
0.000000
0.000000
0.000000
0.000000
0.000000
0.000000
0.000000
0.000000
0.000000
0.000000
0.000000
0.000000
0.000000
0.000000
0.000000
0.000000
0.000000
0.000000
0.000000
0.000000
0.000000
0.000000
0.000000
0.000000
0.000000
0.000000
0.000000
0.000000
0.000000
0.000000
0.000000
0.000000
0.000000
0.000000
0.000000
0.000000
0.000000
0.000000
0.000000
0.000000
0.000000
0.000000
0.000000
0.000000
0.000000
0.000000
0.000000
0.000000
0.000000
0.000000
0.000000
0.000000
0.000000
0.000000
0.000000
0.000000
0.000000
0.000000
0.000000
0.000000
0.000000
0.000000
0.000000
0.000000
0.000000
0.000000
0.000000
0.000000
0.000000
0.000000
0.000000
0.000000
0.000000
0.000000
0.000000
0.000000
0.000000
0.000000
0.000000
0.000000
0.000000
0.000000
0.000000
0.000000
0.000000
0.000000
0.000000
0.000000
0.000000
0.000000
0.000000
0.000000
0.000000
0.000000
0.000000
0.000000
0.000000
0.000000
0.000000
0.000000
0.000000
0.000000
0.000000
0.000000
0.000000
0.000000
0.000000
0.000000
0.000000
0.000000
0.000000
0.000000
0.000000
0.000000
0.000000
0.000000
0.000000
0.000000
0.000000
0.000000
0.000000
0.000000
0.000000
0.000000
0.000000
0.000000
0.000000
0.000000
0.000000
0.000000
0.000000
0.000000
0.000000
0.000000
0.000000
0.000000
0.000000
0.000000
0.000000
0.000000
0.000000
0.000000
0.000000
0.000000
0.000000
0.000000
0.000000
0.000000
