0.000000
0.000000
0.004228
0.045094
0.364183
1.087391
3.750996
9.978880
23.363565
50.948823
102.157638
190.370643
330.485460
555.164953
878.889031
1338.912057
1967.163608
2790.910852
3852.567740
5163.199249
6753.441451
8614.928230
10775.826859
13229.937404
15958.525455
18944.028932
22160.070086
25615.893506
29265.807837
33068.173808
36955.959405
40955.929072
44930.350188
48949.755145
52868.603284
56704.342737
60410.902501
63993.001992
67389.815102
70643.335912
73673.897138
76548.531412
79240.770711
81731.095302
83987.514092
86082.192598
87958.258906
89616.049592
91101.603135
92344.070180
93424.521634
94296.832002
94985.425613
95535.910902
95920.504710
96153.818425
96272.890296
96279.747207
96175.412550
95980.532114
95679.265657
95307.685165
94852.531162
94316.228013
93717.629602
93086.964787
92421.431061
91690.523481
90914.992546
90118.196596
89275.767050
88419.242244
87545.936330
86657.132170
85737.880889
84844.140213
83915.969128
82983.951621
82059.086118
81161.080698
80237.760238
79363.681151
78488.684034
77591.840805
76718.554510
75867.019328
75011.519962
74164.442485
73369.898023
72565.497743
71772.627790
70965.715176
70159.278137
69379.541238
68615.674206
67877.213659
67138.028284
66425.780193
65747.556552
65074.997232
64411.068299
63762.021362
63112.658155
62470.726884
61851.202895
61234.932508
60626.106346
60019.311493
59422.007181
58870.948180
58312.078067
57729.047715
57167.620296
56618.568526
56071.471842
55520.102656
54977.583708
54429.159117
53909.383679
53389.609601
52873.948510
52345.583410
51831.832591
51328.968311
50817.132073
50301.721426
49806.540628
49324.083394
48839.733653
48359.096509
47873.024830
47372.255877
46892.979810
46401.329767
45932.884113
45450.149745
44971.822730
44494.599867
44026.222912
43546.800846
43048.674187
42571.038054
42091.836372
41598.865579
41108.950315
40605.865163
40117.190345
39626.169443
39143.272012
38654.930092
38168.254998
37681.924209
37192.832821
36707.311122
36219.566400
35721.936806
35222.456391
34734.610063
34243.990050
33753.161968
33265.918485
32769.891909
32281.163994
31787.304061
31285.522794
30784.620400
30291.821366
29793.077404
29294.101325
28787.007594
28281.606943
27775.895676
27276.057142
26777.865691
26289.194873
25798.204258
25301.009495
24793.822980
24298.364396
23796.066715
23309.672276
22815.708798
22324.985397
21844.722339
21355.280438
20878.692856
20411.341405
19940.442976
19474.454369
19007.949702
18545.255162
18089.475942
17638.220281
17186.412634
16736.525500
16292.330348
15856.208121
15429.320919
15010.797052
14599.598321
14195.594072
13795.421972
13395.331083
13007.269424
12627.253283
12254.579289
11887.782747
11520.287766
11158.743653
10805.939175
10461.432434
10120.982704
9779.969878
9448.119037
9122.111379
8804.357545
8496.642366
8191.289214
7894.448664
7607.248227
7329.930688
7053.819349
6786.181257
6532.235156
6275.394297
6026.088814
5786.935294
5551.167495
5325.714025
5102.697999
4885.013119
4679.504886
4478.955560
4286.376450
4098.336036
3918.836332
3746.570443
3577.473294
3415.462979
3260.816184
3112.299919
2967.466752
2827.641926
2692.649011
2562.975136
2439.056513
2318.559473
2201.496982
2093.384412
1987.519049
1886.577311
1789.995474
1696.873573
1607.216806
1521.399897
1441.915055
1364.427904
1291.647018
1221.561855
1153.564907
1089.265248
1028.368453
970.362198
914.516472
860.467617
809.545453
760.584574
714.628751
671.146181
629.412920
590.591608
553.082832
517.558334
483.491045
451.585448
420.909751
392.502978
365.015815
340.150861
316.409316
294.085420
273.777552
254.382433
235.783642
219.195803
203.318297
188.036669
174.722180
161.383722
149.679687
137.771776
127.553753
117.683812
108.684982
99.519070
91.533218
84.110065
77.606804
70.984034
65.005498
59.654120
54.916622
50.582919
46.353072
43.000641
39.736427
36.408036
33.555742
30.907847
28.680587
26.534554
24.508917
22.504763
20.759481
18.903031
17.332632
15.691135
14.220137
12.960666
11.819174
10.817631
9.895524
9.079472
8.348805
7.795329
7.157109
6.536688
5.917807
5.261805
4.793166
4.371293
3.946138
3.474174
3.166090
2.830913
2.628364
2.341957
2.157387
2.016709
1.837386
1.701840
1.551938
1.440631
1.340770
1.188798
1.076833
0.983692
0.905057
0.849504
0.779708
0.673557
0.655048
0.588669
0.513155
0.459402
0.421384
0.402409
0.382775
0.355373
0.315397
0.272412
0.251253
0.204756
0.166740
0.133756
0.108839
0.080804
0.068599
0.062299
0.038539
0.028042
0.018363
0.013831
0.010117
0.005462
0.003409
0.000466
0.000000
0.000000
0.000000
0.000000
0.000000
0.000000
0.000000
0.000000
0.000000
0.000000
0.000000
0.000000
0.000000
0.000000
0.000000
0.000000
0.000000
0.000000
0.000000
0.000000
0.000000
0.000000
0.000000
0.000000
0.000000
0.000000
0.000000
0.000000
0.000000
0.000000
0.000000
0.000000
0.000000
0.000000
0.000000
0.000000
0.000000
0.000000
0.000000
0.000000
0.000000
0.000000
0.000000
0.000000
0.000000
0.000000
0.000000
0.000000
0.000000
0.000000
0.000000
0.000000
0.000000
0.000000
0.000000
0.000000
0.000000
0.000000
0.000000
0.000000
0.000000
0.000000
0.000000
0.000000
0.000000
0.000000
0.000000
0.000000
0.000000
0.000000
0.000000
0.000000
0.000000
0.000000
0.000000
0.000000
0.000000
0.000000
0.000000
0.000000
0.000000
0.000000
0.000000
0.000000
0.000000
0.000000
0.000000
0.000000
0.000000
0.000000
0.000000
0.000000
0.000000
0.000000
0.000000
0.000000
0.000000
0.000000
0.000000
0.000000
0.000000
0.000000
0.000000
0.000000
0.000000
0.000000
0.000000
0.000000
0.000000
0.000000
0.000000
0.000000
0.000000
0.000000
0.000000
0.000000
0.000000
0.000000
0.000000
0.000000
0.000000
0.000000
0.000000
0.000000
0.000000
0.000000
0.000000
0.000000
0.000000
0.000000
0.000000
0.000000
0.000000
0.000000
0.000000
0.000000
0.000000
0.000000
0.000000
0.000000
0.000000
0.000000
0.000000
0.000000
0.000000
0.000000
0.000000
0.000000
0.000000
0.000000
0.000000
0.000000
0.000000
0.000000
0.000000
0.000000
0.000000
0.000000
0.000000
0.000000
0.000000
0.000000
0.000000
0.000000
0.000000
0.000000
0.000000
0.000000
0.000000
0.000000
0.000000
0.000000
0.000000
0.000000
0.000000
0.000000
0.000000
0.000000
0.000000
0.000000
0.000000
0.000000
0.000000
0.000000
0.000000
0.000000
0.000000
0.000000
0.000000
0.000000
0.000000
0.000000
0.000000
0.000000
0.000000
0.000000
0.000000
0.000000
0.000000
0.000000
0.000000
0.000000
0.000000
0.000000
0.000000
0.000000
0.000000
0.000000
0.000000
0.000000
0.000000
0.000000
0.000000
0.000000
0.000000
0.000000
0.000000
0.000000
0.000000
0.000000
0.000000
0.000000
0.000000
0.000000
0.000000
0.000000
0.000000
0.000000
0.000000
0.000000
0.000000
0.000000
0.000000
0.000000
0.000000
0.000000
0.000000
0.000000
0.000000
0.000000
0.000000
0.000000
0.000000
0.000000
0.000000
0.000000
0.000000
0.000000
0.000000
0.000000
0.000000
0.000000
0.000000
0.000000
0.000000
0.000000
0.000000
0.000000
0.000000
0.000000
0.000000
0.000000
0.000000
0.000000
0.000000
0.000000
0.000000
0.000000
0.000000
0.000000
0.000000
0.000000
0.000000
0.000000
0.000000
0.000000
0.000000
0.000000
0.000000
0.000000
0.000000
0.000000
0.000000
0.000000
0.000000
0.000000
0.000000
0.000000
0.000000
0.000000
0.000000
0.000000
0.000000
0.000000
0.000000
0.000000
0.000000
0.000000
0.000000
0.000000
0.000000
0.000000
0.000000
0.000000
0.000000
0.000000
0.000000
0.000000
0.000000
0.000000
0.000000
0.000000
0.000000
0.000000
0.000000
0.000000
0.000000
0.000000
0.000000
0.000000
0.000000
0.000000
0.000000
0.000000
0.000000
0.000000
0.000000
0.000000
0.000000
0.000000
0.000000
0.000000
0.000000
0.000000
0.000000
0.000000
0.000000
0.000000
0.000000
0.000000
0.000000
0.000000
0.000000
0.000000
0.000000
0.000000
0.000000
0.000000
0.000000
0.000000
0.000000
0.000000
0.000000
0.000000
0.000000
0.000000
0.000000
0.000000
0.000000
0.000000
0.000000
0.000000
0.000000
0.000000
0.000000
0.000000
0.000000
0.000000
0.000000
0.000000
0.000000
0.000000
0.000000
0.000000
0.000000
0.000000
0.000000
0.000000
0.000000
0.000000
0.000000
0.000000
0.000000
0.000000
0.000000
0.000000
0.000000
0.000000
0.000000
0.000000
0.000000
0.000000
0.000000
0.000000
0.000000
0.000000
0.000000
0.000000
0.000000
0.000000
0.000000
0.000000
0.000000
0.000000
0.000000
0.000000
0.000000
0.000000
0.000000
0.000000
0.000000
0.000000
0.000000
0.000000
0.000000
0.000000
0.000000
0.000000
0.000000
0.000000
0.000000
0.000000
0.000000
0.000000
0.000000
0.000000
0.000000
0.000000
0.000000
0.000000
0.000000
0.000000
0.000000
0.000000
0.000000
0.000000
0.000000
0.000000
0.000000
0.000000
0.000000
0.000000
0.000000
0.000000
0.000000
0.000000
0.000000
0.000000
0.000000
0.000000
0.000000
0.000000
0.000000
0.000000
0.000000
0.000000
0.000000
0.000000
0.000000
0.000000
0.000000
0.000000
0.000000
0.000000
0.000000
0.000000
0.000000
0.000000
0.000000
0.000000
0.000000
0.000000
0.000000
0.000000
0.000000
0.000000
0.000000
0.000000
0.000000
0.000000
0.000000
0.000000
0.000000
0.000000
0.000000
0.000000
0.000000
0.000000
0.000000
0.000000
0.000000
0.000000
0.000000
0.000000
0.000000
0.000000
0.000000
0.000000
0.000000
0.000000
0.000000
0.000000
0.000000
0.000000
0.000000
0.000000
0.000000
0.000000
0.000000
0.000000
0.000000
0.000000
0.000000
0.000000
0.000000
0.000000
0.000000
0.000000
0.000000
0.000000
0.000000
0.000000
0.000000
0.000000
0.000000
0.000000
0.000000
0.000000
0.000000
0.000000
0.000000
0.000000
0.000000
0.000000
0.000000
0.000000
0.000000
0.000000
0.000000
0.000000
0.000000
0.000000
0.000000
0.000000
0.000000
0.000000
0.000000
0.000000
0.000000
0.000000
0.000000
0.000000
0.000000
0.000000
0.000000
0.000000
0.000000
0.000000
0.000000
0.000000
0.000000
0.000000
0.000000
0.000000
0.000000
0.000000
0.000000
0.000000
0.000000
0.000000
0.000000
0.000000
0.000000
0.000000
0.000000
0.000000
0.000000
0.000000
0.000000
0.000000
0.000000
0.000000
0.000000
0.000000
0.000000
0.000000
0.000000
0.000000
0.000000
0.000000
0.000000
0.000000
0.000000
0.000000
0.000000
0.000000
0.000000
0.000000
0.000000
0.000000
0.000000
0.000000
0.000000
0.000000
0.000000
0.000000
0.000000
0.000000
0.000000
0.000000
0.000000
0.000000
0.000000
0.000000
0.000000
0.000000
0.000000
0.000000
0.000000
0.000000
0.000000
0.000000
0.000000
0.000000
