0.000000
0.035865
1.206472
4.886332
18.634273
84.515913
192.767027
376.105795
663.128602
1066.482166
1610.455063
2396.468665
3588.595624
5146.515611
6823.949725
9040.805020
11425.349270
14375.584486
17439.791691
21017.722783
24789.003300
28774.345519
32952.187289
37042.629138
41274.525891
45176.192744
49263.467695
53436.061792
57347.392964
61001.634238
64306.633037
67398.244360
70097.328215
73053.699476
75378.415731
77497.050029
79492.804159
81306.128318
82621.714003
84184.910557
85535.514947
86350.459560
86573.179384
87156.399302
87411.804866
87387.247650
87022.384590
87123.039250
86778.152331
86378.339640
85778.072788
85127.164792
84532.000908
83927.716945
83121.587022
82341.033237
81444.055016
80455.326739
79938.357288
79311.221533
78212.956796
77285.086672
76168.719026
75213.107784
74035.067795
72999.694317
72246.616026
71215.151837
70458.148976
69898.318937
69134.960589
68045.307753
67135.193415
66360.136707
65354.008298
64743.634414
63968.771640
63136.666192
62197.478265
61464.585317
60844.880791
60035.201198
59040.179241
58328.535041
57585.463308
56681.937173
56030.393236
55509.285706
54906.652111
54383.576953
53699.733205
53231.192621
52898.103385
52257.403985
51790.602836
51427.292752
50992.444676
50616.579177
50233.101172
49892.698901
49360.702833
48955.485621
48511.370429
48089.659015
47601.321245
47296.779054
46907.091613
46398.591667
45998.808698
45540.898604
45136.566586
44782.744494
44579.507095
44185.938803
43874.016243
43549.835791
43284.763618
42903.109057
42574.907278
42261.728333
41948.600442
41504.532967
41250.683758
41036.980139
40805.674683
40660.318861
40243.825568
40106.014664
39854.759490
39538.579441
39215.556840
38910.965997
38494.679426
38167.824804
37872.157145
37539.117884
37288.815765
36969.704033
36768.340822
36392.497451
36172.871472
35964.030752
35670.069614
35373.081094
35114.003280
34725.729419
34442.422705
34307.706632
34031.740182
33831.881841
33687.527899
33422.783141
33185.419012
32976.507441
32740.438012
32593.992125
32469.631307
32253.873425
31997.418211
31883.183786
31583.563031
31425.552251
31097.632908
30846.941570
30575.417277
30416.586615
30252.051024
30082.703309
29900.580428
29652.646789
29375.321874
29086.048864
28913.958164
28684.047317
28496.425216
28228.105516
27994.062472
27769.887656
27558.398571
27310.475068
27163.355812
27017.216086
26739.958099
26479.114116
26169.272755
25952.765271
25574.837287
25408.858720
25079.260124
24708.683383
24447.416814
24213.478773
23950.311808
23697.594133
23437.818851
23203.473413
22884.260915
22603.286908
22429.847443
22140.737976
21989.418238
21669.156547
21401.163470
21096.668556
20774.047952
20526.480034
20204.406536
20020.811584
19751.039225
19482.952356
19219.306832
18973.872482
18630.067111
18375.430371
18154.478126
17816.816224
17499.907759
17205.719523
16890.427910
16588.276810
16307.424904
16072.905856
15799.948712
15560.534033
15254.005129
15040.300004
14781.323350
14518.956081
14276.402050
13976.886177
13725.505736
13480.215991
13260.353533
12998.783483
12760.596675
12523.890362
12285.064038
12063.605887
11888.384841
11679.802318
11450.954322
11237.750667
11000.827326
10772.755921
10573.705916
10368.625964
10140.614219
9885.042516
9656.861258
9462.347658
9259.268046
9076.350711
8856.604841
8656.783868
8460.179636
8307.753795
8118.155260
7953.466035
7772.317897
7608.759512
7370.726045
7129.449973
6945.231787
6751.256181
6540.902387
6393.658056
6210.959086
6062.048213
5932.333761
5790.009398
5644.685857
5482.183843
5358.003773
5230.141860
5104.704022
4963.267696
4831.515488
4701.026637
4583.260044
4486.629344
4336.731783
4200.639674
4081.434876
3954.888796
3857.722328
3738.257350
3639.623265
3499.455388
3385.127159
3255.288326
3153.636011
3047.054480
2921.610158
2824.854904
2729.688687
2642.204637
2535.341816
2455.976820
2382.652267
2311.233062
2223.018860
2143.296391
2058.307364
1982.251864
1917.609161
1856.949612
1790.642222
1730.636358
1680.060931
1624.877003
1561.790315
1508.730818
1455.218883
1382.638186
1335.522113
1294.719911
1244.308564
1188.808156
1141.128785
1100.955440
1055.016182
1014.021975
965.818448
925.709045
899.364454
864.930065
827.445583
788.380829
754.991433
732.869454
705.389784
671.972251
646.056153
607.911374
581.375700
557.087063
533.572522
511.646319
488.429806
461.257410
451.208546
437.643009
410.490572
394.654641
374.719273
363.946164
343.872550
326.860881
310.318831
295.550018
279.907175
271.900273
261.378468
247.049764
228.776502
220.777004
210.205346
194.933327
182.074207
170.155906
160.277075
154.441514
149.682128
139.234609
131.505637
122.658246
114.138138
107.999226
101.275103
94.353113
89.625273
83.186032
79.180837
75.821261
70.592268
65.412302
63.065070
58.506661
56.313253
54.353015
50.211832
47.661654
46.905737
44.379447
42.400450
40.092430
36.866651
34.254016
33.072447
30.375702
27.401159
24.986835
24.830351
22.213922
23.260471
20.878444
19.336356
17.913150
16.197890
15.279982
13.882148
14.600884
12.642839
11.806526
11.926345
10.646939
10.440968
9.510481
9.170230
9.636518
8.731074
7.862330
7.390247
7.302560
5.781270
6.062850
5.427833
5.437904
5.242492
4.644604
4.005833
3.867598
3.670685
3.238051
2.637240
2.986369
3.283473
2.564472
1.921903
1.568093
1.226692
1.224977
1.154201
1.227467
1.041325
0.902964
0.840755
0.953092
0.856725
0.677444
0.649129
0.558962
0.636417
0.404919
0.192798
0.368006
0.451948
0.846455
1.141058
0.752813
0.997656
1.079624
0.847604
0.857230
0.508993
0.381164
0.302526
0.269722
0.320842
0.190276
0.058752
0.021701
0.000000
0.000000
0.000000
0.000000
0.000000
0.000000
0.000000
0.000000
0.000000
0.000000
0.000000
0.000000
0.000000
0.000000
0.000000
0.000000
0.000000
0.000000
0.000000
0.000000
0.000000
0.000000
0.000000
0.000000
0.000000
0.000000
0.000000
0.000000
0.000000
0.000000
0.000000
0.000000
0.000000
0.000000
0.000000
0.000000
0.000000
0.000000
0.000000
0.000000
0.000000
0.000000
0.000000
0.000000
0.000000
0.000000
0.000000
0.000000
0.000000
0.000000
0.000000
0.000000
0.000000
0.000000
0.000000
0.000000
0.000000
0.000000
0.000000
0.000000
0.000000
0.000000
0.000000
0.000000
0.000000
0.000000
0.000000
0.000000
0.000000
0.000000
0.000000
0.000000
0.000000
0.000000
0.000000
0.000000
0.000000
0.000000
0.000000
0.000000
0.000000
0.000000
0.000000
0.000000
0.000000
0.000000
0.000000
0.000000
0.000000
0.000000
0.000000
0.000000
0.000000
0.000000
0.000000
0.000000
0.000000
0.000000
0.000000
0.000000
0.000000
0.000000
0.000000
0.000000
0.000000
0.000000
0.000000
0.000000
0.000000
0.000000
0.000000
0.000000
0.000000
0.000000
0.000000
0.000000
0.000000
0.000000
0.000000
0.000000
0.000000
0.000000
0.000000
0.000000
0.000000
0.000000
0.000000
0.000000
0.000000
0.000000
0.000000
0.000000
0.000000
0.000000
0.000000
0.000000
0.000000
0.000000
0.000000
0.000000
0.000000
0.000000
0.000000
0.000000
0.000000
0.000000
0.000000
0.000000
0.000000
0.000000
0.000000
0.000000
0.000000
0.000000
0.000000
0.000000
0.000000
0.000000
0.000000
0.000000
0.000000
0.000000
0.000000
0.000000
0.000000
0.000000
0.000000
0.000000
0.000000
0.000000
0.000000
0.000000
0.000000
0.000000
0.000000
0.000000
0.000000
0.000000
0.000000
0.000000
0.000000
0.000000
0.000000
0.000000
0.000000
0.000000
0.000000
0.000000
0.000000
0.000000
0.000000
0.000000
0.000000
0.000000
0.000000
0.000000
0.000000
0.000000
0.000000
0.000000
0.000000
0.000000
0.000000
0.000000
0.000000
0.000000
0.000000
0.000000
0.000000
0.000000
0.000000
0.000000
0.000000
0.000000
0.000000
0.000000
0.000000
0.000000
0.000000
0.000000
0.000000
0.000000
0.000000
0.000000
0.000000
0.000000
0.000000
0.000000
0.000000
0.000000
0.000000
0.000000
0.000000
0.000000
0.000000
0.000000
0.000000
0.000000
0.000000
0.000000
0.000000
0.000000
0.000000
0.000000
0.000000
0.000000
0.000000
0.000000
0.000000
0.000000
0.000000
0.000000
0.000000
0.000000
0.000000
0.000000
0.000000
0.000000
0.000000
0.000000
0.000000
0.000000
0.000000
0.000000
0.000000
0.000000
0.000000
0.000000
0.000000
0.000000
0.000000
0.000000
0.000000
0.000000
0.000000
0.000000
0.000000
0.000000
0.000000
0.000000
0.000000
0.000000
0.000000
0.000000
0.000000
0.000000
0.000000
0.000000
0.000000
0.000000
0.000000
0.000000
0.000000
0.000000
0.000000
0.000000
0.000000
0.000000
0.000000
0.000000
0.000000
0.000000
0.000000
0.000000
0.000000
0.000000
0.000000
0.000000
0.000000
0.000000
0.000000
0.000000
0.000000
0.000000
0.000000
0.000000
0.000000
0.000000
0.000000
0.000000
0.000000
0.000000
0.000000
0.000000
0.000000
0.000000
0.000000
0.000000
0.000000
0.000000
0.000000
0.000000
0.000000
0.000000
0.000000
0.000000
0.000000
0.000000
0.000000
0.000000
0.000000
0.000000
0.000000
0.000000
0.000000
0.000000
0.000000
0.000000
0.000000
0.000000
0.000000
0.000000
0.000000
0.000000
0.000000
0.000000
0.000000
0.000000
0.000000
0.000000
0.000000
0.000000
0.000000
0.000000
0.000000
0.000000
0.000000
0.000000
0.000000
0.000000
0.000000
0.000000
0.000000
0.000000
0.000000
0.000000
0.000000
0.000000
0.000000
0.000000
0.000000
0.000000
0.000000
0.000000
0.000000
0.000000
0.000000
0.000000
0.000000
0.000000
0.000000
0.000000
0.000000
0.000000
0.000000
0.000000
0.000000
0.000000
0.000000
0.000000
0.000000
0.000000
0.000000
0.000000
0.000000
0.000000
0.000000
0.000000
0.000000
0.000000
0.000000
0.000000
0.000000
0.000000
0.000000
0.000000
0.000000
0.000000
0.000000
0.000000
0.000000
0.000000
0.000000
0.000000
0.000000
0.000000
0.000000
0.000000
0.000000
0.000000
0.000000
0.000000
0.000000
0.000000
0.000000
0.000000
0.000000
0.000000
0.000000
0.000000
0.000000
0.000000
0.000000
0.000000
0.000000
0.000000
0.000000
0.000000
0.000000
0.000000
0.000000
0.000000
0.000000
0.000000
0.000000
0.000000
0.000000
0.000000
0.000000
0.000000
0.000000
0.000000
0.000000
0.000000
0.000000
0.000000
0.000000
0.000000
0.000000
0.000000
0.000000
0.000000
0.000000
0.000000
0.000000
0.000000
0.000000
0.000000
0.000000
0.000000
0.000000
0.000000
0.000000
0.000000
0.000000
0.000000
0.000000
0.000000
0.000000
0.000000
0.000000
0.000000
0.000000
0.000000
0.000000
0.000000
0.000000
0.000000
0.000000
0.000000
0.000000
0.000000
0.000000
0.000000
0.000000
0.000000
0.000000
0.000000
0.000000
0.000000
0.000000
0.000000
0.000000
0.000000
0.000000
0.000000
0.000000
0.000000
0.000000
0.000000
0.000000
0.000000
0.000000
0.000000
0.000000
0.000000
0.000000
0.000000
0.000000
0.000000
0.000000
0.000000
0.000000
0.000000
0.000000
0.000000
0.000000
0.000000
0.000000
