0.000000
0.000000
0.000000
0.000000
0.000000
0.000000
0.116287
0.250419
0.713857
0.972033
1.890931
4.009798
6.776264
10.159272
17.189052
29.824644
49.581726
82.112971
118.541400
168.116249
234.267304
326.175033
457.571352
620.718301
820.720770
1066.623601
1360.894627
1742.344581
2179.938830
2697.596738
3309.347547
4021.042537
4849.563913
5802.345127
6884.740664
8090.731119
9420.333795
10852.849607
12423.413088
14159.787358
16080.836091
18135.236342
20247.921747
22495.701636
24907.845893
27464.226422
30135.696046
32866.908305
35733.032728
38625.552292
41597.099009
44647.778423
47716.699986
50807.459022
54009.793734
57226.494011
60415.044116
63635.303692
66828.846379
70074.576443
73153.374929
76261.106155
79345.621887
82284.304536
85199.961520
88050.584070
90794.300997
93401.690470
95890.712938
98290.148433
100610.839258
102810.681572
104916.040903
106838.148539
108655.409095
110420.547777
111994.250992
113453.053533
114732.840103
115843.190362
116826.531085
117810.927567
118621.974448
119334.824861
119956.180862
120464.578968
120737.543944
120862.097730
120875.944179
120834.185081
120654.793890
120430.471967
120145.101434
119754.836964
119193.228769
118563.220015
117816.232265
116955.182481
116108.161746
115213.092066
114112.585264
113040.859602
111860.880905
110603.111297
109266.172006
107907.549876
106534.875818
105062.837415
103573.327744
102048.386087
100458.327268
98825.862335
97163.128816
95497.505635
93850.725473
92158.391811
90415.437488
88746.388191
87032.930667
85335.954108
83626.452656
81856.579166
80120.702405
78409.800666
76654.591467
74933.027513
73192.912191
71480.684298
69737.399100
68029.320423
66353.105488
64747.433766
63109.955287
61402.889279
59829.856518
58255.510904
56694.588708
55125.377224
53603.288360
52091.051180
50620.541650
49163.274597
47737.713790
46351.605991
44922.684482
43558.407229
42199.518114
40916.595687
39611.972095
38343.527059
37104.792942
35869.910118
34688.899689
33535.027024
32414.108927
31302.609621
30193.920942
29141.952774
28136.991475
27138.712932
26180.784142
25256.899844
24360.355462
23472.415476
22593.752704
21785.528549
20967.558781
20171.220297
19405.973013
18653.841661
17958.669502
17272.994075
16627.057134
15969.140784
15324.301912
14699.320842
14104.553936
13524.470151
12961.086853
12422.726219
11902.211146
11404.715286
10945.534944
10483.940334
10018.774909
9572.570467
9157.516703
8753.281034
8358.559680
8003.876865
7644.001839
7310.516572
6978.711226
6665.085026
6361.770661
6066.340478
5785.651022
5523.390547
5253.466416
4999.888238
4764.184639
4545.553112
4323.832973
4119.192195
3920.432963
3722.208291
3540.121125
3359.684868
3188.378671
3024.691632
2875.762028
2731.001034
2597.026683
2460.406578
2323.823862
2205.311139
2088.223623
1973.520992
1863.547151
1758.200107
1670.763952
1580.993034
1497.407826
1417.582964
1337.905249
1267.048303
1197.410469
1125.795192
1060.282992
997.919596
940.671591
882.170539
830.932215
783.538350
739.871646
698.723179
653.093156
614.633973
578.333605
544.043631
510.869854
479.053606
449.600507
419.963310
393.957625
373.706295
352.942455
329.426590
309.405628
288.183388
271.148324
253.853743
239.078123
226.574944
211.642613
196.600357
183.322708
170.892570
158.545434
148.564661
138.757939
129.083383
122.193700
115.011140
107.478300
99.124002
92.848959
85.366240
80.057277
73.812901
69.921684
64.614120
61.330077
57.625733
54.343712
50.267239
45.659461
42.667208
39.920727
36.875322
35.130499
32.767932
30.783426
28.006182
26.414905
25.070896
23.705360
22.431858
20.609454
19.187087
18.250745
16.383361
15.475732
14.347226
13.343509
12.689949
11.369940
10.198670
9.138063
8.386724
7.752226
7.231348
6.206783
5.699772
5.323716
5.056100
4.509986
4.112329
3.678877
3.539111
3.288943
3.020232
2.967007
2.697810
2.272547
2.328931
2.128982
1.870050
1.628977
1.419673
1.249464
1.165081
1.130570
1.137710
0.968961
0.915333
0.956540
0.828291
0.780955
0.789602
0.723341
0.639709
0.526437
0.454123
0.355463
0.275719
0.189549
0.170325
0.196691
0.158667
0.165867
0.178150
0.193576
0.160617
0.171512
0.162997
0.170234
0.148059
0.126281
0.111833
0.070039
0.055006
0.057524
0.075617
0.068796
0.035536
0.047297
0.058661
0.075590
0.087495
0.072978
0.081289
0.084175
0.139359
0.172192
0.179867
0.096150
0.052775
0.041289
0.042512
0.035272
0.011063
0.001411
0.000000
0.000000
0.000000
0.000000
0.000000
0.000000
0.000000
0.000000
0.000000
0.000000
0.000000
0.000000
0.000000
0.000000
0.000000
0.000000
0.000000
0.000000
0.000000
0.000000
0.000000
0.000000
0.000000
0.000000
0.000000
0.000000
0.000000
0.000000
0.000000
0.000000
0.000000
0.000000
0.000000
0.000000
0.000000
0.000000
0.000000
0.000000
0.000000
0.000000
0.000000
0.000000
0.000000
0.000000
0.000000
0.000000
0.000000
0.000000
0.000000
0.000000
0.000000
0.000000
0.000000
0.000000
0.000000
0.000000
0.000000
0.000000
0.000000
0.000000
0.000000
0.000000
0.000000
0.000000
0.000000
0.000000
0.000000
0.000000
0.000000
0.000000
0.000000
0.000000
0.000000
0.000000
0.000000
0.000000
0.000000
0.000000
0.000000
0.000000
0.000000
0.000000
0.000000
0.000000
0.000000
0.000000
0.000000
0.000000
0.000000
0.000000
0.000000
0.000000
0.000000
0.000000
0.000000
0.000000
0.000000
0.000000
0.000000
0.000000
0.000000
0.000000
0.000000
0.000000
0.000000
0.000000
0.000000
0.000000
0.000000
0.000000
0.000000
0.000000
0.000000
0.000000
0.000000
0.000000
0.000000
0.000000
0.000000
0.000000
0.000000
0.000000
0.000000
0.000000
0.000000
0.000000
0.000000
0.000000
0.000000
0.000000
0.000000
0.000000
0.000000
0.000000
0.000000
0.000000
0.000000
0.000000
0.000000
0.000000
0.000000
0.000000
0.000000
0.000000
0.000000
0.000000
0.000000
0.000000
0.000000
0.000000
0.000000
0.000000
0.000000
0.000000
0.000000
0.000000
0.000000
0.000000
0.000000
0.000000
0.000000
0.000000
0.000000
0.000000
0.000000
0.000000
0.000000
0.000000
0.000000
0.000000
0.000000
0.000000
0.000000
0.000000
0.000000
0.000000
0.000000
0.000000
0.000000
0.000000
0.000000
0.000000
0.000000
0.000000
0.000000
0.000000
0.000000
0.000000
0.000000
0.000000
0.000000
0.000000
0.000000
0.000000
0.000000
0.000000
0.000000
0.000000
0.000000
0.000000
0.000000
0.000000
0.000000
0.000000
0.000000
0.000000
0.000000
0.000000
0.000000
0.000000
0.000000
0.000000
0.000000
0.000000
0.000000
0.000000
0.000000
0.000000
0.000000
0.000000
0.000000
0.000000
0.000000
0.000000
0.000000
0.000000
0.000000
0.000000
0.000000
0.000000
0.000000
0.000000
0.000000
0.000000
0.000000
0.000000
0.000000
0.000000
0.000000
0.000000
0.000000
0.000000
0.000000
0.000000
0.000000
0.000000
0.000000
0.000000
0.000000
0.000000
0.000000
0.000000
0.000000
0.000000
0.000000
0.000000
0.000000
0.000000
0.000000
0.000000
0.000000
0.000000
0.000000
0.000000
0.000000
0.000000
0.000000
0.000000
0.000000
0.000000
0.000000
0.000000
0.000000
0.000000
0.000000
0.000000
0.000000
0.000000
0.000000
0.000000
0.000000
0.000000
0.000000
0.000000
0.000000
0.000000
0.000000
0.000000
0.000000
0.000000
0.000000
0.000000
0.000000
0.000000
0.000000
0.000000
0.000000
0.000000
0.000000
0.000000
0.000000
0.000000
0.000000
0.000000
0.000000
0.000000
0.000000
0.000000
0.000000
0.000000
0.000000
0.000000
0.000000
0.000000
0.000000
0.000000
0.000000
0.000000
0.000000
0.000000
0.000000
0.000000
0.000000
0.000000
0.000000
0.000000
0.000000
0.000000
0.000000
0.000000
0.000000
0.000000
0.000000
0.000000
0.000000
0.000000
0.000000
0.000000
0.000000
0.000000
0.000000
0.000000
0.000000
0.000000
0.000000
0.000000
0.000000
0.000000
0.000000
0.000000
0.000000
0.000000
0.000000
0.000000
0.000000
0.000000
0.000000
0.000000
0.000000
0.000000
0.000000
0.000000
0.000000
0.000000
0.000000
0.000000
0.000000
0.000000
0.000000
0.000000
0.000000
0.000000
0.000000
0.000000
0.000000
0.000000
0.000000
0.000000
0.000000
0.000000
0.000000
0.000000
0.000000
0.000000
0.000000
0.000000
0.000000
0.000000
0.000000
0.000000
0.000000
0.000000
0.000000
0.000000
0.000000
0.000000
0.000000
0.000000
0.000000
0.000000
0.000000
0.000000
0.000000
0.000000
0.000000
0.000000
0.000000
0.000000
0.000000
0.000000
0.000000
0.000000
0.000000
0.000000
0.000000
0.000000
0.000000
0.000000
0.000000
0.000000
0.000000
0.000000
0.000000
0.000000
0.000000
0.000000
0.000000
0.000000
0.000000
0.000000
0.000000
0.000000
0.000000
0.000000
0.000000
0.000000
0.000000
0.000000
0.000000
0.000000
0.000000
0.000000
0.000000
0.000000
0.000000
0.000000
0.000000
0.000000
0.000000
0.000000
0.000000
0.000000
0.000000
0.000000
0.000000
0.000000
0.000000
0.000000
0.000000
0.000000
0.000000
0.000000
0.000000
0.000000
0.000000
0.000000
0.000000
0.000000
0.000000
0.000000
0.000000
0.000000
0.000000
0.000000
0.000000
0.000000
0.000000
0.000000
0.000000
0.000000
0.000000
0.000000
0.000000
0.000000
0.000000
0.000000
0.000000
0.000000
0.000000
0.000000
0.000000
0.000000
0.000000
0.000000
0.000000
0.000000
0.000000
0.000000
0.000000
0.000000
0.000000
0.000000
0.000000
0.000000
0.000000
0.000000
0.000000
0.000000
0.000000
0.000000
0.000000
0.000000
0.000000
0.000000
0.000000
0.000000
0.000000
0.000000
0.000000
0.000000
0.000000
0.000000
0.000000
0.000000
0.000000
0.000000
0.000000
0.000000
0.000000
0.000000
0.000000
0.000000
0.000000
0.000000
0.000000
0.000000
0.000000
0.000000
0.000000
0.000000
0.000000
0.000000
0.000000
0.000000
0.000000
0.000000
0.000000
0.000000
0.000000
0.000000
0.000000
0.000000
0.000000
0.000000
0.000000
0.000000
0.000000
0.000000
0.000000
0.000000
0.000000
0.000000
0.000000
0.000000
0.000000
0.000000
0.000000
0.000000
0.000000
0.000000
0.000000
0.000000
0.000000
0.000000
0.000000
0.000000
0.000000
0.000000
0.000000
0.000000
0.000000
0.000000
0.000000
0.000000
0.000000
0.000000
0.000000
0.000000
0.000000
0.000000
0.000000
0.000000
0.000000
0.000000
0.000000
0.000000
0.000000
0.000000
0.000000
0.000000
0.000000
0.000000
0.000000
0.000000
0.000000
0.000000
0.000000
0.000000
0.000000
0.000000
0.000000
0.000000
0.000000
0.000000
0.000000
0.000000
0.000000
0.000000
0.000000
0.000000
0.000000
0.000000
0.000000
0.000000
0.000000
0.000000
0.000000
0.000000
