0.000000
0.000000
0.000000
0.000000
0.000000
0.000000
0.000000
0.000000
0.000000
0.008466
0.038262
0.113101
0.168048
0.367952
0.705473
1.456656
3.093526
4.871272
8.452742
13.253735
20.747801
32.623745
49.977371
76.926816
113.281597
166.116525
240.992176
338.881509
467.439279
629.570491
844.131802
1109.670243
1433.928751
1835.032114
2314.051690
2884.596957
3565.557865
4350.508698
5268.060792
6318.670574
7530.512201
8884.940465
10411.113963
12099.263949
13952.811836
15986.676865
18198.832648
20580.444956
23125.217369
25844.472227
28711.631412
31745.847367
34941.375682
38281.626244
41728.751308
45251.903510
48894.267803
52590.165162
56391.810106
60250.717509
64156.835076
68058.101582
71962.317255
75856.920430
79720.200069
83561.672562
87350.437844
91044.844688
94698.813799
98252.311566
101723.443491
105093.839796
108296.155004
111388.250087
114319.547065
117081.984964
119682.604939
122123.775120
124397.903288
126504.974329
128449.684456
130198.479639
131795.103166
133209.272322
134462.901898
135504.037844
136428.297779
137149.457774
137663.896380
138023.263714
138198.150015
138204.666873
138050.441491
137738.621794
137236.933646
136659.326827
135937.057012
135071.928256
134053.978104
132924.062408
131687.482867
130350.864911
128894.458029
127333.962070
125682.884775
123911.202196
122094.695066
120222.853064
118267.444912
116219.828520
114146.645366
112008.424208
109823.954368
107612.202998
105344.078216
103051.435806
100733.459449
98394.170966
96058.744926
93681.795443
91308.655350
88930.094147
86564.202157
84210.911586
81867.339649
79534.560917
77243.882003
74958.337543
72694.818706
70448.319076
68244.475272
66062.105250
63925.343238
61806.611487
59708.326951
57646.383046
55628.339706
53623.085020
51672.828714
49756.568096
47880.356912
46057.283002
44281.090328
42539.850465
40840.542370
39195.548172
37599.349597
36056.169852
34554.627478
33097.663598
31677.493414
30313.132864
28998.799533
27717.057276
26485.715922
25285.602917
24131.047501
23015.251979
21938.624855
20898.244412
19912.473218
18954.043124
18031.037342
17149.952980
16299.597115
15493.708834
14715.034363
13960.744427
13239.115375
12554.669935
11893.561875
11263.351286
10658.658861
10085.535041
9537.492497
9007.303660
8500.778010
8017.776449
7559.193672
7124.468497
6709.197083
6318.996984
5943.705832
5589.082116
5254.350270
4937.660632
4633.695601
4348.990471
4080.114748
3826.691485
3585.850869
3362.872160
3147.457164
2946.978649
2758.829401
2578.048067
2410.511962
2251.220766
2101.908467
1960.474257
1825.798100
1700.639908
1580.293070
1468.773033
1362.644883
1264.010908
1172.872108
1086.521042
1005.391619
929.193515
856.543411
789.584170
729.367993
672.609999
618.696539
569.507462
524.105045
480.782620
441.809688
407.067273
374.011486
343.874565
315.777688
288.949469
264.847952
241.796810
221.629704
202.534612
184.714348
167.596133
152.275135
138.974860
126.397182
114.963068
103.991203
94.424510
85.095475
76.604621
69.114398
62.545379
56.586196
50.653001
45.651405
41.113543
36.736016
32.996279
29.395916
26.348422
23.919895
21.355938
19.114415
17.269795
15.371159
13.575219
12.040068
10.629996
9.436618
8.512605
7.616817
6.740262
5.985369
5.310603
4.756880
4.178879
3.666640
3.177841
2.677836
2.302898
2.049945
1.794300
1.506212
1.260416
1.046848
0.845266
0.705779
0.589854
0.500063
0.402096
0.310641
0.234601
0.184313
0.143170
0.109327
0.082825
0.074159
0.053329
0.035934
0.023019
0.015844
0.009337
0.008869
0.007059
0.006999
0.004149
0.001810
0.002097
0.001734
0.001690
0.001032
0.000729
0.000000
0.000000
0.000000
0.000000
0.000000
0.000000
0.000000
0.000000
0.000000
0.000000
0.000000
0.000000
0.000000
0.000000
0.000000
0.000000
0.000000
0.000000
0.000000
0.000000
0.000000
0.000000
0.000000
0.000000
0.000000
0.000000
0.000000
0.000000
0.000000
0.000000
0.000000
0.000000
0.000000
0.000000
0.000000
0.000000
0.000000
0.000000
0.000000
0.000000
0.000000
0.000000
0.000000
0.000000
0.000000
0.000000
0.000000
0.000000
0.000000
0.000000
0.000000
0.000000
0.000000
0.000000
0.000000
0.000000
0.000000
0.000000
0.000000
0.000000
0.000000
0.000000
0.000000
0.000000
0.000000
0.000000
0.000000
0.000000
0.000000
0.000000
0.000000
0.000000
0.000000
0.000000
0.000000
0.000000
0.000000
0.000000
0.000000
0.000000
0.000000
0.000000
0.000000
0.000000
0.000000
0.000000
0.000000
0.000000
0.000000
0.000000
0.000000
0.000000
0.000000
0.000000
0.000000
0.000000
0.000000
0.000000
0.000000
0.000000
0.000000
0.000000
0.000000
0.000000
0.000000
0.000000
0.000000
0.000000
0.000000
0.000000
0.000000
0.000000
0.000000
0.000000
0.000000
0.000000
0.000000
0.000000
0.000000
0.000000
0.000000
0.000000
0.000000
0.000000
0.000000
0.000000
0.000000
0.000000
0.000000
0.000000
0.000000
0.000000
0.000000
0.000000
0.000000
0.000000
0.000000
0.000000
0.000000
0.000000
0.000000
0.000000
0.000000
0.000000
0.000000
0.000000
0.000000
0.000000
0.000000
0.000000
0.000000
0.000000
0.000000
0.000000
0.000000
0.000000
0.000000
0.000000
0.000000
0.000000
0.000000
0.000000
0.000000
0.000000
0.000000
0.000000
0.000000
0.000000
0.000000
0.000000
0.000000
0.000000
0.000000
0.000000
0.000000
0.000000
0.000000
0.000000
0.000000
0.000000
0.000000
0.000000
0.000000
0.000000
0.000000
0.000000
0.000000
0.000000
0.000000
0.000000
0.000000
0.000000
0.000000
0.000000
0.000000
0.000000
0.000000
0.000000
0.000000
0.000000
0.000000
0.000000
0.000000
0.000000
0.000000
0.000000
0.000000
0.000000
0.000000
0.000000
0.000000
0.000000
0.000000
0.000000
0.000000
0.000000
0.000000
0.000000
0.000000
0.000000
0.000000
0.000000
0.000000
0.000000
0.000000
0.000000
0.000000
0.000000
0.000000
0.000000
0.000000
0.000000
0.000000
0.000000
0.000000
0.000000
0.000000
0.000000
0.000000
0.000000
0.000000
0.000000
0.000000
0.000000
0.000000
0.000000
0.000000
0.000000
0.000000
0.000000
0.000000
0.000000
0.000000
0.000000
0.000000
0.000000
0.000000
0.000000
0.000000
0.000000
0.000000
0.000000
0.000000
0.000000
0.000000
0.000000
0.000000
0.000000
0.000000
0.000000
0.000000
0.000000
0.000000
0.000000
0.000000
0.000000
0.000000
0.000000
0.000000
0.000000
0.000000
0.000000
0.000000
0.000000
0.000000
0.000000
0.000000
0.000000
0.000000
0.000000
0.000000
0.000000
0.000000
0.000000
0.000000
0.000000
0.000000
0.000000
0.000000
0.000000
0.000000
0.000000
0.000000
0.000000
0.000000
0.000000
0.000000
0.000000
0.000000
0.000000
0.000000
0.000000
0.000000
0.000000
0.000000
0.000000
0.000000
0.000000
0.000000
0.000000
0.000000
0.000000
0.000000
0.000000
0.000000
0.000000
0.000000
0.000000
0.000000
0.000000
0.000000
0.000000
0.000000
0.000000
0.000000
0.000000
0.000000
0.000000
0.000000
0.000000
0.000000
0.000000
0.000000
0.000000
0.000000
0.000000
0.000000
0.000000
0.000000
0.000000
0.000000
0.000000
0.000000
0.000000
0.000000
0.000000
0.000000
0.000000
0.000000
0.000000
0.000000
0.000000
0.000000
0.000000
0.000000
0.000000
0.000000
0.000000
0.000000
0.000000
0.000000
0.000000
0.000000
0.000000
0.000000
0.000000
0.000000
0.000000
0.000000
0.000000
0.000000
0.000000
0.000000
0.000000
0.000000
0.000000
0.000000
0.000000
0.000000
0.000000
0.000000
0.000000
0.000000
0.000000
0.000000
0.000000
0.000000
0.000000
0.000000
0.000000
0.000000
0.000000
0.000000
0.000000
0.000000
0.000000
0.000000
0.000000
0.000000
0.000000
0.000000
0.000000
0.000000
0.000000
0.000000
0.000000
0.000000
0.000000
0.000000
0.000000
0.000000
0.000000
0.000000
0.000000
0.000000
0.000000
0.000000
0.000000
0.000000
0.000000
0.000000
0.000000
0.000000
0.000000
0.000000
0.000000
0.000000
0.000000
0.000000
0.000000
0.000000
0.000000
0.000000
0.000000
0.000000
0.000000
0.000000
0.000000
0.000000
0.000000
0.000000
0.000000
0.000000
0.000000
0.000000
0.000000
0.000000
0.000000
0.000000
0.000000
0.000000
0.000000
0.000000
0.000000
0.000000
0.000000
0.000000
0.000000
0.000000
0.000000
0.000000
0.000000
0.000000
0.000000
0.000000
0.000000
0.000000
0.000000
0.000000
0.000000
0.000000
0.000000
0.000000
0.000000
0.000000
0.000000
0.000000
0.000000
0.000000
0.000000
0.000000
0.000000
0.000000
0.000000
0.000000
0.000000
0.000000
0.000000
0.000000
0.000000
0.000000
0.000000
0.000000
0.000000
0.000000
0.000000
0.000000
0.000000
0.000000
0.000000
0.000000
0.000000
0.000000
0.000000
0.000000
0.000000
0.000000
0.000000
0.000000
0.000000
0.000000
0.000000
0.000000
0.000000
0.000000
0.000000
0.000000
0.000000
0.000000
0.000000
0.000000
0.000000
0.000000
0.000000
0.000000
0.000000
0.000000
0.000000
0.000000
0.000000
0.000000
0.000000
0.000000
0.000000
0.000000
0.000000
0.000000
0.000000
0.000000
0.000000
0.000000
0.000000
0.000000
0.000000
0.000000
0.000000
0.000000
0.000000
0.000000
0.000000
0.000000
0.000000
0.000000
0.000000
0.000000
0.000000
0.000000
0.000000
0.000000
0.000000
0.000000
0.000000
0.000000
0.000000
0.000000
0.000000
0.000000
0.000000
0.000000
0.000000
0.000000
0.000000
0.000000
0.000000
0.000000
0.000000
0.000000
0.000000
0.000000
0.000000
0.000000
0.000000
0.000000
0.000000
0.000000
0.000000
0.000000
0.000000
0.000000
0.000000
0.000000
0.000000
0.000000
0.000000
0.000000
0.000000
0.000000
0.000000
0.000000
0.000000
0.000000
0.000000
0.000000
0.000000
0.000000
0.000000
0.000000
0.000000
0.000000
0.000000
0.000000
0.000000
0.000000
0.000000
0.000000
0.000000
0.000000
0.000000
0.000000
0.000000
0.000000
0.000000
0.000000
0.000000
0.000000
0.000000
0.000000
0.000000
0.000000
0.000000
0.000000
0.000000
0.000000
0.000000
0.000000
0.000000
0.000000
0.000000
0.000000
0.000000
0.000000
0.000000
0.000000
0.000000
0.000000
0.000000
0.000000
0.000000
0.000000
0.000000
0.000000
0.000000
0.000000
0.000000
0.000000
0.000000
0.000000
0.000000
0.000000
0.000000
0.000000
0.000000
0.000000
0.000000
0.000000
0.000000
0.000000
0.000000
0.000000
0.000000
0.000000
0.000000
0.000000
0.000000
0.000000
0.000000
0.000000
0.000000
0.000000
0.000000
0.000000
0.000000
0.000000
0.000000
0.000000
0.000000
0.000000
0.000000
0.000000
0.000000
0.000000
