0.000000
0.000000
0.000000
0.000000
0.000000
0.000000
0.000000
0.000000
0.000000
0.000000
0.022408
0.297466
0.430463
0.657343
1.417452
2.243922
3.228131
4.729682
8.707898
14.771843
24.388497
36.127047
53.465808
78.683186
110.374162
161.167215
220.058028
302.615129
413.024632
558.406424
731.658877
938.576895
1204.816274
1530.309563
1928.530982
2398.348196
2953.406212
3592.641243
4342.646794
5202.668222
6163.624255
7267.570344
8528.029868
9930.780837
11439.109476
13075.239317
14946.555910
16947.994655
19115.103068
21506.713093
24028.698378
26745.688658
29526.076504
32481.968368
35635.871479
38954.413987
42430.924405
45997.960187
49640.601001
53332.996844
57123.314622
61023.642144
64971.443567
68994.155530
72976.159284
76936.560541
80926.757068
84868.036380
88822.249420
92721.158841
96548.881456
100231.210819
103952.668343
107492.336101
110922.184859
114247.226744
117336.635504
120321.777211
123182.153474
125798.916561
128168.074103
130378.405388
132341.759644
134294.781789
135993.251423
137519.032704
138835.699461
139922.754662
140773.374723
141469.800101
142032.958908
142222.674761
142326.098355
142339.380000
142059.811818
141627.872190
141068.540165
140250.909461
139375.047746
138261.504530
137031.122044
135604.028463
134116.751834
132554.762481
130870.216125
129114.155283
127226.327068
125251.118723
123253.492857
121005.059304
118823.653381
116483.481488
114154.793981
111807.554954
109398.327292
107013.378166
104450.941624
101952.398222
99405.051772
96921.975269
94416.704476
91865.010934
89320.226363
86838.766717
84282.580402
81803.637749
79338.595544
76915.947367
74518.383245
72153.340631
69788.951727
67490.259715
65198.421194
62958.330338
60749.597225
58607.202576
56476.892900
54440.859352
52430.034379
50399.748046
48411.456052
46515.757202
44711.808737
42901.630559
41170.505412
39467.906837
37814.736057
36210.828901
34665.704293
33177.063303
31693.876881
30266.468997
28894.358770
27616.137442
26366.721870
25157.140009
23981.554688
22838.616377
21748.802954
20715.465821
19721.295506
18762.148465
17847.628546
16985.436322
16128.382242
15315.160357
14519.543241
13768.577580
13054.699575
12364.825835
11707.650452
11070.702406
10468.921864
9876.669171
9323.773942
8806.005297
8322.865678
7859.902039
7424.334603
7004.720202
6596.082059
6219.725345
5849.503438
5504.576505
5191.067008
4873.131041
4577.674721
4305.426556
4037.563767
3790.370871
3548.470619
3337.837746
3136.826414
2953.501428
2763.028869
2584.826528
2417.938041
2267.940623
2118.401445
1981.984056
1850.095671
1723.489536
1615.015259
1501.444573
1399.825296
1302.508235
1210.475138
1128.463131
1043.352594
967.717984
895.164662
826.237998
766.400262
709.192279
657.049936
604.726320
564.210005
524.859467
485.616963
451.427919
421.145962
388.727716
360.218502
335.112869
313.477308
289.341476
267.247592
244.461184
225.636858
208.605989
191.976380
176.080969
162.808101
150.024392
139.686823
129.082828
118.655516
111.636458
103.840373
96.521301
88.140799
81.136605
74.577019
68.825210
63.066928
56.896569
52.162711
47.255809
43.234881
39.783597
35.852313
32.252297
28.563542
25.925383
23.448445
21.035101
19.350787
18.252120
16.662464
15.431863
14.364989
13.266627
11.915245
10.744542
9.968992
8.970064
8.405772
7.736093
7.045641
6.437789
6.023689
5.434900
4.777960
4.350193
4.145034
3.686529
3.416178
3.155429
2.698847
2.514710
2.502460
2.281962
1.987876
2.028520
1.756630
1.591232
1.582468
1.621416
1.388541
1.203425
0.951222
0.750337
0.730627
0.595754
0.459840
0.419520
0.360191
0.262108
0.236955
0.228180
0.243662
0.182029
0.148755
0.141116
0.189507
0.229282
0.231264
0.271074
0.200309
0.177965
0.175395
0.149877
0.167221
0.154020
0.095171
0.092546
0.047360
0.018089
0.024496
0.009432
0.014430
0.003863
0.022322
0.029256
0.037303
0.049327
0.044717
0.046083
0.037409
0.037688
0.016573
0.010779
0.001822
0.000632
0.000951
0.000000
0.000000
0.000000
0.000000
0.000000
0.000000
0.000000
0.000000
0.000000
0.000000
0.000000
0.000000
0.000000
0.000000
0.000000
0.000000
0.000000
0.000000
0.000000
0.000000
0.000000
0.000000
0.000000
0.000000
0.000000
0.000000
0.000000
0.000000
0.000000
0.000000
0.000000
0.000000
0.000000
0.000000
0.000000
0.000000
0.000000
0.000000
0.000000
0.000000
0.000000
0.000000
0.000000
0.000000
0.000000
0.000000
0.000000
0.000000
0.000000
0.000000
0.000000
0.000000
0.000000
0.000000
0.000000
0.000000
0.000000
0.000000
0.000000
0.000000
0.000000
0.000000
0.000000
0.000000
0.000000
0.000000
0.000000
0.000000
0.000000
0.000000
0.000000
0.000000
0.000000
0.000000
0.000000
0.000000
0.000000
0.000000
0.000000
0.000000
0.000000
0.000000
0.000000
0.000000
0.000000
0.000000
0.000000
0.000000
0.000000
0.000000
0.000000
0.000000
0.000000
0.000000
0.000000
0.000000
0.000000
0.000000
0.000000
0.000000
0.000000
0.000000
0.000000
0.000000
0.000000
0.000000
0.000000
0.000000
0.000000
0.000000
0.000000
0.000000
0.000000
0.000000
0.000000
0.000000
0.000000
0.000000
0.000000
0.000000
0.000000
0.000000
0.000000
0.000000
0.000000
0.000000
0.000000
0.000000
0.000000
0.000000
0.000000
0.000000
0.000000
0.000000
0.000000
0.000000
0.000000
0.000000
0.000000
0.000000
0.000000
0.000000
0.000000
0.000000
0.000000
0.000000
0.000000
0.000000
0.000000
0.000000
0.000000
0.000000
0.000000
0.000000
0.000000
0.000000
0.000000
0.000000
0.000000
0.000000
0.000000
0.000000
0.000000
0.000000
0.000000
0.000000
0.000000
0.000000
0.000000
0.000000
0.000000
0.000000
0.000000
0.000000
0.000000
0.000000
0.000000
0.000000
0.000000
0.000000
0.000000
0.000000
0.000000
0.000000
0.000000
0.000000
0.000000
0.000000
0.000000
0.000000
0.000000
0.000000
0.000000
0.000000
0.000000
0.000000
0.000000
0.000000
0.000000
0.000000
0.000000
0.000000
0.000000
0.000000
0.000000
0.000000
0.000000
0.000000
0.000000
0.000000
0.000000
0.000000
0.000000
0.000000
0.000000
0.000000
0.000000
0.000000
0.000000
0.000000
0.000000
0.000000
0.000000
0.000000
0.000000
0.000000
0.000000
0.000000
0.000000
0.000000
0.000000
0.000000
0.000000
0.000000
0.000000
0.000000
0.000000
0.000000
0.000000
0.000000
0.000000
0.000000
0.000000
0.000000
0.000000
0.000000
0.000000
0.000000
0.000000
0.000000
0.000000
0.000000
0.000000
0.000000
0.000000
0.000000
0.000000
0.000000
0.000000
0.000000
0.000000
0.000000
0.000000
0.000000
0.000000
0.000000
0.000000
0.000000
0.000000
0.000000
0.000000
0.000000
0.000000
0.000000
0.000000
0.000000
0.000000
0.000000
0.000000
0.000000
0.000000
0.000000
0.000000
0.000000
0.000000
0.000000
0.000000
0.000000
0.000000
0.000000
0.000000
0.000000
0.000000
0.000000
0.000000
0.000000
0.000000
0.000000
0.000000
0.000000
0.000000
0.000000
0.000000
0.000000
0.000000
0.000000
0.000000
0.000000
0.000000
0.000000
0.000000
0.000000
0.000000
0.000000
0.000000
0.000000
0.000000
0.000000
0.000000
0.000000
0.000000
0.000000
0.000000
0.000000
0.000000
0.000000
0.000000
0.000000
0.000000
0.000000
0.000000
0.000000
0.000000
0.000000
0.000000
0.000000
0.000000
0.000000
0.000000
0.000000
0.000000
0.000000
0.000000
0.000000
0.000000
0.000000
0.000000
0.000000
0.000000
0.000000
0.000000
0.000000
0.000000
0.000000
0.000000
0.000000
0.000000
0.000000
0.000000
0.000000
0.000000
0.000000
0.000000
0.000000
0.000000
0.000000
0.000000
0.000000
0.000000
0.000000
0.000000
0.000000
0.000000
0.000000
0.000000
0.000000
0.000000
0.000000
0.000000
0.000000
0.000000
0.000000
0.000000
0.000000
0.000000
0.000000
0.000000
0.000000
0.000000
0.000000
0.000000
0.000000
0.000000
0.000000
0.000000
0.000000
0.000000
0.000000
0.000000
0.000000
0.000000
0.000000
0.000000
0.000000
0.000000
0.000000
0.000000
0.000000
0.000000
0.000000
0.000000
0.000000
0.000000
0.000000
0.000000
0.000000
0.000000
0.000000
0.000000
0.000000
0.000000
0.000000
0.000000
0.000000
0.000000
0.000000
0.000000
0.000000
0.000000
0.000000
0.000000
0.000000
0.000000
0.000000
0.000000
0.000000
0.000000
0.000000
0.000000
0.000000
0.000000
0.000000
0.000000
0.000000
0.000000
0.000000
0.000000
0.000000
0.000000
0.000000
0.000000
0.000000
0.000000
0.000000
0.000000
0.000000
0.000000
0.000000
0.000000
0.000000
0.000000
0.000000
0.000000
0.000000
0.000000
0.000000
0.000000
0.000000
0.000000
0.000000
0.000000
0.000000
0.000000
0.000000
0.000000
0.000000
0.000000
0.000000
0.000000
0.000000
0.000000
0.000000
0.000000
0.000000
0.000000
0.000000
0.000000
0.000000
0.000000
0.000000
0.000000
0.000000
0.000000
0.000000
0.000000
0.000000
0.000000
0.000000
0.000000
0.000000
0.000000
0.000000
0.000000
0.000000
0.000000
0.000000
0.000000
0.000000
0.000000
0.000000
0.000000
0.000000
0.000000
0.000000
0.000000
0.000000
0.000000
0.000000
0.000000
0.000000
0.000000
0.000000
0.000000
0.000000
0.000000
0.000000
0.000000
0.000000
0.000000
0.000000
0.000000
0.000000
0.000000
0.000000
0.000000
0.000000
0.000000
0.000000
0.000000
0.000000
0.000000
0.000000
0.000000
0.000000
0.000000
0.000000
0.000000
0.000000
0.000000
0.000000
0.000000
0.000000
0.000000
0.000000
0.000000
0.000000
0.000000
0.000000
0.000000
0.000000
0.000000
0.000000
0.000000
0.000000
0.000000
0.000000
0.000000
0.000000
0.000000
0.000000
0.000000
0.000000
0.000000
0.000000
0.000000
0.000000
0.000000
0.000000
0.000000
0.000000
0.000000
0.000000
0.000000
0.000000
0.000000
0.000000
0.000000
0.000000
0.000000
0.000000
0.000000
0.000000
0.000000
0.000000
0.000000
0.000000
0.000000
0.000000
0.000000
0.000000
0.000000
0.000000
0.000000
0.000000
0.000000
0.000000
0.000000
0.000000
0.000000
0.000000
0.000000
0.000000
0.000000
0.000000
0.000000
0.000000
0.000000
0.000000
0.000000
0.000000
0.000000
0.000000
0.000000
0.000000
0.000000
0.000000
0.000000
0.000000
0.000000
0.000000
0.000000
0.000000
0.000000
0.000000
0.000000
0.000000
0.000000
0.000000
0.000000
0.000000
0.000000
0.000000
0.000000
0.000000
0.000000
0.000000
0.000000
0.000000
0.000000
0.000000
0.000000
0.000000
0.000000
0.000000
0.000000
0.000000
0.000000
0.000000
0.000000
0.000000
0.000000
0.000000
0.000000
0.000000
0.000000
0.000000
