0.000000
0.000000
0.000000
0.000000
0.000000
0.000000
0.000000
0.000000
0.000000
0.000000
0.000000
0.000000
0.005078
0.064994
0.213944
0.582256
1.216660
2.580771
4.649253
8.072154
13.115838
20.916322
33.438198
52.612603
78.386233
114.602459
162.214379
228.238945
318.534413
436.512606
590.368280
786.335561
1035.406092
1343.668898
1723.100986
2182.269724
2733.209384
3391.385292
4172.211838
5072.714396
6105.816362
7272.319125
8608.694706
10113.705137
11777.086875
13621.769954
15646.506611
17850.368450
20213.887120
22762.727107
25479.107867
28373.935718
31458.708948
34678.311228
38061.636605
41572.875721
45202.093901
48970.472515
52790.999359
56718.397664
60708.146184
64772.568164
68857.571711
72975.183247
77103.962530
81210.274309
85264.044858
89280.465830
93201.342327
97030.641268
100780.222180
104401.198109
107883.483094
111222.723413
114408.335141
117467.715383
120345.087548
123084.513991
125647.739810
128031.852139
130265.925911
132297.414181
134149.469705
135783.978089
137250.952607
138529.616343
139609.902317
140506.686589
141174.031668
141662.464288
141940.743737
142030.988980
141938.695937
141669.090812
141236.574132
140660.450598
139942.813007
139047.950393
138032.485511
136859.588356
135548.799682
134133.887310
132590.884673
130974.260436
129268.989718
127462.297294
125528.689257
123521.883945
121449.263205
119315.080978
117102.387978
114835.991479
112500.921628
110123.580963
107720.540483
105270.638557
102815.693313
100313.407672
97818.529494
95332.155366
92824.371206
90294.912535
87793.349081
85294.764533
82782.175327
80331.436162
77879.445094
75484.449472
73125.223415
70789.381919
68470.387123
66221.180544
63998.877590
61805.214905
59657.322094
57514.014879
55455.100294
53419.024846
51407.282160
49456.164996
47552.195223
45676.971357
43852.875386
42067.201580
40334.713323
38648.979474
37007.623811
35413.873959
33865.291100
32366.332451
30906.989985
29493.185135
28147.798297
26830.092247
25575.920931
24364.940972
23190.495762
22069.541789
20983.980368
19944.509307
18940.648576
17973.724445
17053.486523
16173.918288
15324.704945
14514.621793
13736.934958
12997.117643
12287.250511
11609.290508
10956.012767
10332.765457
9736.459723
9179.185429
8648.549521
8145.197239
7666.523779
7214.865055
6783.601252
6371.351126
5988.063391
5620.838777
5274.913962
4944.715174
4634.319793
4340.179194
4060.463535
3802.645888
3554.996221
3322.790607
3107.716512
2901.391496
2709.594485
2525.980956
2352.713192
2192.833623
2044.207803
1902.762479
1774.191830
1648.315596
1533.214222
1423.545915
1319.592147
1223.554912
1135.352042
1051.866557
973.899368
900.240559
832.291585
768.838503
708.743748
653.730907
602.169919
555.015020
511.249743
469.353110
430.615895
395.340546
363.254349
333.207963
304.777840
279.107033
255.390836
232.898455
212.279337
193.890015
176.741989
160.714121
146.433204
132.826305
119.760039
108.655451
98.552505
89.401958
81.416684
74.270451
67.122762
61.186787
56.144503
51.148663
46.758352
42.983968
39.479590
36.303356
33.318287
30.640206
28.079911
25.976812
23.815157
21.910785
20.228167
18.593024
17.171491
16.045183
14.652398
13.594786
12.657624
11.796615
10.911738
10.241422
9.636183
9.006958
8.334190
7.736850
7.091932
6.647025
6.278173
5.763852
5.288447
4.765608
4.360347
3.967418
3.477131
3.147878
2.848433
2.547179
2.331171
2.024255
1.750670
1.497659
1.351461
1.129357
0.998792
0.905391
0.776447
0.699538
0.635884
0.523145
0.458866
0.413718
0.376222
0.335284
0.295409
0.260992
0.226146
0.183344
0.156299
0.129168
0.084543
0.059692
0.055756
0.052449
0.041627
0.032072
0.031337
0.026930
0.015774
0.012800
0.007482
0.004689
0.001599
0.000494
0.000159
0.000096
0.000000
0.000000
0.000000
0.000000
0.000000
0.000000
0.000000
0.000000
0.000000
0.000000
0.000000
0.000000
0.000000
0.000000
0.000000
0.000000
0.000000
0.000000
0.000000
0.000000
0.000000
0.000000
0.000000
0.000000
0.000000
0.000000
0.000000
0.000000
0.000000
0.000000
0.000000
0.000000
0.000000
0.000000
0.000000
0.000000
0.000000
0.000000
0.000000
0.000000
0.000000
0.000000
0.000000
0.000000
0.000000
0.000000
0.000000
0.000000
0.000000
0.000000
0.000000
0.000000
0.000000
0.000000
0.000000
0.000000
0.000000
0.000000
0.000000
0.000000
0.000000
0.000000
0.000000
0.000000
0.000000
0.000000
0.000000
0.000000
0.000000
0.000000
0.000000
0.000000
0.000000
0.000000
0.000000
0.000000
0.000000
0.000000
0.000000
0.000000
0.000000
0.000000
0.000000
0.000000
0.000000
0.000000
0.000000
0.000000
0.000000
0.000000
0.000000
0.000000
0.000000
0.000000
0.000000
0.000000
0.000000
0.000000
0.000000
0.000000
0.000000
0.000000
0.000000
0.000000
0.000000
0.000000
0.000000
0.000000
0.000000
0.000000
0.000000
0.000000
0.000000
0.000000
0.000000
0.000000
0.000000
0.000000
0.000000
0.000000
0.000000
0.000000
0.000000
0.000000
0.000000
0.000000
0.000000
0.000000
0.000000
0.000000
0.000000
0.000000
0.000000
0.000000
0.000000
0.000000
0.000000
0.000000
0.000000
0.000000
0.000000
0.000000
0.000000
0.000000
0.000000
0.000000
0.000000
0.000000
0.000000
0.000000
0.000000
0.000000
0.000000
0.000000
0.000000
0.000000
0.000000
0.000000
0.000000
0.000000
0.000000
0.000000
0.000000
0.000000
0.000000
0.000000
0.000000
0.000000
0.000000
0.000000
0.000000
0.000000
0.000000
0.000000
0.000000
0.000000
0.000000
0.000000
0.000000
0.000000
0.000000
0.000000
0.000000
0.000000
0.000000
0.000000
0.000000
0.000000
0.000000
0.000000
0.000000
0.000000
0.000000
0.000000
0.000000
0.000000
0.000000
0.000000
0.000000
0.000000
0.000000
0.000000
0.000000
0.000000
0.000000
0.000000
0.000000
0.000000
0.000000
0.000000
0.000000
0.000000
0.000000
0.000000
0.000000
0.000000
0.000000
0.000000
0.000000
0.000000
0.000000
0.000000
0.000000
0.000000
0.000000
0.000000
0.000000
0.000000
0.000000
0.000000
0.000000
0.000000
0.000000
0.000000
0.000000
0.000000
0.000000
0.000000
0.000000
0.000000
0.000000
0.000000
0.000000
0.000000
0.000000
0.000000
0.000000
0.000000
0.000000
0.000000
0.000000
0.000000
0.000000
0.000000
0.000000
0.000000
0.000000
0.000000
0.000000
0.000000
0.000000
0.000000
0.000000
0.000000
0.000000
0.000000
0.000000
0.000000
0.000000
0.000000
0.000000
0.000000
0.000000
0.000000
0.000000
0.000000
0.000000
0.000000
0.000000
0.000000
0.000000
0.000000
0.000000
0.000000
0.000000
0.000000
0.000000
0.000000
0.000000
0.000000
0.000000
0.000000
0.000000
0.000000
0.000000
0.000000
0.000000
0.000000
0.000000
0.000000
0.000000
0.000000
0.000000
0.000000
0.000000
0.000000
0.000000
0.000000
0.000000
0.000000
0.000000
0.000000
0.000000
0.000000
0.000000
0.000000
0.000000
0.000000
0.000000
0.000000
0.000000
0.000000
0.000000
0.000000
0.000000
0.000000
0.000000
0.000000
0.000000
0.000000
0.000000
0.000000
0.000000
0.000000
0.000000
0.000000
0.000000
0.000000
0.000000
0.000000
0.000000
0.000000
0.000000
0.000000
0.000000
0.000000
0.000000
0.000000
0.000000
0.000000
0.000000
0.000000
0.000000
0.000000
0.000000
0.000000
0.000000
0.000000
0.000000
0.000000
0.000000
0.000000
0.000000
0.000000
0.000000
0.000000
0.000000
0.000000
0.000000
0.000000
0.000000
0.000000
0.000000
0.000000
0.000000
0.000000
0.000000
0.000000
0.000000
0.000000
0.000000
0.000000
0.000000
0.000000
0.000000
0.000000
0.000000
0.000000
0.000000
0.000000
0.000000
0.000000
0.000000
0.000000
0.000000
0.000000
0.000000
0.000000
0.000000
0.000000
0.000000
0.000000
0.000000
0.000000
0.000000
0.000000
0.000000
0.000000
0.000000
0.000000
0.000000
0.000000
0.000000
0.000000
0.000000
0.000000
0.000000
0.000000
0.000000
0.000000
0.000000
0.000000
0.000000
0.000000
0.000000
0.000000
0.000000
0.000000
0.000000
0.000000
0.000000
0.000000
0.000000
0.000000
0.000000
0.000000
0.000000
0.000000
0.000000
0.000000
0.000000
0.000000
0.000000
0.000000
0.000000
0.000000
0.000000
0.000000
0.000000
0.000000
0.000000
0.000000
0.000000
0.000000
0.000000
0.000000
0.000000
0.000000
0.000000
0.000000
0.000000
0.000000
0.000000
0.000000
0.000000
0.000000
0.000000
0.000000
0.000000
0.000000
0.000000
0.000000
0.000000
0.000000
0.000000
0.000000
0.000000
0.000000
0.000000
0.000000
0.000000
0.000000
0.000000
0.000000
0.000000
0.000000
0.000000
0.000000
0.000000
0.000000
0.000000
0.000000
0.000000
0.000000
0.000000
0.000000
0.000000
0.000000
0.000000
0.000000
0.000000
0.000000
0.000000
0.000000
0.000000
0.000000
0.000000
0.000000
0.000000
0.000000
0.000000
0.000000
0.000000
0.000000
0.000000
0.000000
0.000000
0.000000
0.000000
0.000000
0.000000
0.000000
0.000000
0.000000
0.000000
0.000000
0.000000
0.000000
0.000000
0.000000
0.000000
0.000000
0.000000
0.000000
0.000000
0.000000
0.000000
0.000000
0.000000
0.000000
0.000000
0.000000
0.000000
0.000000
0.000000
0.000000
0.000000
0.000000
0.000000
0.000000
0.000000
0.000000
0.000000
0.000000
0.000000
0.000000
0.000000
0.000000
0.000000
0.000000
0.000000
0.000000
0.000000
0.000000
0.000000
0.000000
0.000000
0.000000
0.000000
0.000000
0.000000
0.000000
0.000000
0.000000
0.000000
0.000000
0.000000
0.000000
0.000000
0.000000
0.000000
0.000000
0.000000
0.000000
0.000000
0.000000
0.000000
0.000000
0.000000
0.000000
0.000000
0.000000
0.000000
0.000000
0.000000
0.000000
0.000000
0.000000
0.000000
0.000000
0.000000
0.000000
0.000000
0.000000
0.000000
0.000000
0.000000
0.000000
0.000000
0.000000
0.000000
0.000000
0.000000
0.000000
0.000000
0.000000
0.000000
0.000000
0.000000
0.000000
0.000000
0.000000
0.000000
0.000000
0.000000
0.000000
0.000000
0.000000
0.000000
0.000000
0.000000
0.000000
0.000000
0.000000
0.000000
0.000000
0.000000
0.000000
0.000000
0.000000
0.000000
0.000000
0.000000
0.000000
0.000000
0.000000
0.000000
0.000000
0.000000
0.000000
0.000000
0.000000
0.000000
0.000000
0.000000
0.000000
0.000000
0.000000
0.000000
0.000000
0.000000
0.000000
0.000000
0.000000
0.000000
0.000000
0.000000
0.000000
0.000000
0.000000
0.000000
0.000000
0.000000
0.000000
0.000000
0.000000
0.000000
0.000000
0.000000
0.000000
0.000000
0.000000
0.000000
0.000000
0.000000
0.000000
0.000000
