9.609157
28.082121
225.060694
633.435143
1323.660109
2903.595745
5415.430997
9200.394941
13913.892160
19708.984846
27231.956994
36352.336348
46208.822228
56655.146985
67070.968553
77905.620266
88507.858920
98739.034763
108024.780257
116742.794585
124479.015192
131861.159418
136927.578025
140787.505324
144284.556641
146385.717288
147865.084082
148013.233873
147638.139993
146432.362043
145149.314433
142705.006885
140409.073532
137648.874187
133682.347892
130413.101404
126993.345961
123117.909593
119319.909471
115324.935729
112133.182804
108267.326534
103980.765742
99967.721090
96217.581724
92726.593617
89122.700094
86105.821843
83221.790600
80043.214906
77417.011261
74783.450871
72080.582947
69660.627558
66932.714170
64568.012091
62643.534536
60399.544730
58305.645503
56297.555026
54470.615783
52719.532496
51053.644547
49283.348212
47556.849685
46117.296363
44914.361486
43829.520501
42558.475374
41462.027214
40470.536294
39543.041931
38495.042173
37381.112273
36514.145908
35626.693465
34891.369261
34079.079440
33338.599185
32670.771411
31942.845971
31343.221408
30654.893276
30121.527329
29727.138627
29213.071116
28860.944180
28482.961187
27991.644484
27509.821359
27191.039468
26781.540759
26351.785206
25935.078337
25582.881907
25190.205191
24838.694796
24671.980406
24429.729715
24154.473193
23974.884893
23839.030092
23642.326428
23399.268852
23222.639133
23115.996517
22811.412924
22696.076033
22571.005462
22373.218309
22222.337571
22020.951452
21863.044794
21796.073403
21722.844099
21583.182883
21524.242339
21393.402991
21249.302469
21221.283766
21056.919625
20888.693143
20756.351205
20743.696342
20707.032282
20735.449917
20641.261014
20499.910463
20438.435968
20474.633153
20403.336845
20468.257590
20396.353611
20410.355022
20393.774853
20450.259723
20404.243883
20345.312122
20377.605129
20396.581254
20417.850432
20440.897132
20476.092709
20413.301336
20372.486503
20494.546286
20534.150252
20554.654980
20551.737904
20556.405999
20501.299694
20552.295786
20640.580023
20632.743281
20649.934555
20641.534471
20569.117025
20553.450144
20546.242224
20502.005237
20455.699991
20546.406156
20576.790718
20549.621072
20511.641041
20517.019330
20557.375393
20537.732020
20549.877156
20467.847278
20506.933073
20528.648141
20454.894806
20409.485028
20377.382715
20312.970511
20297.980481
20257.911266
20215.318531
20208.917081
20068.359221
19958.367262
19953.206509
19905.956063
19938.763628
19911.420893
19811.303589
19692.008137
19652.798170
19557.695565
19483.525801
19408.935700
19383.517201
19319.365004
19284.554224
19190.908310
19157.916329
19074.649516
19003.487961
19040.031791
18953.936640
18928.512500
18816.707763
18696.075483
18512.891955
18483.260881
18335.433661
18298.660612
18277.095732
18163.412832
18050.753502
17913.335078
17817.166601
17685.570520
17590.865822
17434.144841
17381.357233
17289.242394
17205.069470
17087.674441
16944.317629
16837.141610
16751.959257
16632.294329
16535.621884
16446.079647
16338.530941
16219.342583
16011.925562
15866.214539
15811.194096
15673.379451
15524.882206
15347.084578
15187.869205
15023.445546
14895.638854
14688.090641
14509.098501
14386.005331
14243.688230
14135.858798
14036.391520
13870.960370
13724.085279
13618.672519
13439.527270
13311.578211
13137.497400
13013.876913
12827.840977
12669.489784
12475.303859
12281.411490
12096.494278
11938.518451
11770.319434
11632.843668
11436.657380
11250.206044
11073.312808
10889.569891
10762.532709
10617.568325
10418.401741
10209.794741
10060.625867
9902.526997
9780.624592
9613.412749
9470.212150
9301.344957
9118.457470
8952.539296
8786.979606
8653.292545
8483.116542
8336.130834
8185.351851
8040.192371
7860.963011
7682.946495
7552.188024
7401.300785
7272.557860
7087.600831
6941.823367
6799.686888
6644.210287
6532.983508
6419.970685
6250.208214
6120.080143
5989.006352
5872.833481
5763.429118
5670.733501
5530.144920
5381.919747
5241.099593
5109.981999
5012.585902
4876.483604
4754.887014
4657.348042
4548.583397
4443.298229
4318.532096
4212.366236
4079.476442
3982.765433
3878.938768
3808.531521
3667.533662
3574.573360
3486.638478
3359.632435
3267.203965
3173.577264
3084.372455
2984.977072
2908.423975
2814.504448
2734.535927
2662.709437
2600.697405
2537.073344
2444.840456
2368.089014
2310.374268
2234.091228
2160.903788
2087.442765
2016.328085
1965.912760
1900.313271
1834.923996
1760.794052
1693.918155
1632.808390
1605.689967
1555.424138
1487.536949
1436.266222
1383.556976
1341.337251
1291.986606
1241.235055
1195.721368
1160.523959
1106.146695
1062.061316
1025.013694
996.517061
966.298400
914.829404
885.568195
840.634727
818.608075
789.176466
767.450437
745.559643
716.221502
687.458620
654.540576
635.055560
596.805873
571.167368
543.465664
512.323417
493.928730
478.455873
459.136109
448.296623
428.121254
409.977282
387.375658
375.483104
358.278164
333.582601
321.243914
300.036708
285.593022
269.576391
261.871781
249.846651
239.576187
226.823817
218.081856
208.747796
194.585674
180.309808
174.453378
168.398626
159.328005
152.390428
147.793554
141.345634
137.974036
128.294961
122.407187
116.411723
112.316162
110.408532
108.413673
105.062648
100.025982
92.972586
89.586515
82.529842
80.000903
74.940498
69.191593
65.374299
61.242292
56.803123
53.685136
48.300158
46.115771
45.154840
42.259688
41.550555
41.057601
39.538118
40.290756
36.643816
35.108919
34.317521
31.956576
28.469664
27.352357
24.487037
23.744842
21.945866
21.483937
19.509573
18.782904
20.216568
18.228399
17.487485
16.002069
14.372445
13.606715
12.350677
11.483433
10.522649
10.100131
8.925019
8.188103
7.551272
7.296203
7.040551
7.102329
7.208685
6.918314
6.446473
6.040286
4.923003
4.319578
4.030583
4.646736
4.682477
4.738523
4.588209
4.429234
3.719884
3.747315
3.766505
3.384126
3.773048
4.165154
3.546371
3.114858
3.268547
2.996163
3.408459
3.457422
2.860866
2.585983
2.481210
2.523071
2.279990
2.479359
2.064692
2.106140
1.395910
0.990899
1.261680
1.398974
1.731557
1.621755
1.618621
1.567311
1.435719
1.318962
1.076989
0.775528
0.604882
0.412433
0.679965
0.474814
0.262509
0.185089
0.175291
0.183848
0.238975
0.167701
0.106839
0.111951
0.192844
0.155256
0.209600
0.148671
0.187528
0.116830
0.097579
0.095961
0.056113
0.000000
0.000000
0.000000
0.000000
0.000000
0.000000
0.000000
0.000000
0.000000
0.000000
0.000000
0.000000
0.000000
0.000000
0.000000
0.000000
0.000000
0.000000
0.000000
0.000000
0.000000
0.000000
0.000000
0.000000
0.000000
0.000000
0.000000
0.000000
0.000000
0.000000
0.000000
0.000000
0.000000
0.000000
0.000000
0.000000
0.000000
0.000000
0.000000
0.000000
0.000000
0.000000
0.000000
0.000000
0.000000
0.000000
0.000000
0.000000
0.000000
0.000000
0.000000
0.000000
0.000000
0.000000
0.000000
0.000000
0.000000
0.000000
0.000000
0.000000
0.000000
0.000000
0.000000
0.000000
0.000000
0.000000
0.000000
0.000000
0.000000
0.000000
0.000000
0.000000
0.000000
0.000000
0.000000
0.000000
0.000000
0.000000
0.000000
0.000000
0.000000
0.000000
0.000000
0.000000
0.000000
0.000000
0.000000
0.000000
0.000000
0.000000
0.000000
0.000000
0.000000
0.000000
0.000000
0.000000
0.000000
0.000000
0.000000
0.000000
0.000000
0.000000
0.000000
0.000000
0.000000
0.000000
0.000000
0.000000
0.000000
0.000000
0.000000
0.000000
0.000000
0.000000
0.000000
0.000000
0.000000
0.000000
0.000000
0.000000
0.000000
0.000000
0.000000
0.000000
0.000000
0.000000
0.000000
0.000000
0.000000
0.000000
0.000000
0.000000
0.000000
0.000000
0.000000
0.000000
0.000000
0.000000
0.000000
0.000000
0.000000
0.000000
0.000000
0.000000
0.000000
0.000000
0.000000
0.000000
0.000000
0.000000
0.000000
0.000000
0.000000
0.000000
0.000000
0.000000
0.000000
0.000000
0.000000
0.000000
0.000000
0.000000
0.000000
0.000000
0.000000
0.000000
0.000000
0.000000
0.000000
0.000000
0.000000
0.000000
0.000000
0.000000
0.000000
0.000000
0.000000
0.000000
0.000000
0.000000
0.000000
0.000000
0.000000
0.000000
0.000000
0.000000
0.000000
0.000000
0.000000
0.000000
0.000000
0.000000
0.000000
0.000000
0.000000
0.000000
0.000000
0.000000
0.000000
0.000000
0.000000
0.000000
0.000000
0.000000
0.000000
0.000000
0.000000
0.000000
0.000000
0.000000
0.000000
0.000000
0.000000
0.000000
0.000000
0.000000
0.000000
0.000000
0.000000
0.000000
0.000000
0.000000
0.000000
0.000000
0.000000
0.000000
0.000000
0.000000
0.000000
0.000000
0.000000
0.000000
0.000000
0.000000
0.000000
0.000000
0.000000
0.000000
0.000000
0.000000
0.000000
0.000000
0.000000
0.000000
0.000000
0.000000
0.000000
0.000000
0.000000
0.000000
0.000000
0.000000
0.000000
0.000000
0.000000
0.000000
0.000000
0.000000
0.000000
0.000000
0.000000
0.000000
0.000000
0.000000
0.000000
0.000000
0.000000
0.000000
0.000000
0.000000
0.000000
0.000000
0.000000
0.000000
0.000000
0.000000
0.000000
0.000000
0.000000
0.000000
0.000000
0.000000
0.000000
0.000000
0.000000
0.000000
0.000000
0.000000
0.000000
0.000000
0.000000
0.000000
0.000000
0.000000
0.000000
0.000000
0.000000
0.000000
0.000000
0.000000
0.000000
0.000000
0.000000
0.000000
0.000000
0.000000
0.000000
0.000000
0.000000
0.000000
0.000000
0.000000
0.000000
0.000000
0.000000
0.000000
0.000000
0.000000
0.000000
0.000000
0.000000
0.000000
0.000000
0.000000
0.000000
0.000000
0.000000
0.000000
0.000000
0.000000
0.000000
0.000000
0.000000
0.000000
0.000000
0.000000
0.000000
0.000000
0.000000
0.000000
0.000000
0.000000
0.000000
0.000000
0.000000
0.000000
0.000000
0.000000
0.000000
0.000000
0.000000
0.000000
0.000000
0.000000
0.000000
0.000000
0.000000
0.000000
0.000000
0.000000
0.000000
0.000000
0.000000
0.000000
0.000000
0.000000
0.000000
0.000000
0.000000
0.000000
0.000000
0.000000
0.000000
0.000000
0.000000
0.000000
0.000000
0.000000
0.000000
0.000000
0.000000
0.000000
0.000000
0.000000
0.000000
0.000000
0.000000
0.000000
0.000000
0.000000
0.000000
0.000000
0.000000
0.000000
0.000000
0.000000
0.000000
0.000000
0.000000
0.000000
0.000000
0.000000
0.000000
0.000000
0.000000
0.000000
0.000000
0.000000
0.000000
0.000000
0.000000
0.000000
0.000000
0.000000
0.000000
0.000000
0.000000
0.000000
0.000000
0.000000
0.000000
0.000000
0.000000
0.000000
0.000000
0.000000
0.000000
0.000000
0.000000
0.000000
0.000000
0.000000
0.000000
0.000000
0.000000
0.000000
0.000000
0.000000
0.000000
0.000000
0.000000
0.000000
0.000000
0.000000
0.000000
0.000000
0.000000
0.000000
0.000000
0.000000
0.000000
0.000000
0.000000
0.000000
0.000000
0.000000
0.000000
0.000000
0.000000
0.000000
0.000000
0.000000
0.000000
0.000000
0.000000
0.000000
0.000000
0.000000
0.000000
0.000000
0.000000
0.000000
0.000000
0.000000
0.000000
0.000000
0.000000
0.000000
0.000000
0.000000
0.000000
0.000000
0.000000
