0.000000
0.000000
0.000000
0.000000
0.000000
0.000000
0.000000
0.000000
0.000000
0.000000
0.000000
0.000000
0.000000
0.000000
0.000000
0.000000
0.000000
0.000000
0.000000
0.000000
0.000000
0.000000
0.007355
0.004768
0.007130
0.019293
0.070492
0.081241
0.161157
0.310645
0.556974
0.948435
1.792023
3.014021
5.113711
8.655727
13.722635
20.939712
32.837656
50.182915
75.786041
112.188453
163.943610
233.739359
331.225314
459.977272
631.946575
861.031964
1153.509401
1529.818643
2003.829809
2601.657443
3330.801035
4226.977965
5316.309313
6606.904841
8140.982513
9924.034703
12019.719483
14411.322884
17140.696380
20249.568803
23719.603138
27590.392212
31863.503326
36540.123317
41638.929751
47118.037626
53020.037048
59262.061307
65898.873817
72842.506070
80071.985599
87564.567190
95262.288842
103101.220735
111057.903668
119075.321732
127153.484568
135126.209749
143014.425613
150704.816057
158198.607436
165394.464311
172300.584744
178790.009479
184887.970863
190486.936519
195638.388324
200237.581032
204294.372704
207770.185229
210594.779239
212890.979016
214533.751389
215587.775453
215986.522586
215836.897472
215062.270136
213723.160194
211845.390016
209429.478114
206480.275946
203057.173523
199242.393981
194950.147642
190331.719835
185354.260135
180077.186063
174492.037872
168724.227981
162706.246761
156583.291639
150317.896582
143967.440670
137559.314865
131146.635049
124756.169730
118390.204517
112086.642332
105877.214218
99792.627700
93800.548067
88000.961899
82337.545548
76882.521259
71601.854715
66542.185915
61685.636456
57054.506632
52640.784919
48458.469092
44481.005249
40753.795305
37228.854170
33936.173444
30844.522370
27990.140161
25312.002153
22848.747427
20558.360398
18457.160263
16526.533310
14767.309811
13152.895097
11691.207272
10362.348970
9160.194982
8074.850363
7104.655137
6225.492477
5449.948188
4754.920770
4139.153981
3591.477729
3108.097096
2684.100801
2308.863304
1985.579044
1698.111482
1452.187632
1237.471931
1051.401648
892.000173
753.629851
635.857964
534.867224
447.891127
374.365724
311.976063
259.647008
214.856215
178.104695
146.675581
120.173684
98.397884
80.164543
65.557873
53.150112
43.290274
34.960568
28.424463
22.537148
18.192664
14.449137
11.583395
9.101812
7.400409
5.672399
4.587126
3.498691
2.824242
2.176619
1.731766
1.351208
1.044094
0.787038
0.607482
0.466620
0.343497
0.292589
0.206843
0.166337
0.121850
0.099053
0.075972
0.052090
0.044413
0.032531
0.019405
0.019855
0.011011
0.010082
0.007684
0.007444
0.002400
0.003762
0.001152
0.001787
0.000041
0.000124
0.000247
0.000126
0.000067
0.000000
0.000000
0.000000
0.000000
0.000000
0.000000
0.000000
0.000000
0.000000
0.000000
0.000000
0.000000
0.000000
0.000000
0.000000
0.000000
0.000000
0.000000
0.000000
0.000000
0.000000
0.000000
0.000000
0.000000
0.000000
0.000000
0.000000
0.000000
0.000000
0.000000
0.000000
0.000000
0.000000
0.000000
0.000000
0.000000
0.000000
0.000000
0.000000
0.000000
0.000000
0.000000
0.000000
0.000000
0.000000
0.000000
0.000000
0.000000
0.000000
0.000000
0.000000
0.000000
0.000000
0.000000
0.000000
0.000000
0.000000
0.000000
0.000000
0.000000
0.000000
0.000000
0.000000
0.000000
0.000000
0.000000
0.000000
0.000000
0.000000
0.000000
0.000000
0.000000
0.000000
0.000000
0.000000
0.000000
0.000000
0.000000
0.000000
0.000000
0.000000
0.000000
0.000000
0.000000
0.000000
0.000000
0.000000
0.000000
0.000000
0.000000
0.000000
0.000000
0.000000
0.000000
0.000000
0.000000
0.000000
0.000000
0.000000
0.000000
0.000000
0.000000
0.000000
0.000000
0.000000
0.000000
0.000000
0.000000
0.000000
0.000000
0.000000
0.000000
0.000000
0.000000
0.000000
0.000000
0.000000
0.000000
0.000000
0.000000
0.000000
0.000000
0.000000
0.000000
0.000000
0.000000
0.000000
0.000000
0.000000
0.000000
0.000000
0.000000
0.000000
0.000000
0.000000
0.000000
0.000000
0.000000
0.000000
0.000000
0.000000
0.000000
0.000000
0.000000
0.000000
0.000000
0.000000
0.000000
0.000000
0.000000
0.000000
0.000000
0.000000
0.000000
0.000000
0.000000
0.000000
0.000000
0.000000
0.000000
0.000000
0.000000
0.000000
0.000000
0.000000
0.000000
0.000000
0.000000
0.000000
0.000000
0.000000
0.000000
0.000000
0.000000
0.000000
0.000000
0.000000
0.000000
0.000000
0.000000
0.000000
0.000000
0.000000
0.000000
0.000000
0.000000
0.000000
0.000000
0.000000
0.000000
0.000000
0.000000
0.000000
0.000000
0.000000
0.000000
0.000000
0.000000
0.000000
0.000000
0.000000
0.000000
0.000000
0.000000
0.000000
0.000000
0.000000
0.000000
0.000000
0.000000
0.000000
0.000000
0.000000
0.000000
0.000000
0.000000
0.000000
0.000000
0.000000
0.000000
0.000000
0.000000
0.000000
0.000000
0.000000
0.000000
0.000000
0.000000
0.000000
0.000000
0.000000
0.000000
0.000000
0.000000
0.000000
0.000000
0.000000
0.000000
0.000000
0.000000
0.000000
0.000000
0.000000
0.000000
0.000000
0.000000
0.000000
0.000000
0.000000
0.000000
0.000000
0.000000
0.000000
0.000000
0.000000
0.000000
0.000000
0.000000
0.000000
0.000000
0.000000
0.000000
0.000000
0.000000
0.000000
0.000000
0.000000
0.000000
0.000000
0.000000
0.000000
0.000000
0.000000
0.000000
0.000000
0.000000
0.000000
