0.036932
0.078099
0.607148
1.919175
6.336265
17.743842
38.949827
78.194635
143.493939
253.012586
420.920992
672.835517
1022.601602
1505.749890
2137.085025
2945.929539
3949.640347
5152.116369
6596.170985
8258.702594
10184.976192
12339.858161
14741.269498
17387.865315
20234.903837
23274.630772
26490.081728
29840.470763
33298.468730
36829.490049
40429.311396
44068.104192
47683.099842
51231.159007
54728.335466
58138.207441
61448.595193
64627.575576
67666.848631
70544.227156
73265.993605
75836.797886
78224.212659
80416.827856
82446.609933
84297.246436
85929.488643
87426.952115
88776.678307
89948.951251
90947.739607
91795.409290
92478.470780
93035.502420
93459.052998
93748.484971
93916.560316
93991.488174
93920.064187
93798.331868
93607.448547
93306.675625
92914.658246
92466.563236
91973.548249
91392.782861
90779.884849
90104.032154
89414.490255
88663.655482
87909.752389
87143.632789
86354.100231
85548.891781
84740.283655
83914.922062
83074.444385
82241.592551
81378.642644
80526.855006
79664.054226
78827.297327
77973.057013
77146.402109
76288.990594
75469.848434
74640.840154
73850.590679
73049.412798
72280.344249
71511.392331
70766.501921
70016.180439
69266.811255
68525.648906
67791.243384
67093.790734
66384.010237
65681.068333
64983.059060
64302.456662
63632.920520
62972.869104
62336.987157
61705.019646
61086.027112
60470.647411
59867.130499
59281.118939
58698.798895
58110.902766
57539.048103
56975.856972
56425.739610
55856.083115
55292.033974
54764.465984
54213.583680
53683.461402
53145.253429
52627.771762
52098.409926
51576.628689
51058.772827
50545.989118
50026.991349
49520.237137
49037.226123
48519.744279
48019.329320
47523.613565
47032.290619
46539.140961
46048.179078
45555.641090
45082.031560
44581.359783
44084.666721
43597.181877
43109.042534
42614.367943
42118.333760
41630.432456
41149.534177
40674.399828
40172.832130
39684.675035
39185.724867
38706.499847
38230.582208
37741.065044
37250.332898
36758.084947
36261.386181
35766.900873
35282.176962
34785.046210
34291.587508
33796.181597
33300.067639
32810.338178
32307.470511
31814.106602
31319.491165
30835.145344
30339.459317
29855.499834
29357.994048
28862.426853
28381.499893
27898.496469
27403.487938
26914.161522
26428.763159
25939.875116
25449.516873
24967.884529
24484.882438
23998.694394
23522.986492
23052.725920
22580.724901
22116.591962
21656.998891
21200.588775
20738.116445
20282.243337
19826.730739
19375.349091
18935.465175
18497.338226
18069.170684
17629.484481
17197.662692
16770.657791
16356.522027
15936.627195
15525.563854
15126.353103
14726.890862
14334.209405
13946.684342
13566.930915
13188.950133
12816.490431
12450.828045
12088.988571
11740.231570
11399.228781
11054.186555
10715.019112
10384.387988
10062.300904
9743.490460
9429.012109
9123.588600
8826.981777
8536.216357
8253.567919
7972.045641
7700.566326
7433.532653
7175.025548
6924.109174
6679.345523
6439.491906
6204.811425
5973.690508
5747.239500
5531.065369
5318.550655
5113.789219
4910.255606
4715.889222
4528.211402
4347.126003
4170.838562
4001.361335
3836.203757
3674.150869
3521.104698
3372.071797
3225.645564
3085.034250
2951.849198
2821.588277
2693.778971
2572.296740
2456.293064
2343.960654
2236.355991
2130.700842
2027.585804
1932.220422
1837.936346
1750.815287
1666.433545
1583.763623
1507.464951
1430.937567
1359.961614
1292.216244
1225.118168
1160.708622
1100.239163
1041.482755
986.501276
935.277973
881.891512
833.484012
787.977738
744.101396
702.523169
663.244306
625.137503
591.117068
556.669657
524.579852
494.079052
464.266689
436.609202
410.584945
386.680550
363.642797
341.089013
320.069556
300.575102
281.158935
263.713536
247.166500
231.477935
216.923539
202.623180
189.280933
176.125710
164.560700
154.414153
143.875059
134.134329
125.186577
116.760400
108.563189
101.345258
94.447208
87.575830
81.203836
75.057507
69.201872
63.884956
59.184546
55.041418
51.158862
47.446490
44.045686
40.966680
37.995365
35.120466
32.339544
29.983045
27.639530
25.382031
23.555697
21.936846
20.105285
18.434140
17.074067
15.742293
14.470971
13.168477
12.139449
11.125153
10.309290
9.473333
8.633530
8.016055
7.482455
6.921336
6.364781
5.973380
5.351291
4.889654
4.382713
4.001188
3.634747
3.384568
3.140592
2.915418
2.680025
2.496473
2.198544
2.016094
1.817542
1.683832
1.510287
1.378565
1.239416
1.124303
1.003578
0.881416
0.807680
0.779868
0.687749
0.650790
0.596621
0.563170
0.506001
0.443372
0.406841
0.359423
0.342815
0.289256
0.271660
0.264725
0.233488
0.205217
0.194878
0.171961
0.165715
0.141535
0.122419
0.113719
0.105392
0.088541
0.074775
0.069563
0.064303
0.053993
0.052759
0.052290
0.044988
0.034125
0.036847
0.038181
0.034879
0.037053
0.032767
0.026632
0.026749
0.018212
0.019123
0.021457
0.017587
0.014948
0.012391
0.011662
0.011076
0.009182
0.005557
0.006186
0.004318
0.003478
0.002331
0.001452
0.002640
0.004626
0.005510
0.004074
0.002201
0.002234
0.002048
0.000934
0.000719
0.000090
0.000000
0.000000
0.000000
0.000000
0.000000
0.000000
0.000000
0.000000
0.000000
0.000000
0.000000
0.000000
0.000000
0.000000
0.000000
0.000000
0.000000
0.000000
0.000000
0.000000
0.000000
0.000000
0.000000
0.000000
0.000000
0.000000
0.000000
0.000000
0.000000
0.000000
0.000000
0.000000
0.000000
0.000000
0.000000
0.000000
0.000000
0.000000
0.000000
0.000000
0.000000
0.000000
0.000000
0.000000
0.000000
0.000000
0.000000
0.000000
0.000000
0.000000
0.000000
0.000000
0.000000
0.000000
0.000000
0.000000
0.000000
0.000000
0.000000
0.000000
0.000000
0.000000
0.000000
0.000000
0.000000
0.000000
0.000000
0.000000
0.000000
0.000000
0.000000
0.000000
0.000000
0.000000
0.000000
0.000000
0.000000
0.000000
0.000000
0.000000
0.000000
0.000000
0.000000
0.000000
0.000000
0.000000
0.000000
0.000000
0.000000
0.000000
0.000000
0.000000
0.000000
0.000000
0.000000
0.000000
0.000000
0.000000
0.000000
0.000000
0.000000
0.000000
0.000000
0.000000
0.000000
0.000000
0.000000
0.000000
0.000000
0.000000
0.000000
0.000000
0.000000
0.000000
0.000000
0.000000
0.000000
0.000000
0.000000
0.000000
0.000000
0.000000
0.000000
0.000000
0.000000
0.000000
0.000000
0.000000
0.000000
0.000000
0.000000
0.000000
0.000000
0.000000
0.000000
0.000000
0.000000
0.000000
0.000000
0.000000
0.000000
0.000000
0.000000
0.000000
0.000000
0.000000
0.000000
0.000000
0.000000
0.000000
0.000000
0.000000
0.000000
0.000000
0.000000
0.000000
0.000000
0.000000
0.000000
0.000000
0.000000
0.000000
0.000000
0.000000
0.000000
0.000000
0.000000
0.000000
0.000000
0.000000
0.000000
0.000000
0.000000
0.000000
0.000000
0.000000
0.000000
0.000000
0.000000
0.000000
0.000000
0.000000
0.000000
0.000000
0.000000
0.000000
0.000000
0.000000
0.000000
0.000000
0.000000
0.000000
0.000000
0.000000
0.000000
0.000000
0.000000
0.000000
0.000000
0.000000
0.000000
0.000000
0.000000
0.000000
0.000000
0.000000
0.000000
0.000000
0.000000
0.000000
0.000000
0.000000
0.000000
0.000000
0.000000
0.000000
0.000000
0.000000
0.000000
0.000000
0.000000
0.000000
0.000000
0.000000
0.000000
0.000000
0.000000
0.000000
0.000000
0.000000
0.000000
0.000000
0.000000
0.000000
0.000000
0.000000
0.000000
0.000000
0.000000
0.000000
0.000000
0.000000
0.000000
0.000000
0.000000
0.000000
0.000000
0.000000
0.000000
0.000000
0.000000
0.000000
0.000000
0.000000
0.000000
0.000000
0.000000
0.000000
0.000000
0.000000
0.000000
0.000000
0.000000
0.000000
0.000000
0.000000
0.000000
0.000000
0.000000
0.000000
0.000000
0.000000
0.000000
0.000000
0.000000
0.000000
0.000000
0.000000
0.000000
0.000000
0.000000
0.000000
0.000000
0.000000
0.000000
0.000000
0.000000
0.000000
0.000000
0.000000
0.000000
0.000000
0.000000
0.000000
0.000000
0.000000
0.000000
0.000000
0.000000
0.000000
0.000000
0.000000
0.000000
0.000000
0.000000
0.000000
0.000000
0.000000
0.000000
0.000000
0.000000
0.000000
0.000000
0.000000
0.000000
0.000000
0.000000
0.000000
0.000000
0.000000
0.000000
0.000000
0.000000
0.000000
0.000000
0.000000
0.000000
0.000000
0.000000
0.000000
0.000000
0.000000
0.000000
0.000000
0.000000
0.000000
0.000000
0.000000
0.000000
0.000000
0.000000
0.000000
0.000000
0.000000
0.000000
0.000000
0.000000
0.000000
0.000000
0.000000
0.000000
0.000000
0.000000
0.000000
0.000000
0.000000
0.000000
0.000000
0.000000
0.000000
0.000000
0.000000
0.000000
0.000000
0.000000
0.000000
0.000000
0.000000
0.000000
0.000000
0.000000
0.000000
0.000000
0.000000
0.000000
0.000000
0.000000
0.000000
0.000000
0.000000
0.000000
0.000000
0.000000
0.000000
0.000000
0.000000
0.000000
0.000000
0.000000
0.000000
0.000000
0.000000
0.000000
0.000000
0.000000
0.000000
0.000000
0.000000
0.000000
0.000000
0.000000
0.000000
0.000000
0.000000
0.000000
0.000000
0.000000
0.000000
0.000000
0.000000
0.000000
0.000000
0.000000
0.000000
0.000000
0.000000
0.000000
0.000000
0.000000
0.000000
0.000000
0.000000
0.000000
0.000000
0.000000
0.000000
0.000000
0.000000
0.000000
0.000000
0.000000
0.000000
0.000000
0.000000
0.000000
0.000000
0.000000
0.000000
0.000000
0.000000
0.000000
0.000000
0.000000
0.000000
0.000000
0.000000
0.000000
0.000000
0.000000
0.000000
0.000000
0.000000
0.000000
0.000000
0.000000
0.000000
0.000000
0.000000
0.000000
0.000000
0.000000
0.000000
0.000000
0.000000
0.000000
0.000000
0.000000
0.000000
0.000000
0.000000
0.000000
0.000000
0.000000
0.000000
0.000000
0.000000
0.000000
0.000000
0.000000
0.000000
0.000000
0.000000
0.000000
0.000000
0.000000
0.000000
0.000000
0.000000
0.000000
0.000000
0.000000
0.000000
0.000000
0.000000
0.000000
0.000000
0.000000
0.000000
0.000000
0.000000
0.000000
0.000000
0.000000
0.000000
0.000000
0.000000
0.000000
0.000000
0.000000
0.000000
0.000000
0.000000
0.000000
0.000000
0.000000
0.000000
0.000000
0.000000
0.000000
0.000000
0.000000
0.000000
0.000000
0.000000
0.000000
0.000000
0.000000
0.000000
0.000000
0.000000
0.000000
0.000000
0.000000
0.000000
0.000000
0.000000
0.000000
0.000000
0.000000
0.000000
0.000000
0.000000
0.000000
0.000000
0.000000
0.000000
0.000000
0.000000
0.000000
0.000000
0.000000
0.000000
0.000000
0.000000
0.000000
0.000000
0.000000
0.000000
0.000000
0.000000
0.000000
0.000000
0.000000
0.000000
0.000000
0.000000
0.000000
0.000000
0.000000
0.000000
0.000000
0.000000
0.000000
0.000000
0.000000
0.000000
0.000000
0.000000
