0.000000
0.000000
0.000000
0.000000
0.341786
3.301868
7.367629
16.398469
26.286687
63.944709
96.619495
157.909063
220.331821
364.879575
500.589483
739.685812
1057.056572
1438.094964
1990.300973
2611.247367
3340.190983
4209.716319
5327.332302
6595.565723
7891.068430
9141.179599
10589.283572
12230.040123
14060.973059
16133.623593
18301.804849
20684.502281
23045.674012
25469.720835
27789.339849
30216.328636
32907.542863
35425.208560
38332.575199
40804.080036
43603.908105
46308.935113
48765.417979
51281.642897
53648.083691
56149.857502
58749.603998
61122.360945
63262.707375
65751.330166
67763.153833
69933.642096
71683.447088
73752.103352
75702.124667
77401.896355
78960.709780
80071.955819
81390.864885
82785.030112
83924.678246
84689.461299
85694.661890
86396.536816
86856.757095
87618.102376
88114.724678
88717.236903
89040.640669
89365.688079
89478.234895
89821.560071
89816.626192
90343.526350
90383.536659
90187.371735
90004.346721
89745.412171
89689.143397
89230.162499
89063.687043
88956.503057
88737.973372
88221.241635
87791.818413
87443.677910
86812.936963
86331.654532
85944.939849
85412.319169
84931.189803
84433.955894
83974.438868
83593.133400
82931.913968
82268.506109
81611.636236
80863.640449
80317.789976
79581.845154
78888.333009
78076.849836
77321.283030
76597.467991
75977.421789
75300.221395
74382.035058
73718.956549
73112.394628
72174.680788
71224.618416
70510.156290
69734.288052
68805.888474
67833.474769
67097.085128
66283.922521
65617.298630
64835.692687
64025.910015
63107.868605
62281.633203
61607.119238
60775.962429
60005.018100
59215.222556
58583.632853
57936.884345
56998.332203
56212.354941
55524.472385
54713.313820
53996.273912
53373.337613
52633.892566
51992.911955
51370.542983
50594.795285
49854.177814
49026.399880
48346.133372
47640.003251
46880.947549
46090.270472
45187.835264
44525.006234
43715.968186
43006.251352
42335.456028
41638.047911
41037.225392
40313.087549
39662.376557
39008.551184
38454.308098
37896.995722
37260.454963
36615.203089
35944.681945
35258.769241
34630.856767
33991.953316
33422.930665
32744.202571
31966.885625
31295.420480
30771.090486
30207.408136
29513.282319
28835.872907
28302.512104
27698.986459
27179.240715
26575.717376
25979.254878
25463.192698
24993.754450
24498.114348
24061.886680
23649.955020
23228.346496
22704.533756
22276.467353
21748.409931
21251.857718
20924.626696
20543.088151
20082.958358
19637.651699
19192.715648
18804.158102
18476.494194
18010.961243
17600.798245
17151.971495
16725.702749
16261.706852
15875.224228
15478.885215
15150.108451
14765.688638
14347.356543
14007.123992
13668.624321
13346.547997
12974.813893
12603.899325
12275.774871
11911.265119
11656.803192
11255.565921
10973.309873
10696.520578
10424.171824
10166.254207
9854.335389
9605.767315
9335.645203
9066.793381
8840.531887
8591.511776
8402.025146
8119.456137
7912.652991
7652.192463
7461.106366
7301.631309
7073.409608
6865.150204
6653.292479
6446.512735
6281.060944
6058.002136
5877.890091
5687.982392
5477.015959
5255.379814
5069.010229
4929.411586
4789.239177
4672.785858
4534.672947
4409.275202
4271.540177
4122.690239
3986.846125
3830.729501
3651.916679
3530.060407
3436.987123
3337.490350
3232.406921
3111.243890
3028.203570
2944.050816
2863.884858
2765.820218
2675.624524
2579.418804
2485.535339
2385.203589
2288.277921
2214.352093
2125.302135
2059.638722
2009.729467
1917.605718
1849.393856
1774.970964
1709.320094
1643.160586
1586.035106
1514.492403
1458.834389
1394.815760
1331.850574
1293.167724
1247.881216
1189.929818
1144.043230
1089.302865
1053.063877
1005.306731
968.722777
930.579379
894.267484
857.387649
818.125389
783.379357
749.059827
725.594323
700.471293
671.936149
633.128143
619.494195
589.852673
575.398535
546.734881
522.765721
493.001390
471.391284
443.700854
428.248303
409.396465
397.908451
375.943673
360.225750
342.948059
332.075295
316.076130
311.168551
296.626176
283.343423
258.962104
247.193478
233.067913
219.537271
213.851026
205.363290
195.361981
187.663892
177.811025
173.291269
161.113086
149.251325
139.304327
129.208315
126.173062
120.240230
118.878713
113.067767
106.038128
103.608827
97.021231
93.004992
90.289472
84.936842
81.745639
78.124733
75.423714
68.941186
67.058568
61.101856
59.581856
57.998387
56.301552
55.373559
53.888658
51.329935
53.176217
51.454365
48.196885
46.100046
43.080692
40.616351
37.771664
36.748289
35.842090
33.193863
30.454235
29.045827
26.926685
25.349465
21.306088
19.719057
17.513425
16.390362
15.437290
15.668508
15.541586
14.669349
14.927112
14.093427
13.867827
13.051405
12.236263
12.971836
12.086458
10.704708
10.258240
8.302612
9.233588
9.636240
9.215379
9.190808
8.547262
7.682133
6.580203
6.550018
5.402138
5.406004
5.317193
5.346602
6.100143
6.385591
4.605459
3.874400
2.609084
2.178780
2.392691
2.069895
1.686663
1.300911
1.074349
1.090070
1.327676
1.481656
1.487517
0.940928
0.652895
0.600696
0.639454
0.689520
0.885179
0.727976
0.658964
0.458337
0.283575
0.262033
0.114650
0.000000
0.000000
0.000000
0.000000
0.000000
0.000000
0.000000
0.000000
0.000000
0.000000
0.000000
0.000000
0.000000
0.000000
0.000000
0.000000
0.000000
0.000000
0.000000
0.000000
0.000000
0.000000
0.000000
0.000000
0.000000
0.000000
0.000000
0.000000
0.000000
0.000000
0.000000
0.000000
0.000000
0.000000
0.000000
0.000000
0.000000
0.000000
0.000000
0.000000
0.000000
0.000000
0.000000
0.000000
0.000000
0.000000
0.000000
0.000000
0.000000
0.000000
0.000000
0.000000
0.000000
0.000000
0.000000
0.000000
0.000000
0.000000
0.000000
0.000000
0.000000
0.000000
0.000000
0.000000
0.000000
0.000000
0.000000
0.000000
0.000000
0.000000
0.000000
0.000000
0.000000
0.000000
0.000000
0.000000
0.000000
0.000000
0.000000
0.000000
0.000000
0.000000
0.000000
0.000000
0.000000
0.000000
0.000000
0.000000
0.000000
0.000000
0.000000
0.000000
0.000000
0.000000
0.000000
0.000000
0.000000
0.000000
0.000000
0.000000
0.000000
0.000000
0.000000
0.000000
0.000000
0.000000
0.000000
0.000000
0.000000
0.000000
0.000000
0.000000
0.000000
0.000000
0.000000
0.000000
0.000000
0.000000
0.000000
0.000000
0.000000
0.000000
0.000000
0.000000
0.000000
0.000000
0.000000
0.000000
0.000000
0.000000
0.000000
0.000000
0.000000
0.000000
0.000000
0.000000
0.000000
0.000000
0.000000
0.000000
0.000000
0.000000
0.000000
0.000000
0.000000
0.000000
0.000000
0.000000
0.000000
0.000000
0.000000
0.000000
0.000000
0.000000
0.000000
0.000000
0.000000
0.000000
0.000000
0.000000
0.000000
0.000000
0.000000
0.000000
0.000000
0.000000
0.000000
0.000000
0.000000
0.000000
0.000000
0.000000
0.000000
0.000000
0.000000
0.000000
0.000000
0.000000
0.000000
0.000000
0.000000
0.000000
0.000000
0.000000
0.000000
0.000000
0.000000
0.000000
0.000000
0.000000
0.000000
0.000000
0.000000
0.000000
0.000000
0.000000
0.000000
0.000000
0.000000
0.000000
0.000000
0.000000
0.000000
0.000000
0.000000
0.000000
0.000000
0.000000
0.000000
0.000000
0.000000
0.000000
0.000000
0.000000
0.000000
0.000000
0.000000
0.000000
0.000000
0.000000
0.000000
0.000000
0.000000
0.000000
0.000000
0.000000
0.000000
0.000000
0.000000
0.000000
0.000000
0.000000
0.000000
0.000000
0.000000
0.000000
0.000000
0.000000
0.000000
0.000000
0.000000
0.000000
0.000000
0.000000
0.000000
0.000000
0.000000
0.000000
0.000000
0.000000
0.000000
0.000000
0.000000
0.000000
0.000000
0.000000
0.000000
0.000000
0.000000
0.000000
0.000000
0.000000
0.000000
0.000000
0.000000
0.000000
0.000000
0.000000
0.000000
0.000000
0.000000
0.000000
0.000000
0.000000
0.000000
0.000000
0.000000
0.000000
0.000000
0.000000
0.000000
0.000000
0.000000
0.000000
0.000000
0.000000
0.000000
0.000000
0.000000
0.000000
0.000000
0.000000
0.000000
0.000000
0.000000
0.000000
0.000000
0.000000
0.000000
0.000000
0.000000
0.000000
0.000000
0.000000
0.000000
0.000000
0.000000
0.000000
0.000000
0.000000
0.000000
0.000000
0.000000
0.000000
0.000000
0.000000
0.000000
0.000000
0.000000
0.000000
0.000000
0.000000
0.000000
0.000000
0.000000
0.000000
0.000000
0.000000
0.000000
0.000000
0.000000
0.000000
0.000000
0.000000
0.000000
0.000000
0.000000
0.000000
0.000000
0.000000
0.000000
0.000000
0.000000
0.000000
0.000000
0.000000
0.000000
0.000000
0.000000
0.000000
0.000000
0.000000
0.000000
0.000000
0.000000
0.000000
0.000000
0.000000
0.000000
0.000000
0.000000
0.000000
0.000000
0.000000
0.000000
0.000000
0.000000
0.000000
0.000000
0.000000
0.000000
0.000000
0.000000
0.000000
0.000000
0.000000
0.000000
0.000000
0.000000
0.000000
0.000000
0.000000
0.000000
0.000000
0.000000
0.000000
0.000000
0.000000
0.000000
0.000000
0.000000
0.000000
0.000000
0.000000
0.000000
0.000000
0.000000
0.000000
0.000000
0.000000
0.000000
0.000000
0.000000
0.000000
0.000000
0.000000
0.000000
0.000000
0.000000
0.000000
0.000000
0.000000
0.000000
0.000000
0.000000
0.000000
0.000000
0.000000
0.000000
0.000000
0.000000
0.000000
0.000000
0.000000
0.000000
0.000000
0.000000
0.000000
0.000000
0.000000
0.000000
0.000000
0.000000
0.000000
0.000000
0.000000
0.000000
0.000000
0.000000
0.000000
0.000000
0.000000
0.000000
0.000000
0.000000
0.000000
0.000000
0.000000
0.000000
0.000000
0.000000
0.000000
0.000000
0.000000
0.000000
0.000000
0.000000
0.000000
0.000000
0.000000
0.000000
0.000000
0.000000
0.000000
0.000000
0.000000
0.000000
0.000000
0.000000
0.000000
0.000000
0.000000
0.000000
0.000000
0.000000
0.000000
0.000000
0.000000
0.000000
0.000000
0.000000
0.000000
0.000000
0.000000
0.000000
0.000000
0.000000
0.000000
0.000000
0.000000
0.000000
0.000000
0.000000
0.000000
0.000000
0.000000
0.000000
0.000000
0.000000
0.000000
0.000000
0.000000
0.000000
0.000000
0.000000
0.000000
0.000000
0.000000
0.000000
0.000000
0.000000
0.000000
0.000000
0.000000
0.000000
0.000000
0.000000
0.000000
0.000000
0.000000
0.000000
0.000000
0.000000
0.000000
0.000000
0.000000
0.000000
0.000000
0.000000
0.000000
0.000000
0.000000
0.000000
0.000000
0.000000
0.000000
0.000000
0.000000
0.000000
0.000000
0.000000
0.000000
0.000000
0.000000
0.000000
0.000000
0.000000
0.000000
0.000000
0.000000
0.000000
0.000000
0.000000
0.000000
0.000000
0.000000
0.000000
0.000000
0.000000
0.000000
0.000000
0.000000
0.000000
0.000000
0.000000
0.000000
0.000000
0.000000
0.000000
0.000000
0.000000
0.000000
0.000000
0.000000
0.000000
0.000000
0.000000
0.000000
0.000000
0.000000
0.000000
