0.000000
0.000000
0.000000
0.000000
0.000000
0.000000
0.000000
0.000000
0.000000
0.000000
0.000000
0.000000
0.000000
0.000000
0.000000
0.000000
0.029981
0.047413
0.050475
0.129814
0.224673
0.170026
0.490698
0.723613
1.264857
2.587824
4.435249
6.821465
12.171299
21.680144
34.865826
56.241684
85.719960
133.093579
197.905705
291.564348
419.710890
587.489051
822.117259
1127.663079
1518.656905
2018.853688
2650.408543
3413.521890
4350.699057
5472.337940
6824.322417
8415.204440
10227.429947
12306.707295
14676.263350
17320.593787
20272.370171
23533.676197
27087.532397
30912.006145
35029.692032
39374.136163
43936.572916
48724.339130
53750.534231
58913.502928
64166.908729
69530.403730
74916.736986
80320.569327
85772.715359
91153.232606
96415.681477
101560.922332
106604.235377
111470.820999
116150.310063
120489.116306
124762.238951
128686.701445
132383.783949
135792.862238
138966.186897
141888.640290
144483.279194
146878.459535
148965.173735
150709.064519
152187.168524
153469.569032
154529.472668
155289.915436
155898.544433
156227.584050
156287.231472
156251.679714
155981.480141
155539.869776
154904.125446
154105.710893
153209.096182
152134.875610
150905.290800
149598.259576
148116.131017
146530.318108
144875.101697
143036.935321
141110.524935
139132.814284
137042.293455
134843.748731
132583.035632
130277.414596
127866.521849
125406.730265
122801.595520
120216.657015
117517.679849
114780.646666
112006.655246
109131.187701
106263.174266
103357.011041
100380.138964
97383.512718
94351.592751
91321.851216
88254.983455
85204.760533
82161.021928
79114.260669
76069.890309
73037.677820
70013.393098
67027.907586
64017.378601
61118.985409
58244.024261
55413.090306
52633.959150
49909.686698
47252.977924
44658.477813
42139.850809
39676.347453
37298.740723
35009.709460
32795.066220
30685.381095
28618.231944
26649.600096
24779.667226
22999.027214
21307.564176
19685.194417
18155.512837
16711.188549
15363.948476
14089.767974
12903.458343
11781.667854
10737.459010
9766.638267
8858.293990
8019.750894
7235.355550
6525.064596
5872.785915
5269.753386
4721.260940
4220.323419
3760.416833
3349.536952
2975.295754
2640.463450
2332.182107
2056.209740
1809.455761
1585.402434
1388.958133
1211.242311
1056.986888
918.088426
796.484916
689.590999
593.358251
511.526190
438.234348
374.169129
320.289321
274.292845
233.087714
198.384284
167.871072
141.781788
119.843914
100.487480
84.322815
70.390062
58.506852
49.407067
41.056175
33.701371
27.986048
23.245198
18.971512
15.432077
12.585219
10.507538
8.460189
6.976500
5.614246
4.637545
3.592496
2.810222
2.346300
1.846233
1.543248
1.222997
0.987983
0.763389
0.578736
0.483773
0.359807
0.270600
0.215350
0.147287
0.142917
0.077227
0.076816
0.054288
0.059379
0.036734
0.035657
0.020564
0.017352
0.008732
0.007249
0.001345
0.005105
0.000749
0.002658
0.001033
0.004776
0.000934
0.000000
0.000000
0.000000
0.000000
0.000000
0.000000
0.000000
0.000000
0.000000
0.000000
0.000000
0.000000
0.000000
0.000000
0.000000
0.000000
0.000000
0.000000
0.000000
0.000000
0.000000
0.000000
0.000000
0.000000
0.000000
0.000000
0.000000
0.000000
0.000000
0.000000
0.000000
0.000000
0.000000
0.000000
0.000000
0.000000
0.000000
0.000000
0.000000
0.000000
0.000000
0.000000
0.000000
0.000000
0.000000
0.000000
0.000000
0.000000
0.000000
0.000000
0.000000
0.000000
0.000000
0.000000
0.000000
0.000000
0.000000
0.000000
0.000000
0.000000
0.000000
0.000000
0.000000
0.000000
0.000000
0.000000
0.000000
0.000000
0.000000
0.000000
0.000000
0.000000
0.000000
0.000000
0.000000
0.000000
0.000000
0.000000
0.000000
0.000000
0.000000
0.000000
0.000000
0.000000
0.000000
0.000000
0.000000
0.000000
0.000000
0.000000
0.000000
0.000000
0.000000
0.000000
0.000000
0.000000
0.000000
0.000000
0.000000
0.000000
0.000000
0.000000
0.000000
0.000000
0.000000
0.000000
0.000000
0.000000
0.000000
0.000000
0.000000
0.000000
0.000000
0.000000
0.000000
0.000000
0.000000
0.000000
0.000000
0.000000
0.000000
0.000000
0.000000
0.000000
0.000000
0.000000
0.000000
0.000000
0.000000
0.000000
0.000000
0.000000
0.000000
0.000000
0.000000
0.000000
0.000000
0.000000
0.000000
0.000000
0.000000
0.000000
0.000000
0.000000
0.000000
0.000000
0.000000
0.000000
0.000000
0.000000
0.000000
0.000000
0.000000
0.000000
0.000000
0.000000
0.000000
0.000000
0.000000
0.000000
0.000000
0.000000
0.000000
0.000000
0.000000
0.000000
0.000000
0.000000
0.000000
0.000000
0.000000
0.000000
0.000000
0.000000
0.000000
0.000000
0.000000
0.000000
0.000000
0.000000
0.000000
0.000000
0.000000
0.000000
0.000000
0.000000
0.000000
0.000000
0.000000
0.000000
0.000000
0.000000
0.000000
0.000000
0.000000
0.000000
0.000000
0.000000
0.000000
0.000000
0.000000
0.000000
0.000000
0.000000
0.000000
0.000000
0.000000
0.000000
0.000000
0.000000
0.000000
0.000000
0.000000
0.000000
0.000000
0.000000
0.000000
0.000000
0.000000
0.000000
0.000000
0.000000
0.000000
0.000000
0.000000
0.000000
0.000000
0.000000
0.000000
0.000000
0.000000
0.000000
0.000000
0.000000
0.000000
0.000000
0.000000
0.000000
0.000000
0.000000
0.000000
0.000000
0.000000
0.000000
0.000000
0.000000
0.000000
0.000000
0.000000
0.000000
0.000000
0.000000
0.000000
0.000000
0.000000
0.000000
0.000000
0.000000
0.000000
