0.000000
0.000000
0.000000
0.000000
0.000000
0.000000
0.008148
0.033384
0.028703
0.227545
0.595127
1.176427
2.280343
4.578616
9.209288
16.083987
26.072677
39.571436
59.108631
91.024345
135.065792
200.446611
280.849653
379.779026
505.695428
687.657623
893.470125
1157.661993
1462.480100
1842.145082
2290.498269
2815.096967
3441.107493
4162.308256
5007.461781
5968.625352
7018.763059
8196.360279
9513.734878
10985.052784
12554.193673
14323.917541
16269.250267
18327.595659
20525.416191
22902.574605
25381.605971
27953.731348
30646.593592
33484.828082
36387.019361
39440.384100
42530.726712
45695.484350
48922.174557
52248.047162
55591.380202
59053.673740
62436.921901
65819.337174
69212.116908
72618.436307
76005.221539
79323.265740
82574.936026
85631.995863
88787.106423
91809.090364
94678.214627
97553.523824
100247.357351
102869.633868
105386.514402
107762.775628
110006.265511
112153.734498
114103.671380
115982.261328
117746.359168
119305.138242
120634.423326
121970.054195
123159.217227
124167.431583
125025.479751
125715.204839
126286.866886
126717.096011
126959.288460
127092.026461
127050.457872
126946.091920
126617.024510
126221.472784
125737.645579
125112.426506
124394.539908
123523.831612
122609.341698
121631.550502
120480.330010
119280.960660
117959.060471
116529.383901
115135.129415
113677.945840
112059.759934
110449.043988
108898.208765
107211.719357
105533.024079
103799.489733
101973.796688
100155.339769
98342.698703
96487.866896
94601.794538
92738.438478
90806.153776
88851.798537
86928.736106
84993.769017
83015.636201
81033.364379
79069.290541
77098.624837
75136.346494
73194.679157
71199.093562
69306.037627
67441.192488
65545.500142
63742.766682
61946.967448
60151.735463
58356.124303
56639.460591
54927.576688
53248.497643
51600.898742
49989.832188
48439.518064
46903.901100
45363.501799
43834.789136
42344.904539
40930.617569
39567.686726
38227.796006
36898.048099
35604.624558
34369.422461
33151.847385
31946.298063
30780.118682
29632.877554
28525.904760
27428.500945
26413.418483
25409.732950
24418.018766
23463.608050
22526.084091
21595.464779
20728.089475
19872.024563
19070.701058
18268.147840
17504.015610
16775.113275
16082.728578
15373.242447
14712.163574
14080.053677
13429.753108
12851.573414
12291.595318
11724.245425
11205.972457
10676.244503
10189.506965
9715.949416
9288.945793
8858.536463
8442.569866
8054.046344
7670.779182
7319.163513
6965.594494
6619.662567
6291.463056
5997.115373
5702.671078
5423.213048
5149.307703
4890.432469
4641.373888
4398.482147
4174.329673
3960.479993
3752.572546
3554.393821
3371.732445
3180.101981
3013.500006
2847.055882
2691.600289
2549.527676
2414.879153
2278.939906
2148.333181
2023.890982
1905.159127
1800.258087
1698.935584
1601.359732
1511.510324
1429.324165
1345.342640
1268.184827
1197.755969
1128.236269
1064.797332
997.932495
931.672528
873.463174
822.733059
770.018199
725.629078
676.330799
636.773046
595.515069
561.211292
527.582080
496.954219
465.864611
438.191422
411.559286
385.071311
361.590186
338.964628
318.958988
297.975786
276.876713
260.931096
244.903573
226.367090
212.490411
198.167388
184.164296
169.555590
157.623380
146.719219
135.354399
126.849922
116.916816
109.199392
101.728046
94.617476
87.857789
80.411541
73.391514
66.932328
62.021077
57.943251
54.350278
50.696064
47.290138
42.923496
39.098525
36.415076
32.929878
29.952778
27.834602
24.925014
23.092749
20.500168
19.503650
18.036083
16.220331
15.242659
13.566469
12.526806
11.511707
10.644687
9.543218
8.717552
7.769914
7.521237
7.237186
6.773275
6.077057
5.543327
5.161290
4.786340
4.442522
4.083276
3.759995
3.419215
3.257095
2.752043
2.452104
2.204814
2.086127
1.765068
1.548294
1.144766
1.160379
1.142219
1.195356
1.066967
1.062774
1.031807
0.852347
0.799722
0.786310
0.687604
0.628339
0.660742
0.587397
0.529335
0.520723
0.432826
0.378264
0.280947
0.308772
0.221394
0.227718
0.175420
0.121605
0.160034
0.154471
0.137339
0.098633
0.096447
0.066811
0.056246
0.058636
0.038086
0.062412
0.046990
0.060729
0.050403
0.041334
0.016325
0.013887
0.004646
0.011483
0.003298
0.000000
0.000000
0.000000
0.000000
0.000000
0.000000
0.000000
0.000000
0.000000
0.000000
0.000000
0.000000
0.000000
0.000000
0.000000
0.000000
0.000000
0.000000
0.000000
0.000000
0.000000
0.000000
0.000000
0.000000
0.000000
0.000000
0.000000
0.000000
0.000000
0.000000
0.000000
0.000000
0.000000
0.000000
0.000000
0.000000
0.000000
0.000000
0.000000
0.000000
0.000000
0.000000
0.000000
0.000000
0.000000
0.000000
0.000000
0.000000
0.000000
0.000000
0.000000
0.000000
0.000000
0.000000
0.000000
0.000000
0.000000
0.000000
0.000000
0.000000
0.000000
0.000000
0.000000
0.000000
0.000000
0.000000
0.000000
0.000000
0.000000
0.000000
0.000000
0.000000
0.000000
0.000000
0.000000
0.000000
0.000000
0.000000
0.000000
0.000000
0.000000
0.000000
0.000000
0.000000
0.000000
0.000000
0.000000
0.000000
0.000000
0.000000
0.000000
0.000000
0.000000
0.000000
0.000000
0.000000
0.000000
0.000000
0.000000
0.000000
0.000000
0.000000
0.000000
0.000000
0.000000
0.000000
0.000000
0.000000
0.000000
0.000000
0.000000
0.000000
0.000000
0.000000
0.000000
0.000000
0.000000
0.000000
0.000000
0.000000
0.000000
0.000000
0.000000
0.000000
0.000000
0.000000
0.000000
0.000000
0.000000
0.000000
0.000000
0.000000
0.000000
0.000000
0.000000
0.000000
0.000000
0.000000
0.000000
0.000000
0.000000
0.000000
0.000000
0.000000
0.000000
0.000000
0.000000
0.000000
0.000000
0.000000
0.000000
0.000000
0.000000
0.000000
0.000000
0.000000
0.000000
0.000000
0.000000
0.000000
0.000000
0.000000
0.000000
0.000000
0.000000
0.000000
0.000000
0.000000
0.000000
0.000000
0.000000
0.000000
0.000000
0.000000
0.000000
0.000000
0.000000
0.000000
0.000000
0.000000
0.000000
0.000000
0.000000
0.000000
0.000000
0.000000
0.000000
0.000000
0.000000
0.000000
0.000000
0.000000
0.000000
0.000000
0.000000
0.000000
0.000000
0.000000
0.000000
0.000000
0.000000
0.000000
0.000000
0.000000
0.000000
0.000000
0.000000
0.000000
0.000000
0.000000
0.000000
0.000000
0.000000
0.000000
0.000000
0.000000
0.000000
0.000000
0.000000
0.000000
0.000000
0.000000
0.000000
0.000000
0.000000
0.000000
0.000000
0.000000
0.000000
0.000000
0.000000
0.000000
0.000000
0.000000
0.000000
0.000000
0.000000
0.000000
0.000000
0.000000
0.000000
0.000000
0.000000
0.000000
0.000000
0.000000
0.000000
0.000000
0.000000
0.000000
0.000000
0.000000
0.000000
0.000000
0.000000
0.000000
0.000000
0.000000
0.000000
0.000000
0.000000
0.000000
0.000000
0.000000
0.000000
0.000000
0.000000
0.000000
0.000000
0.000000
0.000000
0.000000
0.000000
0.000000
0.000000
0.000000
0.000000
0.000000
0.000000
0.000000
0.000000
0.000000
0.000000
0.000000
0.000000
0.000000
0.000000
0.000000
0.000000
0.000000
0.000000
0.000000
0.000000
0.000000
0.000000
0.000000
0.000000
0.000000
0.000000
0.000000
0.000000
0.000000
0.000000
0.000000
0.000000
0.000000
0.000000
0.000000
0.000000
0.000000
0.000000
0.000000
0.000000
0.000000
0.000000
0.000000
0.000000
0.000000
0.000000
0.000000
0.000000
0.000000
0.000000
0.000000
0.000000
0.000000
0.000000
0.000000
0.000000
0.000000
0.000000
0.000000
0.000000
0.000000
0.000000
0.000000
0.000000
0.000000
0.000000
0.000000
0.000000
0.000000
0.000000
0.000000
0.000000
0.000000
0.000000
0.000000
0.000000
0.000000
0.000000
0.000000
0.000000
0.000000
0.000000
0.000000
0.000000
0.000000
0.000000
0.000000
0.000000
0.000000
0.000000
0.000000
0.000000
0.000000
0.000000
0.000000
0.000000
0.000000
0.000000
0.000000
0.000000
0.000000
0.000000
0.000000
0.000000
0.000000
0.000000
0.000000
0.000000
0.000000
0.000000
0.000000
0.000000
0.000000
0.000000
0.000000
0.000000
0.000000
0.000000
0.000000
0.000000
0.000000
0.000000
0.000000
0.000000
0.000000
0.000000
0.000000
0.000000
0.000000
0.000000
0.000000
0.000000
0.000000
0.000000
0.000000
0.000000
0.000000
0.000000
0.000000
0.000000
0.000000
0.000000
0.000000
0.000000
0.000000
0.000000
0.000000
0.000000
0.000000
0.000000
0.000000
0.000000
0.000000
0.000000
0.000000
0.000000
0.000000
0.000000
0.000000
0.000000
0.000000
0.000000
0.000000
0.000000
0.000000
0.000000
0.000000
0.000000
0.000000
0.000000
0.000000
0.000000
0.000000
0.000000
0.000000
0.000000
0.000000
0.000000
0.000000
0.000000
0.000000
0.000000
0.000000
0.000000
0.000000
0.000000
0.000000
0.000000
0.000000
0.000000
0.000000
0.000000
0.000000
0.000000
0.000000
0.000000
0.000000
0.000000
0.000000
0.000000
0.000000
0.000000
0.000000
0.000000
0.000000
0.000000
0.000000
0.000000
0.000000
0.000000
0.000000
0.000000
0.000000
0.000000
0.000000
0.000000
0.000000
0.000000
0.000000
0.000000
0.000000
0.000000
0.000000
0.000000
0.000000
0.000000
0.000000
0.000000
0.000000
0.000000
0.000000
0.000000
0.000000
0.000000
0.000000
0.000000
0.000000
0.000000
0.000000
0.000000
0.000000
0.000000
0.000000
0.000000
0.000000
0.000000
0.000000
0.000000
0.000000
0.000000
0.000000
0.000000
0.000000
0.000000
0.000000
0.000000
0.000000
0.000000
0.000000
0.000000
0.000000
0.000000
0.000000
0.000000
0.000000
0.000000
0.000000
0.000000
0.000000
0.000000
0.000000
0.000000
0.000000
0.000000
0.000000
0.000000
0.000000
0.000000
0.000000
0.000000
0.000000
0.000000
0.000000
0.000000
0.000000
0.000000
0.000000
0.000000
0.000000
0.000000
0.000000
0.000000
0.000000
0.000000
0.000000
0.000000
0.000000
0.000000
0.000000
0.000000
0.000000
0.000000
0.000000
0.000000
0.000000
0.000000
0.000000
0.000000
0.000000
0.000000
0.000000
0.000000
0.000000
0.000000
0.000000
0.000000
0.000000
0.000000
0.000000
0.000000
0.000000
0.000000
0.000000
0.000000
0.000000
0.000000
0.000000
0.000000
0.000000
0.000000
0.000000
0.000000
0.000000
0.000000
0.000000
0.000000
0.000000
0.000000
0.000000
0.000000
0.000000
0.000000
0.000000
0.000000
0.000000
0.000000
0.000000
0.000000
0.000000
0.000000
0.000000
0.000000
0.000000
0.000000
0.000000
0.000000
0.000000
0.000000
0.000000
0.000000
0.000000
0.000000
0.000000
0.000000
0.000000
0.000000
0.000000
0.000000
0.000000
0.000000
0.000000
0.000000
0.000000
0.000000
0.000000
0.000000
0.000000
0.000000
0.000000
