0.011062
0.225120
1.461641
5.162500
16.237375
38.029305
81.366403
158.083951
289.518953
497.874309
809.708022
1250.963969
1859.526542
2663.782042
3700.081608
4988.962340
6553.051658
8410.830502
10562.877105
13012.033835
15749.634595
18772.244419
22046.838351
25534.983428
29233.679600
33080.815551
37010.763557
41040.521842
45131.970836
49198.660238
53195.005423
57157.468060
61023.765406
64722.971276
68298.294667
71656.687478
74798.275001
77748.405197
80497.022720
82988.022498
85233.343257
87256.922886
89083.546546
90659.822942
92021.763776
93176.781039
94126.775797
94915.866318
95519.024942
95933.918533
96180.630768
96244.662253
96199.079630
96052.299815
95768.996018
95375.153494
94899.421795
94346.658478
93686.758934
92974.414056
92186.537456
91336.398383
90481.351014
89545.342511
88624.186196
87671.858845
86712.196455
85743.629350
84771.054237
83795.425476
82769.244357
81773.844438
80788.943572
79801.136285
78810.260543
77835.947317
76850.714656
75903.510203
74958.968281
74024.617110
73109.194289
72210.084356
71302.581451
70416.517228
69553.427864
68701.822085
67870.842523
67067.389546
66276.681427
65489.526974
64707.857951
63949.706409
63207.345182
62484.105852
61776.700222
61088.682900
60390.612332
59731.056828
59070.872193
58420.176020
57799.171602
57191.729721
56592.905838
56010.047749
55424.161908
54868.161262
54328.119309
53785.843551
53256.911699
52755.997482
52250.076662
51744.022546
51235.508822
50755.588439
50285.918930
49815.040631
49354.281929
48908.019221
48461.313619
48013.230695
47573.525711
47130.519075
46717.194064
46299.078149
45876.811661
45462.319990
45050.454421
44652.251568
44239.790103
43840.376564
43461.250891
43077.334981
42689.920731
42321.714146
41947.233392
41573.708825
41188.011528
40826.150818
40455.959418
40080.865350
39716.268976
39353.409832
38985.578023
38617.381154
38228.081177
37848.274947
37462.911878
37090.302385
36707.876791
36340.634771
35963.300023
35581.358746
35210.468521
34827.357222
34444.509383
34060.891674
33672.457367
33285.780601
32907.215792
32513.230226
32102.168771
31715.381888
31316.101785
30919.101323
30518.154110
30112.555558
29713.069424
29303.240594
28906.996907
28491.550144
28079.156249
27668.282054
27256.140715
26851.165843
26431.675710
26014.988047
25603.085941
25176.342241
24763.938484
24344.697125
23934.642739
23518.508161
23094.431452
22677.010628
22260.248327
21848.197552
21436.719136
21026.805781
20612.670100
20205.897371
19797.013225
19388.515442
18975.662845
18568.651164
18176.151662
17782.368145
17392.723485
17002.354199
16617.045720
16226.772617
15851.430334
15473.255180
15097.139500
14723.586770
14358.159017
13987.958389
13626.648100
13276.538399
12926.203749
12581.579696
12231.859269
11901.573296
11570.312784
11249.432419
10924.107993
10609.449369
10296.332359
9994.711452
9693.418410
9397.048537
9106.516596
8823.483280
8541.669248
8269.378977
8001.807204
7734.343282
7479.536391
7227.320384
6978.942263
6739.744732
6505.520192
6276.717570
6052.695220
5834.402954
5623.595196
5417.823968
5220.865284
5025.360816
4833.299355
4645.176259
4466.352728
4289.121598
4118.905526
3951.665908
3790.965981
3633.457282
3482.277703
3337.334630
3196.036751
3061.152264
2930.877851
2805.990239
2683.219521
2564.210041
2448.909304
2337.565827
2231.942512
2131.293337
2032.321563
1936.692838
1844.909796
1757.131441
1672.234951
1588.332932
1510.008744
1437.344102
1365.281705
1296.219100
1231.804902
1167.876168
1107.308288
1048.621626
993.411744
941.669274
891.347012
845.083340
797.743595
756.517213
715.081694
675.295714
637.634419
602.243162
567.584842
536.253652
505.883180
476.784404
448.013401
421.509104
396.765116
373.504280
350.475281
329.226082
309.082702
289.520386
271.259955
254.401600
237.716256
222.828356
208.144004
194.707741
182.231581
170.495912
159.061291
148.524164
138.608789
129.320155
120.607312
112.801162
104.839904
97.500486
90.892552
84.666660
78.927607
73.513311
68.287172
63.583073
59.048277
54.504458
50.788158
47.021276
43.502187
40.386988
37.127067
34.606839
32.042480
29.541686
27.203676
25.283993
23.556500
21.669297
19.871233
18.443618
17.078416
15.833526
14.594783
13.388110
12.190531
11.211590
10.351722
9.405464
8.517590
7.891718
7.241504
6.534100
6.027745
5.526630
4.966473
4.536328
4.122477
3.688527
3.317671
3.044694
2.685363
2.449629
2.214829
1.984412
1.819453
1.594672
1.454720
1.355705
1.216925
1.090554
0.971627
0.829166
0.745483
0.686202
0.599243
0.522169
0.431807
0.392998
0.369213
0.339028
0.287252
0.238406
0.210397
0.191275
0.170237
0.166281
0.153801
0.123189
0.110788
0.101947
0.091525
0.068736
0.055273
0.048945
0.036821
0.030828
0.033569
0.028100
0.025355
0.020003
0.014807
0.010522
0.011366
0.014499
0.014985
0.015012
0.010430
0.008169
0.004871
0.003940
0.003166
0.004195
0.003281
0.001203
0.000761
0.000530
0.000000
0.000000
0.000000
0.000000
0.000000
0.000000
0.000000
0.000000
0.000000
0.000000
0.000000
0.000000
0.000000
0.000000
0.000000
0.000000
0.000000
0.000000
0.000000
0.000000
0.000000
0.000000
0.000000
0.000000
0.000000
0.000000
0.000000
0.000000
0.000000
0.000000
0.000000
0.000000
0.000000
0.000000
0.000000
0.000000
0.000000
0.000000
0.000000
0.000000
0.000000
0.000000
0.000000
0.000000
0.000000
0.000000
0.000000
0.000000
0.000000
0.000000
0.000000
0.000000
0.000000
0.000000
0.000000
0.000000
0.000000
0.000000
0.000000
0.000000
0.000000
0.000000
0.000000
0.000000
0.000000
0.000000
0.000000
0.000000
0.000000
0.000000
0.000000
0.000000
0.000000
0.000000
0.000000
0.000000
0.000000
0.000000
0.000000
0.000000
0.000000
0.000000
0.000000
0.000000
0.000000
0.000000
0.000000
0.000000
0.000000
0.000000
0.000000
0.000000
0.000000
0.000000
0.000000
0.000000
0.000000
0.000000
0.000000
0.000000
0.000000
0.000000
0.000000
0.000000
0.000000
0.000000
0.000000
0.000000
0.000000
0.000000
0.000000
0.000000
0.000000
0.000000
0.000000
0.000000
0.000000
0.000000
0.000000
0.000000
0.000000
0.000000
0.000000
0.000000
0.000000
0.000000
0.000000
0.000000
0.000000
0.000000
0.000000
0.000000
0.000000
0.000000
0.000000
0.000000
0.000000
0.000000
0.000000
0.000000
0.000000
0.000000
0.000000
0.000000
0.000000
0.000000
0.000000
0.000000
0.000000
0.000000
0.000000
0.000000
0.000000
0.000000
0.000000
0.000000
0.000000
0.000000
0.000000
0.000000
0.000000
0.000000
0.000000
0.000000
0.000000
0.000000
0.000000
0.000000
0.000000
0.000000
0.000000
0.000000
0.000000
0.000000
0.000000
0.000000
0.000000
0.000000
0.000000
0.000000
0.000000
0.000000
0.000000
0.000000
0.000000
0.000000
0.000000
0.000000
0.000000
0.000000
0.000000
0.000000
0.000000
0.000000
0.000000
0.000000
0.000000
0.000000
0.000000
0.000000
0.000000
0.000000
0.000000
0.000000
0.000000
0.000000
0.000000
0.000000
0.000000
0.000000
0.000000
0.000000
0.000000
0.000000
0.000000
0.000000
0.000000
0.000000
0.000000
0.000000
0.000000
0.000000
0.000000
0.000000
0.000000
0.000000
0.000000
0.000000
0.000000
0.000000
0.000000
0.000000
0.000000
0.000000
0.000000
0.000000
0.000000
0.000000
0.000000
0.000000
0.000000
0.000000
0.000000
0.000000
0.000000
0.000000
0.000000
0.000000
0.000000
0.000000
0.000000
0.000000
0.000000
0.000000
0.000000
0.000000
0.000000
0.000000
0.000000
0.000000
0.000000
0.000000
0.000000
0.000000
0.000000
0.000000
0.000000
0.000000
0.000000
0.000000
0.000000
0.000000
0.000000
0.000000
0.000000
0.000000
0.000000
0.000000
0.000000
0.000000
0.000000
0.000000
0.000000
0.000000
0.000000
0.000000
0.000000
0.000000
0.000000
0.000000
0.000000
0.000000
0.000000
0.000000
0.000000
0.000000
0.000000
0.000000
0.000000
0.000000
0.000000
0.000000
0.000000
0.000000
0.000000
0.000000
0.000000
0.000000
0.000000
0.000000
0.000000
0.000000
0.000000
0.000000
0.000000
0.000000
0.000000
0.000000
0.000000
0.000000
0.000000
0.000000
0.000000
0.000000
0.000000
0.000000
0.000000
0.000000
0.000000
0.000000
0.000000
0.000000
0.000000
0.000000
0.000000
0.000000
0.000000
0.000000
0.000000
0.000000
0.000000
0.000000
0.000000
0.000000
0.000000
0.000000
0.000000
0.000000
0.000000
0.000000
0.000000
0.000000
0.000000
0.000000
0.000000
0.000000
0.000000
0.000000
0.000000
0.000000
0.000000
0.000000
0.000000
0.000000
0.000000
0.000000
0.000000
0.000000
0.000000
0.000000
0.000000
0.000000
0.000000
0.000000
0.000000
0.000000
0.000000
0.000000
0.000000
0.000000
0.000000
0.000000
0.000000
0.000000
0.000000
0.000000
0.000000
0.000000
0.000000
0.000000
0.000000
0.000000
0.000000
0.000000
0.000000
0.000000
0.000000
0.000000
0.000000
0.000000
0.000000
0.000000
0.000000
0.000000
0.000000
0.000000
0.000000
0.000000
0.000000
0.000000
0.000000
0.000000
0.000000
0.000000
0.000000
0.000000
0.000000
0.000000
0.000000
0.000000
0.000000
0.000000
0.000000
0.000000
0.000000
0.000000
0.000000
0.000000
0.000000
0.000000
0.000000
0.000000
0.000000
0.000000
0.000000
0.000000
0.000000
0.000000
0.000000
0.000000
0.000000
0.000000
0.000000
0.000000
0.000000
0.000000
0.000000
0.000000
0.000000
0.000000
0.000000
0.000000
0.000000
0.000000
0.000000
0.000000
0.000000
0.000000
0.000000
0.000000
0.000000
0.000000
0.000000
0.000000
0.000000
0.000000
0.000000
0.000000
0.000000
0.000000
0.000000
0.000000
0.000000
0.000000
0.000000
0.000000
0.000000
0.000000
0.000000
0.000000
0.000000
0.000000
0.000000
0.000000
0.000000
0.000000
0.000000
0.000000
0.000000
0.000000
0.000000
0.000000
0.000000
0.000000
0.000000
0.000000
0.000000
0.000000
0.000000
0.000000
0.000000
0.000000
0.000000
0.000000
0.000000
0.000000
0.000000
0.000000
0.000000
0.000000
0.000000
0.000000
0.000000
0.000000
0.000000
0.000000
0.000000
0.000000
0.000000
0.000000
0.000000
0.000000
0.000000
0.000000
0.000000
0.000000
0.000000
0.000000
0.000000
0.000000
0.000000
0.000000
0.000000
0.000000
0.000000
0.000000
0.000000
0.000000
0.000000
0.000000
0.000000
0.000000
0.000000
0.000000
0.000000
0.000000
0.000000
0.000000
0.000000
0.000000
0.000000
0.000000
0.000000
0.000000
0.000000
0.000000
0.000000
0.000000
0.000000
0.000000
0.000000
0.000000
0.000000
0.000000
0.000000
0.000000
0.000000
0.000000
0.000000
0.000000
0.000000
0.000000
0.000000
0.000000
0.000000
0.000000
0.000000
0.000000
0.000000
0.000000
0.000000
0.000000
0.000000
0.000000
0.000000
0.000000
0.000000
0.000000
0.000000
0.000000
0.000000
0.000000
0.000000
