0.000000
0.000000
0.000000
0.000000
1.142244
6.838569
16.662717
27.641377
58.278671
132.990211
273.493464
478.084345
799.987879
1214.370350
1823.480962
2658.809511
3735.878432
5183.058282
6812.680217
8653.155312
10733.298917
13168.551602
15878.445361
18437.885618
21435.888644
24454.841477
27912.235246
31258.346826
34475.554799
38113.196808
41924.439252
45418.476456
48900.018311
52438.463443
55653.409148
58550.377735
61502.246045
64454.757849
67076.370529
69255.718020
71471.965864
73419.359856
75174.626646
76580.832812
78129.051210
80041.703644
81345.195007
82602.237713
83631.212518
84300.517892
84859.167063
85167.408000
85664.268507
85806.557242
85921.522487
85878.643351
86014.504749
85746.779441
85586.014542
85407.480134
84869.403151
84079.371176
83818.246655
83557.302665
83145.150580
82542.221971
81869.259647
81395.384787
80405.592640
80084.701069
79419.553349
78620.653373
77956.568722
77053.498634
76268.314673
75493.795310
74765.454571
74271.527391
73395.375153
72811.357380
72207.935629
71516.194935
70897.162326
70140.379241
69343.870256
68909.734819
68107.466486
67284.310927
66566.861519
65756.529439
64988.327569
64036.620504
63407.168756
62615.138724
61831.909027
61139.907833
60605.697448
59980.612718
59450.353011
58733.980354
58120.503766
57565.271772
56984.819461
56175.104420
55557.526816
55097.193393
54720.945323
54093.532264
53453.455832
52962.244867
52445.512037
52137.129509
51645.968676
51082.104767
50780.194469
50423.439163
49988.933608
49548.370723
49179.094456
48836.204671
48455.623587
48051.498394
47731.178651
47345.585208
46990.670505
46529.214957
46022.340175
45745.376760
45341.864594
44973.817731
44521.092664
44100.011193
43756.363259
43357.318128
42870.361917
42474.080219
42107.665403
41663.600460
41272.780364
40791.594708
40385.581809
39950.281703
39589.986233
39236.963560
38899.838960
38411.916861
38043.213726
37657.062499
37356.034574
36828.406582
36475.787639
36176.294302
35804.606378
35520.894584
35186.157196
34769.235212
34438.885400
34141.707643
33867.211382
33495.955343
33175.256529
32678.107121
32352.045371
32052.348147
31663.467284
31386.731487
31041.001653
30771.622566
30422.719042
30150.823838
29891.148751
29518.651504
29098.939924
28725.215511
28383.730268
28088.682634
27781.121423
27364.984508
27007.356005
26756.414340
26398.607058
26107.016756
25825.008905
25429.079442
25105.262997
24770.264263
24404.970909
24036.183183
23709.829381
23291.817326
22969.979677
22605.824683
22347.221687
22023.324470
21702.111889
21426.874206
21006.645858
20711.055489
20436.650654
20106.380640
19793.219141
19534.975031
19171.935963
18840.742834
18565.501896
18220.028596
17945.089619
17667.978366
17297.512506
16951.566770
16746.540980
16415.750130
16133.781885
15818.510956
15468.055404
15169.990073
14917.980221
14654.695035
14389.580365
14046.386939
13821.139809
13519.140612
13267.549051
12987.688631
12777.490374
12529.648356
12273.457656
12056.796567
11789.652455
11557.274376
11320.224037
11041.501622
10793.954894
10538.714879
10340.792954
10114.872564
9853.292838
9654.571013
9427.296549
9251.330956
9042.815972
8862.645340
8684.692455
8466.101829
8263.613798
8053.886739
7891.176319
7721.635357
7508.546275
7300.918642
7088.351116
6908.894765
6751.150783
6569.586237
6414.938398
6233.137698
6072.470295
5914.242678
5779.267577
5615.046334
5451.860038
5287.995080
5155.750996
5014.761131
4865.888148
4732.529514
4594.023723
4467.302668
4326.253651
4180.833952
4063.826213
3973.162707
3869.651048
3787.811649
3669.698985
3568.014785
3468.956886
3361.718601
3276.447835
3169.142525
3068.844283
2964.660206
2874.795572
2767.891339
2697.249055
2606.759974
2526.790263
2439.023436
2363.143131
2281.199706
2192.654474
2109.229357
2049.579033
1977.160940
1920.641998
1830.702444
1769.128938
1715.281116
1652.555212
1595.493814
1535.149590
1480.786845
1419.876959
1352.054411
1279.389905
1217.624965
1163.175256
1134.771541
1073.604268
1031.937398
1010.156685
955.436122
908.198058
871.120429
837.465619
814.141221
797.631299
775.410145
743.144421
715.415091
680.925105
646.228943
631.468473
603.652240
578.087556
555.503949
534.725434
519.248638
491.284721
472.570298
444.814058
419.332790
409.486965
385.488216
369.387895
354.442858
338.063196
316.103387
303.916631
288.320875
273.498015
264.304748
258.204521
238.941368
236.729651
222.401665
211.951354
195.591107
187.389964
179.148442
172.118301
161.101307
151.772689
143.442693
135.316952
130.065072
127.484043
116.933337
113.658918
105.839837
101.526914
91.616548
87.680290
81.538511
74.993915
69.600329
66.279198
64.303239
61.901243
57.398863
55.004403
51.512600
48.404063
44.600341
40.028514
37.411989
34.800634
31.003234
28.476959
25.806683
23.257868
21.393557
21.407722
20.493950
17.608688
15.942838
15.410898
14.252314
13.453356
12.810416
12.906999
11.946801
11.659167
11.000786
10.191084
9.733509
9.419604
9.119473
8.258147
7.081581
7.336233
6.516284
6.258454
5.541657
4.968085
4.697363
5.195482
4.857143
4.884792
4.248981
3.808216
4.345519
3.937098
4.114409
2.865880
2.263998
2.260490
2.782857
2.589193
2.613621
2.455294
2.225888
1.873742
1.982956
1.621059
1.472789
1.579758
1.149489
0.681859
0.727978
0.866205
0.459686
0.662957
0.545285
0.406609
0.401976
0.443188
0.431939
0.332209
0.264340
0.278275
0.374370
0.370474
0.362164
0.349829
0.148249
0.137325
0.243771
0.284021
0.417942
0.601151
0.797207
0.504368
0.770893
0.598728
0.640509
0.536133
0.191492
0.137028
0.052402
0.009774
0.000000
0.000000
0.000000
0.000000
0.000000
0.000000
0.000000
0.000000
0.000000
0.000000
0.000000
0.000000
0.000000
0.000000
0.000000
0.000000
0.000000
0.000000
0.000000
0.000000
0.000000
0.000000
0.000000
0.000000
0.000000
0.000000
0.000000
0.000000
0.000000
0.000000
0.000000
0.000000
0.000000
0.000000
0.000000
0.000000
0.000000
0.000000
0.000000
0.000000
0.000000
0.000000
0.000000
0.000000
0.000000
0.000000
0.000000
0.000000
0.000000
0.000000
0.000000
0.000000
0.000000
0.000000
0.000000
0.000000
0.000000
0.000000
0.000000
0.000000
0.000000
0.000000
0.000000
0.000000
0.000000
0.000000
0.000000
0.000000
0.000000
0.000000
0.000000
0.000000
0.000000
0.000000
0.000000
0.000000
0.000000
0.000000
0.000000
0.000000
0.000000
0.000000
0.000000
0.000000
0.000000
0.000000
0.000000
0.000000
0.000000
0.000000
0.000000
0.000000
0.000000
0.000000
0.000000
0.000000
0.000000
0.000000
0.000000
0.000000
0.000000
0.000000
0.000000
0.000000
0.000000
0.000000
0.000000
0.000000
0.000000
0.000000
0.000000
0.000000
0.000000
0.000000
0.000000
0.000000
0.000000
0.000000
0.000000
0.000000
0.000000
0.000000
0.000000
0.000000
0.000000
0.000000
0.000000
0.000000
0.000000
0.000000
0.000000
0.000000
0.000000
0.000000
0.000000
0.000000
0.000000
0.000000
0.000000
0.000000
0.000000
0.000000
0.000000
0.000000
0.000000
0.000000
0.000000
0.000000
0.000000
0.000000
0.000000
0.000000
0.000000
0.000000
0.000000
0.000000
0.000000
0.000000
0.000000
0.000000
0.000000
0.000000
0.000000
0.000000
0.000000
0.000000
0.000000
0.000000
0.000000
0.000000
0.000000
0.000000
0.000000
0.000000
0.000000
0.000000
0.000000
0.000000
0.000000
0.000000
0.000000
0.000000
0.000000
0.000000
0.000000
0.000000
0.000000
0.000000
0.000000
0.000000
0.000000
0.000000
0.000000
0.000000
0.000000
0.000000
0.000000
0.000000
0.000000
0.000000
0.000000
0.000000
0.000000
0.000000
0.000000
0.000000
0.000000
0.000000
0.000000
0.000000
0.000000
0.000000
0.000000
0.000000
0.000000
0.000000
0.000000
0.000000
0.000000
0.000000
0.000000
0.000000
0.000000
0.000000
0.000000
0.000000
0.000000
0.000000
0.000000
0.000000
0.000000
0.000000
0.000000
0.000000
0.000000
0.000000
0.000000
0.000000
0.000000
0.000000
0.000000
0.000000
0.000000
0.000000
0.000000
0.000000
0.000000
0.000000
0.000000
0.000000
0.000000
0.000000
0.000000
0.000000
0.000000
0.000000
0.000000
0.000000
0.000000
0.000000
0.000000
0.000000
0.000000
0.000000
0.000000
0.000000
0.000000
0.000000
0.000000
0.000000
0.000000
0.000000
0.000000
0.000000
0.000000
0.000000
0.000000
0.000000
0.000000
0.000000
0.000000
0.000000
0.000000
0.000000
0.000000
0.000000
0.000000
0.000000
0.000000
0.000000
0.000000
0.000000
0.000000
0.000000
0.000000
0.000000
0.000000
0.000000
0.000000
0.000000
0.000000
0.000000
0.000000
0.000000
0.000000
0.000000
0.000000
0.000000
0.000000
0.000000
0.000000
0.000000
0.000000
0.000000
0.000000
0.000000
0.000000
0.000000
0.000000
0.000000
0.000000
0.000000
0.000000
0.000000
0.000000
0.000000
0.000000
0.000000
0.000000
0.000000
0.000000
0.000000
0.000000
0.000000
0.000000
0.000000
0.000000
0.000000
0.000000
0.000000
0.000000
0.000000
0.000000
0.000000
0.000000
0.000000
0.000000
0.000000
0.000000
0.000000
0.000000
0.000000
0.000000
0.000000
0.000000
0.000000
0.000000
0.000000
0.000000
0.000000
0.000000
0.000000
0.000000
0.000000
0.000000
0.000000
0.000000
0.000000
0.000000
0.000000
0.000000
0.000000
0.000000
0.000000
0.000000
0.000000
0.000000
0.000000
0.000000
0.000000
0.000000
0.000000
0.000000
0.000000
0.000000
0.000000
0.000000
0.000000
0.000000
0.000000
0.000000
0.000000
0.000000
0.000000
0.000000
0.000000
0.000000
0.000000
0.000000
0.000000
0.000000
0.000000
0.000000
0.000000
0.000000
0.000000
0.000000
0.000000
0.000000
0.000000
0.000000
0.000000
0.000000
0.000000
0.000000
0.000000
0.000000
0.000000
0.000000
0.000000
0.000000
0.000000
0.000000
0.000000
0.000000
0.000000
0.000000
0.000000
0.000000
0.000000
0.000000
0.000000
0.000000
0.000000
0.000000
0.000000
0.000000
0.000000
0.000000
0.000000
0.000000
0.000000
0.000000
0.000000
0.000000
0.000000
0.000000
0.000000
0.000000
0.000000
0.000000
0.000000
0.000000
0.000000
0.000000
0.000000
0.000000
0.000000
0.000000
0.000000
0.000000
0.000000
0.000000
0.000000
0.000000
0.000000
0.000000
0.000000
0.000000
0.000000
0.000000
0.000000
0.000000
0.000000
0.000000
0.000000
0.000000
0.000000
0.000000
0.000000
0.000000
0.000000
0.000000
0.000000
0.000000
0.000000
0.000000
0.000000
0.000000
0.000000
0.000000
0.000000
0.000000
0.000000
0.000000
0.000000
0.000000
0.000000
0.000000
0.000000
0.000000
0.000000
0.000000
0.000000
0.000000
0.000000
0.000000
0.000000
0.000000
0.000000
0.000000
0.000000
0.000000
0.000000
0.000000
0.000000
0.000000
0.000000
0.000000
0.000000
0.000000
0.000000
0.000000
0.000000
0.000000
0.000000
0.000000
0.000000
0.000000
0.000000
0.000000
0.000000
0.000000
0.000000
0.000000
0.000000
0.000000
0.000000
0.000000
0.000000
