0.000000
0.000000
0.000000
0.000000
0.000000
0.000000
0.000000
0.000000
0.000000
0.255569
5.477434
13.109947
20.156233
26.837067
37.853416
67.165725
123.588926
178.843835
256.129084
341.225335
443.686591
596.199796
809.500485
1053.299299
1406.456477
1828.994785
2345.124609
2850.542652
3487.822358
4233.381739
5236.724014
6181.585758
7361.858018
8578.397093
9982.703780
11438.665428
13091.879897
14824.042031
16742.594984
18759.170553
20936.000717
23071.020969
25510.102790
28107.699038
30460.841231
33239.747077
36116.654725
38940.785445
41865.011278
44780.024765
47534.206672
50620.505656
53432.305897
56453.896923
59161.767504
61951.702947
64910.625228
67477.763486
70235.562965
73007.249343
75532.577790
78184.304288
80662.714703
82769.335455
84707.152730
86731.947846
88687.852357
90981.645101
92790.057846
94533.866150
96415.173741
98012.894928
99751.505874
101173.834500
102588.476688
103653.523357
104841.741641
105638.778154
106440.955762
107326.452036
107747.871460
108039.352626
108219.563317
108607.542705
108792.980294
108902.068928
109061.695735
109287.765647
108947.921048
108709.062447
108172.284935
107896.880388
107495.318960
106906.946620
106407.518425
105976.287688
105411.424218
104548.471682
103656.288903
102864.048579
101776.823447
100774.425102
99664.426104
98484.419059
97378.147381
96212.777844
95166.152924
94070.901457
92887.431244
91230.196813
90012.818030
88796.656476
87721.260544
86299.332915
85106.004784
83863.339422
82330.657033
81229.842812
79850.059218
78795.593291
77494.342428
76129.936626
74635.153245
73210.552014
71861.738937
70641.606454
69237.579623
67988.580843
66785.222463
65409.607949
64089.245231
62796.888558
61535.937543
60256.152836
59178.878181
57975.539870
56630.600044
55525.026130
54448.119580
53104.139059
51987.158898
50830.343667
49634.782561
48594.388188
47513.831066
46441.237042
45266.233546
44229.144191
43126.479615
42106.352076
41074.272235
40121.843758
39103.137817
38129.854168
37111.426852
36154.006467
35254.912464
34324.686427
33235.416651
32400.439272
31600.193363
30711.520255
29877.298662
28997.957837
28173.850925
27290.588092
26633.228310
25755.022649
24985.655713
24370.068780
23622.732695
22942.982316
22315.087712
21613.596873
20980.466013
20334.521486
19680.042940
19096.316770
18549.814907
17937.267714
17394.479253
16877.290339
16366.889251
15782.966005
15256.913853
14826.949643
14402.889937
13945.730729
13507.902633
13015.318870
12496.921555
12052.763789
11653.254949
11261.445551
10884.214284
10499.431947
10196.736295
9826.168778
9491.204726
9171.770393
8847.015248
8527.637151
8248.241451
7886.006589
7589.516581
7321.025054
7093.592272
6864.154699
6558.934854
6312.251045
6077.573440
5799.419675
5519.159503
5317.397415
5149.697510
4919.696530
4756.515601
4616.186909
4401.997786
4231.408501
4083.188743
3896.294181
3743.670836
3599.919130
3454.820123
3363.221399
3220.408531
3077.152598
2939.999776
2807.137486
2702.576874
2585.082524
2495.022478
2379.071138
2289.276183
2208.125176
2135.652858
2042.517851
1944.438900
1861.482360
1778.278545
1688.408255
1611.173980
1561.579252
1504.332136
1460.251611
1394.797212
1336.518069
1274.970963
1224.348248
1172.200170
1121.789188
1075.514613
1021.762075
951.824983
924.788379
873.327129
834.572317
799.176931
758.120052
729.238765
698.582198
665.308354
611.788882
582.430611
562.726127
530.874105
507.511510
484.707557
469.037778
448.598386
423.748484
402.563822
389.381688
368.884260
352.962198
321.821820
299.751505
282.082920
263.468597
251.787366
234.494859
221.183132
215.360370
205.798618
200.362601
189.534749
173.560579
171.605621
164.188312
156.881849
145.219776
133.086420
129.059269
119.795228
116.431417
105.396844
100.806629
96.467645
93.394429
84.402338
80.673673
74.203784
70.227826
64.467457
62.648589
58.774802
55.467376
54.076654
47.730521
42.725081
40.698772
39.287154
36.689071
34.894709
33.066351
31.957286
30.598491
29.924711
29.207543
29.595146
26.999906
25.612747
22.480597
20.186468
16.871039
15.406595
13.808287
13.862941
11.720009
10.191305
8.495303
7.139579
7.735405
6.809996
7.171010
7.350634
6.753956
6.259503
5.755548
5.834311
4.547869
4.146719
3.865198
3.776328
3.573881
3.340979
3.189565
2.496493
2.051104
2.237206
2.219901
2.119195
1.864956
1.778123
1.483584
1.352796
1.006574
0.606113
0.682102
0.615325
0.470973
0.594109
0.361566
0.426639
0.266041
0.304737
0.192012
0.131351
0.079248
0.001206
0.000000
0.000000
0.000000
0.000000
0.000000
0.000000
0.000000
0.000000
0.000000
0.000000
0.000000
0.000000
0.000000
0.000000
0.000000
0.000000
0.000000
0.000000
0.000000
0.000000
0.000000
0.000000
0.000000
0.000000
0.000000
0.000000
0.000000
0.000000
0.000000
0.000000
0.000000
0.000000
0.000000
0.000000
0.000000
0.000000
0.000000
0.000000
0.000000
0.000000
0.000000
0.000000
0.000000
0.000000
0.000000
0.000000
0.000000
0.000000
0.000000
0.000000
0.000000
0.000000
0.000000
0.000000
0.000000
0.000000
0.000000
0.000000
0.000000
0.000000
0.000000
0.000000
0.000000
0.000000
0.000000
0.000000
0.000000
0.000000
0.000000
0.000000
0.000000
0.000000
0.000000
0.000000
0.000000
0.000000
0.000000
0.000000
0.000000
0.000000
0.000000
0.000000
0.000000
0.000000
0.000000
0.000000
0.000000
0.000000
0.000000
0.000000
0.000000
0.000000
0.000000
0.000000
0.000000
0.000000
0.000000
0.000000
0.000000
0.000000
0.000000
0.000000
0.000000
0.000000
0.000000
0.000000
0.000000
0.000000
0.000000
0.000000
0.000000
0.000000
0.000000
0.000000
0.000000
0.000000
0.000000
0.000000
0.000000
0.000000
0.000000
0.000000
0.000000
0.000000
0.000000
0.000000
0.000000
0.000000
0.000000
0.000000
0.000000
0.000000
0.000000
0.000000
0.000000
0.000000
0.000000
0.000000
0.000000
0.000000
0.000000
0.000000
0.000000
0.000000
0.000000
0.000000
0.000000
0.000000
0.000000
0.000000
0.000000
0.000000
0.000000
0.000000
0.000000
0.000000
0.000000
0.000000
0.000000
0.000000
0.000000
0.000000
0.000000
0.000000
0.000000
0.000000
0.000000
0.000000
0.000000
0.000000
0.000000
0.000000
0.000000
0.000000
0.000000
0.000000
0.000000
0.000000
0.000000
0.000000
0.000000
0.000000
0.000000
0.000000
0.000000
0.000000
0.000000
0.000000
0.000000
0.000000
0.000000
0.000000
0.000000
0.000000
0.000000
0.000000
0.000000
0.000000
0.000000
0.000000
0.000000
0.000000
0.000000
0.000000
0.000000
0.000000
0.000000
0.000000
0.000000
0.000000
0.000000
0.000000
0.000000
0.000000
0.000000
0.000000
0.000000
0.000000
0.000000
0.000000
0.000000
0.000000
0.000000
0.000000
0.000000
0.000000
0.000000
0.000000
0.000000
0.000000
0.000000
0.000000
0.000000
0.000000
0.000000
0.000000
0.000000
0.000000
0.000000
0.000000
0.000000
0.000000
0.000000
0.000000
0.000000
0.000000
0.000000
0.000000
0.000000
0.000000
0.000000
0.000000
0.000000
0.000000
0.000000
0.000000
0.000000
0.000000
0.000000
0.000000
0.000000
0.000000
0.000000
0.000000
0.000000
0.000000
0.000000
0.000000
0.000000
0.000000
0.000000
0.000000
0.000000
0.000000
0.000000
0.000000
0.000000
0.000000
0.000000
0.000000
0.000000
0.000000
0.000000
0.000000
0.000000
0.000000
0.000000
0.000000
0.000000
0.000000
0.000000
0.000000
0.000000
0.000000
0.000000
0.000000
0.000000
0.000000
0.000000
0.000000
0.000000
0.000000
0.000000
0.000000
0.000000
0.000000
0.000000
0.000000
0.000000
0.000000
0.000000
0.000000
0.000000
0.000000
0.000000
0.000000
0.000000
0.000000
0.000000
0.000000
0.000000
0.000000
0.000000
0.000000
0.000000
0.000000
0.000000
0.000000
0.000000
0.000000
0.000000
0.000000
0.000000
0.000000
0.000000
0.000000
0.000000
0.000000
0.000000
0.000000
0.000000
0.000000
0.000000
0.000000
0.000000
0.000000
0.000000
0.000000
0.000000
0.000000
0.000000
0.000000
0.000000
0.000000
0.000000
0.000000
0.000000
0.000000
0.000000
0.000000
0.000000
0.000000
0.000000
0.000000
0.000000
0.000000
0.000000
0.000000
0.000000
0.000000
0.000000
0.000000
0.000000
0.000000
0.000000
0.000000
0.000000
0.000000
0.000000
0.000000
0.000000
0.000000
0.000000
0.000000
0.000000
0.000000
0.000000
0.000000
0.000000
0.000000
0.000000
0.000000
0.000000
0.000000
0.000000
0.000000
0.000000
0.000000
0.000000
0.000000
0.000000
0.000000
0.000000
0.000000
0.000000
0.000000
0.000000
0.000000
0.000000
0.000000
0.000000
0.000000
0.000000
0.000000
0.000000
0.000000
0.000000
0.000000
0.000000
0.000000
0.000000
0.000000
0.000000
0.000000
0.000000
0.000000
0.000000
0.000000
0.000000
0.000000
0.000000
0.000000
0.000000
0.000000
0.000000
0.000000
0.000000
0.000000
0.000000
0.000000
0.000000
0.000000
0.000000
0.000000
0.000000
0.000000
0.000000
0.000000
0.000000
0.000000
0.000000
0.000000
0.000000
0.000000
0.000000
0.000000
0.000000
0.000000
0.000000
0.000000
0.000000
0.000000
0.000000
0.000000
0.000000
0.000000
0.000000
0.000000
0.000000
0.000000
0.000000
0.000000
0.000000
0.000000
0.000000
0.000000
0.000000
0.000000
0.000000
0.000000
0.000000
0.000000
0.000000
0.000000
0.000000
0.000000
0.000000
0.000000
0.000000
0.000000
0.000000
0.000000
0.000000
0.000000
0.000000
0.000000
0.000000
0.000000
0.000000
0.000000
0.000000
0.000000
0.000000
0.000000
0.000000
0.000000
0.000000
0.000000
0.000000
0.000000
0.000000
0.000000
0.000000
0.000000
0.000000
0.000000
0.000000
0.000000
0.000000
0.000000
0.000000
0.000000
0.000000
0.000000
0.000000
0.000000
0.000000
0.000000
0.000000
0.000000
0.000000
0.000000
0.000000
0.000000
0.000000
0.000000
0.000000
0.000000
0.000000
0.000000
0.000000
0.000000
0.000000
0.000000
0.000000
0.000000
0.000000
0.000000
0.000000
0.000000
0.000000
0.000000
0.000000
0.000000
0.000000
0.000000
0.000000
0.000000
0.000000
0.000000
0.000000
0.000000
0.000000
0.000000
0.000000
0.000000
0.000000
0.000000
0.000000
0.000000
0.000000
0.000000
0.000000
0.000000
0.000000
0.000000
0.000000
0.000000
0.000000
0.000000
0.000000
0.000000
0.000000
0.000000
0.000000
0.000000
0.000000
0.000000
0.000000
0.000000
0.000000
0.000000
0.000000
0.000000
0.000000
0.000000
0.000000
0.000000
0.000000
0.000000
0.000000
0.000000
0.000000
0.000000
0.000000
0.000000
0.000000
0.000000
0.000000
0.000000
0.000000
0.000000
0.000000
0.000000
0.000000
0.000000
0.000000
0.000000
0.000000
0.000000
0.000000
0.000000
0.000000
0.000000
0.000000
0.000000
0.000000
0.000000
0.000000
0.000000
