0.199618
1.092910
4.650212
13.122256
35.145719
83.937713
172.871996
327.712666
582.613254
971.193636
1533.933689
2313.522808
3348.627288
4689.588575
6364.311228
8430.320263
10860.033269
13682.476027
16875.358599
20437.603010
24341.218631
28493.599035
32895.077243
37484.279481
42240.879810
47057.157223
51920.825181
56736.035774
61409.068618
66001.845982
70412.645129
74619.328814
78592.004620
82286.998850
85698.673460
88777.513500
91566.015939
94044.735515
96188.496689
98023.536595
99557.715803
100821.458542
101815.581973
102554.277755
102993.452593
103269.779263
103295.520929
103122.154492
102775.150969
102268.560935
101615.750001
100855.837969
99920.427671
98895.960000
97791.258918
96632.447391
95408.810936
94094.732836
92774.096363
91423.292273
90038.723518
88632.212985
87221.309402
85823.574332
84411.910636
82998.433725
81588.605076
80226.894492
78860.344956
77499.577055
76175.984711
74888.188691
73651.320267
72428.714132
71247.436651
70095.920644
68951.376620
67842.302699
66773.369406
65718.084355
64701.328779
63719.944783
62755.461841
61827.190030
60939.987964
60053.400513
59207.105184
58379.668057
57602.807404
56809.772845
56062.576369
55332.040848
54622.463986
53943.444799
53258.689190
52597.331014
51965.772687
51355.441896
50754.305094
50185.667981
49614.059741
49066.586039
48536.877208
48010.955462
47534.568011
47061.215881
46606.485279
46136.567942
45699.958018
45297.133873
44897.440688
44507.778742
44119.699997
43742.096654
43395.240066
43044.980845
42709.425946
42387.802675
42063.175653
41744.230764
41437.567909
41142.911096
40848.773990
40566.793947
40277.765518
40002.158780
39727.141405
39450.041405
39180.432894
38919.050194
38667.055266
38412.986298
38158.153228
37904.527429
37652.932052
37400.995667
37155.296627
36908.419237
36664.459160
36427.557558
36176.006862
35930.394440
35689.305308
35443.209300
35194.371778
34952.971855
34701.103220
34457.242860
34205.502068
33952.702101
33692.247381
33424.806501
33176.697585
32913.818355
32637.792560
32363.104059
32079.998955
31801.455404
31526.296289
31251.086323
30966.922497
30684.616766
30401.580740
30102.713599
29806.830196
29516.756047
29207.771945
28916.855204
28606.150541
28301.345495
27990.801055
27675.002568
27350.886464
27028.757960
26710.029519
26372.448474
26032.302117
25697.258747
25354.383269
25020.994254
24684.860255
24343.104928
24010.407642
23660.341985
23316.877224
22967.017611
22621.527531
22275.772331
21916.597669
21557.808479
21193.700453
20836.813724
20472.928636
20109.493185
19741.648200
19380.704275
19020.599279
18657.901778
18295.635770
17931.308379
17574.767757
17215.193727
16852.643053
16496.029962
16145.707683
15792.659256
15439.632956
15086.948841
14742.480996
14400.667786
14059.173121
13719.253565
13387.687867
13053.608516
12723.562224
12396.542329
12074.296127
11762.455007
11453.644691
11144.979216
10839.505741
10536.239232
10242.495791
9947.856566
9660.490177
9370.360399
9091.384300
8815.850242
8543.402636
8277.765198
8013.710534
7757.744524
7506.362423
7260.549154
7023.378565
6790.141247
6559.884314
6336.668873
6114.856583
5903.378430
5697.410321
5488.328696
5288.647460
5095.804502
4906.382340
4721.440800
4544.722645
4369.858489
4199.649187
4033.561911
3876.983465
3722.552041
3573.235162
3428.813484
3287.164761
3151.221810
3018.707979
2893.742653
2769.869991
2648.616315
2531.668990
2419.349499
2309.856332
2206.506401
2105.796011
2010.944981
1918.304830
1828.801436
1740.990603
1658.778455
1579.294790
1503.992674
1429.625794
1360.481745
1294.391461
1230.140456
1166.662970
1106.637507
1048.223253
993.398751
941.427447
892.741345
844.528623
800.145952
757.330190
716.508565
678.033743
639.896390
604.133261
570.194100
537.548555
506.156580
476.641010
449.082502
422.421310
397.793525
373.403543
350.550817
329.876777
310.123797
290.419953
272.229146
255.416074
239.039082
223.928176
209.990709
196.726847
183.269016
170.797739
159.546887
148.501463
138.406731
128.934953
120.286126
111.496294
103.511082
96.277578
89.098903
82.846666
76.608898
70.877855
65.756515
61.109554
56.547157
52.458997
48.525336
44.734128
41.422310
38.137366
35.168562
32.115622
29.358266
27.241378
25.093054
23.031998
21.165248
19.541121
17.781759
16.247354
14.832163
13.601796
12.481872
11.508813
10.331354
9.595662
8.699946
7.831450
7.212850
6.489261
5.911277
5.303419
4.730464
4.268842
3.847369
3.456855
3.103242
2.715411
2.409839
2.161546
1.947370
1.768642
1.602203
1.451593
1.282789
1.092296
0.978408
0.886747
0.821402
0.773664
0.673090
0.600926
0.545798
0.496582
0.452244
0.399105
0.348793
0.301434
0.268582
0.234338
0.194075
0.186593
0.182608
0.155244
0.135161
0.118313
0.105034
0.094057
0.083309
0.073504
0.071114
0.062110
0.057926
0.052803
0.044180
0.032638
0.031308
0.028131
0.022228
0.013015
0.011814
0.008010
0.009113
0.009504
0.006814
0.002670
0.002347
0.003375
0.003347
0.001029
0.001086
0.000399
0.000000
0.000000
0.000000
0.000000
0.000000
0.000000
0.000000
0.000000
0.000000
0.000000
0.000000
0.000000
0.000000
0.000000
0.000000
0.000000
0.000000
0.000000
0.000000
0.000000
0.000000
0.000000
0.000000
0.000000
0.000000
0.000000
0.000000
0.000000
0.000000
0.000000
0.000000
0.000000
0.000000
0.000000
0.000000
0.000000
0.000000
0.000000
0.000000
0.000000
0.000000
0.000000
0.000000
0.000000
0.000000
0.000000
0.000000
0.000000
0.000000
0.000000
0.000000
0.000000
0.000000
0.000000
0.000000
0.000000
0.000000
0.000000
0.000000
0.000000
0.000000
0.000000
0.000000
0.000000
0.000000
0.000000
0.000000
0.000000
0.000000
0.000000
0.000000
0.000000
0.000000
0.000000
0.000000
0.000000
0.000000
0.000000
0.000000
0.000000
0.000000
0.000000
0.000000
0.000000
0.000000
0.000000
0.000000
0.000000
0.000000
0.000000
0.000000
0.000000
0.000000
0.000000
0.000000
0.000000
0.000000
0.000000
0.000000
0.000000
0.000000
0.000000
0.000000
0.000000
0.000000
0.000000
0.000000
0.000000
0.000000
0.000000
0.000000
0.000000
0.000000
0.000000
0.000000
0.000000
0.000000
0.000000
0.000000
0.000000
0.000000
0.000000
0.000000
0.000000
0.000000
0.000000
0.000000
0.000000
0.000000
0.000000
0.000000
0.000000
0.000000
0.000000
0.000000
0.000000
0.000000
0.000000
0.000000
0.000000
0.000000
0.000000
0.000000
0.000000
0.000000
0.000000
0.000000
0.000000
0.000000
0.000000
0.000000
0.000000
0.000000
0.000000
0.000000
0.000000
0.000000
0.000000
0.000000
0.000000
0.000000
0.000000
0.000000
0.000000
0.000000
0.000000
0.000000
0.000000
0.000000
0.000000
0.000000
0.000000
0.000000
0.000000
0.000000
0.000000
0.000000
0.000000
0.000000
0.000000
0.000000
0.000000
0.000000
0.000000
0.000000
0.000000
0.000000
0.000000
0.000000
0.000000
0.000000
0.000000
0.000000
0.000000
0.000000
0.000000
0.000000
0.000000
0.000000
0.000000
0.000000
0.000000
0.000000
0.000000
0.000000
0.000000
0.000000
0.000000
0.000000
0.000000
0.000000
0.000000
0.000000
0.000000
0.000000
0.000000
0.000000
0.000000
0.000000
0.000000
0.000000
0.000000
0.000000
0.000000
0.000000
0.000000
0.000000
0.000000
0.000000
0.000000
0.000000
0.000000
0.000000
0.000000
0.000000
0.000000
0.000000
0.000000
0.000000
0.000000
0.000000
0.000000
0.000000
0.000000
0.000000
0.000000
0.000000
0.000000
0.000000
0.000000
0.000000
0.000000
0.000000
0.000000
0.000000
0.000000
0.000000
0.000000
0.000000
0.000000
0.000000
0.000000
0.000000
0.000000
0.000000
0.000000
0.000000
0.000000
0.000000
0.000000
0.000000
0.000000
0.000000
0.000000
0.000000
0.000000
0.000000
0.000000
0.000000
0.000000
0.000000
0.000000
0.000000
0.000000
0.000000
0.000000
0.000000
0.000000
0.000000
0.000000
0.000000
0.000000
0.000000
0.000000
0.000000
0.000000
0.000000
0.000000
0.000000
0.000000
0.000000
0.000000
0.000000
0.000000
0.000000
0.000000
0.000000
0.000000
0.000000
0.000000
0.000000
0.000000
0.000000
0.000000
0.000000
0.000000
0.000000
0.000000
0.000000
0.000000
0.000000
0.000000
0.000000
0.000000
0.000000
0.000000
0.000000
0.000000
0.000000
0.000000
0.000000
0.000000
0.000000
0.000000
0.000000
0.000000
0.000000
0.000000
0.000000
0.000000
0.000000
0.000000
0.000000
0.000000
0.000000
0.000000
0.000000
0.000000
0.000000
0.000000
0.000000
0.000000
0.000000
0.000000
0.000000
0.000000
0.000000
0.000000
0.000000
0.000000
0.000000
0.000000
0.000000
0.000000
0.000000
0.000000
0.000000
0.000000
0.000000
0.000000
0.000000
0.000000
0.000000
0.000000
0.000000
0.000000
0.000000
0.000000
0.000000
0.000000
0.000000
0.000000
0.000000
0.000000
0.000000
0.000000
0.000000
0.000000
0.000000
0.000000
0.000000
0.000000
0.000000
0.000000
0.000000
0.000000
0.000000
0.000000
0.000000
0.000000
0.000000
0.000000
0.000000
0.000000
0.000000
0.000000
0.000000
0.000000
0.000000
0.000000
0.000000
0.000000
0.000000
0.000000
0.000000
0.000000
0.000000
0.000000
0.000000
0.000000
0.000000
0.000000
0.000000
0.000000
0.000000
0.000000
0.000000
0.000000
0.000000
0.000000
0.000000
0.000000
0.000000
0.000000
0.000000
0.000000
0.000000
0.000000
0.000000
0.000000
0.000000
0.000000
0.000000
0.000000
0.000000
0.000000
0.000000
0.000000
0.000000
0.000000
0.000000
0.000000
0.000000
0.000000
0.000000
0.000000
0.000000
0.000000
0.000000
0.000000
0.000000
0.000000
0.000000
0.000000
0.000000
0.000000
0.000000
0.000000
0.000000
0.000000
0.000000
0.000000
0.000000
0.000000
0.000000
0.000000
0.000000
0.000000
0.000000
0.000000
0.000000
0.000000
0.000000
0.000000
0.000000
0.000000
0.000000
0.000000
0.000000
0.000000
0.000000
0.000000
0.000000
0.000000
0.000000
0.000000
0.000000
0.000000
0.000000
0.000000
0.000000
0.000000
0.000000
0.000000
0.000000
0.000000
0.000000
0.000000
0.000000
0.000000
0.000000
0.000000
0.000000
0.000000
0.000000
0.000000
0.000000
0.000000
0.000000
0.000000
0.000000
0.000000
0.000000
0.000000
0.000000
0.000000
0.000000
0.000000
0.000000
0.000000
0.000000
0.000000
0.000000
0.000000
0.000000
0.000000
0.000000
0.000000
0.000000
0.000000
0.000000
0.000000
0.000000
0.000000
0.000000
0.000000
0.000000
0.000000
0.000000
0.000000
0.000000
0.000000
0.000000
0.000000
0.000000
0.000000
0.000000
0.000000
0.000000
0.000000
0.000000
0.000000
0.000000
0.000000
0.000000
0.000000
0.000000
0.000000
0.000000
0.000000
0.000000
0.000000
0.000000
0.000000
0.000000
0.000000
0.000000
0.000000
0.000000
0.000000
0.000000
0.000000
0.000000
0.000000
0.000000
0.000000
0.000000
0.000000
0.000000
0.000000
