0.000000
1.608759
18.822919
39.030486
101.391948
285.278772
641.159905
1223.843676
2291.005059
3973.038382
6325.574521
9601.238575
13595.609022
18429.949745
24377.221285
30482.293904
37291.488121
44437.243867
52115.991935
59641.240775
66908.802063
73868.019025
79913.106688
86153.840876
91350.752938
95981.765862
99867.344319
103768.242521
106948.181892
109264.690423
110977.436607
112224.358099
113187.156627
113748.811580
113567.932924
113055.195604
112232.795987
110545.597876
108933.619761
107486.856411
105494.450713
103490.508350
101573.309196
99463.053775
97192.154078
94907.823541
93033.963922
90956.306040
89190.811255
87064.284333
85018.113221
83018.455414
81165.475402
79155.535618
77498.693252
75351.801279
73188.192407
71397.858441
69816.676324
68311.791857
66841.478863
65399.357306
64107.095958
62657.537762
61138.948881
59937.752657
58652.031436
57123.475323
55827.270744
54641.977297
53425.059124
52439.862946
51268.683753
50123.838333
49144.022413
48400.601010
47639.818109
46836.993002
45852.004325
44843.806959
44163.453118
43475.415514
42716.704652
42112.155739
41464.741194
40990.650149
40460.989636
40132.234958
39728.879867
39070.931522
38518.462478
38071.199993
37505.328668
36896.450000
36395.831018
36030.911129
35796.217875
35411.642372
35029.974670
34656.589892
34424.312080
33988.247379
33792.598749
33320.897634
33073.898954
32878.904260
32639.653542
32460.838917
32303.105815
31932.634107
31770.161463
31530.247003
31363.715745
31159.799965
30989.073391
30703.812843
30420.151205
30236.315915
30012.652546
29927.836162
29726.268124
29484.078154
29377.241505
29251.839452
29208.476012
29001.519185
28863.010575
28764.962532
28642.100910
28515.520713
28441.333754
28362.521288
28336.973495
28200.561619
28099.797086
28015.556545
27887.679900
27750.632467
27580.608835
27514.033270
27481.465009
27376.707253
27216.214290
27139.728152
27041.585954
26998.941022
26854.685180
26804.278935
26790.108105
26631.171006
26624.052291
26513.618957
26493.320743
26479.267191
26340.011505
26192.888398
26082.362730
25949.871875
25884.528011
25784.229638
25703.670973
25606.877651
25472.397018
25422.506085
25360.419083
25218.247103
25157.833354
25150.659315
25011.058585
24908.252271
24773.765407
24678.077197
24593.028267
24526.326050
24462.711760
24396.693667
24382.431804
24268.256233
24127.222330
24023.778968
23801.500452
23682.546168
23578.868789
23488.797762
23423.976709
23310.169562
23264.848397
23188.938216
23069.815154
22870.356569
22710.332411
22549.133716
22479.378223
22423.854531
22231.929317
22122.289492
22025.875439
21889.509921
21806.029957
21645.320354
21457.680915
21272.178683
21077.799297
20925.536355
20695.890757
20588.028264
20477.481988
20268.883178
20129.546405
19882.725347
19769.819699
19639.821642
19466.178579
19312.709076
19121.893655
18899.463625
18722.111123
18561.325059
18437.792017
18187.462068
17967.632067
17769.219694
17539.076981
17384.448780
17183.781828
17006.419275
16781.537860
16546.212529
16299.627339
16181.084028
16006.657147
15833.216025
15646.636677
15496.690668
15259.056998
15068.936615
14861.260902
14707.012359
14537.582920
14364.959433
14168.061203
14046.145523
13892.812135
13716.754262
13454.571674
13224.063392
13067.266461
12796.120448
12575.755715
12345.758599
12141.154175
11996.034550
11790.072138
11594.600732
11452.767128
11237.751246
11039.587644
10812.079896
10626.972119
10393.051727
10154.651174
9966.562310
9777.222442
9616.245682
9402.894107
9204.796095
9043.401464
8844.608878
8652.075673
8542.885321
8341.559055
8151.959663
7978.335348
7813.077019
7649.186278
7491.279521
7314.663006
7093.267129
6925.109343
6789.427075
6648.748603
6508.878571
6374.713149
6210.674584
6132.449981
6010.027076
5866.861300
5713.158290
5571.976707
5446.234726
5335.538545
5217.163107
5102.025743
4956.505990
4811.544220
4723.511500
4608.982435
4500.376729
4357.076430
4244.520912
4150.614898
4061.802414
3983.261724
3859.259586
3749.841235
3630.274622
3529.793270
3446.088058
3368.738106
3267.216804
3159.843827
3042.872007
2940.224175
2880.874639
2794.518356
2705.746293
2625.621922
2548.810635
2448.473627
2379.076089
2302.106935
2235.548093
2151.314302
2096.019757
2028.397711
1951.278232
1866.809931
1818.464999
1749.245817
1697.016232
1647.708655
1595.795660
1539.990116
1482.841432
1438.489490
1399.215541
1332.122693
1278.447201
1225.269280
1168.686964
1124.577389
1098.663459
1042.416774
1007.742215
983.745527
938.282524
895.823768
869.907341
834.532968
796.966293
761.985979
737.896512
711.933994
682.314728
654.912321
631.046186
601.301544
570.545258
545.575183
523.331532
506.966771
493.976288
472.964678
452.550924
434.930894
426.127566
401.639721
383.551223
359.670756
336.648638
326.662466
310.753414
292.325323
277.445133
265.080475
256.782945
240.112224
229.898669
216.947308
214.209940
206.018207
196.839155
187.649345
180.392137
166.971567
154.899508
150.930243
141.451358
135.718245
127.034166
121.611424
114.178104
107.684759
102.208993
101.342205
97.013857
97.137047
97.310390
92.022435
90.343148
84.379174
82.278409
77.360206
75.701837
67.892328
64.903857
65.030138
60.213823
57.456657
55.432417
50.286320
48.737379
46.796113
42.434143
41.292345
37.944627
37.159808
34.513408
32.949092
30.386457
29.127836
27.695176
25.069468
22.582988
21.310616
19.352262
17.850214
17.669215
15.929361
14.287709
13.852024
12.581942
12.647580
12.067571
11.042333
10.403202
10.309439
10.045839
9.179763
8.174813
8.887523
7.029956
5.613061
5.674226
6.045799
5.837995
5.946459
6.163480
6.024802
4.883912
4.651921
4.626125
3.864979
3.273860
3.282774
2.826190
3.418024
3.072761
2.368349
2.251899
1.854125
1.553057
1.441809
1.268076
0.831225
0.506674
0.597475
0.500928
0.647000
0.623517
0.479486
0.373558
0.248426
0.140796
0.129182
0.247750
0.194574
0.209142
0.159416
0.127690
0.082650
0.062758
0.018302
0.004509
0.004019
0.000000
0.000000
0.000000
0.000000
0.000000
0.000000
0.000000
0.000000
0.000000
0.000000
0.000000
0.000000
0.000000
0.000000
0.000000
0.000000
0.000000
0.000000
0.000000
0.000000
0.000000
0.000000
0.000000
0.000000
0.000000
0.000000
0.000000
0.000000
0.000000
0.000000
0.000000
0.000000
0.000000
0.000000
0.000000
0.000000
0.000000
0.000000
0.000000
0.000000
0.000000
0.000000
0.000000
0.000000
0.000000
0.000000
0.000000
0.000000
0.000000
0.000000
0.000000
0.000000
0.000000
0.000000
0.000000
0.000000
0.000000
0.000000
0.000000
0.000000
0.000000
0.000000
0.000000
0.000000
0.000000
0.000000
0.000000
0.000000
0.000000
0.000000
0.000000
0.000000
0.000000
0.000000
0.000000
0.000000
0.000000
0.000000
0.000000
0.000000
0.000000
0.000000
0.000000
0.000000
0.000000
0.000000
0.000000
0.000000
0.000000
0.000000
0.000000
0.000000
0.000000
0.000000
0.000000
0.000000
0.000000
0.000000
0.000000
0.000000
0.000000
0.000000
0.000000
0.000000
0.000000
0.000000
0.000000
0.000000
0.000000
0.000000
0.000000
0.000000
0.000000
0.000000
0.000000
0.000000
0.000000
0.000000
0.000000
0.000000
0.000000
0.000000
0.000000
0.000000
0.000000
0.000000
0.000000
0.000000
0.000000
0.000000
0.000000
0.000000
0.000000
0.000000
0.000000
0.000000
0.000000
0.000000
0.000000
0.000000
0.000000
0.000000
0.000000
0.000000
0.000000
0.000000
0.000000
0.000000
0.000000
0.000000
0.000000
0.000000
0.000000
0.000000
0.000000
0.000000
0.000000
0.000000
0.000000
0.000000
0.000000
0.000000
0.000000
0.000000
0.000000
0.000000
0.000000
0.000000
0.000000
0.000000
0.000000
0.000000
0.000000
0.000000
0.000000
0.000000
0.000000
0.000000
0.000000
0.000000
0.000000
0.000000
0.000000
0.000000
0.000000
0.000000
0.000000
0.000000
0.000000
0.000000
0.000000
0.000000
0.000000
0.000000
0.000000
0.000000
0.000000
0.000000
0.000000
0.000000
0.000000
0.000000
0.000000
0.000000
0.000000
0.000000
0.000000
0.000000
0.000000
0.000000
0.000000
0.000000
0.000000
0.000000
0.000000
0.000000
0.000000
0.000000
0.000000
0.000000
0.000000
0.000000
0.000000
0.000000
0.000000
0.000000
0.000000
0.000000
0.000000
0.000000
0.000000
0.000000
0.000000
0.000000
0.000000
0.000000
0.000000
0.000000
0.000000
0.000000
0.000000
0.000000
0.000000
0.000000
0.000000
0.000000
0.000000
0.000000
0.000000
0.000000
0.000000
0.000000
0.000000
0.000000
0.000000
0.000000
0.000000
0.000000
0.000000
0.000000
0.000000
0.000000
0.000000
0.000000
0.000000
0.000000
0.000000
0.000000
0.000000
0.000000
0.000000
0.000000
0.000000
0.000000
0.000000
0.000000
0.000000
0.000000
0.000000
0.000000
0.000000
0.000000
0.000000
0.000000
0.000000
0.000000
0.000000
0.000000
0.000000
0.000000
0.000000
0.000000
0.000000
0.000000
0.000000
0.000000
0.000000
0.000000
0.000000
0.000000
0.000000
0.000000
0.000000
0.000000
0.000000
0.000000
0.000000
0.000000
0.000000
0.000000
0.000000
0.000000
0.000000
0.000000
0.000000
0.000000
0.000000
0.000000
0.000000
0.000000
0.000000
0.000000
0.000000
0.000000
0.000000
0.000000
0.000000
0.000000
0.000000
0.000000
0.000000
0.000000
0.000000
0.000000
0.000000
0.000000
0.000000
0.000000
0.000000
0.000000
0.000000
0.000000
0.000000
0.000000
0.000000
0.000000
0.000000
0.000000
0.000000
0.000000
0.000000
0.000000
0.000000
0.000000
0.000000
0.000000
0.000000
0.000000
0.000000
0.000000
0.000000
0.000000
0.000000
0.000000
0.000000
0.000000
0.000000
0.000000
0.000000
0.000000
0.000000
0.000000
0.000000
0.000000
0.000000
0.000000
0.000000
0.000000
0.000000
0.000000
0.000000
0.000000
0.000000
0.000000
0.000000
0.000000
0.000000
0.000000
0.000000
0.000000
0.000000
0.000000
0.000000
0.000000
0.000000
0.000000
0.000000
0.000000
0.000000
0.000000
0.000000
0.000000
0.000000
0.000000
0.000000
0.000000
0.000000
0.000000
0.000000
0.000000
0.000000
0.000000
0.000000
0.000000
0.000000
0.000000
0.000000
0.000000
0.000000
0.000000
0.000000
0.000000
0.000000
0.000000
0.000000
0.000000
0.000000
0.000000
0.000000
0.000000
0.000000
0.000000
0.000000
0.000000
0.000000
0.000000
0.000000
0.000000
0.000000
0.000000
0.000000
0.000000
0.000000
0.000000
0.000000
0.000000
0.000000
0.000000
0.000000
0.000000
0.000000
0.000000
0.000000
0.000000
0.000000
0.000000
0.000000
0.000000
0.000000
0.000000
0.000000
0.000000
0.000000
0.000000
0.000000
0.000000
0.000000
0.000000
0.000000
0.000000
0.000000
0.000000
0.000000
0.000000
0.000000
0.000000
0.000000
0.000000
0.000000
0.000000
0.000000
0.000000
0.000000
0.000000
0.000000
0.000000
0.000000
0.000000
0.000000
0.000000
0.000000
0.000000
0.000000
0.000000
0.000000
0.000000
0.000000
0.000000
0.000000
0.000000
0.000000
0.000000
0.000000
0.000000
0.000000
0.000000
0.000000
0.000000
0.000000
0.000000
0.000000
0.000000
0.000000
0.000000
0.000000
0.000000
