0.000000
0.000000
0.000000
0.000000
0.000000
0.000000
0.000000
0.002663
0.016035
0.111344
0.304743
0.505017
0.879869
1.610998
2.829608
4.387937
7.441680
11.666139
18.541729
29.730975
47.136785
72.483363
110.227714
165.120351
241.936029
346.567481
486.076856
665.082180
894.890590
1182.179743
1537.164871
1978.992305
2504.154443
3128.267215
3869.622204
4726.402664
5710.865527
6833.688296
8101.180657
9527.490579
11104.861447
12839.811174
14745.389969
16822.633267
19074.835705
21476.092484
24041.025108
26777.249794
29660.034942
32674.313305
35801.622905
39072.685130
42416.698509
45837.229836
49323.338230
52908.296959
56539.428225
60190.340049
63854.112852
67513.396629
71166.862252
74773.464482
78359.944731
81905.017567
85371.766647
88793.855417
92127.116894
95321.845356
98436.608082
101419.589173
104302.111093
107042.802528
109634.898015
112093.987101
114432.998932
116634.913318
118647.827366
120502.117107
122192.647212
123719.879449
125099.048037
126328.931689
127430.804021
128361.878024
129087.938282
129702.889885
130143.305904
130441.687501
130592.986657
130583.150365
130478.238950
130179.588893
129783.668530
129268.903172
128633.420896
127908.747697
127088.282838
126154.940400
125104.238516
123961.374935
122738.084569
121436.901780
120077.784586
118632.933432
117093.893271
115486.510684
113821.592305
112113.925140
110340.100739
108521.933659
106652.663435
104747.862157
102824.961158
100845.773945
98876.748217
96872.322545
94829.292369
92790.204846
90757.658161
88706.106716
86654.436124
84590.351286
82585.070185
80570.739394
78542.674909
76538.893604
74570.548728
72595.082473
70650.896917
68730.542300
66820.386308
64932.823431
63042.344122
61182.677180
59356.684080
57554.389610
55780.041929
54023.884649
52300.935827
50599.780883
48932.225427
47291.994244
45679.146679
44096.819880
42543.149084
41033.038674
39557.941575
38102.341529
36685.549898
35285.930315
33929.478361
32617.275924
31332.188968
30080.108591
28863.002368
27690.231175
26550.207596
25452.654819
24384.096289
23352.269789
22361.065066
21386.533349
20459.003095
19554.133904
18684.297049
17833.650427
17022.206260
16241.760826
15488.739257
14765.770206
14072.797280
13400.925878
12753.947242
12126.616373
11526.252821
10951.176520
10397.712829
9867.115321
9359.370428
8869.864725
8401.693481
7957.532884
7528.728847
7121.721861
6735.257978
6366.292524
6017.229407
5681.885947
5363.574645
5063.911558
4780.969776
4509.940751
4249.449832
4003.058819
3766.837086
3543.850354
3335.699909
3137.936154
2950.749705
2774.430986
2609.265700
2449.087056
2298.381125
2154.818798
2019.517952
1893.137575
1772.243664
1658.592874
1552.668014
1451.842406
1356.579692
1267.492398
1181.596888
1102.925970
1028.331887
956.925715
889.862183
828.809596
769.607607
714.253592
662.059854
613.563104
568.095767
526.519663
486.183200
449.652749
416.484361
384.380527
354.415758
326.299513
300.053780
276.786704
254.286807
233.458331
213.923734
196.678346
180.348757
165.625873
151.736077
139.152489
127.599786
116.866965
107.208173
98.118808
89.722450
81.576035
74.663279
67.696245
61.856333
56.455452
51.417634
46.919324
42.316550
38.010426
34.311893
31.003150
27.949556
25.205298
22.779057
20.518226
18.321939
16.497434
15.018551
13.575102
12.148239
10.573105
9.313769
8.163929
7.397864
6.524167
5.858666
5.161024
4.543598
4.045281
3.497881
3.071073
2.776914
2.487158
2.179889
1.924231
1.657748
1.388094
1.190248
1.026196
0.916826
0.790107
0.631540
0.509179
0.415013
0.364754
0.292312
0.236712
0.177874
0.129102
0.117945
0.087205
0.055641
0.035414
0.020123
0.009002
0.005357
0.006991
0.002087
0.000749
0.000046
0.000000
0.000000
0.000000
0.000000
0.000000
0.000000
0.000000
0.000000
0.000000
0.000000
0.000000
0.000000
0.000000
0.000000
0.000000
0.000000
0.000000
0.000000
0.000000
0.000000
0.000000
0.000000
0.000000
0.000000
0.000000
0.000000
0.000000
0.000000
0.000000
0.000000
0.000000
0.000000
0.000000
0.000000
0.000000
0.000000
0.000000
0.000000
0.000000
0.000000
0.000000
0.000000
0.000000
0.000000
0.000000
0.000000
0.000000
0.000000
0.000000
0.000000
0.000000
0.000000
0.000000
0.000000
0.000000
0.000000
0.000000
0.000000
0.000000
0.000000
0.000000
0.000000
0.000000
0.000000
0.000000
0.000000
0.000000
0.000000
0.000000
0.000000
0.000000
0.000000
0.000000
0.000000
0.000000
0.000000
0.000000
0.000000
0.000000
0.000000
0.000000
0.000000
0.000000
0.000000
0.000000
0.000000
0.000000
0.000000
0.000000
0.000000
0.000000
0.000000
0.000000
0.000000
0.000000
0.000000
0.000000
0.000000
0.000000
0.000000
0.000000
0.000000
0.000000
0.000000
0.000000
0.000000
0.000000
0.000000
0.000000
0.000000
0.000000
0.000000
0.000000
0.000000
0.000000
0.000000
0.000000
0.000000
0.000000
0.000000
0.000000
0.000000
0.000000
0.000000
0.000000
0.000000
0.000000
0.000000
0.000000
0.000000
0.000000
0.000000
0.000000
0.000000
0.000000
0.000000
0.000000
0.000000
0.000000
0.000000
0.000000
0.000000
0.000000
0.000000
0.000000
0.000000
0.000000
0.000000
0.000000
0.000000
0.000000
0.000000
0.000000
0.000000
0.000000
0.000000
0.000000
0.000000
0.000000
0.000000
0.000000
0.000000
0.000000
0.000000
0.000000
0.000000
0.000000
0.000000
0.000000
0.000000
0.000000
0.000000
0.000000
0.000000
0.000000
0.000000
0.000000
0.000000
0.000000
0.000000
0.000000
0.000000
0.000000
0.000000
0.000000
0.000000
0.000000
0.000000
0.000000
0.000000
0.000000
0.000000
0.000000
0.000000
0.000000
0.000000
0.000000
0.000000
0.000000
0.000000
0.000000
0.000000
0.000000
0.000000
0.000000
0.000000
0.000000
0.000000
0.000000
0.000000
0.000000
0.000000
0.000000
0.000000
0.000000
0.000000
0.000000
0.000000
0.000000
0.000000
0.000000
0.000000
0.000000
0.000000
0.000000
0.000000
0.000000
0.000000
0.000000
0.000000
0.000000
0.000000
0.000000
0.000000
0.000000
0.000000
0.000000
0.000000
0.000000
0.000000
0.000000
0.000000
0.000000
0.000000
0.000000
0.000000
0.000000
0.000000
0.000000
0.000000
0.000000
0.000000
0.000000
0.000000
0.000000
0.000000
0.000000
0.000000
0.000000
0.000000
0.000000
0.000000
0.000000
0.000000
0.000000
0.000000
0.000000
0.000000
0.000000
0.000000
0.000000
0.000000
0.000000
0.000000
0.000000
0.000000
0.000000
0.000000
0.000000
0.000000
0.000000
0.000000
0.000000
0.000000
0.000000
0.000000
0.000000
0.000000
0.000000
0.000000
0.000000
0.000000
0.000000
0.000000
0.000000
0.000000
0.000000
0.000000
0.000000
0.000000
0.000000
0.000000
0.000000
0.000000
0.000000
0.000000
0.000000
0.000000
0.000000
0.000000
0.000000
0.000000
0.000000
0.000000
0.000000
0.000000
0.000000
0.000000
0.000000
0.000000
0.000000
0.000000
0.000000
0.000000
0.000000
0.000000
0.000000
0.000000
0.000000
0.000000
0.000000
0.000000
0.000000
0.000000
0.000000
0.000000
0.000000
0.000000
0.000000
0.000000
0.000000
0.000000
0.000000
0.000000
0.000000
0.000000
0.000000
0.000000
0.000000
0.000000
0.000000
0.000000
0.000000
0.000000
0.000000
0.000000
0.000000
0.000000
0.000000
0.000000
0.000000
0.000000
0.000000
0.000000
0.000000
0.000000
0.000000
0.000000
0.000000
0.000000
0.000000
0.000000
0.000000
0.000000
0.000000
0.000000
0.000000
0.000000
0.000000
0.000000
0.000000
0.000000
0.000000
0.000000
0.000000
0.000000
0.000000
0.000000
0.000000
0.000000
0.000000
0.000000
0.000000
0.000000
0.000000
0.000000
0.000000
0.000000
0.000000
0.000000
0.000000
0.000000
0.000000
0.000000
0.000000
0.000000
0.000000
0.000000
0.000000
0.000000
0.000000
0.000000
0.000000
0.000000
0.000000
0.000000
0.000000
0.000000
0.000000
0.000000
0.000000
0.000000
0.000000
0.000000
0.000000
0.000000
0.000000
0.000000
0.000000
0.000000
0.000000
0.000000
0.000000
0.000000
0.000000
0.000000
0.000000
0.000000
0.000000
0.000000
0.000000
0.000000
0.000000
0.000000
0.000000
0.000000
0.000000
0.000000
0.000000
0.000000
0.000000
0.000000
0.000000
0.000000
0.000000
0.000000
0.000000
0.000000
0.000000
0.000000
0.000000
0.000000
0.000000
0.000000
0.000000
0.000000
0.000000
0.000000
0.000000
0.000000
0.000000
0.000000
0.000000
0.000000
0.000000
0.000000
0.000000
0.000000
0.000000
0.000000
0.000000
0.000000
0.000000
0.000000
0.000000
0.000000
0.000000
0.000000
0.000000
0.000000
0.000000
0.000000
0.000000
0.000000
0.000000
0.000000
0.000000
0.000000
0.000000
0.000000
0.000000
0.000000
0.000000
0.000000
0.000000
0.000000
0.000000
0.000000
0.000000
0.000000
0.000000
0.000000
0.000000
0.000000
0.000000
0.000000
0.000000
0.000000
0.000000
0.000000
0.000000
0.000000
0.000000
0.000000
0.000000
0.000000
0.000000
0.000000
0.000000
0.000000
0.000000
0.000000
0.000000
0.000000
0.000000
0.000000
0.000000
0.000000
0.000000
0.000000
0.000000
0.000000
0.000000
0.000000
0.000000
0.000000
0.000000
0.000000
0.000000
0.000000
0.000000
0.000000
0.000000
0.000000
0.000000
0.000000
0.000000
0.000000
0.000000
0.000000
0.000000
0.000000
0.000000
0.000000
0.000000
0.000000
0.000000
0.000000
0.000000
0.000000
0.000000
0.000000
0.000000
0.000000
0.000000
0.000000
0.000000
0.000000
0.000000
0.000000
0.000000
0.000000
0.000000
0.000000
0.000000
0.000000
0.000000
0.000000
0.000000
0.000000
0.000000
0.000000
0.000000
0.000000
0.000000
0.000000
0.000000
0.000000
0.000000
0.000000
0.000000
0.000000
0.000000
0.000000
0.000000
0.000000
0.000000
0.000000
0.000000
0.000000
0.000000
0.000000
0.000000
0.000000
0.000000
0.000000
0.000000
0.000000
0.000000
0.000000
0.000000
0.000000
0.000000
0.000000
0.000000
0.000000
0.000000
0.000000
0.000000
0.000000
0.000000
0.000000
0.000000
0.000000
0.000000
0.000000
0.000000
0.000000
0.000000
0.000000
0.000000
0.000000
0.000000
0.000000
0.000000
0.000000
0.000000
0.000000
0.000000
0.000000
0.000000
0.000000
0.000000
0.000000
0.000000
0.000000
0.000000
0.000000
0.000000
0.000000
0.000000
0.000000
0.000000
0.000000
0.000000
0.000000
0.000000
0.000000
0.000000
0.000000
0.000000
0.000000
0.000000
0.000000
0.000000
0.000000
0.000000
0.000000
0.000000
0.000000
0.000000
0.000000
0.000000
0.000000
0.000000
0.000000
0.000000
0.000000
0.000000
0.000000
0.000000
0.000000
0.000000
0.000000
0.000000
0.000000
