0.000000
0.000000
0.000000
0.000000
0.000000
0.000000
0.000000
0.000000
0.000000
0.000000
0.000000
0.000000
0.000000
0.000000
0.000000
0.000000
0.000000
0.000000
0.000000
0.000000
0.001066
0.000000
0.005080
0.003578
0.017127
0.046198
0.091755
0.161904
0.394503
0.607372
1.237059
2.088387
3.822006
6.736191
11.435802
18.341264
29.522422
45.744967
71.020493
105.471686
155.016062
225.781931
320.190052
451.493988
624.091867
851.052923
1144.713476
1527.620405
2011.971527
2606.816619
3345.394426
4236.906855
5318.072221
6596.724091
8121.473644
9896.615100
11947.046752
14299.308624
16978.301658
19998.106239
23353.037112
27083.854951
31169.717302
35638.194783
40456.608403
45646.016077
51149.289339
57012.040558
63114.955822
69582.356555
76214.524267
83094.496329
90104.264526
97219.966540
104478.417289
111691.540198
118950.087179
126124.486770
133179.061634
140070.431486
146796.954139
153246.715416
159445.414643
165323.199307
170831.090330
175984.344679
180676.898264
184997.774036
188808.868321
192220.968088
195107.124329
197517.844300
199442.894661
200864.485281
201782.710296
202213.360746
202176.276016
201638.355943
200701.208537
199267.016409
197456.469681
195174.227860
192559.839125
189536.699276
186212.898472
182566.406913
178599.915023
174375.076238
169868.842696
165184.110298
160265.669790
155216.260610
149977.530117
144662.197152
139207.630253
133720.137322
128157.065705
122583.086353
117010.556783
111440.397572
105900.279061
100454.547806
95057.317659
89790.509320
84608.087349
79558.711410
74646.209487
69861.992460
65271.340749
60839.153875
56577.578911
52495.024344
48586.004808
44885.306503
41353.183443
38023.224029
34874.986518
31914.829375
29139.264758
26538.484556
24116.416684
21858.338015
19767.743132
17834.643353
16049.079426
14411.284914
12907.897316
11528.724660
10280.384991
9134.114193
8102.817659
7166.397898
6321.090970
5567.675349
4885.644278
4277.493985
3735.245850
3252.570581
2825.676756
2449.323929
2111.120167
1823.602829
1564.453246
1342.420764
1148.314399
977.369135
832.419976
705.727171
595.605402
502.563179
421.414512
354.021501
295.402321
246.679734
204.553250
169.689679
139.345155
115.584107
94.124875
77.815052
63.099557
51.797699
41.621034
33.882629
27.419584
21.843679
17.650557
14.036748
11.133776
8.974188
7.049680
5.672936
4.333149
3.497240
2.732912
2.156425
1.640935
1.244896
0.997363
0.760846
0.595807
0.430711
0.325585
0.235636
0.186446
0.141363
0.105116
0.084000
0.058685
0.041326
0.039635
0.018756
0.016390
0.011474
0.006946
0.006155
0.004403
0.002648
0.001409
0.000643
0.000102
0.000195
0.000000
0.000000
0.000000
0.000000
0.000000
0.000000
0.000000
0.000000
0.000000
0.000000
0.000000
0.000000
0.000000
0.000000
0.000000
0.000000
0.000000
0.000000
0.000000
0.000000
0.000000
0.000000
0.000000
0.000000
0.000000
0.000000
0.000000
0.000000
0.000000
0.000000
0.000000
0.000000
0.000000
0.000000
0.000000
0.000000
0.000000
0.000000
0.000000
0.000000
0.000000
0.000000
0.000000
0.000000
0.000000
0.000000
0.000000
0.000000
0.000000
0.000000
0.000000
0.000000
0.000000
0.000000
0.000000
0.000000
0.000000
0.000000
0.000000
0.000000
0.000000
0.000000
0.000000
0.000000
0.000000
0.000000
0.000000
0.000000
0.000000
0.000000
0.000000
0.000000
0.000000
0.000000
0.000000
0.000000
0.000000
0.000000
0.000000
0.000000
0.000000
0.000000
0.000000
0.000000
0.000000
0.000000
0.000000
0.000000
0.000000
0.000000
0.000000
0.000000
0.000000
0.000000
0.000000
0.000000
0.000000
0.000000
0.000000
0.000000
0.000000
0.000000
0.000000
0.000000
0.000000
0.000000
0.000000
0.000000
0.000000
0.000000
0.000000
0.000000
0.000000
0.000000
0.000000
0.000000
0.000000
0.000000
0.000000
0.000000
0.000000
0.000000
0.000000
0.000000
0.000000
0.000000
0.000000
0.000000
0.000000
0.000000
0.000000
0.000000
0.000000
0.000000
0.000000
0.000000
0.000000
0.000000
0.000000
0.000000
0.000000
0.000000
0.000000
0.000000
0.000000
0.000000
0.000000
0.000000
0.000000
0.000000
0.000000
0.000000
0.000000
0.000000
0.000000
0.000000
0.000000
0.000000
0.000000
0.000000
0.000000
0.000000
0.000000
0.000000
0.000000
0.000000
0.000000
0.000000
0.000000
0.000000
0.000000
0.000000
0.000000
0.000000
0.000000
0.000000
0.000000
0.000000
0.000000
0.000000
0.000000
0.000000
0.000000
0.000000
0.000000
0.000000
0.000000
0.000000
0.000000
0.000000
0.000000
0.000000
0.000000
0.000000
0.000000
0.000000
0.000000
0.000000
0.000000
0.000000
0.000000
0.000000
0.000000
0.000000
0.000000
0.000000
0.000000
0.000000
0.000000
0.000000
0.000000
0.000000
0.000000
0.000000
0.000000
0.000000
0.000000
0.000000
0.000000
0.000000
0.000000
0.000000
0.000000
0.000000
0.000000
0.000000
0.000000
0.000000
0.000000
0.000000
0.000000
0.000000
0.000000
0.000000
0.000000
0.000000
0.000000
0.000000
0.000000
0.000000
0.000000
0.000000
0.000000
0.000000
0.000000
0.000000
0.000000
0.000000
0.000000
0.000000
0.000000
0.000000
0.000000
0.000000
0.000000
0.000000
0.000000
0.000000
0.000000
0.000000
0.000000
0.000000
0.000000
0.000000
0.000000
0.000000
0.000000
0.000000
0.000000
0.000000
0.000000
0.000000
0.000000
0.000000
0.000000
0.000000
0.000000
0.000000
0.000000
