0.000000
0.000000
0.014071
0.201228
1.038232
3.149837
9.578926
24.439054
53.013487
109.413576
212.696524
386.864810
659.261512
1062.970657
1652.132370
2453.497531
3516.429534
4881.669303
6580.563142
8625.886515
11034.506838
13825.081770
16961.476466
20428.813966
24194.312099
28223.640784
32479.892211
36901.331947
41393.007069
45935.523058
50455.727449
54935.431893
59349.131504
63626.477187
67740.415606
71638.142323
75264.378911
78647.174748
81811.010366
84625.669575
87199.147795
89510.390563
91538.351443
93347.000735
94845.817484
96125.051454
97160.790674
97973.698479
98575.041019
98989.265798
99185.519255
99259.309345
99168.728571
98874.629901
98455.696463
97946.138016
97358.278021
96686.418495
95887.780421
95067.487945
94116.335428
93153.861568
92121.323568
91108.924680
90071.137475
88968.209028
87877.988942
86759.540868
85664.403712
84578.984229
83498.048751
82437.885967
81412.449868
80391.059538
79369.612609
78384.315302
77385.904890
76381.342363
75393.647617
74379.721659
73420.196045
72462.927522
71530.424226
70633.936553
69761.247277
68886.025560
68020.625397
67183.905056
66359.729650
65521.762491
64715.299723
63946.932714
63196.909890
62468.957291
61745.255693
61046.586510
60360.738048
59685.104465
59027.721565
58397.647398
57780.537155
57173.380392
56576.807954
55994.660865
55440.368108
54895.797466
54331.465672
53812.667690
53284.641995
52758.371178
52246.741634
51748.591005
51258.712448
50788.674334
50334.676065
49859.493591
49409.395974
48955.026667
48501.469646
48035.834183
47612.513322
47186.362162
46756.729460
46339.212286
45925.553487
45513.462917
45122.940893
44741.319438
44363.234637
43985.941288
43628.775904
43263.416863
42906.413975
42551.608553
42201.051626
41860.278276
41487.491587
41140.553181
40771.181719
40403.226366
40057.505023
39694.755262
39322.435034
38956.272560
38590.412656
38232.473809
37863.618225
37500.603164
37125.741311
36756.379608
36382.126709
36009.415689
35635.007479
35262.119350
34891.956191
34511.554333
34139.767819
33762.222444
33386.350290
33006.333633
32626.935696
32241.554651
31861.064950
31457.029326
31061.863234
30659.130552
30250.662658
29847.596120
29434.223995
29015.850410
28601.800600
28187.855291
27765.821554
27350.943081
26918.928143
26506.048104
26079.819326
25657.848097
25222.872020
24786.867458
24349.911910
23912.436435
23490.913610
23055.786403
22627.355997
22193.255008
21749.011426
21311.720683
20872.902629
20446.314821
20008.330531
19582.854421
19168.187660
18742.149288
18324.690747
17905.798664
17488.561312
17073.528394
16665.766395
16271.248101
15882.716416
15490.123518
15108.755414
14726.427098
14353.605131
13983.276342
13612.603226
13244.060250
12876.656483
12515.347583
12150.192980
11792.306665
11439.807120
11090.468971
10751.820444
10410.336599
10075.012356
9748.426671
9424.059641
9105.861591
8799.290361
8492.060438
8192.243009
7905.498764
7624.969296
7354.396461
7086.894149
6831.618203
6584.765497
6342.473689
6107.535175
5874.842048
5648.735957
5428.105439
5215.310853
5007.822492
4805.655873
4610.033004
4420.876354
4233.445905
4056.147423
3881.693973
3708.292227
3545.984356
3387.947722
3233.369692
3085.412711
2943.104200
2804.067694
2670.857616
2544.814189
2420.455990
2303.599759
2186.423990
2074.982731
1970.936697
1869.592347
1770.866671
1677.662238
1587.951136
1504.655851
1424.269954
1345.602515
1272.091581
1200.917632
1132.847563
1068.703119
1008.227967
950.690746
895.488502
843.193011
793.729655
746.728494
702.061094
660.171819
620.578576
582.144007
545.732258
511.396269
478.542293
447.610074
418.292822
390.918018
364.289414
339.652478
316.938719
295.500780
274.280875
254.327503
235.802759
218.469474
201.780593
186.378090
172.560886
159.563770
147.409728
136.359038
126.259507
117.067931
108.560232
100.401911
92.556498
85.587781
79.074897
73.279490
67.809195
62.449379
57.549210
53.110218
49.259810
45.566819
42.037052
38.795991
35.551295
32.626243
30.332409
27.630485
25.466922
23.360539
21.368459
19.495908
17.602311
15.917718
14.511910
13.115349
11.912032
10.812151
9.730552
8.760040
7.888106
7.181183
6.442635
5.754304
5.135324
4.546005
4.023548
3.577572
3.139867
2.716850
2.285491
1.989779
1.703742
1.446808
1.213105
1.045746
0.902864
0.767254
0.624906
0.544884
0.457142
0.395261
0.318105
0.288258
0.242316
0.212215
0.201742
0.158767
0.133643
0.102164
0.072462
0.053893
0.047203
0.033894
0.022146
0.017237
0.013199
0.008622
0.004565
0.004742
0.002229
0.000006
0.000000
0.000000
0.000000
0.000000
0.000000
0.000000
0.000000
0.000000
0.000000
0.000000
0.000000
0.000000
0.000000
0.000000
0.000000
0.000000
0.000000
0.000000
0.000000
0.000000
0.000000
0.000000
0.000000
0.000000
0.000000
0.000000
0.000000
0.000000
0.000000
0.000000
0.000000
0.000000
0.000000
0.000000
0.000000
0.000000
0.000000
0.000000
0.000000
0.000000
0.000000
0.000000
0.000000
0.000000
0.000000
0.000000
0.000000
0.000000
0.000000
0.000000
0.000000
0.000000
0.000000
0.000000
0.000000
0.000000
0.000000
0.000000
0.000000
0.000000
0.000000
0.000000
0.000000
0.000000
0.000000
0.000000
0.000000
0.000000
0.000000
0.000000
0.000000
0.000000
0.000000
0.000000
0.000000
0.000000
0.000000
0.000000
0.000000
0.000000
0.000000
0.000000
0.000000
0.000000
0.000000
0.000000
0.000000
0.000000
0.000000
0.000000
0.000000
0.000000
0.000000
0.000000
0.000000
0.000000
0.000000
0.000000
0.000000
0.000000
0.000000
0.000000
0.000000
0.000000
0.000000
0.000000
0.000000
0.000000
0.000000
0.000000
0.000000
0.000000
0.000000
0.000000
0.000000
0.000000
0.000000
0.000000
0.000000
0.000000
0.000000
0.000000
0.000000
0.000000
0.000000
0.000000
0.000000
0.000000
0.000000
0.000000
0.000000
0.000000
0.000000
0.000000
0.000000
0.000000
0.000000
0.000000
0.000000
0.000000
0.000000
0.000000
0.000000
0.000000
0.000000
0.000000
0.000000
0.000000
0.000000
0.000000
0.000000
0.000000
0.000000
0.000000
0.000000
0.000000
0.000000
0.000000
0.000000
0.000000
0.000000
0.000000
0.000000
0.000000
0.000000
0.000000
0.000000
0.000000
0.000000
0.000000
0.000000
0.000000
0.000000
0.000000
0.000000
0.000000
0.000000
0.000000
0.000000
0.000000
0.000000
0.000000
0.000000
0.000000
0.000000
0.000000
0.000000
0.000000
0.000000
0.000000
0.000000
0.000000
0.000000
0.000000
0.000000
0.000000
0.000000
0.000000
0.000000
0.000000
0.000000
0.000000
0.000000
0.000000
0.000000
0.000000
0.000000
0.000000
0.000000
0.000000
0.000000
0.000000
0.000000
0.000000
0.000000
0.000000
0.000000
0.000000
0.000000
0.000000
0.000000
0.000000
0.000000
0.000000
0.000000
0.000000
0.000000
0.000000
0.000000
0.000000
0.000000
0.000000
0.000000
0.000000
0.000000
0.000000
0.000000
0.000000
0.000000
0.000000
0.000000
0.000000
0.000000
0.000000
0.000000
0.000000
0.000000
0.000000
0.000000
0.000000
0.000000
0.000000
0.000000
0.000000
0.000000
0.000000
0.000000
0.000000
0.000000
0.000000
0.000000
0.000000
0.000000
0.000000
0.000000
0.000000
0.000000
0.000000
0.000000
0.000000
0.000000
0.000000
0.000000
0.000000
0.000000
0.000000
0.000000
0.000000
0.000000
0.000000
0.000000
0.000000
0.000000
0.000000
0.000000
0.000000
0.000000
0.000000
0.000000
0.000000
0.000000
0.000000
0.000000
0.000000
0.000000
0.000000
0.000000
0.000000
0.000000
0.000000
0.000000
0.000000
0.000000
0.000000
0.000000
0.000000
0.000000
0.000000
0.000000
0.000000
0.000000
0.000000
0.000000
0.000000
0.000000
0.000000
0.000000
0.000000
0.000000
0.000000
0.000000
0.000000
0.000000
0.000000
0.000000
0.000000
0.000000
0.000000
0.000000
0.000000
0.000000
0.000000
0.000000
0.000000
0.000000
0.000000
0.000000
0.000000
0.000000
0.000000
0.000000
0.000000
0.000000
0.000000
0.000000
0.000000
0.000000
0.000000
0.000000
0.000000
0.000000
0.000000
0.000000
0.000000
0.000000
0.000000
0.000000
0.000000
0.000000
0.000000
0.000000
0.000000
0.000000
0.000000
0.000000
0.000000
0.000000
0.000000
0.000000
0.000000
0.000000
0.000000
0.000000
0.000000
0.000000
0.000000
0.000000
0.000000
0.000000
0.000000
0.000000
0.000000
0.000000
0.000000
0.000000
0.000000
0.000000
0.000000
0.000000
0.000000
0.000000
0.000000
0.000000
0.000000
0.000000
0.000000
0.000000
0.000000
0.000000
0.000000
0.000000
0.000000
0.000000
0.000000
0.000000
0.000000
0.000000
0.000000
0.000000
0.000000
0.000000
0.000000
0.000000
0.000000
0.000000
0.000000
0.000000
0.000000
0.000000
0.000000
0.000000
0.000000
0.000000
0.000000
0.000000
0.000000
0.000000
0.000000
0.000000
0.000000
0.000000
0.000000
0.000000
0.000000
0.000000
0.000000
0.000000
0.000000
0.000000
0.000000
0.000000
0.000000
0.000000
0.000000
0.000000
0.000000
0.000000
0.000000
0.000000
0.000000
0.000000
0.000000
0.000000
0.000000
0.000000
0.000000
0.000000
0.000000
0.000000
0.000000
0.000000
0.000000
0.000000
0.000000
0.000000
0.000000
0.000000
0.000000
0.000000
0.000000
0.000000
0.000000
0.000000
0.000000
0.000000
0.000000
0.000000
0.000000
0.000000
0.000000
0.000000
0.000000
0.000000
0.000000
0.000000
0.000000
0.000000
0.000000
0.000000
0.000000
0.000000
0.000000
0.000000
0.000000
0.000000
0.000000
0.000000
0.000000
0.000000
0.000000
0.000000
0.000000
0.000000
0.000000
0.000000
0.000000
0.000000
0.000000
0.000000
0.000000
0.000000
0.000000
0.000000
0.000000
0.000000
0.000000
0.000000
0.000000
0.000000
0.000000
0.000000
0.000000
0.000000
0.000000
0.000000
0.000000
0.000000
0.000000
0.000000
0.000000
0.000000
0.000000
0.000000
0.000000
0.000000
0.000000
0.000000
0.000000
0.000000
0.000000
0.000000
0.000000
0.000000
0.000000
0.000000
0.000000
0.000000
0.000000
0.000000
0.000000
0.000000
0.000000
0.000000
0.000000
0.000000
0.000000
0.000000
0.000000
0.000000
0.000000
0.000000
0.000000
0.000000
0.000000
0.000000
0.000000
0.000000
0.000000
0.000000
0.000000
0.000000
0.000000
0.000000
0.000000
0.000000
0.000000
0.000000
0.000000
0.000000
0.000000
0.000000
0.000000
0.000000
0.000000
0.000000
0.000000
0.000000
0.000000
0.000000
0.000000
0.000000
0.000000
0.000000
0.000000
0.000000
0.000000
0.000000
0.000000
0.000000
0.000000
0.000000
0.000000
0.000000
0.000000
0.000000
0.000000
0.000000
0.000000
0.000000
0.000000
0.000000
0.000000
0.000000
0.000000
0.000000
0.000000
0.000000
0.000000
0.000000
0.000000
0.000000
0.000000
0.000000
0.000000
0.000000
0.000000
0.000000
0.000000
0.000000
0.000000
