0.000000
0.000000
0.000000
5.937493
19.229135
28.937286
52.582426
117.947418
220.890031
362.997397
581.888926
899.966543
1303.191605
1996.839364
2790.345035
3720.764800
4930.733484
6291.624229
7932.235038
10096.353106
12270.162038
14499.391372
17036.440580
19681.047558
22659.802371
25422.246376
28909.936673
32041.459645
35551.949424
38921.798952
42469.132154
45838.348022
48921.637128
51836.468454
54592.028989
57486.832283
60379.832745
62989.613497
65608.980638
68196.932263
70422.729811
72201.268429
74439.866621
75945.560180
77614.560933
79060.142020
80062.291903
80900.349507
81768.211881
82726.669655
83741.614344
84406.497279
84734.875372
85193.246535
85124.643020
85065.316447
84920.597225
84739.298877
84750.104781
84277.197304
83935.862330
83820.159301
83399.802747
82909.783770
82443.740307
82040.398028
81392.504216
80915.023798
80277.023811
79568.709364
78872.763411
78138.655416
77699.810107
76917.837060
76150.107122
75303.398841
74695.640257
73982.721827
73211.713147
72620.925369
72054.498939
71395.909486
70782.563732
70081.427471
69273.476947
68687.048872
67902.989991
67002.008593
66293.497001
65495.094617
64888.277869
64172.607093
63389.657816
62891.130880
62333.042018
61852.953618
61236.308564
60571.872779
59692.445098
59053.488364
58634.663456
58125.652896
57422.038908
56814.672792
56189.536589
55644.292556
55002.870808
54492.314013
53998.507484
53382.604805
52995.658071
52425.371973
51915.991042
51473.150680
50966.656394
50531.252015
50043.097487
49463.427736
49101.380866
48656.412237
48300.721381
48006.785435
47580.036567
47131.395507
46783.008396
46295.258778
46025.813452
45660.724509
45333.633966
44885.748009
44467.966403
43997.956201
43546.996693
43248.106979
42911.085743
42356.154349
41893.501680
41318.218167
40886.664821
40646.198733
40387.678861
39924.023552
39513.209929
39261.364667
39011.577930
38697.374008
38155.592950
37787.340602
37507.265711
37211.663811
36749.062224
36392.252697
36020.638908
35591.010961
35241.087338
34853.784261
34572.454086
34325.251909
33908.299819
33631.468537
33331.965939
33046.634424
32700.745177
32265.779743
32004.624089
31643.451692
31291.900119
31057.333007
30711.461102
30263.604814
29883.796660
29599.806318
29337.836778
29025.755265
28705.368212
28457.069421
27985.239299
27673.840742
27351.576286
27082.121492
26695.194667
26388.781342
26046.071359
25629.939880
25226.434319
24963.031349
24629.584296
24237.629901
23893.141362
23541.934168
23271.219152
23036.080096
22571.049850
22216.953218
21869.078506
21447.813273
21102.550719
20715.518650
20418.111533
20125.097110
19791.479236
19483.425979
19191.416193
18791.439565
18540.360413
18285.359667
18083.593140
17786.329877
17427.711359
17128.619562
16883.971315
16564.916103
16248.328922
16001.145812
15703.798916
15426.894223
15112.016328
14864.351788
14558.940398
14303.107365
13975.972280
13668.383854
13378.671860
13135.872949
12909.224394
12623.868439
12353.908481
11999.553738
11780.419238
11572.048102
11345.658292
11117.288158
10907.433806
10647.327703
10397.599939
10208.265019
9962.211551
9735.536672
9456.961639
9175.825582
8945.795567
8774.263640
8560.323460
8349.619661
8157.542113
7962.322740
7745.794318
7523.041634
7357.266472
7176.839193
7048.284981
6916.120905
6732.649877
6534.253944
6361.910182
6228.510013
6069.333333
5898.259329
5758.693833
5582.223291
5417.724035
5299.800894
5186.111824
5089.086596
4917.473308
4752.718331
4634.975270
4536.680978
4406.409682
4257.675223
4089.416495
3970.720120
3841.140604
3703.690225
3609.891546
3507.014304
3396.511296
3286.298118
3191.775629
3097.299162
3015.494068
2904.404475
2787.683873
2684.281685
2589.730278
2507.568257
2437.009243
2344.428611
2272.488913
2189.534136
2116.736856
2043.541615
1969.644665
1879.892985
1802.738984
1723.421233
1675.452734
1613.597762
1554.309889
1503.267138
1446.844994
1385.788520
1323.549929
1283.544505
1229.817285
1191.311254
1132.559070
1082.528829
1034.449564
1010.202363
972.398081
940.389636
899.178774
854.959173
809.953775
787.409255
753.347434
725.633456
699.677897
668.171719
633.955995
611.250680
582.444330
558.065985
527.022307
500.364520
475.980673
451.610893
436.619426
419.287098
397.040460
375.155624
361.516407
349.050009
337.077009
320.037757
304.552471
287.322977
273.201638
252.589048
245.818891
234.235580
219.597887
207.176306
200.348168
194.794666
182.007323
173.021977
159.004032
151.502406
147.077716
139.051306
132.159886
124.180165
119.613608
112.353759
104.673979
96.951831
89.257284
88.861626
81.489716
75.395101
72.471731
67.699885
63.246228
64.125213
60.975022
57.753347
53.937877
49.353591
42.864830
41.189018
38.027279
35.380274
33.885460
33.996387
29.502320
27.607833
25.099302
23.134873
23.145407
21.241339
20.546176
17.700310
16.621944
14.058568
15.232681
13.626645
13.893803
14.056497
11.829151
10.685069
9.975448
9.210229
9.001681
7.701401
7.331540
7.019627
6.198947
6.217885
6.105595
5.297263
5.225752
5.321760
4.408254
4.283137
3.250872
3.019753
3.660710
3.923106
3.884118
3.621054
3.226698
2.457626
1.534414
1.282199
1.210372
1.389874
1.544600
0.975307
1.522776
1.483731
1.312885
1.618128
1.916087
1.684117
1.314139
1.269978
0.949815
0.687589
0.559313
0.631488
0.824389
0.607158
0.241404
0.242828
0.320970
0.620933
0.458768
0.616139
0.492395
0.476912
0.311630
0.406048
0.268214
0.104616
0.116909
0.126809
0.126734
0.108147
0.173056
0.195879
0.227329
0.197381
0.141655
0.138559
0.189707
0.220815
0.084138
0.000727
0.000000
0.000000
0.000000
0.000000
0.000000
0.000000
0.000000
0.000000
0.000000
0.000000
0.000000
0.000000
0.000000
0.000000
0.000000
0.000000
0.000000
0.000000
0.000000
0.000000
0.000000
0.000000
0.000000
0.000000
0.000000
0.000000
0.000000
0.000000
0.000000
0.000000
0.000000
0.000000
0.000000
0.000000
0.000000
0.000000
0.000000
0.000000
0.000000
0.000000
0.000000
0.000000
0.000000
0.000000
0.000000
0.000000
0.000000
0.000000
0.000000
0.000000
0.000000
0.000000
0.000000
0.000000
0.000000
0.000000
0.000000
0.000000
0.000000
0.000000
0.000000
0.000000
0.000000
0.000000
0.000000
0.000000
0.000000
0.000000
0.000000
0.000000
0.000000
0.000000
0.000000
0.000000
0.000000
0.000000
0.000000
0.000000
0.000000
0.000000
0.000000
0.000000
0.000000
0.000000
0.000000
0.000000
0.000000
0.000000
0.000000
0.000000
0.000000
0.000000
0.000000
0.000000
0.000000
0.000000
0.000000
0.000000
0.000000
0.000000
0.000000
0.000000
0.000000
0.000000
0.000000
0.000000
0.000000
0.000000
0.000000
0.000000
0.000000
0.000000
0.000000
0.000000
0.000000
0.000000
0.000000
0.000000
0.000000
0.000000
0.000000
0.000000
0.000000
0.000000
0.000000
0.000000
0.000000
0.000000
0.000000
0.000000
0.000000
0.000000
0.000000
0.000000
0.000000
0.000000
0.000000
0.000000
0.000000
0.000000
0.000000
0.000000
0.000000
0.000000
0.000000
0.000000
0.000000
0.000000
0.000000
0.000000
0.000000
0.000000
0.000000
0.000000
0.000000
0.000000
0.000000
0.000000
0.000000
0.000000
0.000000
0.000000
0.000000
0.000000
0.000000
0.000000
0.000000
0.000000
0.000000
0.000000
0.000000
0.000000
0.000000
0.000000
0.000000
0.000000
0.000000
0.000000
0.000000
0.000000
0.000000
0.000000
0.000000
0.000000
0.000000
0.000000
0.000000
0.000000
0.000000
0.000000
0.000000
0.000000
0.000000
0.000000
0.000000
0.000000
0.000000
0.000000
0.000000
0.000000
0.000000
0.000000
0.000000
0.000000
0.000000
0.000000
0.000000
0.000000
0.000000
0.000000
0.000000
0.000000
0.000000
0.000000
0.000000
0.000000
0.000000
0.000000
0.000000
0.000000
0.000000
0.000000
0.000000
0.000000
0.000000
0.000000
0.000000
0.000000
0.000000
0.000000
0.000000
0.000000
0.000000
0.000000
0.000000
0.000000
0.000000
0.000000
0.000000
0.000000
0.000000
0.000000
0.000000
0.000000
0.000000
0.000000
0.000000
0.000000
0.000000
0.000000
0.000000
0.000000
0.000000
0.000000
0.000000
0.000000
0.000000
0.000000
0.000000
0.000000
0.000000
0.000000
0.000000
0.000000
0.000000
0.000000
0.000000
0.000000
0.000000
0.000000
0.000000
0.000000
0.000000
0.000000
0.000000
0.000000
0.000000
0.000000
0.000000
0.000000
0.000000
0.000000
0.000000
0.000000
0.000000
0.000000
0.000000
0.000000
0.000000
0.000000
0.000000
0.000000
0.000000
0.000000
0.000000
0.000000
0.000000
0.000000
0.000000
0.000000
0.000000
0.000000
0.000000
0.000000
0.000000
0.000000
0.000000
0.000000
0.000000
0.000000
0.000000
0.000000
0.000000
0.000000
0.000000
0.000000
0.000000
0.000000
0.000000
0.000000
0.000000
0.000000
0.000000
0.000000
0.000000
0.000000
0.000000
0.000000
0.000000
0.000000
0.000000
0.000000
0.000000
0.000000
0.000000
0.000000
0.000000
0.000000
0.000000
0.000000
0.000000
0.000000
0.000000
0.000000
0.000000
0.000000
0.000000
0.000000
0.000000
0.000000
0.000000
0.000000
0.000000
0.000000
0.000000
0.000000
0.000000
0.000000
0.000000
0.000000
0.000000
0.000000
0.000000
0.000000
0.000000
0.000000
0.000000
0.000000
0.000000
0.000000
0.000000
0.000000
0.000000
0.000000
0.000000
0.000000
0.000000
0.000000
0.000000
0.000000
0.000000
0.000000
0.000000
0.000000
0.000000
0.000000
0.000000
0.000000
0.000000
0.000000
0.000000
0.000000
0.000000
0.000000
0.000000
0.000000
0.000000
0.000000
0.000000
0.000000
0.000000
0.000000
0.000000
0.000000
0.000000
0.000000
0.000000
0.000000
0.000000
0.000000
0.000000
0.000000
0.000000
0.000000
0.000000
0.000000
0.000000
0.000000
0.000000
0.000000
0.000000
0.000000
0.000000
0.000000
0.000000
0.000000
0.000000
0.000000
0.000000
0.000000
0.000000
0.000000
0.000000
0.000000
0.000000
0.000000
0.000000
0.000000
0.000000
0.000000
0.000000
0.000000
0.000000
0.000000
0.000000
0.000000
0.000000
0.000000
0.000000
0.000000
0.000000
0.000000
0.000000
0.000000
0.000000
0.000000
0.000000
0.000000
0.000000
0.000000
0.000000
0.000000
0.000000
0.000000
0.000000
0.000000
0.000000
0.000000
0.000000
0.000000
0.000000
0.000000
0.000000
0.000000
0.000000
0.000000
0.000000
0.000000
0.000000
0.000000
0.000000
0.000000
0.000000
0.000000
0.000000
0.000000
0.000000
0.000000
0.000000
0.000000
0.000000
0.000000
0.000000
0.000000
0.000000
0.000000
0.000000
0.000000
0.000000
0.000000
0.000000
0.000000
0.000000
0.000000
0.000000
0.000000
0.000000
0.000000
0.000000
0.000000
0.000000
0.000000
0.000000
0.000000
0.000000
0.000000
0.000000
0.000000
0.000000
0.000000
0.000000
0.000000
0.000000
0.000000
0.000000
0.000000
0.000000
0.000000
0.000000
0.000000
0.000000
0.000000
0.000000
0.000000
0.000000
0.000000
0.000000
0.000000
0.000000
0.000000
0.000000
