0.000000
0.000000
0.000000
0.000000
0.000000
0.000000
0.000000
0.693901
2.208657
11.303385
20.648950
36.306878
51.889247
76.757934
122.220466
213.034823
341.054330
510.011244
808.644641
1149.629026
1546.283637
2192.988088
2886.479594
3654.971521
4651.332874
5766.057277
7091.718092
8779.606992
10394.674286
12309.112383
14416.992248
16683.999967
18795.675699
21300.161331
23691.850448
26293.292275
29191.064355
32158.411093
34997.153877
37821.300184
40626.581542
43533.866402
46421.558874
49296.481918
52053.206843
54815.091140
57670.600419
60147.968431
63026.549664
65514.599803
67339.308211
69702.522075
71982.475485
73913.092660
75787.902215
77858.116292
79589.209416
81242.504332
82978.953012
84350.277923
85640.479643
86640.825623
87594.103924
88393.119090
89100.257684
89939.606346
90580.990573
91227.386162
91565.327352
91872.556349
92243.398072
92278.972011
92382.449633
92393.292869
92202.465999
92219.326375
92349.535162
92133.518118
91923.835174
91682.642803
91374.776453
91277.915861
90763.409533
90374.909115
89732.134614
89526.632848
89060.323339
88706.499065
88251.072959
87608.061741
86927.107161
86460.014284
85859.480536
85222.727944
84538.088131
83818.840588
82998.941619
82118.924443
81193.738679
80404.985152
79701.449798
78916.568226
78097.256208
77293.428248
76567.467032
75768.580443
74967.302255
74357.557744
73748.665693
73151.970029
72440.549856
71577.356269
70583.690991
69905.784465
69174.927995
68379.858164
67304.264073
66532.997360
65774.031537
64950.911404
64280.568959
63476.250190
62843.894396
62125.677195
61317.443728
60391.004509
59580.680706
58830.860219
57895.269195
57050.469211
56240.314962
55461.734155
54602.033437
53696.528538
52932.898269
52352.140549
51720.439692
50933.886074
50031.129056
49283.762642
48464.529181
47493.178500
46734.262301
46013.051058
45132.653276
44504.114404
43899.899327
43303.679801
42662.356557
41954.703050
41377.645572
40609.049482
39931.466181
39275.599349
38580.543367
37903.531724
37237.555334
36511.967054
35901.925794
35241.821647
34687.013878
33997.174398
33397.447785
32708.414645
32006.721493
31436.621396
30868.406612
30329.300243
29665.110008
28999.962900
28418.181825
27828.513909
27324.017774
26767.946021
26219.357841
25703.697764
25263.448982
24733.918780
24211.261617
23628.647995
23135.877258
22668.383751
22251.525492
21797.592682
21287.792558
20764.482729
20242.092020
19762.499169
19357.494901
18944.218270
18426.801933
17977.851205
17492.092519
17058.435822
16616.081075
16218.339309
15780.042305
15402.676686
14974.687031
14625.572561
14287.494047
13976.708763
13665.736135
13274.061444
12913.034339
12616.212256
12350.502951
12036.122216
11680.064832
11396.693069
11065.967513
10717.514603
10420.513333
10161.684158
9861.041274
9531.254549
9324.212036
9019.968670
8776.311909
8532.616171
8256.334771
7975.550444
7676.479931
7487.980954
7290.084343
7073.513564
6865.380318
6653.052389
6419.543140
6257.384033
6056.486101
5896.016984
5714.605775
5526.260860
5332.578269
5163.469303
5011.712921
4855.507991
4675.005352
4493.991932
4355.941375
4194.945646
4030.372656
3914.518313
3796.933098
3648.771405
3530.477865
3431.026135
3307.617447
3191.841138
3095.396888
2984.301126
2871.917955
2754.228836
2636.539848
2530.682012
2451.150788
2379.901746
2315.891544
2234.916994
2140.863505
2071.406089
1986.448118
1902.774862
1816.646127
1738.780775
1658.233257
1592.203492
1555.852002
1474.375115
1407.616124
1353.887645
1306.005378
1261.717143
1213.189480
1165.356489
1122.469811
1060.280432
1009.233128
956.094226
915.322018
867.752435
833.540790
790.603875
759.380454
729.050733
709.396858
676.193833
656.377335
624.266515
595.906826
560.289925
534.006636
496.803742
483.788780
464.244448
443.666267
421.195940
399.106572
382.820512
364.246616
350.505536
345.250674
333.330907
314.641873
299.987107
288.669843
270.695705
251.715721
237.169837
231.211524
222.094374
206.284480
195.034929
179.630986
167.569127
161.291102
158.056582
150.251483
141.441646
133.227038
122.282812
120.670323
115.744431
112.491951
111.252676
106.350355
97.572766
95.832254
91.420433
88.557255
84.175292
77.591083
75.622939
70.861194
67.043532
65.796709
63.709721
59.954012
58.986093
55.037426
52.121069
47.785627
43.581005
41.602224
38.138292
37.062344
34.309553
32.049575
29.760300
27.552446
26.803340
23.559678
22.029148
20.670242
20.681247
18.902591
18.818488
18.403050
17.353674
15.858552
15.032560
15.424755
14.852598
13.151715
13.282348
11.816125
10.657315
9.803841
9.853885
9.256624
8.219371
8.942725
8.059893
7.135005
6.235969
5.665713
5.057053
4.838646
4.648085
4.262242
3.771256
3.695428
3.370843
2.939960
3.064648
2.896557
2.724533
2.410798
1.512924
1.662662
1.476717
1.265968
1.249062
1.337317
1.397173
0.942244
1.009065
0.932257
0.915074
0.799767
0.923373
0.930973
0.778124
0.587371
0.364360
0.344066
0.399317
0.254279
0.249640
0.089209
0.134574
0.002230
0.000000
0.000000
0.000000
0.000000
0.000000
0.000000
0.000000
0.000000
0.000000
0.000000
0.000000
0.000000
0.000000
0.000000
0.000000
0.000000
0.000000
0.000000
0.000000
0.000000
0.000000
0.000000
0.000000
0.000000
0.000000
0.000000
0.000000
0.000000
0.000000
0.000000
0.000000
0.000000
0.000000
0.000000
0.000000
0.000000
0.000000
0.000000
0.000000
0.000000
0.000000
0.000000
0.000000
0.000000
0.000000
0.000000
0.000000
0.000000
0.000000
0.000000
0.000000
0.000000
0.000000
0.000000
0.000000
0.000000
0.000000
0.000000
0.000000
0.000000
0.000000
0.000000
0.000000
0.000000
0.000000
0.000000
0.000000
0.000000
0.000000
0.000000
0.000000
0.000000
0.000000
0.000000
0.000000
0.000000
0.000000
0.000000
0.000000
0.000000
0.000000
0.000000
0.000000
0.000000
0.000000
0.000000
0.000000
0.000000
0.000000
0.000000
0.000000
0.000000
0.000000
0.000000
0.000000
0.000000
0.000000
0.000000
0.000000
0.000000
0.000000
0.000000
0.000000
0.000000
0.000000
0.000000
0.000000
0.000000
0.000000
0.000000
0.000000
0.000000
0.000000
0.000000
0.000000
0.000000
0.000000
0.000000
0.000000
0.000000
0.000000
0.000000
0.000000
0.000000
0.000000
0.000000
0.000000
0.000000
0.000000
0.000000
0.000000
0.000000
0.000000
0.000000
0.000000
0.000000
0.000000
0.000000
0.000000
0.000000
0.000000
0.000000
0.000000
0.000000
0.000000
0.000000
0.000000
0.000000
0.000000
0.000000
0.000000
0.000000
0.000000
0.000000
0.000000
0.000000
0.000000
0.000000
0.000000
0.000000
0.000000
0.000000
0.000000
0.000000
0.000000
0.000000
0.000000
0.000000
0.000000
0.000000
0.000000
0.000000
0.000000
0.000000
0.000000
0.000000
0.000000
0.000000
0.000000
0.000000
0.000000
0.000000
0.000000
0.000000
0.000000
0.000000
0.000000
0.000000
0.000000
0.000000
0.000000
0.000000
0.000000
0.000000
0.000000
0.000000
0.000000
0.000000
0.000000
0.000000
0.000000
0.000000
0.000000
0.000000
0.000000
0.000000
0.000000
0.000000
0.000000
0.000000
0.000000
0.000000
0.000000
0.000000
0.000000
0.000000
0.000000
0.000000
0.000000
0.000000
0.000000
0.000000
0.000000
0.000000
0.000000
0.000000
0.000000
0.000000
0.000000
0.000000
0.000000
0.000000
0.000000
0.000000
0.000000
0.000000
0.000000
0.000000
0.000000
0.000000
0.000000
0.000000
0.000000
0.000000
0.000000
0.000000
0.000000
0.000000
0.000000
0.000000
0.000000
0.000000
0.000000
0.000000
0.000000
0.000000
0.000000
0.000000
0.000000
0.000000
0.000000
0.000000
0.000000
0.000000
0.000000
0.000000
0.000000
0.000000
0.000000
0.000000
0.000000
0.000000
0.000000
0.000000
0.000000
0.000000
0.000000
0.000000
0.000000
0.000000
0.000000
0.000000
0.000000
0.000000
0.000000
0.000000
0.000000
0.000000
0.000000
0.000000
0.000000
0.000000
0.000000
0.000000
0.000000
0.000000
0.000000
0.000000
0.000000
0.000000
0.000000
0.000000
0.000000
0.000000
0.000000
0.000000
0.000000
0.000000
0.000000
0.000000
0.000000
0.000000
0.000000
0.000000
0.000000
0.000000
0.000000
0.000000
0.000000
0.000000
0.000000
0.000000
0.000000
0.000000
0.000000
0.000000
0.000000
0.000000
0.000000
0.000000
0.000000
0.000000
0.000000
0.000000
0.000000
0.000000
0.000000
0.000000
0.000000
0.000000
0.000000
0.000000
0.000000
0.000000
0.000000
0.000000
0.000000
0.000000
0.000000
0.000000
0.000000
0.000000
0.000000
0.000000
0.000000
0.000000
0.000000
0.000000
0.000000
0.000000
0.000000
0.000000
0.000000
0.000000
0.000000
0.000000
0.000000
0.000000
0.000000
0.000000
0.000000
0.000000
0.000000
0.000000
0.000000
0.000000
0.000000
0.000000
0.000000
0.000000
0.000000
0.000000
0.000000
0.000000
0.000000
0.000000
0.000000
0.000000
0.000000
0.000000
0.000000
0.000000
0.000000
0.000000
0.000000
0.000000
0.000000
0.000000
0.000000
0.000000
0.000000
0.000000
0.000000
0.000000
0.000000
0.000000
0.000000
0.000000
0.000000
0.000000
0.000000
0.000000
0.000000
0.000000
0.000000
0.000000
0.000000
0.000000
0.000000
0.000000
0.000000
0.000000
0.000000
0.000000
0.000000
0.000000
0.000000
0.000000
0.000000
0.000000
0.000000
0.000000
0.000000
0.000000
0.000000
0.000000
0.000000
0.000000
0.000000
0.000000
0.000000
0.000000
0.000000
0.000000
0.000000
0.000000
0.000000
0.000000
0.000000
0.000000
0.000000
0.000000
0.000000
0.000000
0.000000
0.000000
0.000000
0.000000
0.000000
0.000000
0.000000
0.000000
0.000000
0.000000
0.000000
0.000000
0.000000
0.000000
0.000000
0.000000
0.000000
0.000000
0.000000
0.000000
0.000000
0.000000
0.000000
0.000000
0.000000
0.000000
0.000000
0.000000
0.000000
0.000000
0.000000
0.000000
0.000000
0.000000
0.000000
0.000000
0.000000
0.000000
0.000000
0.000000
0.000000
0.000000
0.000000
0.000000
0.000000
0.000000
0.000000
0.000000
0.000000
0.000000
0.000000
0.000000
0.000000
0.000000
0.000000
0.000000
0.000000
0.000000
0.000000
0.000000
0.000000
0.000000
0.000000
0.000000
0.000000
0.000000
0.000000
0.000000
0.000000
0.000000
0.000000
0.000000
0.000000
0.000000
0.000000
0.000000
0.000000
0.000000
0.000000
0.000000
0.000000
0.000000
0.000000
0.000000
0.000000
0.000000
0.000000
0.000000
0.000000
0.000000
0.000000
0.000000
0.000000
0.000000
0.000000
0.000000
0.000000
0.000000
0.000000
0.000000
0.000000
0.000000
0.000000
0.000000
0.000000
0.000000
0.000000
0.000000
0.000000
0.000000
0.000000
0.000000
0.000000
0.000000
0.000000
0.000000
0.000000
0.000000
0.000000
0.000000
0.000000
0.000000
0.000000
0.000000
0.000000
0.000000
0.000000
0.000000
0.000000
0.000000
0.000000
0.000000
0.000000
0.000000
