0.000000
0.005139
0.149970
0.965080
2.805171
7.858293
18.350116
36.106101
71.572718
129.685966
222.571838
360.503805
563.419184
843.809280
1224.948868
1731.810808
2373.054906
3156.892790
4110.227647
5259.195433
6581.557148
8136.801452
9889.879727
11865.742436
14045.015840
16430.440116
18967.736296
21709.501868
24585.424257
27590.560653
30740.319370
33926.990828
37174.245517
40488.360486
43800.768844
47152.089808
50461.796172
53696.721892
56895.302464
59958.518512
62968.658284
65872.601034
68639.969548
71254.402648
73734.349412
76096.862769
78322.570879
80359.344835
82295.642240
84071.357691
85682.150956
87133.117464
88476.233896
89666.442943
90705.429358
91591.118760
92370.813934
92987.902270
93487.477879
93900.786401
94235.897924
94440.132049
94597.501912
94646.593539
94607.669473
94495.786163
94307.373415
94026.979301
93721.346184
93348.790315
92920.561359
92430.915163
91918.041492
91376.452744
90781.325312
90163.567341
89516.353868
88838.426549
88156.580552
87456.122673
86731.960879
86004.376713
85257.932843
84486.948996
83729.523258
82956.233436
82152.378054
81383.352399
80573.539455
79801.942278
78999.506134
78205.557407
77433.265106
76647.106943
75874.080369
75110.405507
74343.222136
73571.532118
72801.263598
72035.128628
71269.670845
70494.607939
69748.171239
68995.550375
68259.369338
67518.877176
66787.175603
66078.822142
65361.459545
64646.251770
63938.420012
63227.736786
62505.221979
61792.935527
61095.998658
60425.563974
59718.387549
59026.912859
58327.796465
57663.447748
56989.625686
56313.173817
55649.510112
54992.548892
54327.031075
53677.284210
53043.406476
52387.732133
51756.160774
51126.521631
50489.376961
49859.695381
49233.812585
48605.616880
47984.149175
47361.817583
46749.267183
46127.010233
45515.294479
44894.818602
44291.739223
43689.456503
43077.449273
42476.708352
41871.136871
41264.254136
40658.535967
40057.836814
39452.934133
38855.160785
38259.500804
37664.094369
37071.455367
36468.353472
35882.359044
35305.541302
34720.862743
34135.667361
33555.860161
32968.143475
32391.065833
31821.108131
31245.538686
30664.829906
30093.525018
29531.072094
28963.363239
28394.177584
27839.413136
27288.431077
26730.385006
26176.897770
25625.760496
25088.127223
24553.982753
24026.052052
23510.518126
22992.655050
22472.299650
21956.784794
21442.872677
20933.802217
20430.821949
19934.675832
19448.687943
18965.053659
18484.017041
18012.781469
17544.316321
17082.619958
16634.705261
16191.008344
15752.065805
15323.473570
14893.854034
14474.801734
14059.863319
13655.089757
13256.543494
12867.612087
12479.317344
12102.172040
11731.898209
11371.394122
11017.765156
10672.061823
10339.489950
10006.785641
9675.492909
9355.767158
9039.765912
8733.530431
8428.095966
8136.231597
7850.312477
7572.225410
7302.854413
7038.842975
6777.343032
6525.320658
6283.961797
6046.868074
5816.660962
5592.806136
5376.327015
5163.949648
4959.467348
4759.327218
4570.214154
4383.222325
4205.546843
4029.498778
3859.519574
3696.368911
3536.994457
3384.996120
3237.270815
3098.437399
2963.514130
2830.026418
2705.223168
2582.368873
2461.563042
2345.951427
2236.096089
2129.638446
2028.859266
1931.945674
1838.048682
1750.857884
1663.340444
1580.683245
1501.494415
1427.035401
1355.083350
1285.851566
1219.523103
1156.832280
1094.944522
1037.341342
982.864819
928.493080
878.945484
830.873501
784.850824
741.541705
700.659710
662.532430
624.795335
589.329657
554.524860
522.805544
492.162940
462.459616
435.532774
409.105194
384.284172
361.712303
340.063320
319.115696
299.363028
280.613440
262.533983
245.830978
230.191703
215.376457
200.942078
187.246774
174.626292
163.492081
151.918863
141.603752
131.968307
123.294811
114.722331
106.956472
98.757432
91.562528
84.616235
78.782679
72.961422
67.651090
62.584877
58.029048
53.808777
49.852708
46.269595
42.794440
39.586456
36.528332
33.989575
31.365278
28.867881
26.789076
24.711195
22.656138
20.837292
19.369488
17.806857
16.431548
15.079377
13.869047
12.738668
11.811995
10.792864
9.842018
9.162518
8.467960
7.926471
7.331337
6.729005
6.391294
5.837312
5.388592
4.935195
4.534157
4.195618
3.774707
3.450860
3.180392
2.977380
2.728309
2.563415
2.394474
2.111430
1.995254
1.829963
1.700977
1.498911
1.423468
1.319821
1.192411
1.081134
0.978663
0.916532
0.801140
0.738784
0.662820
0.593547
0.503150
0.459825
0.396410
0.353742
0.297318
0.272472
0.237082
0.211744
0.175604
0.150790
0.150125
0.119332
0.093871
0.084437
0.071340
0.067009
0.056394
0.049357
0.048072
0.046801
0.034428
0.031084
0.031319
0.027198
0.023578
0.016904
0.018992
0.022622
0.016373
0.018081
0.018392
0.014804
0.013847
0.016451
0.015601
0.013915
0.010791
0.009195
0.008141
0.007349
0.005098
0.002823
0.002914
0.002155
0.002234
0.000736
0.000626
0.001011
0.000448
0.000000
0.000000
0.000000
0.000000
0.000000
0.000000
0.000000
0.000000
0.000000
0.000000
0.000000
0.000000
0.000000
0.000000
0.000000
0.000000
0.000000
0.000000
0.000000
0.000000
0.000000
0.000000
0.000000
0.000000
0.000000
0.000000
0.000000
0.000000
0.000000
0.000000
0.000000
0.000000
0.000000
0.000000
0.000000
0.000000
0.000000
0.000000
0.000000
0.000000
0.000000
0.000000
0.000000
0.000000
0.000000
0.000000
0.000000
0.000000
0.000000
0.000000
0.000000
0.000000
0.000000
0.000000
0.000000
0.000000
0.000000
0.000000
0.000000
0.000000
0.000000
0.000000
0.000000
0.000000
0.000000
0.000000
0.000000
0.000000
0.000000
0.000000
0.000000
0.000000
0.000000
0.000000
0.000000
0.000000
0.000000
0.000000
0.000000
0.000000
0.000000
0.000000
0.000000
0.000000
0.000000
0.000000
0.000000
0.000000
0.000000
0.000000
0.000000
0.000000
0.000000
0.000000
0.000000
0.000000
0.000000
0.000000
0.000000
0.000000
0.000000
0.000000
0.000000
0.000000
0.000000
0.000000
0.000000
0.000000
0.000000
0.000000
0.000000
0.000000
0.000000
0.000000
0.000000
0.000000
0.000000
0.000000
0.000000
0.000000
0.000000
0.000000
0.000000
0.000000
0.000000
0.000000
0.000000
0.000000
0.000000
0.000000
0.000000
0.000000
0.000000
0.000000
0.000000
0.000000
0.000000
0.000000
0.000000
0.000000
0.000000
0.000000
0.000000
0.000000
0.000000
0.000000
0.000000
0.000000
0.000000
0.000000
0.000000
0.000000
0.000000
0.000000
0.000000
0.000000
0.000000
0.000000
0.000000
0.000000
0.000000
0.000000
0.000000
0.000000
0.000000
0.000000
0.000000
0.000000
0.000000
0.000000
0.000000
0.000000
0.000000
0.000000
0.000000
0.000000
0.000000
0.000000
0.000000
0.000000
0.000000
0.000000
0.000000
0.000000
0.000000
0.000000
0.000000
0.000000
0.000000
0.000000
0.000000
0.000000
0.000000
0.000000
0.000000
0.000000
0.000000
0.000000
0.000000
0.000000
0.000000
0.000000
0.000000
0.000000
0.000000
0.000000
0.000000
0.000000
0.000000
0.000000
0.000000
0.000000
0.000000
0.000000
0.000000
0.000000
0.000000
0.000000
0.000000
0.000000
0.000000
0.000000
0.000000
0.000000
0.000000
0.000000
0.000000
0.000000
0.000000
0.000000
0.000000
0.000000
0.000000
0.000000
0.000000
0.000000
0.000000
0.000000
0.000000
0.000000
0.000000
0.000000
0.000000
0.000000
0.000000
0.000000
0.000000
0.000000
0.000000
0.000000
0.000000
0.000000
0.000000
0.000000
0.000000
0.000000
0.000000
0.000000
0.000000
0.000000
0.000000
0.000000
0.000000
0.000000
0.000000
0.000000
0.000000
0.000000
0.000000
0.000000
0.000000
0.000000
0.000000
0.000000
0.000000
0.000000
0.000000
0.000000
0.000000
0.000000
0.000000
0.000000
0.000000
0.000000
0.000000
0.000000
0.000000
0.000000
0.000000
0.000000
0.000000
0.000000
0.000000
0.000000
0.000000
0.000000
0.000000
0.000000
0.000000
0.000000
0.000000
0.000000
0.000000
0.000000
0.000000
0.000000
0.000000
0.000000
0.000000
0.000000
0.000000
0.000000
0.000000
0.000000
0.000000
0.000000
0.000000
0.000000
0.000000
0.000000
0.000000
0.000000
0.000000
0.000000
0.000000
0.000000
0.000000
0.000000
0.000000
0.000000
0.000000
0.000000
0.000000
0.000000
0.000000
0.000000
0.000000
0.000000
0.000000
0.000000
0.000000
0.000000
0.000000
0.000000
0.000000
0.000000
0.000000
0.000000
0.000000
0.000000
0.000000
0.000000
0.000000
0.000000
0.000000
0.000000
0.000000
0.000000
0.000000
0.000000
0.000000
0.000000
0.000000
0.000000
0.000000
0.000000
0.000000
0.000000
0.000000
0.000000
0.000000
0.000000
0.000000
0.000000
0.000000
0.000000
0.000000
0.000000
0.000000
0.000000
0.000000
0.000000
0.000000
0.000000
0.000000
0.000000
0.000000
0.000000
0.000000
0.000000
0.000000
0.000000
0.000000
0.000000
0.000000
0.000000
0.000000
0.000000
0.000000
0.000000
0.000000
0.000000
0.000000
0.000000
0.000000
0.000000
0.000000
0.000000
0.000000
0.000000
0.000000
0.000000
0.000000
0.000000
0.000000
0.000000
0.000000
0.000000
0.000000
0.000000
0.000000
0.000000
0.000000
0.000000
0.000000
0.000000
0.000000
0.000000
0.000000
0.000000
0.000000
0.000000
0.000000
0.000000
0.000000
0.000000
0.000000
0.000000
0.000000
0.000000
0.000000
0.000000
0.000000
0.000000
0.000000
0.000000
0.000000
0.000000
0.000000
0.000000
0.000000
0.000000
0.000000
0.000000
0.000000
0.000000
0.000000
0.000000
0.000000
0.000000
0.000000
0.000000
0.000000
0.000000
0.000000
0.000000
0.000000
0.000000
0.000000
0.000000
0.000000
0.000000
0.000000
0.000000
0.000000
0.000000
0.000000
0.000000
0.000000
0.000000
0.000000
0.000000
0.000000
0.000000
0.000000
0.000000
0.000000
0.000000
0.000000
0.000000
0.000000
0.000000
0.000000
0.000000
0.000000
0.000000
0.000000
0.000000
0.000000
0.000000
0.000000
0.000000
0.000000
0.000000
0.000000
0.000000
0.000000
0.000000
0.000000
0.000000
0.000000
0.000000
0.000000
0.000000
0.000000
0.000000
0.000000
0.000000
0.000000
0.000000
0.000000
0.000000
0.000000
0.000000
0.000000
0.000000
0.000000
0.000000
0.000000
0.000000
0.000000
0.000000
0.000000
0.000000
0.000000
0.000000
0.000000
0.000000
0.000000
0.000000
0.000000
0.000000
0.000000
0.000000
0.000000
0.000000
0.000000
0.000000
0.000000
0.000000
0.000000
0.000000
0.000000
0.000000
0.000000
0.000000
0.000000
0.000000
0.000000
0.000000
0.000000
0.000000
0.000000
0.000000
0.000000
0.000000
0.000000
0.000000
0.000000
0.000000
0.000000
0.000000
0.000000
0.000000
0.000000
0.000000
0.000000
0.000000
0.000000
0.000000
0.000000
0.000000
0.000000
0.000000
0.000000
0.000000
0.000000
0.000000
0.000000
0.000000
0.000000
0.000000
0.000000
