0.000000
0.000000
0.000000
0.000000
0.150079
1.556853
2.989331
9.141218
22.840052
52.881739
100.250803
186.692797
334.369028
532.191065
847.197403
1294.611291
1893.344080
2695.692989
3685.573914
4943.229663
6396.172808
8178.802437
10255.532534
12522.603021
15158.572907
17970.820104
21023.489210
24247.073071
27677.578553
31258.572129
34940.596239
38614.460593
42432.449091
46083.554160
49672.190877
53352.431699
56975.216753
60325.648461
63668.672994
66697.302447
69678.683650
72437.422538
75123.030277
77526.221076
79679.962170
81629.834463
83507.805741
85207.170007
86714.724095
88093.461661
89294.028304
90281.836472
91169.363105
91847.862652
92424.641577
92758.848114
93046.251882
93170.209619
93187.719574
93113.193147
92922.679778
92771.265536
92418.571578
92082.532201
91748.217365
91352.680677
90875.966299
90288.334855
89697.059873
89060.106903
88339.962464
87705.736473
87032.553296
86295.582462
85579.768869
84792.216735
84007.138088
83209.657142
82418.125906
81656.023482
80757.598720
79932.914952
79104.473606
78264.137817
77461.114740
76664.625275
75795.770245
74974.496427
74166.221564
73379.057144
72538.089147
71767.302451
71020.431360
70272.911676
69460.258873
68763.132021
68113.350419
67417.992019
66786.923397
66095.653926
65406.411755
64820.398392
64139.374153
63456.222349
62786.587939
62172.784016
61543.673271
60914.427073
60341.211246
59810.694201
59201.110350
58594.701010
57948.567894
57350.349905
56722.198190
56193.581245
55639.301107
55093.292653
54532.849804
53937.301871
53381.289510
52851.117512
52292.290092
51750.849342
51246.360838
50704.024915
50155.630835
49633.610960
49108.092270
48581.295122
48099.318110
47575.883620
47056.973145
46574.087904
46061.372134
45541.082748
45020.313736
44512.291629
44047.042824
43504.840152
43016.908946
42490.463170
41974.434031
41447.606633
40901.458668
40411.551697
39921.589495
39386.034130
38839.689990
38319.801265
37819.935530
37332.701044
36796.324752
36247.934920
35710.910373
35194.333790
34689.004717
34179.502672
33670.903136
33158.078127
32678.212679
32186.284314
31749.038567
31322.919644
30829.681921
30338.442872
29806.075691
29357.665470
28929.481914
28454.585272
27980.449779
27493.440259
27034.998462
26578.104058
26090.414557
25634.677325
25164.490874
24711.187909
24250.930332
23778.899921
23336.278476
22851.766061
22402.352017
21966.986767
21538.274165
21070.925526
20673.403071
20241.783747
19836.541042
19427.618471
18997.150790
18581.233331
18187.756907
17769.571635
17372.214644
16989.090025
16603.247925
16207.755160
15841.541092
15466.569117
15102.172370
14744.683479
14384.506201
14017.876755
13668.438715
13316.129185
12973.522338
12644.560398
12303.283818
11974.979520
11652.479449
11336.367575
11034.931813
10723.685910
10439.595500
10147.088003
9872.096390
9590.541724
9323.864655
9049.579146
8784.956392
8527.418147
8286.925406
8035.307137
7795.696091
7547.344305
7315.222969
7106.224984
6889.808320
6664.223245
6465.698910
6268.118166
6076.420973
5876.197158
5681.921842
5493.927774
5303.589803
5115.997554
4935.303360
4763.164735
4597.654489
4438.618228
4286.799896
4142.103035
3983.443599
3835.563880
3691.103616
3556.038911
3424.992366
3297.581095
3170.235746
3053.179611
2930.320340
2817.827943
2718.062470
2608.698639
2505.001339
2394.280544
2295.896797
2199.878534
2102.193474
2010.100106
1923.478030
1833.547491
1751.139321
1673.908639
1600.110620
1530.746018
1463.076400
1394.628184
1333.525947
1274.264140
1215.187521
1157.442371
1100.888257
1051.212489
997.344080
946.349332
900.023961
856.745958
812.060196
770.032094
730.592700
691.385891
653.047777
620.061914
588.657298
554.633810
523.225465
494.559131
471.620569
445.847307
418.738182
393.573357
373.448602
353.744977
334.529383
314.657976
294.946518
278.114533
260.700337
244.669160
230.199946
217.873780
205.027680
191.644816
178.582632
168.087582
158.830096
148.901016
140.879251
132.777773
124.553121
116.382386
108.578090
101.623116
96.432351
90.332006
85.710396
79.719523
73.829821
69.031558
63.672838
59.686572
55.832014
51.598121
47.641626
42.899804
40.110117
37.064361
34.938861
32.981963
29.763967
27.584619
25.685555
24.424504
22.068745
20.969639
19.241257
17.957738
16.297283
15.125693
14.135257
12.654144
11.762505
10.602921
9.697009
8.818110
8.178004
7.863827
7.365125
6.683950
6.269194
5.863187
5.570707
5.256618
4.824929
4.664923
4.283138
4.058023
3.932285
3.926747
3.761272
3.728007
3.818157
3.481077
3.213921
2.798092
2.708066
2.673321
2.452740
2.116435
2.207689
1.997301
1.854303
1.552927
1.325309
1.204978
1.034044
0.936383
0.891154
0.811795
0.551025
0.436698
0.361579
0.315233
0.249174
0.184427
0.108142
0.115121
0.110951
0.106297
0.128991
0.147087
0.094438
0.081249
0.089778
0.054180
0.032502
0.022460
0.008676
0.006636
0.003501
0.006031
0.002268
0.000000
0.000000
0.000000
0.000000
0.000000
0.000000
0.000000
0.000000
0.000000
0.000000
0.000000
0.000000
0.000000
0.000000
0.000000
0.000000
0.000000
0.000000
0.000000
0.000000
0.000000
0.000000
0.000000
0.000000
0.000000
0.000000
0.000000
0.000000
0.000000
0.000000
0.000000
0.000000
0.000000
0.000000
0.000000
0.000000
0.000000
0.000000
0.000000
0.000000
0.000000
0.000000
0.000000
0.000000
0.000000
0.000000
0.000000
0.000000
0.000000
0.000000
0.000000
0.000000
0.000000
0.000000
0.000000
0.000000
0.000000
0.000000
0.000000
0.000000
0.000000
0.000000
0.000000
0.000000
0.000000
0.000000
0.000000
0.000000
0.000000
0.000000
0.000000
0.000000
0.000000
0.000000
0.000000
0.000000
0.000000
0.000000
0.000000
0.000000
0.000000
0.000000
0.000000
0.000000
0.000000
0.000000
0.000000
0.000000
0.000000
0.000000
0.000000
0.000000
0.000000
0.000000
0.000000
0.000000
0.000000
0.000000
0.000000
0.000000
0.000000
0.000000
0.000000
0.000000
0.000000
0.000000
0.000000
0.000000
0.000000
0.000000
0.000000
0.000000
0.000000
0.000000
0.000000
0.000000
0.000000
0.000000
0.000000
0.000000
0.000000
0.000000
0.000000
0.000000
0.000000
0.000000
0.000000
0.000000
0.000000
0.000000
0.000000
0.000000
0.000000
0.000000
0.000000
0.000000
0.000000
0.000000
0.000000
0.000000
0.000000
0.000000
0.000000
0.000000
0.000000
0.000000
0.000000
0.000000
0.000000
0.000000
0.000000
0.000000
0.000000
0.000000
0.000000
0.000000
0.000000
0.000000
0.000000
0.000000
0.000000
0.000000
0.000000
0.000000
0.000000
0.000000
0.000000
0.000000
0.000000
0.000000
0.000000
0.000000
0.000000
0.000000
0.000000
0.000000
0.000000
0.000000
0.000000
0.000000
0.000000
0.000000
0.000000
0.000000
0.000000
0.000000
0.000000
0.000000
0.000000
0.000000
0.000000
0.000000
0.000000
0.000000
0.000000
0.000000
0.000000
0.000000
0.000000
0.000000
0.000000
0.000000
0.000000
0.000000
0.000000
0.000000
0.000000
0.000000
0.000000
0.000000
0.000000
0.000000
0.000000
0.000000
0.000000
0.000000
0.000000
0.000000
0.000000
0.000000
0.000000
0.000000
0.000000
0.000000
0.000000
0.000000
0.000000
0.000000
0.000000
0.000000
0.000000
0.000000
0.000000
0.000000
0.000000
0.000000
0.000000
0.000000
0.000000
0.000000
0.000000
0.000000
0.000000
0.000000
0.000000
0.000000
0.000000
0.000000
0.000000
0.000000
0.000000
0.000000
0.000000
0.000000
0.000000
0.000000
0.000000
0.000000
0.000000
0.000000
0.000000
0.000000
0.000000
0.000000
0.000000
0.000000
0.000000
0.000000
0.000000
0.000000
0.000000
0.000000
0.000000
0.000000
0.000000
0.000000
0.000000
0.000000
0.000000
0.000000
0.000000
0.000000
0.000000
0.000000
0.000000
0.000000
0.000000
0.000000
0.000000
0.000000
0.000000
0.000000
0.000000
0.000000
0.000000
0.000000
0.000000
0.000000
0.000000
0.000000
0.000000
0.000000
0.000000
0.000000
0.000000
0.000000
0.000000
0.000000
0.000000
0.000000
0.000000
0.000000
0.000000
0.000000
0.000000
0.000000
0.000000
0.000000
0.000000
0.000000
0.000000
0.000000
0.000000
0.000000
0.000000
0.000000
0.000000
0.000000
0.000000
0.000000
0.000000
0.000000
0.000000
0.000000
0.000000
0.000000
0.000000
0.000000
0.000000
0.000000
0.000000
0.000000
0.000000
0.000000
0.000000
0.000000
0.000000
0.000000
0.000000
0.000000
0.000000
0.000000
0.000000
0.000000
0.000000
0.000000
0.000000
0.000000
0.000000
0.000000
0.000000
0.000000
0.000000
0.000000
0.000000
0.000000
0.000000
0.000000
0.000000
0.000000
0.000000
0.000000
0.000000
0.000000
0.000000
0.000000
0.000000
0.000000
0.000000
0.000000
0.000000
0.000000
0.000000
0.000000
0.000000
0.000000
0.000000
0.000000
0.000000
0.000000
0.000000
0.000000
0.000000
0.000000
0.000000
0.000000
0.000000
0.000000
0.000000
0.000000
0.000000
0.000000
0.000000
0.000000
0.000000
0.000000
0.000000
0.000000
0.000000
0.000000
0.000000
0.000000
0.000000
0.000000
0.000000
0.000000
0.000000
0.000000
0.000000
0.000000
0.000000
0.000000
0.000000
0.000000
0.000000
0.000000
0.000000
0.000000
0.000000
0.000000
0.000000
0.000000
0.000000
0.000000
0.000000
0.000000
0.000000
0.000000
0.000000
0.000000
0.000000
0.000000
0.000000
0.000000
0.000000
0.000000
0.000000
0.000000
0.000000
0.000000
0.000000
0.000000
0.000000
0.000000
0.000000
0.000000
0.000000
0.000000
0.000000
0.000000
0.000000
0.000000
0.000000
0.000000
0.000000
0.000000
0.000000
0.000000
0.000000
0.000000
0.000000
0.000000
0.000000
0.000000
0.000000
0.000000
0.000000
0.000000
0.000000
0.000000
0.000000
0.000000
0.000000
0.000000
0.000000
0.000000
0.000000
0.000000
0.000000
0.000000
0.000000
0.000000
0.000000
0.000000
0.000000
0.000000
0.000000
0.000000
0.000000
0.000000
0.000000
0.000000
0.000000
0.000000
0.000000
0.000000
0.000000
0.000000
0.000000
0.000000
0.000000
0.000000
0.000000
0.000000
0.000000
0.000000
0.000000
0.000000
0.000000
0.000000
0.000000
0.000000
0.000000
0.000000
0.000000
0.000000
0.000000
0.000000
0.000000
0.000000
0.000000
0.000000
0.000000
0.000000
0.000000
0.000000
0.000000
0.000000
0.000000
0.000000
0.000000
0.000000
0.000000
0.000000
0.000000
0.000000
0.000000
0.000000
0.000000
0.000000
0.000000
0.000000
0.000000
0.000000
0.000000
0.000000
0.000000
0.000000
0.000000
0.000000
0.000000
0.000000
0.000000
0.000000
0.000000
0.000000
0.000000
0.000000
0.000000
0.000000
0.000000
0.000000
0.000000
0.000000
0.000000
0.000000
0.000000
0.000000
0.000000
0.000000
0.000000
0.000000
0.000000
0.000000
0.000000
0.000000
0.000000
0.000000
0.000000
0.000000
0.000000
0.000000
0.000000
0.000000
0.000000
0.000000
