7.782680
39.632890
127.353899
367.921287
891.983232
1798.389512
3217.838575
5335.358849
8319.156859
12163.973893
17012.348095
22709.055979
29495.752581
36928.012438
44997.622040
53671.471870
62696.088015
71818.557866
80973.584471
89542.289915
97984.115179
105612.114907
112563.262356
118797.950011
124153.706560
128975.272176
132682.255999
135702.526097
138086.941601
139476.561553
140337.695898
140704.296938
140269.315109
139234.883668
137846.566690
135897.210029
133853.086158
131501.980958
128925.353218
126029.433524
122943.445590
119940.829695
116831.382492
113582.638012
110392.105050
107060.165610
103820.524909
100714.930371
97677.985479
94553.268804
91419.305064
88523.690545
85716.318748
83034.959971
80498.205133
77887.306738
75399.635636
72994.793162
70792.022584
68511.310842
66495.154644
64396.580168
62448.954204
60444.931409
58678.035208
56958.013022
55341.915776
53838.933710
52337.785746
50868.875691
49450.407777
48184.643056
46922.492433
45736.023303
44608.155977
43596.049679
42579.326962
41616.782624
40652.471311
39830.237793
38974.984783
38157.034252
37382.230049
36670.381935
35996.231002
35335.630129
34659.187889
34012.582223
33437.170540
32856.502939
32368.008246
31864.132069
31425.718547
30924.613348
30482.297956
30044.839933
29666.111475
29302.489350
28921.753011
28625.804657
28304.752136
27998.591195
27695.290129
27451.155697
27219.566048
26954.064965
26670.942145
26446.319595
26218.172312
26042.564442
25870.280436
25687.548584
25500.744560
25311.647172
25151.166171
24951.789538
24808.683909
24692.153589
24559.315935
24489.876331
24384.318208
24277.533567
24168.021226
24068.138824
23978.599193
23921.704059
23852.439317
23766.542017
23700.298023
23624.741899
23536.109816
23462.477355
23400.725370
23326.785718
23253.595989
23176.103002
23116.598811
23079.760269
23020.366550
22986.471898
22934.132343
22886.230646
22827.524683
22794.234813
22764.193557
22731.029643
22679.099774
22630.004933
22621.626869
22580.742393
22537.431876
22527.280602
22521.576272
22478.784161
22451.237920
22415.901692
22365.781817
22314.648388
22275.406294
22237.922955
22220.190302
22186.476649
22127.017195
22091.992171
22031.740729
21993.697814
21973.609488
21921.210378
21861.872320
21797.830613
21748.138093
21686.994342
21622.548475
21538.190893
21457.909338
21387.967625
21344.183123
21252.359444
21169.517283
21089.167561
21007.360342
20927.413663
20840.133821
20744.823072
20631.632281
20525.331759
20442.767775
20335.737241
20223.768541
20105.120819
19961.404452
19803.664224
19665.304572
19531.521175
19405.660457
19263.297275
19127.723677
18980.239775
18838.233316
18688.086452
18531.988475
18386.368275
18230.851583
18097.018693
17921.655049
17749.936424
17578.412752
17385.433126
17228.514760
17076.023555
16908.594250
16738.612878
16577.210245
16389.330208
16200.330719
16008.607100
15836.573393
15651.348772
15472.358596
15259.764402
15071.672754
14881.845003
14699.371979
14518.592649
14320.406333
14144.142090
13960.393111
13774.416597
13574.891205
13377.305526
13186.288852
13001.552999
12803.673338
12603.900652
12411.392450
12207.964845
12004.162635
11794.765600
11593.588650
11388.825834
11208.956685
10986.572677
10787.923265
10609.916919
10399.090632
10199.662940
10015.762254
9807.151471
9613.800188
9411.986303
9223.233338
9008.428620
8813.788612
8620.696509
8439.184129
8244.730756
8059.604780
7883.183968
7709.538759
7539.932604
7353.213213
7180.880325
7004.733420
6824.902964
6656.078572
6480.940564
6308.621253
6156.339956
5986.087558
5822.420532
5664.621247
5511.720345
5359.708464
5225.839125
5066.850465
4911.321286
4781.759243
4638.914784
4506.387285
4375.877250
4235.590103
4100.291524
3976.623371
3855.809980
3742.700084
3627.853433
3511.047372
3396.073161
3288.746144
3188.504739
3078.477874
2971.907744
2870.665261
2776.542621
2682.687301
2586.388787
2500.685308
2416.281599
2331.451375
2243.910737
2170.200299
2085.362300
2016.506050
1941.334163
1864.116592
1790.256496
1724.908114
1661.621786
1603.515584
1542.983439
1478.622569
1421.569381
1366.748315
1315.706604
1258.994447
1205.434920
1155.316132
1110.724610
1067.356846
1020.679044
980.362583
934.090887
893.875885
854.279255
821.017494
786.030132
750.489719
719.295729
688.121948
659.272431
628.323659
599.845512
571.532844
547.934580
520.679234
492.640542
470.805434
450.026647
429.678108
412.261609
394.563811
375.506547
355.259987
333.876422
315.736403
302.061209
287.209957
271.148599
257.288645
243.665875
230.327778
216.380586
205.583545
195.609389
186.932317
177.141914
167.003715
159.427028
150.983513
141.747769
135.222844
127.560509
121.080520
113.955089
108.288417
101.930521
96.090120
90.520910
85.883606
80.779506
75.828714
72.221147
68.353631
64.478408
60.661500
56.247106
52.512704
49.505350
47.341704
44.699513
42.336297
40.076731
37.740383
35.888028
32.945613
30.850387
29.206300
27.444034
25.954203
24.544716
22.585740
20.829120
19.400357
18.438452
16.893137
15.254462
14.014141
13.305477
12.601754
11.874103
11.219672
10.165081
9.422086
8.856541
8.250017
7.437272
6.935913
6.632629
6.081112
5.486759
4.835086
4.764235
4.395257
3.995612
3.637668
3.420115
3.126981
2.887202
2.565890
2.476273
2.373835
2.283132
2.172317
1.952882
1.827688
1.614153
1.558756
1.465355
1.542211
1.382690
1.340346
1.264966
1.280956
1.339245
1.288886
1.289667
1.185933
1.132713
0.923458
0.782008
0.729246
0.779339
0.680247
0.669949
0.630131
0.504028
0.460897
0.332766
0.308331
0.343081
0.280514
0.222554
0.193949
0.136897
0.098812
0.084536
0.059411
0.065078
0.045311
0.059002
0.080293
0.054672
0.055538
0.075184
0.077712
0.090684
0.089940
0.079925
0.081930
0.097324
0.075443
0.054118
0.052127
0.042570
0.041489
0.022076
0.003754
0.005329
0.008303
0.014584
0.016617
0.002960
0.001033
0.001252
0.000000
0.000000
0.000000
0.000000
0.000000
0.000000
0.000000
0.000000
0.000000
0.000000
0.000000
0.000000
0.000000
0.000000
0.000000
0.000000
0.000000
0.000000
0.000000
0.000000
0.000000
0.000000
0.000000
0.000000
0.000000
0.000000
0.000000
0.000000
0.000000
0.000000
0.000000
0.000000
0.000000
0.000000
0.000000
0.000000
0.000000
0.000000
0.000000
0.000000
0.000000
0.000000
0.000000
0.000000
0.000000
0.000000
0.000000
0.000000
0.000000
0.000000
0.000000
0.000000
0.000000
0.000000
0.000000
0.000000
0.000000
0.000000
0.000000
0.000000
0.000000
0.000000
0.000000
0.000000
0.000000
0.000000
0.000000
0.000000
0.000000
0.000000
0.000000
0.000000
0.000000
0.000000
0.000000
0.000000
0.000000
0.000000
0.000000
0.000000
0.000000
0.000000
0.000000
0.000000
0.000000
0.000000
0.000000
0.000000
0.000000
0.000000
0.000000
0.000000
0.000000
0.000000
0.000000
0.000000
0.000000
0.000000
0.000000
0.000000
0.000000
0.000000
0.000000
0.000000
0.000000
0.000000
0.000000
0.000000
0.000000
0.000000
0.000000
0.000000
0.000000
0.000000
0.000000
0.000000
0.000000
0.000000
0.000000
0.000000
0.000000
0.000000
0.000000
0.000000
0.000000
0.000000
0.000000
0.000000
0.000000
0.000000
0.000000
0.000000
0.000000
0.000000
0.000000
0.000000
0.000000
0.000000
0.000000
0.000000
0.000000
0.000000
0.000000
0.000000
0.000000
0.000000
0.000000
0.000000
0.000000
0.000000
0.000000
0.000000
0.000000
0.000000
0.000000
0.000000
0.000000
0.000000
0.000000
0.000000
0.000000
0.000000
0.000000
0.000000
0.000000
0.000000
0.000000
0.000000
0.000000
0.000000
0.000000
0.000000
0.000000
0.000000
0.000000
0.000000
0.000000
0.000000
0.000000
0.000000
0.000000
0.000000
0.000000
0.000000
0.000000
0.000000
0.000000
0.000000
0.000000
0.000000
0.000000
0.000000
0.000000
0.000000
0.000000
0.000000
0.000000
0.000000
0.000000
0.000000
0.000000
0.000000
0.000000
0.000000
0.000000
0.000000
0.000000
0.000000
0.000000
0.000000
0.000000
0.000000
0.000000
0.000000
0.000000
0.000000
0.000000
0.000000
0.000000
0.000000
0.000000
0.000000
0.000000
0.000000
0.000000
0.000000
0.000000
0.000000
0.000000
0.000000
0.000000
0.000000
0.000000
0.000000
0.000000
0.000000
0.000000
0.000000
0.000000
0.000000
0.000000
0.000000
0.000000
0.000000
0.000000
0.000000
0.000000
0.000000
0.000000
0.000000
0.000000
0.000000
0.000000
0.000000
0.000000
0.000000
0.000000
0.000000
0.000000
0.000000
0.000000
0.000000
0.000000
0.000000
0.000000
0.000000
0.000000
0.000000
0.000000
0.000000
0.000000
0.000000
0.000000
0.000000
0.000000
0.000000
0.000000
0.000000
0.000000
0.000000
0.000000
0.000000
0.000000
0.000000
0.000000
0.000000
0.000000
0.000000
0.000000
0.000000
0.000000
0.000000
0.000000
0.000000
0.000000
0.000000
0.000000
0.000000
0.000000
0.000000
0.000000
0.000000
0.000000
0.000000
0.000000
0.000000
0.000000
0.000000
0.000000
0.000000
0.000000
0.000000
0.000000
0.000000
0.000000
0.000000
0.000000
0.000000
0.000000
0.000000
0.000000
0.000000
0.000000
0.000000
0.000000
0.000000
0.000000
0.000000
0.000000
0.000000
0.000000
0.000000
0.000000
0.000000
0.000000
0.000000
0.000000
0.000000
0.000000
0.000000
0.000000
0.000000
0.000000
0.000000
0.000000
0.000000
0.000000
0.000000
0.000000
0.000000
0.000000
0.000000
0.000000
0.000000
0.000000
0.000000
0.000000
0.000000
0.000000
0.000000
0.000000
0.000000
0.000000
0.000000
0.000000
0.000000
0.000000
0.000000
0.000000
0.000000
0.000000
0.000000
0.000000
0.000000
0.000000
0.000000
0.000000
0.000000
0.000000
0.000000
0.000000
0.000000
0.000000
0.000000
0.000000
0.000000
0.000000
0.000000
0.000000
0.000000
0.000000
0.000000
0.000000
0.000000
0.000000
0.000000
0.000000
0.000000
0.000000
0.000000
0.000000
0.000000
0.000000
0.000000
0.000000
0.000000
0.000000
0.000000
0.000000
0.000000
0.000000
0.000000
0.000000
0.000000
0.000000
0.000000
0.000000
0.000000
0.000000
0.000000
0.000000
0.000000
0.000000
0.000000
0.000000
0.000000
0.000000
0.000000
0.000000
0.000000
0.000000
0.000000
0.000000
0.000000
0.000000
0.000000
0.000000
0.000000
0.000000
0.000000
0.000000
0.000000
0.000000
0.000000
0.000000
0.000000
0.000000
0.000000
0.000000
0.000000
0.000000
0.000000
0.000000
0.000000
0.000000
0.000000
0.000000
0.000000
0.000000
0.000000
0.000000
0.000000
0.000000
0.000000
0.000000
0.000000
0.000000
0.000000
0.000000
0.000000
0.000000
0.000000
0.000000
0.000000
0.000000
0.000000
0.000000
0.000000
0.000000
0.000000
0.000000
0.000000
0.000000
0.000000
0.000000
0.000000
0.000000
0.000000
0.000000
0.000000
0.000000
0.000000
0.000000
0.000000
0.000000
0.000000
0.000000
0.000000
0.000000
0.000000
0.000000
0.000000
0.000000
0.000000
0.000000
0.000000
0.000000
0.000000
0.000000
0.000000
0.000000
0.000000
0.000000
0.000000
0.000000
0.000000
0.000000
