0.000000
0.000000
0.000000
0.000000
0.000000
0.000000
0.003983
0.023198
0.046144
0.111436
0.317104
0.655170
1.409502
2.599365
4.789795
8.369273
14.165137
22.824206
33.811551
50.721576
73.864759
106.806459
152.083592
213.477231
291.067696
390.629454
522.099586
688.358372
891.833132
1150.752916
1463.147076
1840.120400
2286.036569
2819.089403
3441.831242
4156.547374
4981.816529
5924.461523
6988.260221
8190.351983
9524.421052
11009.461528
12636.308131
14423.558541
16356.159791
18443.510474
20657.927952
23036.505532
25551.092456
28231.817738
31048.588352
33979.641578
37064.947173
40258.024008
43532.408521
46935.492543
50403.653989
53950.990408
57567.005793
61223.494772
64910.192708
68631.550992
72349.589654
76067.396840
79756.774569
83401.267339
86972.439598
90528.712542
93988.881509
97350.719822
100625.067908
103757.396725
106785.865605
109701.630953
112503.525984
115147.352162
117682.402160
120007.059775
122213.374075
124269.323704
126149.215784
127834.973132
129362.942703
130720.891035
131921.427723
132950.940252
133834.112201
134550.200900
135085.140976
135438.551948
135616.052620
135637.886044
135542.420316
135257.374983
134830.045953
134272.075596
133580.904618
132767.701058
131818.214402
130762.536432
129584.353919
128270.294894
126869.812005
125340.450853
123727.454157
122069.593129
120309.926071
118493.971907
116634.414879
114662.124472
112671.130535
110615.274610
108513.105778
106359.293591
104188.945745
101971.829712
99729.369574
97483.140933
95203.000027
92922.876124
90639.158396
88348.929761
86050.839977
83776.323037
81504.587058
79249.561904
77016.274791
74781.990320
72599.081279
70417.247252
68266.995394
66124.230412
64022.180838
61955.381798
59922.948188
57923.727309
55955.682524
54019.276485
52118.194945
50243.998757
48422.062508
46636.659759
44893.746964
43194.333519
41544.137007
39944.439157
38381.397203
36857.188683
35360.792334
33917.742428
32526.536488
31163.120777
29845.656460
28559.087040
27327.882343
26127.340042
24960.727631
23847.055566
22769.156940
21737.865348
20733.141017
19761.896604
18820.935353
17915.050182
17053.330363
16216.928486
15416.320795
14650.282796
13912.918293
13211.339468
12535.729766
11892.509804
11273.606010
10681.487096
10113.208785
9577.675403
9062.890647
8572.971630
8110.658795
7661.291915
7236.565607
6830.007537
6442.199252
6076.970364
5730.747530
5402.003758
5090.235611
4791.651161
4510.219105
4244.923636
3993.764363
3751.576927
3522.603292
3308.289939
3104.443384
2912.559711
2730.892636
2559.033016
2395.279190
2244.042792
2100.778996
1967.262487
1841.124254
1721.717921
1607.762941
1503.716217
1404.108676
1310.898021
1221.935256
1139.346817
1059.828013
987.391678
918.098411
852.768561
793.522675
737.090325
684.149276
634.840204
589.674114
547.860206
509.064173
472.987524
439.016638
406.670789
376.767197
347.802213
321.566325
296.918650
274.810630
253.032651
233.518769
215.463848
198.492113
182.305405
168.035314
154.468382
142.230307
130.895066
120.293968
110.998770
102.402986
94.432338
86.428729
79.387796
73.109863
67.405194
61.819330
56.592112
52.074619
47.566552
43.788278
40.103911
37.011710
34.158175
31.405874
28.893848
26.320821
24.084302
22.242591
20.548968
18.764768
17.224826
16.020244
14.769485
13.561608
12.418075
11.431885
10.516549
9.586229
8.989106
8.320069
7.670026
7.110924
6.577124
5.921917
5.406733
5.064022
4.724243
4.329528
3.939172
3.641969
3.405128
3.127838
2.858244
2.645032
2.438754
2.222469
2.026890
1.863465
1.693875
1.473254
1.317807
1.286842
1.137249
1.008133
0.956870
0.886967
0.848230
0.735828
0.655349
0.591027
0.509340
0.441576
0.359976
0.309117
0.276374
0.263764
0.223726
0.213991
0.187493
0.164799
0.141142
0.126214
0.119831
0.106414
0.093096
0.078558
0.070305
0.061254
0.054617
0.051576
0.041189
0.039576
0.040076
0.039329
0.027479
0.019158
0.012442
0.011854
0.009462
0.007055
0.007270
0.005485
0.004517
0.003036
0.002660
0.002557
0.000597
0.001438
0.001155
0.000700
0.000309
0.000000
0.000000
0.000000
0.000000
0.000000
0.000000
0.000000
0.000000
0.000000
0.000000
0.000000
0.000000
0.000000
0.000000
0.000000
0.000000
0.000000
0.000000
0.000000
0.000000
0.000000
0.000000
0.000000
0.000000
0.000000
0.000000
0.000000
0.000000
0.000000
0.000000
0.000000
0.000000
0.000000
0.000000
0.000000
0.000000
0.000000
0.000000
0.000000
0.000000
0.000000
0.000000
0.000000
0.000000
0.000000
0.000000
0.000000
0.000000
0.000000
0.000000
0.000000
0.000000
0.000000
0.000000
0.000000
0.000000
0.000000
0.000000
0.000000
0.000000
0.000000
0.000000
0.000000
0.000000
0.000000
0.000000
0.000000
0.000000
0.000000
0.000000
0.000000
0.000000
0.000000
0.000000
0.000000
0.000000
0.000000
0.000000
0.000000
0.000000
0.000000
0.000000
0.000000
0.000000
0.000000
0.000000
0.000000
0.000000
0.000000
0.000000
0.000000
0.000000
0.000000
0.000000
0.000000
0.000000
0.000000
0.000000
0.000000
0.000000
0.000000
0.000000
0.000000
0.000000
0.000000
0.000000
0.000000
0.000000
0.000000
0.000000
0.000000
0.000000
0.000000
0.000000
0.000000
0.000000
0.000000
0.000000
0.000000
0.000000
0.000000
0.000000
0.000000
0.000000
0.000000
0.000000
0.000000
0.000000
0.000000
0.000000
0.000000
0.000000
0.000000
0.000000
0.000000
0.000000
0.000000
0.000000
0.000000
0.000000
0.000000
0.000000
0.000000
0.000000
0.000000
0.000000
0.000000
0.000000
0.000000
0.000000
0.000000
0.000000
0.000000
0.000000
0.000000
0.000000
0.000000
0.000000
0.000000
0.000000
0.000000
0.000000
0.000000
0.000000
0.000000
0.000000
0.000000
0.000000
0.000000
0.000000
0.000000
0.000000
0.000000
0.000000
0.000000
0.000000
0.000000
0.000000
0.000000
0.000000
0.000000
0.000000
0.000000
0.000000
0.000000
0.000000
0.000000
0.000000
0.000000
0.000000
0.000000
0.000000
0.000000
0.000000
0.000000
0.000000
0.000000
0.000000
0.000000
0.000000
0.000000
0.000000
0.000000
0.000000
0.000000
0.000000
0.000000
0.000000
0.000000
0.000000
0.000000
0.000000
0.000000
0.000000
0.000000
0.000000
0.000000
0.000000
0.000000
0.000000
0.000000
0.000000
0.000000
0.000000
0.000000
0.000000
0.000000
0.000000
0.000000
0.000000
0.000000
0.000000
0.000000
0.000000
0.000000
0.000000
0.000000
0.000000
0.000000
0.000000
0.000000
0.000000
0.000000
0.000000
0.000000
0.000000
0.000000
0.000000
0.000000
0.000000
0.000000
0.000000
0.000000
0.000000
0.000000
0.000000
0.000000
0.000000
0.000000
0.000000
0.000000
0.000000
0.000000
0.000000
0.000000
0.000000
0.000000
0.000000
0.000000
0.000000
0.000000
0.000000
0.000000
0.000000
0.000000
0.000000
0.000000
0.000000
0.000000
0.000000
0.000000
0.000000
0.000000
0.000000
0.000000
0.000000
0.000000
0.000000
0.000000
0.000000
0.000000
0.000000
0.000000
0.000000
0.000000
0.000000
0.000000
0.000000
0.000000
0.000000
0.000000
0.000000
0.000000
0.000000
0.000000
0.000000
0.000000
0.000000
0.000000
0.000000
0.000000
0.000000
0.000000
0.000000
0.000000
0.000000
0.000000
0.000000
0.000000
0.000000
0.000000
0.000000
0.000000
0.000000
0.000000
0.000000
0.000000
0.000000
0.000000
0.000000
0.000000
0.000000
0.000000
0.000000
0.000000
0.000000
0.000000
0.000000
0.000000
0.000000
0.000000
0.000000
0.000000
0.000000
0.000000
0.000000
0.000000
0.000000
0.000000
0.000000
0.000000
0.000000
0.000000
0.000000
0.000000
0.000000
0.000000
0.000000
0.000000
0.000000
0.000000
0.000000
0.000000
0.000000
0.000000
0.000000
0.000000
0.000000
0.000000
0.000000
0.000000
0.000000
0.000000
0.000000
0.000000
0.000000
0.000000
0.000000
0.000000
0.000000
0.000000
0.000000
0.000000
0.000000
0.000000
0.000000
0.000000
0.000000
0.000000
0.000000
0.000000
0.000000
0.000000
0.000000
0.000000
0.000000
0.000000
0.000000
0.000000
0.000000
0.000000
0.000000
0.000000
0.000000
0.000000
0.000000
0.000000
0.000000
0.000000
0.000000
0.000000
0.000000
0.000000
0.000000
0.000000
0.000000
0.000000
0.000000
0.000000
0.000000
0.000000
0.000000
0.000000
0.000000
0.000000
0.000000
0.000000
0.000000
0.000000
0.000000
0.000000
0.000000
0.000000
0.000000
0.000000
0.000000
0.000000
0.000000
0.000000
0.000000
0.000000
0.000000
0.000000
0.000000
0.000000
0.000000
0.000000
0.000000
0.000000
0.000000
0.000000
0.000000
0.000000
0.000000
0.000000
0.000000
0.000000
0.000000
0.000000
0.000000
0.000000
0.000000
0.000000
0.000000
0.000000
0.000000
0.000000
0.000000
0.000000
0.000000
0.000000
0.000000
0.000000
0.000000
0.000000
0.000000
0.000000
0.000000
0.000000
0.000000
0.000000
0.000000
0.000000
0.000000
0.000000
0.000000
0.000000
0.000000
0.000000
0.000000
0.000000
0.000000
0.000000
0.000000
0.000000
0.000000
0.000000
0.000000
0.000000
0.000000
0.000000
0.000000
0.000000
0.000000
0.000000
0.000000
0.000000
0.000000
0.000000
0.000000
0.000000
0.000000
0.000000
0.000000
0.000000
0.000000
0.000000
0.000000
0.000000
0.000000
0.000000
0.000000
0.000000
0.000000
0.000000
0.000000
0.000000
0.000000
0.000000
0.000000
0.000000
0.000000
0.000000
0.000000
0.000000
0.000000
0.000000
0.000000
0.000000
0.000000
0.000000
0.000000
0.000000
0.000000
0.000000
0.000000
0.000000
0.000000
0.000000
0.000000
0.000000
0.000000
0.000000
0.000000
0.000000
0.000000
0.000000
0.000000
0.000000
0.000000
0.000000
0.000000
0.000000
0.000000
0.000000
0.000000
0.000000
0.000000
0.000000
0.000000
0.000000
0.000000
0.000000
0.000000
0.000000
0.000000
0.000000
0.000000
0.000000
0.000000
0.000000
0.000000
0.000000
0.000000
0.000000
0.000000
0.000000
0.000000
0.000000
0.000000
0.000000
0.000000
0.000000
0.000000
0.000000
0.000000
0.000000
0.000000
0.000000
0.000000
0.000000
0.000000
0.000000
0.000000
0.000000
0.000000
0.000000
0.000000
0.000000
0.000000
0.000000
0.000000
0.000000
0.000000
0.000000
0.000000
0.000000
0.000000
0.000000
0.000000
0.000000
0.000000
0.000000
0.000000
0.000000
0.000000
0.000000
0.000000
0.000000
0.000000
0.000000
0.000000
0.000000
0.000000
0.000000
0.000000
0.000000
0.000000
0.000000
0.000000
0.000000
0.000000
0.000000
0.000000
0.000000
0.000000
0.000000
0.000000
0.000000
0.000000
0.000000
0.000000
0.000000
0.000000
0.000000
0.000000
0.000000
0.000000
0.000000
