0.000000
0.000000
0.000000
0.000000
0.000000
0.000000
0.000000
0.000000
0.000000
0.000000
0.000000
0.000000
0.000000
0.000000
0.000000
0.000000
0.000000
0.000000
0.000000
0.000000
0.000000
0.000000
0.000000
0.000000
0.000000
0.000000
0.001247
0.000000
0.005087
0.007258
0.038205
0.037716
0.123117
0.161451
0.398672
0.548180
1.199715
1.737235
3.056819
4.962044
8.088282
13.247430
20.502281
32.306949
49.040473
73.194913
107.880312
157.959392
225.711853
318.212091
446.185116
617.700605
843.654584
1141.136695
1522.797536
2019.631323
2633.119536
3409.211441
4365.348436
5538.230218
6955.142078
8649.814108
10683.674661
13059.619681
15838.802191
19031.817592
22716.492157
26888.000309
31591.047178
36840.856169
42648.083670
49019.755254
55963.948716
63459.550313
71505.764993
80069.607786
89103.810214
98556.430142
108403.327107
118519.246348
128865.435140
139328.189719
149873.111674
160309.760105
170656.284723
180679.599875
190420.471375
199699.265308
208422.690176
216566.348546
223916.674926
230602.789421
236380.661256
241317.745169
245289.431086
248317.776025
250373.395249
251424.610610
251493.463748
250586.413351
248749.611525
245993.648009
242344.285974
237923.058352
232697.457704
226782.290666
220255.756772
213165.254265
205591.480373
197612.384006
189283.379200
180704.267528
171947.885829
163081.126063
154157.655081
145251.748313
136437.385266
127746.189463
119224.498207
110919.397091
102873.312717
95090.215225
87637.396112
80524.899740
73765.118690
67355.902504
61347.890445
55668.203981
50384.987455
45457.624329
40898.655746
36689.621764
32819.020584
29262.284467
26023.627380
23070.166065
20402.445967
17980.795573
15808.828924
13855.746461
12109.452636
10561.600553
9176.667921
7960.565576
6874.522209
5932.865882
5094.769468
4367.862919
3734.196572
3184.393071
2706.390557
2297.137291
1941.970039
1637.531180
1377.234039
1156.638728
968.126340
808.782855
671.969332
558.301004
462.036007
381.091271
313.622765
257.477888
211.047059
172.221699
139.937744
114.220863
91.999703
74.613686
59.882971
48.460481
38.546655
30.661922
24.446918
19.262245
15.257813
11.906275
9.552029
7.422089
5.789005
4.478563
3.489254
2.774262
2.108713
1.629378
1.230736
0.984338
0.739348
0.584587
0.436935
0.329392
0.248063
0.176094
0.142857
0.087419
0.069090
0.053694
0.033353
0.027651
0.018154
0.014646
0.010972
0.007270
0.009474
0.006240
0.006396
0.005234
0.002908
0.001801
0.002065
0.002566
0.001279
0.000906
0.000582
0.000166
0.000610
0.000219
0.000150
0.000201
0.000248
0.000129
0.000250
0.000050
0.000209
0.000004
0.000111
0.000000
0.000000
0.000000
0.000000
0.000000
0.000000
0.000000
0.000000
0.000000
0.000000
0.000000
0.000000
0.000000
0.000000
0.000000
0.000000
0.000000
0.000000
0.000000
0.000000
0.000000
0.000000
0.000000
0.000000
0.000000
0.000000
0.000000
0.000000
0.000000
0.000000
0.000000
0.000000
0.000000
0.000000
0.000000
0.000000
0.000000
0.000000
0.000000
0.000000
0.000000
0.000000
0.000000
0.000000
0.000000
0.000000
0.000000
0.000000
0.000000
0.000000
0.000000
0.000000
0.000000
0.000000
0.000000
0.000000
0.000000
0.000000
0.000000
0.000000
0.000000
0.000000
0.000000
0.000000
0.000000
0.000000
0.000000
0.000000
0.000000
0.000000
0.000000
0.000000
0.000000
0.000000
0.000000
0.000000
0.000000
0.000000
0.000000
0.000000
0.000000
0.000000
0.000000
0.000000
0.000000
0.000000
0.000000
0.000000
0.000000
0.000000
0.000000
0.000000
0.000000
0.000000
0.000000
0.000000
0.000000
0.000000
0.000000
0.000000
0.000000
0.000000
0.000000
0.000000
0.000000
0.000000
0.000000
0.000000
0.000000
0.000000
0.000000
0.000000
0.000000
0.000000
0.000000
0.000000
0.000000
0.000000
0.000000
0.000000
0.000000
0.000000
0.000000
0.000000
0.000000
0.000000
0.000000
0.000000
0.000000
0.000000
0.000000
0.000000
0.000000
0.000000
0.000000
0.000000
0.000000
0.000000
0.000000
0.000000
0.000000
0.000000
0.000000
0.000000
0.000000
0.000000
0.000000
0.000000
0.000000
0.000000
0.000000
0.000000
0.000000
0.000000
0.000000
0.000000
0.000000
0.000000
0.000000
0.000000
0.000000
0.000000
0.000000
0.000000
0.000000
0.000000
0.000000
0.000000
0.000000
0.000000
0.000000
0.000000
0.000000
0.000000
0.000000
0.000000
0.000000
0.000000
0.000000
0.000000
0.000000
0.000000
0.000000
0.000000
0.000000
0.000000
0.000000
0.000000
0.000000
0.000000
0.000000
0.000000
0.000000
0.000000
0.000000
0.000000
0.000000
0.000000
0.000000
0.000000
0.000000
0.000000
0.000000
0.000000
0.000000
0.000000
0.000000
0.000000
0.000000
0.000000
0.000000
0.000000
0.000000
0.000000
0.000000
0.000000
0.000000
0.000000
0.000000
0.000000
0.000000
0.000000
0.000000
0.000000
0.000000
0.000000
0.000000
0.000000
0.000000
0.000000
0.000000
0.000000
0.000000
0.000000
0.000000
0.000000
0.000000
0.000000
0.000000
0.000000
0.000000
0.000000
0.000000
0.000000
0.000000
0.000000
0.000000
0.000000
0.000000
0.000000
0.000000
0.000000
0.000000
0.000000
0.000000
0.000000
0.000000
0.000000
0.000000
0.000000
0.000000
0.000000
0.000000
0.000000
0.000000
0.000000
0.000000
0.000000
0.000000
0.000000
0.000000
0.000000
0.000000
0.000000
