1.748150
15.802689
65.294029
196.690256
484.948850
1019.724345
1949.504666
3399.242313
5497.996131
8385.998671
12161.894398
16880.591391
22565.305895
29145.072215
36584.435776
44729.926272
53471.191425
62589.223234
71918.932800
81293.438973
90418.799486
99209.462304
107506.529244
115235.930490
122232.207130
128444.634047
133755.244009
138261.654538
141857.061194
144574.176090
146557.255530
147729.431358
148180.672346
147974.081090
147206.449529
145878.057289
144052.951409
141794.155448
139272.905306
136429.702638
133296.555716
129953.983279
126483.083150
122900.937595
119284.986142
115645.125325
111990.926639
108352.682572
104758.965089
101227.191969
97720.766164
94263.395970
90947.316644
87710.213119
84609.965423
81589.199624
78670.141505
75852.935607
73170.043959
70585.259591
68091.841629
65751.830484
63473.443383
61313.883320
59244.045317
57275.105585
55428.727247
53662.522817
51991.200241
50385.289677
48867.667822
47442.612226
46052.510237
44751.966563
43521.363389
42335.903814
41217.058429
40160.219586
39155.281607
38200.472650
37302.640504
36434.927649
35641.928563
34877.960486
34146.914389
33469.388914
32818.485723
32201.340289
31597.664334
31033.359806
30493.237828
30007.801989
29545.920845
29098.333671
28673.589094
28268.374346
27875.284876
27517.087916
27190.747117
26879.748352
26587.587885
26299.417810
26031.556483
25785.826949
25547.440630
25336.278039
25129.108324
24954.351571
24781.921728
24625.425894
24478.429068
24347.242799
24216.591896
24100.239711
23997.600943
23889.673636
23807.124007
23723.101088
23654.881492
23585.313127
23528.428701
23473.532871
23418.212918
23374.828780
23334.910618
23309.199711
23285.580161
23264.860183
23246.753947
23236.424327
23232.635260
23227.348588
23222.124719
23216.292395
23227.142316
23239.558834
23255.322753
23267.537542
23278.842832
23283.843917
23292.076099
23303.940049
23317.795255
23335.315289
23348.586472
23363.170245
23375.759279
23385.723141
23412.527761
23424.377663
23446.673403
23458.018342
23475.766309
23488.195938
23500.434643
23499.707175
23508.995247
23512.014575
23512.428343
23508.165104
23510.608500
23507.636915
23503.302668
23489.913174
23470.109628
23455.113609
23434.404246
23409.963135
23369.787756
23338.501543
23301.899182
23252.306106
23203.594081
23140.597423
23082.329459
23019.662919
22958.372741
22881.427732
22811.528850
22731.960249
22653.377041
22554.886594
22459.826508
22354.819187
22244.663259
22126.845065
22009.992595
21890.414413
21766.297111
21635.021307
21495.607307
21354.011457
21202.531533
21047.896172
20890.177755
20726.681300
20553.958695
20383.048929
20202.627498
20020.596093
19841.445074
19651.142177
19461.485134
19260.006446
19063.000352
18851.256996
18640.423685
18423.641565
18205.744892
17991.304711
17771.117214
17531.089324
17296.572025
17053.249687
16812.092801
16572.674623
16327.105782
16085.832104
15836.517992
15591.747434
15341.487758
15085.893169
14828.034566
14572.517475
14313.784987
14050.399406
13793.453055
13530.629002
13270.211031
13010.865751
12747.567611
12480.451835
12215.686301
11947.558883
11691.232877
11428.963057
11162.187547
10904.623397
10653.977369
10404.450602
10144.767596
9891.228736
9643.959030
9394.657645
9149.509198
8906.871631
8666.430105
8433.831283
8201.348432
7969.994846
7742.216481
7510.712051
7291.575158
7072.240647
6859.880010
6646.568985
6434.504013
6230.618371
6033.028865
5836.590580
5642.520060
5453.729303
5267.396743
5086.725892
4911.537365
4735.690540
4562.504283
4397.984064
4239.582031
4082.573266
3926.752969
3778.990813
3634.147823
3491.225330
3352.764058
3217.238047
3087.301793
2963.079861
2839.199715
2721.857821
2607.757919
2497.152234
2387.148916
2283.086056
2182.767366
2087.446073
1994.371908
1904.922652
1815.767848
1732.901002
1652.517760
1575.261058
1499.148011
1426.532708
1356.989450
1290.757979
1227.282798
1166.201810
1106.098856
1050.508366
995.877718
943.972089
894.045673
846.318714
799.752569
756.029259
714.509088
675.901865
638.922115
603.287693
569.706096
538.876100
508.165460
479.027955
451.760314
424.649106
400.116253
375.757562
352.726928
331.087343
310.673187
291.799653
274.296400
256.717633
240.549973
225.735590
211.791025
198.221587
185.743164
173.716155
162.059117
151.693504
141.402888
132.249393
123.812371
115.077277
106.798685
99.454705
92.000176
85.247931
79.228847
73.979248
68.633208
63.938058
59.677850
55.535951
51.404627
47.826880
44.049389
40.980815
38.103254
35.299149
32.529888
30.217080
27.865242
25.586134
23.550057
21.559703
19.809065
18.316848
16.737453
15.422906
14.220282
12.949056
11.840097
10.858992
10.009022
9.227763
8.404427
7.698122
7.115663
6.587550
5.959412
5.476432
5.057932
4.665001
4.292927
3.965247
3.608929
3.347798
3.131511
2.928741
2.665662
2.414464
2.198923
1.990442
1.807306
1.690687
1.549236
1.438620
1.339504
1.216148
1.084147
0.962584
0.878868
0.794412
0.721545
0.637490
0.568909
0.508724
0.458918
0.425219
0.407512
0.385226
0.349046
0.336623
0.309000
0.286533
0.252095
0.223852
0.218655
0.218063
0.199121
0.204426
0.188057
0.171858
0.164440
0.154764
0.141165
0.145067
0.133360
0.111442
0.088046
0.090787
0.084745
0.084904
0.075349
0.083116
0.075261
0.075570
0.072369
0.065497
0.056595
0.058835
0.066552
0.051381
0.049269
0.048079
0.034922
0.032063
0.022712
0.021498
0.018012
0.014511
0.014503
0.012018
0.014590
0.007628
0.006528
0.009138
0.007991
0.009720
0.007781
0.005659
0.006897
0.005133
0.005207
0.003703
0.003242
0.001739
0.001240
0.000841
0.000182
0.000000
0.000000
0.000000
0.000000
0.000000
0.000000
0.000000
0.000000
0.000000
0.000000
0.000000
0.000000
0.000000
0.000000
0.000000
0.000000
0.000000
0.000000
0.000000
0.000000
0.000000
0.000000
0.000000
0.000000
0.000000
0.000000
0.000000
0.000000
0.000000
0.000000
0.000000
0.000000
0.000000
0.000000
0.000000
0.000000
0.000000
0.000000
0.000000
0.000000
0.000000
0.000000
0.000000
0.000000
0.000000
0.000000
0.000000
0.000000
0.000000
0.000000
0.000000
0.000000
0.000000
0.000000
0.000000
0.000000
0.000000
0.000000
0.000000
0.000000
0.000000
0.000000
0.000000
0.000000
0.000000
0.000000
0.000000
0.000000
0.000000
0.000000
0.000000
0.000000
0.000000
0.000000
0.000000
0.000000
0.000000
0.000000
0.000000
0.000000
0.000000
0.000000
0.000000
0.000000
0.000000
0.000000
0.000000
0.000000
0.000000
0.000000
0.000000
0.000000
0.000000
0.000000
0.000000
0.000000
0.000000
0.000000
0.000000
0.000000
0.000000
0.000000
0.000000
0.000000
0.000000
0.000000
0.000000
0.000000
0.000000
0.000000
0.000000
0.000000
0.000000
0.000000
0.000000
0.000000
0.000000
0.000000
0.000000
0.000000
0.000000
0.000000
0.000000
0.000000
0.000000
0.000000
0.000000
0.000000
0.000000
0.000000
0.000000
0.000000
0.000000
0.000000
0.000000
0.000000
0.000000
0.000000
0.000000
0.000000
0.000000
0.000000
0.000000
0.000000
0.000000
0.000000
0.000000
0.000000
0.000000
0.000000
0.000000
0.000000
0.000000
0.000000
0.000000
0.000000
0.000000
0.000000
0.000000
0.000000
0.000000
0.000000
0.000000
0.000000
0.000000
0.000000
0.000000
0.000000
0.000000
0.000000
0.000000
0.000000
0.000000
0.000000
0.000000
0.000000
0.000000
0.000000
0.000000
0.000000
0.000000
0.000000
0.000000
0.000000
0.000000
0.000000
0.000000
0.000000
0.000000
0.000000
0.000000
0.000000
0.000000
0.000000
0.000000
0.000000
0.000000
0.000000
0.000000
0.000000
0.000000
0.000000
0.000000
0.000000
0.000000
0.000000
0.000000
0.000000
0.000000
0.000000
0.000000
0.000000
0.000000
0.000000
0.000000
0.000000
0.000000
0.000000
0.000000
0.000000
0.000000
0.000000
0.000000
0.000000
0.000000
0.000000
0.000000
0.000000
0.000000
0.000000
0.000000
0.000000
0.000000
0.000000
0.000000
0.000000
0.000000
0.000000
0.000000
0.000000
0.000000
0.000000
0.000000
0.000000
0.000000
0.000000
0.000000
0.000000
0.000000
0.000000
0.000000
0.000000
0.000000
0.000000
0.000000
0.000000
0.000000
0.000000
0.000000
0.000000
0.000000
0.000000
0.000000
0.000000
0.000000
0.000000
0.000000
0.000000
0.000000
0.000000
0.000000
0.000000
0.000000
0.000000
0.000000
0.000000
0.000000
0.000000
0.000000
0.000000
0.000000
0.000000
0.000000
0.000000
0.000000
0.000000
0.000000
0.000000
0.000000
0.000000
0.000000
0.000000
0.000000
0.000000
0.000000
0.000000
0.000000
0.000000
0.000000
0.000000
0.000000
0.000000
0.000000
0.000000
0.000000
0.000000
0.000000
0.000000
0.000000
0.000000
0.000000
0.000000
0.000000
0.000000
0.000000
0.000000
0.000000
0.000000
0.000000
0.000000
0.000000
0.000000
0.000000
0.000000
0.000000
0.000000
0.000000
0.000000
0.000000
0.000000
0.000000
0.000000
0.000000
0.000000
0.000000
0.000000
0.000000
0.000000
0.000000
0.000000
0.000000
0.000000
0.000000
0.000000
0.000000
0.000000
0.000000
0.000000
0.000000
0.000000
0.000000
0.000000
0.000000
0.000000
0.000000
0.000000
0.000000
0.000000
0.000000
0.000000
0.000000
0.000000
0.000000
0.000000
0.000000
0.000000
0.000000
0.000000
0.000000
0.000000
0.000000
0.000000
0.000000
0.000000
0.000000
0.000000
0.000000
0.000000
0.000000
0.000000
0.000000
0.000000
0.000000
0.000000
0.000000
0.000000
0.000000
0.000000
0.000000
0.000000
0.000000
0.000000
0.000000
0.000000
0.000000
0.000000
0.000000
0.000000
0.000000
0.000000
0.000000
0.000000
0.000000
0.000000
0.000000
0.000000
0.000000
0.000000
0.000000
0.000000
0.000000
0.000000
0.000000
0.000000
0.000000
0.000000
0.000000
0.000000
0.000000
0.000000
0.000000
0.000000
0.000000
0.000000
0.000000
0.000000
0.000000
0.000000
0.000000
0.000000
0.000000
0.000000
0.000000
0.000000
0.000000
0.000000
0.000000
0.000000
0.000000
0.000000
0.000000
0.000000
0.000000
0.000000
0.000000
0.000000
0.000000
0.000000
0.000000
0.000000
0.000000
0.000000
0.000000
0.000000
0.000000
0.000000
0.000000
0.000000
0.000000
0.000000
0.000000
0.000000
0.000000
0.000000
0.000000
0.000000
0.000000
0.000000
0.000000
0.000000
0.000000
0.000000
0.000000
0.000000
0.000000
0.000000
0.000000
0.000000
0.000000
0.000000
0.000000
0.000000
0.000000
0.000000
0.000000
0.000000
0.000000
0.000000
0.000000
0.000000
0.000000
0.000000
0.000000
0.000000
0.000000
0.000000
0.000000
0.000000
0.000000
0.000000
0.000000
0.000000
0.000000
0.000000
0.000000
0.000000
0.000000
0.000000
0.000000
0.000000
0.000000
0.000000
0.000000
0.000000
0.000000
0.000000
0.000000
0.000000
0.000000
0.000000
0.000000
0.000000
0.000000
0.000000
0.000000
0.000000
0.000000
0.000000
0.000000
0.000000
0.000000
0.000000
0.000000
0.000000
0.000000
0.000000
0.000000
0.000000
