0.876045
7.316122
25.812607
79.857050
199.287030
439.349815
854.133389
1540.048192
2589.972703
4074.410656
6098.758259
8718.531102
11988.894131
15919.517668
20530.002506
25785.245510
31585.919813
37901.021487
44586.764467
51542.832322
58649.245739
65793.046687
72853.728864
79752.148239
86330.159350
92541.687581
98283.506092
103480.203867
108144.457401
112219.684610
115811.760754
118728.093461
121054.773516
122895.098128
124165.847847
124967.751852
125281.979613
125175.199519
124648.067857
123777.845374
122625.600813
121187.380865
119498.443876
117611.450742
115526.070610
113322.427382
111006.876360
108591.067009
106129.813457
103613.192908
101070.697302
98552.621195
95988.442433
93456.417753
90914.012077
88476.122757
86054.246578
83709.452459
81413.907221
79200.579132
77030.923287
74913.364209
72854.119180
70864.631336
68945.421554
67088.576563
65327.559912
63632.153091
61987.007790
60406.023481
58902.991589
57450.718366
56064.870429
54733.688227
53453.409054
52239.531263
51056.854230
49940.095833
48873.629440
47843.496944
46869.832574
45942.624505
45044.906763
44188.212460
43373.510625
42605.036202
41878.275866
41176.846340
40524.113275
39893.449805
39283.734016
38713.494310
38156.719683
37619.209272
37109.097631
36624.945929
36158.413472
35728.177111
35311.668905
34915.357343
34525.142951
34157.558990
33813.008077
33477.316974
33164.295472
32850.033865
32541.745302
32273.411153
32028.446101
31786.047008
31561.204448
31351.777142
31141.171601
30949.498415
30772.496190
30608.937793
30439.282814
30276.150951
30130.862549
30000.449952
29868.880047
29747.267374
29621.429187
29514.361211
29400.017536
29317.692591
29208.687916
29121.153952
29035.636002
28959.041274
28884.360475
28822.954139
28746.434746
28683.715163
28627.596717
28563.821597
28513.223939
28458.828960
28415.624623
28359.914653
28319.331594
28272.198665
28228.377253
28176.727430
28117.406934
28068.074514
28006.602141
27951.757460
27896.161692
27847.070251
27795.366549
27738.854445
27684.698559
27630.055401
27569.501327
27525.315596
27470.095432
27408.880814
27330.342114
27261.108763
27184.664544
27094.441414
27010.075059
26916.074354
26823.341509
26727.535460
26628.355401
26521.537620
26415.198016
26301.440861
26182.320587
26069.756058
25937.141720
25811.359566
25672.013901
25523.667203
25369.338533
25217.028396
25051.766930
24888.904861
24717.073408
24548.230274
24371.123888
24191.250973
23996.919228
23805.420395
23610.030378
23395.350865
23186.629910
22970.950132
22746.616527
22527.341421
22288.371199
22055.753307
21826.380088
21582.890066
21339.542131
21092.990360
20840.633008
20584.988187
20319.907837
20056.733424
19783.508047
19506.416029
19237.599570
18958.464462
18674.924765
18387.519070
18106.112728
17814.903512
17531.967508
17236.467653
16949.539324
16650.639325
16354.560276
16058.372166
15761.601104
15467.771697
15168.511851
14870.616658
14579.973390
14285.410048
13984.539021
13688.427110
13389.782855
13093.233105
12796.358944
12504.732758
12214.291160
11928.274377
11640.125183
11353.102951
11066.575549
10787.900341
10512.607305
10241.086788
9969.264849
9703.297959
9444.753767
9182.506732
8925.582936
8667.964155
8419.921993
8170.361152
7925.820569
7687.417575
7452.013958
7217.839322
6995.748587
6768.436157
6548.190298
6331.313685
6120.503246
5916.280002
5710.651241
5511.269300
5318.249619
5126.892106
4945.111373
4764.424166
4591.678715
4421.898192
4256.564359
4091.613455
3932.353610
3781.261502
3631.318005
3484.517595
3344.763443
3210.216581
3076.776382
2948.901253
2824.218163
2704.233163
2588.793340
2476.996025
2369.188397
2265.675915
2164.932552
2067.918219
1976.575526
1884.318206
1797.461539
1713.397931
1632.726035
1551.356931
1478.323533
1405.638796
1336.297313
1270.554931
1206.786144
1145.979566
1087.303822
1030.149191
977.707194
927.506645
877.016704
831.486676
787.054566
744.205520
702.637214
664.847395
627.741070
591.539086
557.664165
526.870452
496.922327
467.870716
441.548126
415.589079
391.313340
367.448727
346.655922
326.966628
307.616109
288.871555
272.224973
255.218068
239.292824
224.989326
210.141110
196.068835
184.084833
172.308229
160.226919
149.489210
139.544464
130.268323
121.445835
113.131132
105.759419
98.398627
92.103536
85.574393
79.905816
74.381859
69.417693
64.481580
59.672838
55.315193
51.568709
47.976671
44.615686
41.394107
38.301879
35.540659
32.922384
30.586593
28.136982
25.938052
24.045277
22.301070
20.591561
19.201306
17.774015
16.526837
15.366795
14.072982
12.975406
12.065117
11.272175
10.410803
9.695303
8.986697
8.368425
7.629473
7.041614
6.643727
6.150348
5.680556
5.167790
4.831483
4.535387
4.145538
3.855607
3.580183
3.324180
3.057276
2.845675
2.612468
2.388412
2.182706
2.038995
1.898342
1.784751
1.677730
1.564360
1.433087
1.361218
1.275613
1.147186
1.097553
0.993822
0.872567
0.815751
0.740203
0.724310
0.664898
0.600149
0.522203
0.484064
0.439107
0.388484
0.351232
0.331548
0.298390
0.248515
0.220316
0.222051
0.192955
0.164963
0.131850
0.103492
0.101257
0.096717
0.090958
0.086999
0.082416
0.072593
0.072824
0.061805
0.060685
0.055865
0.050110
0.049676
0.045052
0.045835
0.035053
0.033530
0.022397
0.014153
0.009726
0.006803
0.003424
0.003738
0.003057
0.002364
0.001868
0.001272
0.000457
0.000000
0.000000
0.000000
0.000000
0.000000
0.000000
0.000000
0.000000
0.000000
0.000000
0.000000
0.000000
0.000000
0.000000
0.000000
0.000000
0.000000
0.000000
0.000000
0.000000
0.000000
0.000000
0.000000
0.000000
0.000000
0.000000
0.000000
0.000000
0.000000
0.000000
0.000000
0.000000
0.000000
0.000000
0.000000
0.000000
0.000000
0.000000
0.000000
0.000000
0.000000
0.000000
0.000000
0.000000
0.000000
0.000000
0.000000
0.000000
0.000000
0.000000
0.000000
0.000000
0.000000
0.000000
0.000000
0.000000
0.000000
0.000000
0.000000
0.000000
0.000000
0.000000
0.000000
0.000000
0.000000
0.000000
0.000000
0.000000
0.000000
0.000000
0.000000
0.000000
0.000000
0.000000
0.000000
0.000000
0.000000
0.000000
0.000000
0.000000
0.000000
0.000000
0.000000
0.000000
0.000000
0.000000
0.000000
0.000000
0.000000
0.000000
0.000000
0.000000
0.000000
0.000000
0.000000
0.000000
0.000000
0.000000
0.000000
0.000000
0.000000
0.000000
0.000000
0.000000
0.000000
0.000000
0.000000
0.000000
0.000000
0.000000
0.000000
0.000000
0.000000
0.000000
0.000000
0.000000
0.000000
0.000000
0.000000
0.000000
0.000000
0.000000
0.000000
0.000000
0.000000
0.000000
0.000000
0.000000
0.000000
0.000000
0.000000
0.000000
0.000000
0.000000
0.000000
0.000000
0.000000
0.000000
0.000000
0.000000
0.000000
0.000000
0.000000
0.000000
0.000000
0.000000
0.000000
0.000000
0.000000
0.000000
0.000000
0.000000
0.000000
0.000000
0.000000
0.000000
0.000000
0.000000
0.000000
0.000000
0.000000
0.000000
0.000000
0.000000
0.000000
0.000000
0.000000
0.000000
0.000000
0.000000
0.000000
0.000000
0.000000
0.000000
0.000000
0.000000
0.000000
0.000000
0.000000
0.000000
0.000000
0.000000
0.000000
0.000000
0.000000
0.000000
0.000000
0.000000
0.000000
0.000000
0.000000
0.000000
0.000000
0.000000
0.000000
0.000000
0.000000
0.000000
0.000000
0.000000
0.000000
0.000000
0.000000
0.000000
0.000000
0.000000
0.000000
0.000000
0.000000
0.000000
0.000000
0.000000
0.000000
0.000000
0.000000
0.000000
0.000000
0.000000
0.000000
0.000000
0.000000
0.000000
0.000000
0.000000
0.000000
0.000000
0.000000
0.000000
0.000000
0.000000
0.000000
0.000000
0.000000
0.000000
0.000000
0.000000
0.000000
0.000000
0.000000
0.000000
0.000000
0.000000
0.000000
0.000000
0.000000
0.000000
0.000000
0.000000
0.000000
0.000000
0.000000
0.000000
0.000000
0.000000
0.000000
0.000000
0.000000
0.000000
0.000000
0.000000
0.000000
0.000000
0.000000
0.000000
0.000000
0.000000
0.000000
0.000000
0.000000
0.000000
0.000000
0.000000
0.000000
0.000000
0.000000
0.000000
0.000000
0.000000
0.000000
0.000000
0.000000
0.000000
0.000000
0.000000
0.000000
0.000000
0.000000
0.000000
0.000000
0.000000
0.000000
0.000000
0.000000
0.000000
0.000000
0.000000
0.000000
0.000000
0.000000
0.000000
0.000000
0.000000
0.000000
0.000000
0.000000
0.000000
0.000000
0.000000
0.000000
0.000000
0.000000
0.000000
0.000000
0.000000
0.000000
0.000000
0.000000
0.000000
0.000000
0.000000
0.000000
0.000000
0.000000
0.000000
0.000000
0.000000
0.000000
0.000000
0.000000
0.000000
0.000000
0.000000
0.000000
0.000000
0.000000
0.000000
0.000000
0.000000
0.000000
0.000000
0.000000
0.000000
0.000000
0.000000
0.000000
0.000000
0.000000
0.000000
0.000000
0.000000
0.000000
0.000000
0.000000
0.000000
0.000000
0.000000
0.000000
0.000000
0.000000
0.000000
0.000000
0.000000
0.000000
0.000000
0.000000
0.000000
0.000000
0.000000
0.000000
0.000000
0.000000
0.000000
0.000000
0.000000
0.000000
0.000000
0.000000
0.000000
0.000000
0.000000
0.000000
0.000000
0.000000
0.000000
0.000000
0.000000
0.000000
0.000000
0.000000
0.000000
0.000000
0.000000
0.000000
0.000000
0.000000
0.000000
0.000000
0.000000
0.000000
0.000000
0.000000
0.000000
0.000000
0.000000
0.000000
0.000000
0.000000
0.000000
0.000000
0.000000
0.000000
0.000000
0.000000
0.000000
0.000000
0.000000
0.000000
0.000000
0.000000
0.000000
0.000000
0.000000
0.000000
0.000000
0.000000
0.000000
0.000000
0.000000
0.000000
0.000000
0.000000
0.000000
0.000000
0.000000
0.000000
0.000000
0.000000
0.000000
0.000000
0.000000
0.000000
0.000000
0.000000
0.000000
0.000000
0.000000
0.000000
0.000000
0.000000
0.000000
0.000000
0.000000
0.000000
0.000000
0.000000
0.000000
0.000000
0.000000
0.000000
0.000000
0.000000
0.000000
0.000000
0.000000
0.000000
0.000000
0.000000
0.000000
0.000000
0.000000
0.000000
0.000000
0.000000
0.000000
0.000000
0.000000
0.000000
0.000000
0.000000
0.000000
0.000000
0.000000
0.000000
0.000000
0.000000
0.000000
0.000000
0.000000
0.000000
0.000000
0.000000
0.000000
0.000000
0.000000
0.000000
0.000000
0.000000
0.000000
0.000000
0.000000
0.000000
0.000000
0.000000
0.000000
0.000000
0.000000
0.000000
0.000000
0.000000
0.000000
0.000000
0.000000
0.000000
0.000000
0.000000
0.000000
0.000000
0.000000
0.000000
0.000000
0.000000
0.000000
0.000000
0.000000
0.000000
0.000000
0.000000
0.000000
0.000000
0.000000
0.000000
0.000000
0.000000
0.000000
0.000000
0.000000
0.000000
0.000000
0.000000
0.000000
0.000000
0.000000
0.000000
0.000000
0.000000
0.000000
0.000000
0.000000
0.000000
0.000000
0.000000
0.000000
0.000000
0.000000
0.000000
0.000000
0.000000
0.000000
0.000000
0.000000
0.000000
