0.000000
0.000000
0.000000
4.396036
14.393262
23.358689
39.292222
71.237935
114.507873
146.450981
253.262316
432.315704
752.932691
1191.184751
1699.502645
2425.829855
3352.657969
4447.163186
5630.458832
7022.283624
8574.301744
10505.878889
12587.032840
14848.231254
17467.844565
20233.916778
23179.835386
26169.451761
29200.873528
32468.633495
35468.213547
38342.935883
41240.207601
44515.485436
47776.590847
50712.689935
53332.442028
56099.234905
58572.005502
60982.654760
63066.543991
65525.714177
67742.127526
69616.704335
71434.673326
72934.810395
74479.623030
75615.924155
76914.593283
78127.598517
79120.530783
79985.669713
80684.890282
81364.866489
82004.347796
82390.682009
82632.709837
82482.086678
82888.860996
82585.979931
82990.640328
82779.699158
82681.943273
82785.403296
82515.344347
82410.459812
82282.845071
82115.476775
81772.419394
81115.415662
81145.034102
80601.648190
80212.452447
79630.126644
79113.340711
78732.145034
78163.358219
77769.713473
77279.308428
76882.192554
76281.312774
75783.809515
75053.430594
74569.693961
73936.497920
73255.895776
72825.178707
72281.804850
71657.931474
70871.896690
70386.496912
69747.909293
68888.478813
68011.651787
67363.170186
66558.431206
65727.865588
65145.588504
64488.966469
63949.628023
63449.180767
62768.638727
62348.989797
61704.185604
61290.033209
60645.540991
60001.708350
59629.944495
58936.337480
58302.593761
57851.097303
57212.717236
56664.298917
56197.588591
55618.691732
55053.627145
54586.716966
54184.269492
53756.574034
53370.212603
52716.022231
52230.244065
51748.964999
51255.153656
50837.131247
50207.838536
49835.361567
49435.559748
48946.772921
48410.143446
47688.376206
47167.140941
46684.854502
46235.779651
45768.533346
45290.730127
44867.567458
44290.088564
43764.017772
43405.809028
42981.867198
42565.817783
42166.135015
41670.354863
41206.062819
40787.349344
40293.827499
39691.478518
39311.641961
38875.265687
38620.513907
38141.869826
37648.639962
37130.168014
36714.614475
36280.988958
35805.137425
35270.274060
34915.672860
34449.495139
34059.435787
33610.201418
33205.493039
32880.648643
32474.873040
32004.775129
31541.877471
31162.903968
30827.923854
30421.772025
30115.972922
29630.719177
29210.408451
28776.796344
28480.460348
28099.467398
27691.875251
27360.396616
26966.549662
26508.019735
26203.706524
25826.317692
25452.301175
25033.120416
24679.835902
24224.112476
23903.339141
23624.686164
23309.013846
22987.733364
22670.258855
22235.051736
21873.687186
21564.581271
21259.506149
20899.068777
20581.156367
20207.819170
19868.162861
19544.872872
19190.885668
18845.175951
18509.642399
18179.231687
17791.993723
17421.944284
17006.060162
16731.739661
16466.235610
16190.207637
15834.237998
15463.241947
15113.738611
14808.279553
14554.348518
14261.726058
13950.867637
13689.929304
13469.892622
13162.840629
12863.412247
12584.985954
12317.973929
12030.236384
11775.694078
11488.278007
11207.674062
10962.876004
10697.715382
10439.952547
10213.106451
9992.565620
9758.473485
9441.997553
9196.292877
8980.559206
8775.794657
8580.022616
8346.225009
8144.226710
7912.120493
7695.906451
7480.256964
7296.744269
7083.017236
6898.214552
6737.722036
6546.811244
6365.164315
6200.971115
6035.644477
5858.663030
5668.433418
5496.639874
5344.795268
5200.925716
5078.916286
4956.941767
4781.533493
4649.081011
4534.214977
4395.207586
4268.128189
4126.222458
4003.699872
3877.915995
3737.239012
3615.749166
3499.913446
3367.058526
3278.733335
3159.219426
3054.988433
2950.278668
2844.328614
2759.991738
2687.618466
2605.038817
2509.292049
2450.934454
2375.289473
2300.208288
2193.377409
2130.277791
2054.821650
1990.106116
1894.793498
1823.302916
1767.861276
1714.943253
1652.737892
1588.552012
1531.210431
1484.164832
1431.777447
1373.378934
1302.941328
1241.447332
1188.493040
1153.134001
1107.677249
1061.482283
1016.959780
980.488280
942.909903
921.507395
882.284621
850.697116
827.371247
793.813747
751.871404
723.229913
697.066124
659.889179
634.962919
607.224849
577.074229
552.578493
524.423162
502.540460
470.377690
449.067581
428.548054
411.698408
396.969972
374.578944
355.953271
340.152086
320.884093
305.931331
292.154318
276.937516
266.996233
252.900380
245.575445
237.738129
225.200828
214.367981
202.401581
195.440266
184.932365
174.337803
162.634150
153.063325
149.305775
138.929895
129.335572
122.431184
118.278310
116.899121
111.423216
105.027648
99.475992
94.227995
94.039257
88.467865
82.363366
76.916007
75.792752
69.826806
65.809154
62.865156
56.944466
53.552917
49.150855
44.754227
43.049233
42.920166
41.171418
38.379357
34.477314
30.933658
29.503511
27.472663
26.271037
24.232844
22.510813
21.675926
20.085124
19.686616
20.156024
17.639725
17.506203
16.529226
15.563047
14.095354
13.490384
13.610234
12.986320
11.166343
9.869636
8.239629
7.628582
6.005274
5.281474
4.589701
4.048157
3.215232
3.263952
3.231525
2.788261
2.204770
1.700318
2.035856
1.636543
1.775928
1.712427
1.248139
1.232002
1.185933
1.718731
1.652459
1.808551
1.916338
1.647018
1.369426
0.901637
0.827631
0.488905
0.326137
0.285027
0.245628
0.165089
0.208649
0.255885
0.295591
0.102184
0.249838
0.176174
0.233766
0.196071
0.193444
0.140448
0.122131
0.031836
0.000000
0.000000
0.000000
0.000000
0.000000
0.000000
0.000000
0.000000
0.000000
0.000000
0.000000
0.000000
0.000000
0.000000
0.000000
0.000000
0.000000
0.000000
0.000000
0.000000
0.000000
0.000000
0.000000
0.000000
0.000000
0.000000
0.000000
0.000000
0.000000
0.000000
0.000000
0.000000
0.000000
0.000000
0.000000
0.000000
0.000000
0.000000
0.000000
0.000000
0.000000
0.000000
0.000000
0.000000
0.000000
0.000000
0.000000
0.000000
0.000000
0.000000
0.000000
0.000000
0.000000
0.000000
0.000000
0.000000
0.000000
0.000000
0.000000
0.000000
0.000000
0.000000
0.000000
0.000000
0.000000
0.000000
0.000000
0.000000
0.000000
0.000000
0.000000
0.000000
0.000000
0.000000
0.000000
0.000000
0.000000
0.000000
0.000000
0.000000
0.000000
0.000000
0.000000
0.000000
0.000000
0.000000
0.000000
0.000000
0.000000
0.000000
0.000000
0.000000
0.000000
0.000000
0.000000
0.000000
0.000000
0.000000
0.000000
0.000000
0.000000
0.000000
0.000000
0.000000
0.000000
0.000000
0.000000
0.000000
0.000000
0.000000
0.000000
0.000000
0.000000
0.000000
0.000000
0.000000
0.000000
0.000000
0.000000
0.000000
0.000000
0.000000
0.000000
0.000000
0.000000
0.000000
0.000000
0.000000
0.000000
0.000000
0.000000
0.000000
0.000000
0.000000
0.000000
0.000000
0.000000
0.000000
0.000000
0.000000
0.000000
0.000000
0.000000
0.000000
0.000000
0.000000
0.000000
0.000000
0.000000
0.000000
0.000000
0.000000
0.000000
0.000000
0.000000
0.000000
0.000000
0.000000
0.000000
0.000000
0.000000
0.000000
0.000000
0.000000
0.000000
0.000000
0.000000
0.000000
0.000000
0.000000
0.000000
0.000000
0.000000
0.000000
0.000000
0.000000
0.000000
0.000000
0.000000
0.000000
0.000000
0.000000
0.000000
0.000000
0.000000
0.000000
0.000000
0.000000
0.000000
0.000000
0.000000
0.000000
0.000000
0.000000
0.000000
0.000000
0.000000
0.000000
0.000000
0.000000
0.000000
0.000000
0.000000
0.000000
0.000000
0.000000
0.000000
0.000000
0.000000
0.000000
0.000000
0.000000
0.000000
0.000000
0.000000
0.000000
0.000000
0.000000
0.000000
0.000000
0.000000
0.000000
0.000000
0.000000
0.000000
0.000000
0.000000
0.000000
0.000000
0.000000
0.000000
0.000000
0.000000
0.000000
0.000000
0.000000
0.000000
0.000000
0.000000
0.000000
0.000000
0.000000
0.000000
0.000000
0.000000
0.000000
0.000000
0.000000
0.000000
0.000000
0.000000
0.000000
0.000000
0.000000
0.000000
0.000000
0.000000
0.000000
0.000000
0.000000
0.000000
0.000000
0.000000
0.000000
0.000000
0.000000
0.000000
0.000000
0.000000
0.000000
0.000000
0.000000
0.000000
0.000000
0.000000
0.000000
0.000000
0.000000
0.000000
0.000000
0.000000
0.000000
0.000000
0.000000
0.000000
0.000000
0.000000
0.000000
0.000000
0.000000
0.000000
0.000000
0.000000
0.000000
0.000000
0.000000
0.000000
0.000000
0.000000
0.000000
0.000000
0.000000
0.000000
0.000000
0.000000
0.000000
0.000000
0.000000
0.000000
0.000000
0.000000
0.000000
0.000000
0.000000
0.000000
0.000000
0.000000
0.000000
0.000000
0.000000
0.000000
0.000000
0.000000
0.000000
0.000000
0.000000
0.000000
0.000000
0.000000
0.000000
0.000000
0.000000
0.000000
0.000000
0.000000
0.000000
0.000000
0.000000
0.000000
0.000000
0.000000
0.000000
0.000000
0.000000
0.000000
0.000000
0.000000
0.000000
0.000000
0.000000
0.000000
0.000000
0.000000
0.000000
0.000000
0.000000
0.000000
0.000000
0.000000
0.000000
0.000000
0.000000
0.000000
0.000000
0.000000
0.000000
0.000000
0.000000
0.000000
0.000000
0.000000
0.000000
0.000000
0.000000
0.000000
0.000000
0.000000
0.000000
0.000000
0.000000
0.000000
0.000000
0.000000
0.000000
0.000000
0.000000
0.000000
0.000000
0.000000
0.000000
0.000000
0.000000
0.000000
0.000000
0.000000
0.000000
0.000000
0.000000
0.000000
0.000000
0.000000
0.000000
0.000000
0.000000
0.000000
0.000000
0.000000
0.000000
0.000000
0.000000
0.000000
0.000000
0.000000
0.000000
0.000000
0.000000
0.000000
0.000000
0.000000
0.000000
0.000000
0.000000
0.000000
0.000000
0.000000
0.000000
0.000000
0.000000
0.000000
0.000000
0.000000
0.000000
0.000000
0.000000
0.000000
0.000000
0.000000
0.000000
0.000000
0.000000
0.000000
0.000000
0.000000
0.000000
0.000000
0.000000
0.000000
0.000000
0.000000
0.000000
0.000000
0.000000
0.000000
0.000000
0.000000
0.000000
0.000000
0.000000
0.000000
0.000000
0.000000
0.000000
0.000000
0.000000
0.000000
0.000000
0.000000
0.000000
0.000000
0.000000
0.000000
0.000000
0.000000
0.000000
0.000000
0.000000
0.000000
0.000000
0.000000
0.000000
0.000000
0.000000
0.000000
0.000000
0.000000
0.000000
0.000000
0.000000
0.000000
0.000000
0.000000
0.000000
0.000000
0.000000
0.000000
0.000000
0.000000
0.000000
0.000000
0.000000
0.000000
0.000000
0.000000
0.000000
0.000000
0.000000
0.000000
0.000000
0.000000
0.000000
0.000000
0.000000
0.000000
0.000000
0.000000
0.000000
0.000000
0.000000
0.000000
0.000000
0.000000
0.000000
0.000000
0.000000
0.000000
0.000000
0.000000
0.000000
0.000000
0.000000
0.000000
0.000000
0.000000
0.000000
0.000000
0.000000
0.000000
0.000000
0.000000
0.000000
0.000000
0.000000
0.000000
0.000000
0.000000
0.000000
0.000000
0.000000
0.000000
0.000000
0.000000
0.000000
0.000000
0.000000
0.000000
0.000000
0.000000
0.000000
0.000000
0.000000
0.000000
0.000000
0.000000
0.000000
0.000000
0.000000
