0.000000
0.000000
0.000000
0.000000
0.000000
0.000000
0.000000
0.010082
0.023500
0.094508
0.323002
0.581959
1.081677
1.799934
3.194694
5.364450
9.097837
14.853742
24.095049
37.270118
55.676208
82.185805
119.622811
168.069125
231.269836
318.246662
428.955720
567.787655
746.619131
965.609457
1233.173075
1563.082705
1949.078126
2413.303127
2959.721925
3592.190042
4333.702905
5181.092654
6141.037303
7228.131974
8435.158902
9782.084375
11282.243566
12929.615855
14728.188510
16675.414584
18790.430481
21047.146247
23478.322034
26048.679062
28750.729352
31604.776002
34599.094586
37701.085560
40949.588744
44322.298924
47801.357377
51348.121007
54977.665635
58671.735416
62411.061239
66219.828560
70025.005179
73855.650547
77681.376450
81495.209415
85250.045782
88959.984674
92632.353785
96249.485192
99755.089242
103162.898465
106460.505123
109644.530146
112693.500667
115601.277492
118343.082362
120970.774747
123435.376402
125744.911590
127831.017034
129753.388291
131506.305502
133081.415642
134471.774626
135673.983504
136738.738160
137569.225177
138262.982518
138749.976617
139078.417580
139209.033970
139194.995169
138988.631801
138632.679178
138118.990009
137440.155426
136623.508237
135661.654010
134556.432119
133346.470747
132011.100371
130530.909862
128968.638053
127261.399873
125502.082436
123632.282419
121708.717083
119679.309896
117599.583724
115467.076444
113264.768963
111042.328296
108717.638629
106373.345811
104021.942441
101645.288341
99251.795980
96862.914402
94471.199597
92043.035107
89606.274356
87204.455146
84784.525503
82369.325498
79971.100161
77605.076582
75256.856270
72929.137909
70629.786221
68363.473298
66123.015964
63900.273429
61716.883760
59575.804963
57462.504092
55401.183389
53385.740265
51404.581800
49464.661936
47592.867614
45761.632143
43972.861966
42227.412962
40526.712707
38864.822862
37256.403412
35691.416764
34182.065800
32714.649356
31294.257385
29915.315072
28570.327089
27284.117991
26041.097199
24839.148580
23682.779821
22574.705561
21510.159841
20483.353044
19483.702604
18523.018614
17613.751027
16734.478643
15904.652641
15097.476695
14320.966276
13576.856515
12866.413392
12184.793273
11537.080556
10920.221379
10327.652437
9756.130371
9217.543391
8707.110873
8220.338648
7757.595709
7312.110463
6895.396107
6497.269138
6121.983889
5767.106981
5425.145775
5099.739326
4799.058886
4505.826555
4233.060549
3972.027300
3728.635299
3500.566420
3280.911521
3073.495861
2877.142429
2693.507386
2520.025599
2357.380136
2204.533262
2057.283303
1922.585227
1795.149738
1673.981304
1560.097834
1452.739152
1352.481391
1257.815124
1169.770066
1086.852017
1011.885776
939.013371
874.246076
811.918714
752.534418
698.091489
647.753602
599.691449
556.638486
514.943988
476.350371
441.206752
409.114752
378.592549
348.707107
322.089600
297.225568
274.079616
252.745427
232.532794
214.782594
198.084155
182.122958
167.332558
153.661798
141.652302
130.521822
119.645885
110.327307
101.414009
92.716481
84.929971
77.994637
71.348976
65.610855
60.247804
55.240202
50.790252
46.892754
42.786210
39.165575
35.732136
32.674008
29.752754
27.259664
25.223746
23.461612
21.636043
19.926569
18.060581
16.528705
15.080712
13.923424
12.614159
11.631328
10.624764
9.727054
8.876561
8.155904
7.425656
6.769525
6.219341
5.771549
5.367452
4.970497
4.563511
4.081378
3.830994
3.558941
3.322101
3.089158
2.883268
2.673570
2.421183
2.258106
2.118403
1.953623
1.757705
1.603542
1.438331
1.303308
1.164072
1.044005
0.981358
0.901663
0.809388
0.736307
0.676715
0.603068
0.526258
0.475699
0.404629
0.379159
0.367878
0.337516
0.291528
0.273373
0.252998
0.218289
0.180121
0.162055
0.142778
0.127051
0.108891
0.086820
0.075938
0.059647
0.053824
0.042116
0.033833
0.025492
0.021574
0.022178
0.019526
0.019232
0.015882
0.010947
0.011182
0.008050
0.003365
0.005444
0.002976
0.001944
0.002911
0.003308
0.005631
0.003128
0.003325
0.001843
0.001079
0.000316
0.000000
0.000000
0.000000
0.000000
0.000000
0.000000
0.000000
0.000000
0.000000
0.000000
0.000000
0.000000
0.000000
0.000000
0.000000
0.000000
0.000000
0.000000
0.000000
0.000000
0.000000
0.000000
0.000000
0.000000
0.000000
0.000000
0.000000
0.000000
0.000000
0.000000
0.000000
0.000000
0.000000
0.000000
0.000000
0.000000
0.000000
0.000000
0.000000
0.000000
0.000000
0.000000
0.000000
0.000000
0.000000
0.000000
0.000000
0.000000
0.000000
0.000000
0.000000
0.000000
0.000000
0.000000
0.000000
0.000000
0.000000
0.000000
0.000000
0.000000
0.000000
0.000000
0.000000
0.000000
0.000000
0.000000
0.000000
0.000000
0.000000
0.000000
0.000000
0.000000
0.000000
0.000000
0.000000
0.000000
0.000000
0.000000
0.000000
0.000000
0.000000
0.000000
0.000000
0.000000
0.000000
0.000000
0.000000
0.000000
0.000000
0.000000
0.000000
0.000000
0.000000
0.000000
0.000000
0.000000
0.000000
0.000000
0.000000
0.000000
0.000000
0.000000
0.000000
0.000000
0.000000
0.000000
0.000000
0.000000
0.000000
0.000000
0.000000
0.000000
0.000000
0.000000
0.000000
0.000000
0.000000
0.000000
0.000000
0.000000
0.000000
0.000000
0.000000
0.000000
0.000000
0.000000
0.000000
0.000000
0.000000
0.000000
0.000000
0.000000
0.000000
0.000000
0.000000
0.000000
0.000000
0.000000
0.000000
0.000000
0.000000
0.000000
0.000000
0.000000
0.000000
0.000000
0.000000
0.000000
0.000000
0.000000
0.000000
0.000000
0.000000
0.000000
0.000000
0.000000
0.000000
0.000000
0.000000
0.000000
0.000000
0.000000
0.000000
0.000000
0.000000
0.000000
0.000000
0.000000
0.000000
0.000000
0.000000
0.000000
0.000000
0.000000
0.000000
0.000000
0.000000
0.000000
0.000000
0.000000
0.000000
0.000000
0.000000
0.000000
0.000000
0.000000
0.000000
0.000000
0.000000
0.000000
0.000000
0.000000
0.000000
0.000000
0.000000
0.000000
0.000000
0.000000
0.000000
0.000000
0.000000
0.000000
0.000000
0.000000
0.000000
0.000000
0.000000
0.000000
0.000000
0.000000
0.000000
0.000000
0.000000
0.000000
0.000000
0.000000
0.000000
0.000000
0.000000
0.000000
0.000000
0.000000
0.000000
0.000000
0.000000
0.000000
0.000000
0.000000
0.000000
0.000000
0.000000
0.000000
0.000000
0.000000
0.000000
0.000000
0.000000
0.000000
0.000000
0.000000
0.000000
0.000000
0.000000
0.000000
0.000000
0.000000
0.000000
0.000000
0.000000
0.000000
0.000000
0.000000
0.000000
0.000000
0.000000
0.000000
0.000000
0.000000
0.000000
0.000000
0.000000
0.000000
0.000000
0.000000
0.000000
0.000000
0.000000
0.000000
0.000000
0.000000
0.000000
0.000000
0.000000
0.000000
0.000000
0.000000
0.000000
0.000000
0.000000
0.000000
0.000000
0.000000
0.000000
0.000000
0.000000
0.000000
0.000000
0.000000
0.000000
0.000000
0.000000
0.000000
0.000000
0.000000
0.000000
0.000000
0.000000
0.000000
0.000000
0.000000
0.000000
0.000000
0.000000
0.000000
0.000000
0.000000
0.000000
0.000000
0.000000
0.000000
0.000000
0.000000
0.000000
0.000000
0.000000
0.000000
0.000000
0.000000
0.000000
0.000000
0.000000
0.000000
0.000000
0.000000
0.000000
0.000000
0.000000
0.000000
0.000000
0.000000
0.000000
0.000000
0.000000
0.000000
0.000000
0.000000
0.000000
0.000000
0.000000
0.000000
0.000000
0.000000
0.000000
0.000000
0.000000
0.000000
0.000000
0.000000
0.000000
0.000000
0.000000
0.000000
0.000000
0.000000
0.000000
0.000000
0.000000
0.000000
0.000000
0.000000
0.000000
0.000000
0.000000
0.000000
0.000000
0.000000
0.000000
0.000000
0.000000
0.000000
0.000000
0.000000
0.000000
0.000000
0.000000
0.000000
0.000000
0.000000
0.000000
0.000000
0.000000
0.000000
0.000000
0.000000
0.000000
0.000000
0.000000
0.000000
0.000000
0.000000
0.000000
0.000000
0.000000
0.000000
0.000000
0.000000
0.000000
0.000000
0.000000
0.000000
0.000000
0.000000
0.000000
0.000000
0.000000
0.000000
0.000000
0.000000
0.000000
0.000000
0.000000
0.000000
0.000000
0.000000
0.000000
0.000000
0.000000
0.000000
0.000000
0.000000
0.000000
0.000000
0.000000
0.000000
0.000000
0.000000
0.000000
0.000000
0.000000
0.000000
0.000000
0.000000
0.000000
0.000000
0.000000
0.000000
0.000000
0.000000
0.000000
0.000000
0.000000
0.000000
0.000000
0.000000
0.000000
0.000000
0.000000
0.000000
0.000000
0.000000
0.000000
0.000000
0.000000
0.000000
0.000000
0.000000
0.000000
0.000000
0.000000
0.000000
0.000000
0.000000
0.000000
0.000000
0.000000
0.000000
0.000000
0.000000
0.000000
0.000000
0.000000
0.000000
0.000000
0.000000
0.000000
0.000000
0.000000
0.000000
0.000000
0.000000
0.000000
0.000000
0.000000
0.000000
0.000000
0.000000
0.000000
0.000000
0.000000
0.000000
0.000000
0.000000
0.000000
0.000000
0.000000
0.000000
0.000000
0.000000
0.000000
0.000000
0.000000
0.000000
0.000000
0.000000
0.000000
0.000000
0.000000
0.000000
0.000000
0.000000
0.000000
0.000000
0.000000
0.000000
0.000000
0.000000
0.000000
0.000000
0.000000
0.000000
0.000000
0.000000
0.000000
0.000000
0.000000
0.000000
0.000000
0.000000
0.000000
0.000000
0.000000
0.000000
0.000000
0.000000
0.000000
0.000000
0.000000
0.000000
0.000000
0.000000
0.000000
0.000000
0.000000
0.000000
0.000000
0.000000
0.000000
0.000000
0.000000
0.000000
0.000000
0.000000
0.000000
0.000000
0.000000
0.000000
0.000000
0.000000
0.000000
0.000000
0.000000
0.000000
0.000000
0.000000
0.000000
0.000000
0.000000
0.000000
0.000000
0.000000
0.000000
0.000000
0.000000
0.000000
0.000000
0.000000
0.000000
0.000000
0.000000
0.000000
0.000000
0.000000
0.000000
0.000000
0.000000
0.000000
0.000000
0.000000
0.000000
0.000000
0.000000
0.000000
0.000000
0.000000
0.000000
0.000000
0.000000
0.000000
0.000000
0.000000
0.000000
0.000000
0.000000
0.000000
0.000000
0.000000
0.000000
0.000000
0.000000
0.000000
0.000000
0.000000
0.000000
0.000000
0.000000
0.000000
0.000000
0.000000
0.000000
0.000000
0.000000
0.000000
0.000000
0.000000
0.000000
0.000000
0.000000
0.000000
0.000000
0.000000
0.000000
0.000000
0.000000
0.000000
0.000000
0.000000
0.000000
0.000000
0.000000
0.000000
0.000000
0.000000
0.000000
0.000000
0.000000
0.000000
0.000000
0.000000
0.000000
0.000000
0.000000
0.000000
0.000000
0.000000
0.000000
0.000000
0.000000
0.000000
0.000000
0.000000
0.000000
0.000000
