0.000000
0.000000
0.005734
0.067282
0.238204
0.449275
1.189132
2.609805
5.722598
11.070134
20.925815
37.664756
62.919545
100.081918
158.127836
236.466006
348.139295
498.900608
693.833869
939.998771
1258.109193
1644.691436
2123.554110
2701.848869
3383.152526
4175.480861
5095.213000
6143.661479
7337.171835
8683.215879
10160.259921
11798.102246
13574.476690
15496.631807
17577.809449
19763.638909
22084.811950
24529.126855
27093.247725
29758.974544
32514.625165
35330.095342
38208.569414
41147.518014
44125.062726
47115.260306
50109.902581
53109.357040
56103.863145
59069.249287
61988.294015
64846.006943
67662.156265
70419.381566
73089.270279
75686.726806
78189.131771
80598.795467
82923.074524
85152.526802
87262.377985
89251.351754
91160.712885
92947.008854
94603.885916
96171.910632
97614.996828
98941.337147
100145.157603
101250.430951
102264.573250
103147.621126
103960.319065
104665.133494
105234.481946
105733.907831
106147.584771
106453.945458
106621.248320
106785.182798
106844.887322
106810.527610
106677.386710
106521.542656
106280.887146
105990.320835
105605.741976
105151.234604
104645.224934
104114.944075
103491.109034
102835.108085
102117.776765
101353.899880
100579.464880
99764.840131
98912.939049
98032.522459
97086.921284
96137.151634
95146.373288
94137.293459
93114.754793
92071.721172
90962.447758
89872.283109
88762.934045
87650.841928
86521.719357
85381.759585
84230.308340
83078.148238
81878.333886
80724.244253
79548.268368
78380.027682
77174.942181
75961.129072
74751.195157
73551.062929
72334.649147
71126.539420
69933.255149
68743.426823
67540.180740
66334.662295
65137.973270
63937.162077
62742.351517
61547.101130
60363.590794
59208.659675
58048.525142
56887.125842
55733.631297
54587.813068
53468.239701
52320.068872
51202.401269
50076.579966
48964.137898
47881.356441
46799.279797
45727.179563
44663.385360
43615.459803
42573.126657
41535.748549
40515.815711
39517.199074
38515.467489
37526.993192
36574.824197
35628.437079
34694.046786
33787.096373
32878.878771
31975.104323
31093.551973
30231.143919
29383.269970
28539.058630
27714.815334
26906.324392
26112.845408
25317.980115
24550.562856
23808.172066
23068.454241
22342.656246
21642.716913
20943.668801
20267.460447
19616.731196
18965.838243
18333.821316
17715.231036
17118.913818
16523.309482
15951.362659
15399.547890
14856.186529
14328.798791
13813.768932
13306.902337
12822.190342
12352.000719
11887.746874
11440.933088
11005.058573
10581.735046
10169.586121
9779.825543
9392.774056
9017.687844
8659.556009
8309.992903
7967.314098
7639.477421
7315.074987
7007.203899
6712.334431
6426.702982
6145.816033
5878.397870
5619.629379
5372.043403
5130.236701
4899.842989
4677.137329
4458.898860
4252.155125
4052.939233
3858.782524
3673.235484
3494.691335
3327.356562
3164.849086
3010.003285
2862.198230
2718.347102
2583.720330
2453.094880
2324.819497
2204.962877
2093.669922
1982.389868
1878.312134
1777.958680
1681.981070
1591.362265
1505.699223
1423.535668
1346.689560
1272.006824
1200.436557
1131.718606
1067.330721
1005.874503
947.634137
892.560758
839.932783
789.592378
741.824998
698.216899
655.888668
615.091999
577.178007
540.420976
506.218430
474.873412
444.738473
416.999680
390.064637
365.043661
341.467951
320.442091
299.108659
278.273150
260.652587
243.695204
227.444580
212.218534
198.417787
184.775415
172.132510
159.963289
149.004470
138.461184
128.228735
119.517725
110.715931
102.695687
95.489275
88.641929
82.777131
77.136607
71.371186
66.066964
60.885976
56.516666
52.554410
48.607498
45.206612
41.945411
38.523578
35.587160
32.586308
29.952182
27.728853
25.593623
23.344439
21.485619
19.747979
18.053871
16.385144
14.929195
13.631463
12.400636
11.188980
10.227667
9.381762
8.616976
7.839332
7.236169
6.502859
5.967766
5.387589
4.855950
4.446250
4.011974
3.675279
3.342813
2.999717
2.798345
2.477893
2.179297
1.973079
1.688750
1.520944
1.388763
1.213937
1.048946
0.953715
0.830228
0.723793
0.664882
0.560184
0.526534
0.499569
0.444862
0.404020
0.356282
0.349860
0.309401
0.273243
0.251324
0.214837
0.194335
0.175302
0.157111
0.146914
0.137505
0.124962
0.116266
0.105903
0.096574
0.079760
0.075981
0.073001
0.071309
0.064316
0.060022
0.058138
0.054192
0.047126
0.040267
0.034082
0.038134
0.037883
0.037711
0.038382
0.032292
0.026933
0.025619
0.023504
0.017020
0.009613
0.008889
0.009860
0.007989
0.008550
0.006391
0.008497
0.007570
0.008504
0.008039
0.005415
0.005263
0.002831
0.001026
0.000226
0.000000
0.000000
0.000000
0.000000
0.000000
0.000000
0.000000
0.000000
0.000000
0.000000
0.000000
0.000000
0.000000
0.000000
0.000000
0.000000
0.000000
0.000000
0.000000
0.000000
0.000000
0.000000
0.000000
0.000000
0.000000
0.000000
0.000000
0.000000
0.000000
0.000000
0.000000
0.000000
0.000000
0.000000
0.000000
0.000000
0.000000
0.000000
0.000000
0.000000
0.000000
0.000000
0.000000
0.000000
0.000000
0.000000
0.000000
0.000000
0.000000
0.000000
0.000000
0.000000
0.000000
0.000000
0.000000
0.000000
0.000000
0.000000
0.000000
0.000000
0.000000
0.000000
0.000000
0.000000
0.000000
0.000000
0.000000
0.000000
0.000000
0.000000
0.000000
0.000000
0.000000
0.000000
0.000000
0.000000
0.000000
0.000000
0.000000
0.000000
0.000000
0.000000
0.000000
0.000000
0.000000
0.000000
0.000000
0.000000
0.000000
0.000000
0.000000
0.000000
0.000000
0.000000
0.000000
0.000000
0.000000
0.000000
0.000000
0.000000
0.000000
0.000000
0.000000
0.000000
0.000000
0.000000
0.000000
0.000000
0.000000
0.000000
0.000000
0.000000
0.000000
0.000000
0.000000
0.000000
0.000000
0.000000
0.000000
0.000000
0.000000
0.000000
0.000000
0.000000
0.000000
0.000000
0.000000
0.000000
0.000000
0.000000
0.000000
0.000000
0.000000
0.000000
0.000000
0.000000
0.000000
0.000000
0.000000
0.000000
0.000000
0.000000
0.000000
0.000000
0.000000
0.000000
0.000000
0.000000
0.000000
0.000000
0.000000
0.000000
0.000000
0.000000
0.000000
0.000000
0.000000
0.000000
0.000000
0.000000
0.000000
0.000000
0.000000
0.000000
0.000000
0.000000
0.000000
0.000000
0.000000
0.000000
0.000000
0.000000
0.000000
0.000000
0.000000
0.000000
0.000000
0.000000
0.000000
0.000000
0.000000
0.000000
0.000000
0.000000
0.000000
0.000000
0.000000
0.000000
0.000000
0.000000
0.000000
0.000000
0.000000
0.000000
0.000000
0.000000
0.000000
0.000000
0.000000
0.000000
0.000000
0.000000
0.000000
0.000000
0.000000
0.000000
0.000000
0.000000
0.000000
0.000000
0.000000
0.000000
0.000000
0.000000
0.000000
0.000000
0.000000
0.000000
0.000000
0.000000
0.000000
0.000000
0.000000
0.000000
0.000000
0.000000
0.000000
0.000000
0.000000
0.000000
0.000000
0.000000
0.000000
0.000000
0.000000
0.000000
0.000000
0.000000
0.000000
0.000000
0.000000
0.000000
0.000000
0.000000
0.000000
0.000000
0.000000
0.000000
0.000000
0.000000
0.000000
0.000000
0.000000
0.000000
0.000000
0.000000
0.000000
0.000000
0.000000
0.000000
0.000000
0.000000
0.000000
0.000000
0.000000
0.000000
0.000000
0.000000
0.000000
0.000000
0.000000
0.000000
0.000000
0.000000
0.000000
0.000000
0.000000
0.000000
0.000000
0.000000
0.000000
0.000000
0.000000
0.000000
0.000000
0.000000
0.000000
0.000000
0.000000
0.000000
0.000000
0.000000
0.000000
0.000000
0.000000
0.000000
0.000000
0.000000
0.000000
0.000000
0.000000
0.000000
0.000000
0.000000
0.000000
0.000000
0.000000
0.000000
0.000000
0.000000
0.000000
0.000000
0.000000
0.000000
0.000000
0.000000
0.000000
0.000000
0.000000
0.000000
0.000000
0.000000
0.000000
0.000000
0.000000
0.000000
0.000000
0.000000
0.000000
0.000000
0.000000
0.000000
0.000000
0.000000
0.000000
0.000000
0.000000
0.000000
0.000000
0.000000
0.000000
0.000000
0.000000
0.000000
0.000000
0.000000
0.000000
0.000000
0.000000
0.000000
0.000000
0.000000
0.000000
0.000000
0.000000
0.000000
0.000000
0.000000
0.000000
0.000000
0.000000
0.000000
0.000000
0.000000
0.000000
0.000000
0.000000
0.000000
0.000000
0.000000
0.000000
0.000000
0.000000
0.000000
0.000000
0.000000
0.000000
0.000000
0.000000
0.000000
0.000000
0.000000
0.000000
0.000000
0.000000
0.000000
0.000000
0.000000
0.000000
0.000000
0.000000
0.000000
0.000000
0.000000
0.000000
0.000000
0.000000
0.000000
0.000000
0.000000
0.000000
0.000000
0.000000
0.000000
0.000000
0.000000
0.000000
0.000000
0.000000
0.000000
0.000000
0.000000
0.000000
0.000000
0.000000
0.000000
0.000000
0.000000
0.000000
0.000000
0.000000
0.000000
0.000000
0.000000
0.000000
0.000000
0.000000
0.000000
0.000000
0.000000
0.000000
0.000000
0.000000
0.000000
0.000000
0.000000
0.000000
0.000000
0.000000
0.000000
0.000000
0.000000
0.000000
0.000000
0.000000
0.000000
0.000000
0.000000
0.000000
0.000000
0.000000
0.000000
0.000000
0.000000
0.000000
0.000000
0.000000
0.000000
0.000000
0.000000
0.000000
0.000000
0.000000
0.000000
0.000000
0.000000
0.000000
0.000000
0.000000
0.000000
0.000000
0.000000
0.000000
0.000000
0.000000
0.000000
0.000000
0.000000
0.000000
0.000000
0.000000
0.000000
0.000000
0.000000
0.000000
0.000000
0.000000
0.000000
0.000000
0.000000
0.000000
0.000000
0.000000
0.000000
0.000000
0.000000
0.000000
0.000000
0.000000
0.000000
0.000000
0.000000
0.000000
0.000000
0.000000
0.000000
0.000000
0.000000
0.000000
0.000000
0.000000
0.000000
0.000000
0.000000
0.000000
0.000000
0.000000
0.000000
0.000000
0.000000
0.000000
0.000000
0.000000
0.000000
0.000000
0.000000
0.000000
0.000000
0.000000
0.000000
0.000000
0.000000
0.000000
0.000000
0.000000
0.000000
0.000000
0.000000
0.000000
0.000000
0.000000
0.000000
0.000000
0.000000
0.000000
0.000000
0.000000
0.000000
0.000000
0.000000
0.000000
0.000000
0.000000
0.000000
0.000000
0.000000
0.000000
0.000000
0.000000
0.000000
0.000000
0.000000
0.000000
0.000000
0.000000
0.000000
0.000000
0.000000
0.000000
0.000000
0.000000
0.000000
0.000000
0.000000
0.000000
0.000000
0.000000
0.000000
0.000000
0.000000
0.000000
0.000000
0.000000
0.000000
0.000000
0.000000
0.000000
0.000000
0.000000
0.000000
0.000000
0.000000
0.000000
0.000000
0.000000
0.000000
0.000000
0.000000
0.000000
0.000000
0.000000
0.000000
0.000000
0.000000
0.000000
0.000000
0.000000
0.000000
0.000000
0.000000
0.000000
0.000000
0.000000
0.000000
0.000000
0.000000
0.000000
0.000000
0.000000
