0.000000
0.000000
0.000000
0.000000
3.178555
12.326342
31.837363
71.086086
142.360097
233.795421
383.957159
637.193884
958.568922
1330.747296
1845.948994
2398.858594
3176.581596
4224.177274
5352.570624
6620.175368
8087.453344
9801.751216
11523.904319
13587.916276
15762.599871
18286.566233
20712.259273
23367.285925
26123.393594
28933.025785
31720.862166
34526.744684
37229.351878
39789.221343
42725.680457
45707.774342
48335.751044
51086.686263
53824.315937
56324.132373
58484.926284
60673.645637
63050.893724
64990.095053
66858.256287
68703.859748
70129.183737
71593.765451
73092.756626
74594.766860
75672.780175
76970.976127
78069.545590
78855.093935
79663.211634
80311.893431
80783.788479
81412.198404
81763.463398
82230.288297
82477.785091
82812.540097
82867.496477
83106.531855
82928.355323
83018.738363
82871.706019
82921.932101
82813.762519
82600.815746
82215.032637
81808.422814
81755.486146
81240.921595
80693.123161
80361.953558
79815.551258
79405.619659
79044.810721
78600.603901
78251.144756
77774.479536
77158.725074
76778.461855
76599.842668
75990.334201
75241.178768
74804.592942
74398.880221
73754.580208
73236.080105
72561.747933
72010.664680
71456.244854
71043.475965
70430.223269
69678.128275
68835.639468
68298.900367
67751.991000
67276.620568
66551.136076
65881.127572
65274.924976
64473.686511
63786.811673
63025.947094
62399.063851
61832.790087
61117.608227
60583.812926
60100.439155
59461.991342
59124.241286
58541.325283
58026.627792
57487.589016
56908.531747
56299.817011
55746.732000
55204.243918
54553.294828
53984.031209
53395.373392
52870.181948
52233.182076
51691.480314
51164.780430
50614.393072
50065.070528
49493.347481
48908.232369
48445.913111
47890.181364
47350.003568
46812.409470
46196.520819
45478.587454
44891.502213
44423.911138
43921.446319
43472.832706
42939.203445
42469.786985
41988.650765
41571.013284
41034.311715
40539.757510
39951.572885
39514.177824
39102.835331
38591.351195
38151.805083
37764.886159
37162.466525
36697.024615
36226.329066
35828.303462
35432.952476
34935.513383
34436.779610
34010.449570
33528.634085
33047.613559
32488.136660
32025.912665
31703.779689
31289.182864
30796.327039
30362.577003
29852.512620
29507.750598
29102.579238
28640.366064
28196.850670
27798.348458
27341.243833
26984.440149
26529.476802
26151.445804
25738.944918
25266.978766
24917.287005
24493.044279
24041.039051
23660.352061
23210.599022
22876.365639
22521.068596
22203.888110
21726.345755
21408.092359
21051.726105
20682.813752
20366.038856
20038.562920
19623.531246
19223.508593
18874.144579
18507.643312
18164.623211
17794.561518
17459.621765
17278.257413
16934.944047
16569.448710
16227.587068
15883.100480
15612.324854
15332.628406
15059.850151
14738.238711
14498.802680
14180.831400
13948.971465
13636.592394
13329.764527
13050.605299
12842.898761
12588.703023
12322.995330
12023.944488
11728.729965
11457.199169
11182.874974
10873.433090
10598.235932
10393.958692
10120.345988
9898.453115
9667.335181
9398.298842
9112.276945
8940.163009
8725.532791
8493.825498
8281.148416
8056.046807
7920.877050
7714.829493
7506.554385
7289.611499
7127.488841
6888.150467
6690.819482
6488.208127
6317.758068
6167.137008
5973.001210
5740.102274
5564.086954
5407.088864
5271.779040
5130.583564
4981.232562
4847.651408
4710.917863
4572.232812
4444.059980
4302.613854
4179.006391
4100.050245
3981.465650
3863.748084
3731.763171
3625.158635
3506.535671
3394.835926
3317.047047
3192.003427
3073.607635
2956.345537
2857.774855
2749.929656
2669.599802
2568.532035
2480.294305
2397.855979
2315.675590
2226.880699
2161.640809
2069.072316
2020.604483
1952.231381
1874.208593
1802.475982
1741.235371
1663.366258
1619.935635
1574.683013
1520.807704
1481.016103
1440.743171
1379.406050
1331.635200
1302.431890
1241.002332
1180.755201
1135.367013
1088.576516
1073.037631
1027.385177
964.440751
936.733347
886.140418
845.122059
813.419222
781.132433
749.173210
705.597087
677.564141
650.427783
627.584670
605.978861
586.505790
564.507663
532.119920
505.713307
480.698704
465.349065
448.313529
427.580353
417.753305
393.033232
378.006705
370.887956
348.919812
335.272191
321.569696
309.406967
287.313602
269.752225
252.875728
241.258299
234.406338
222.605702
213.131067
207.502522
198.775671
192.002989
185.932595
179.384685
165.210047
157.745376
154.003050
141.134383
134.214076
127.168353
122.901964
118.253904
113.072658
105.141744
98.085266
93.620569
88.973339
83.217068
75.763951
74.150722
70.211689
65.623435
65.039596
61.196522
57.884263
55.974591
54.957434
55.350023
53.953953
51.269565
48.991029
49.051267
46.145562
43.520218
42.459402
41.661921
42.050530
41.494815
40.238337
38.717149
39.527096
37.404909
34.803306
30.099346
27.066990
26.451286
27.194578
26.122184
24.970035
23.514467
22.850948
20.489492
19.135648
18.545732
17.389471
17.678661
17.077296
15.857343
15.949153
14.733659
14.513408
14.149021
12.061639
12.519857
11.928438
12.067902
11.682798
9.906085
7.970566
8.320937
7.065297
6.832736
5.929474
5.329768
4.440383
4.000865
3.544292
3.246692
3.192385
2.675973
2.461704
2.068705
1.994476
2.129255
1.923927
1.727530
1.633015
1.660063
1.551828
2.147101
1.620137
1.137330
0.994689
1.073036
1.116749
0.735062
0.870667
0.706467
0.612247
0.741241
0.682148
0.698249
0.609204
0.635483
0.524227
0.613230
0.819093
0.753902
0.828138
0.711368
0.832681
0.748248
0.874147
1.136672
1.059421
1.007150
0.723653
0.742994
0.382168
0.302801
0.120391
0.006245
0.018710
0.027180
0.000000
0.000000
0.000000
0.000000
0.000000
0.000000
0.000000
0.000000
0.000000
0.000000
0.000000
0.000000
0.000000
0.000000
0.000000
0.000000
0.000000
0.000000
0.000000
0.000000
0.000000
0.000000
0.000000
0.000000
0.000000
0.000000
0.000000
0.000000
0.000000
0.000000
0.000000
0.000000
0.000000
0.000000
0.000000
0.000000
0.000000
0.000000
0.000000
0.000000
0.000000
0.000000
0.000000
0.000000
0.000000
0.000000
0.000000
0.000000
0.000000
0.000000
0.000000
0.000000
0.000000
0.000000
0.000000
0.000000
0.000000
0.000000
0.000000
0.000000
0.000000
0.000000
0.000000
0.000000
0.000000
0.000000
0.000000
0.000000
0.000000
0.000000
0.000000
0.000000
0.000000
0.000000
0.000000
0.000000
0.000000
0.000000
0.000000
0.000000
0.000000
0.000000
0.000000
0.000000
0.000000
0.000000
0.000000
0.000000
0.000000
0.000000
0.000000
0.000000
0.000000
0.000000
0.000000
0.000000
0.000000
0.000000
0.000000
0.000000
0.000000
0.000000
0.000000
0.000000
0.000000
0.000000
0.000000
0.000000
0.000000
0.000000
0.000000
0.000000
0.000000
0.000000
0.000000
0.000000
0.000000
0.000000
0.000000
0.000000
0.000000
0.000000
0.000000
0.000000
0.000000
0.000000
0.000000
0.000000
0.000000
0.000000
0.000000
0.000000
0.000000
0.000000
0.000000
0.000000
0.000000
0.000000
0.000000
0.000000
0.000000
0.000000
0.000000
0.000000
0.000000
0.000000
0.000000
0.000000
0.000000
0.000000
0.000000
0.000000
0.000000
0.000000
0.000000
0.000000
0.000000
0.000000
0.000000
0.000000
0.000000
0.000000
0.000000
0.000000
0.000000
0.000000
0.000000
0.000000
0.000000
0.000000
0.000000
0.000000
0.000000
0.000000
0.000000
0.000000
0.000000
0.000000
0.000000
0.000000
0.000000
0.000000
0.000000
0.000000
0.000000
0.000000
0.000000
0.000000
0.000000
0.000000
0.000000
0.000000
0.000000
0.000000
0.000000
0.000000
0.000000
0.000000
0.000000
0.000000
0.000000
0.000000
0.000000
0.000000
0.000000
0.000000
0.000000
0.000000
0.000000
0.000000
0.000000
0.000000
0.000000
0.000000
0.000000
0.000000
0.000000
0.000000
0.000000
0.000000
0.000000
0.000000
0.000000
0.000000
0.000000
0.000000
0.000000
0.000000
0.000000
0.000000
0.000000
0.000000
0.000000
0.000000
0.000000
0.000000
0.000000
0.000000
0.000000
0.000000
0.000000
0.000000
0.000000
0.000000
0.000000
0.000000
0.000000
0.000000
0.000000
0.000000
0.000000
0.000000
0.000000
0.000000
0.000000
0.000000
0.000000
0.000000
0.000000
0.000000
0.000000
0.000000
0.000000
0.000000
0.000000
0.000000
0.000000
0.000000
0.000000
0.000000
0.000000
0.000000
0.000000
0.000000
0.000000
0.000000
0.000000
0.000000
0.000000
0.000000
0.000000
0.000000
0.000000
0.000000
0.000000
0.000000
0.000000
0.000000
0.000000
0.000000
0.000000
0.000000
0.000000
0.000000
0.000000
0.000000
0.000000
0.000000
0.000000
0.000000
0.000000
0.000000
0.000000
0.000000
0.000000
0.000000
0.000000
0.000000
0.000000
0.000000
0.000000
0.000000
0.000000
0.000000
0.000000
0.000000
0.000000
0.000000
0.000000
0.000000
0.000000
0.000000
0.000000
0.000000
0.000000
0.000000
0.000000
0.000000
0.000000
0.000000
0.000000
0.000000
0.000000
0.000000
0.000000
0.000000
0.000000
0.000000
0.000000
0.000000
0.000000
0.000000
0.000000
0.000000
0.000000
0.000000
0.000000
0.000000
0.000000
0.000000
0.000000
0.000000
0.000000
0.000000
0.000000
0.000000
0.000000
0.000000
0.000000
0.000000
0.000000
0.000000
0.000000
0.000000
0.000000
0.000000
0.000000
0.000000
0.000000
0.000000
0.000000
0.000000
0.000000
0.000000
0.000000
0.000000
0.000000
0.000000
0.000000
0.000000
0.000000
0.000000
0.000000
0.000000
0.000000
0.000000
0.000000
0.000000
0.000000
0.000000
0.000000
0.000000
0.000000
0.000000
0.000000
0.000000
0.000000
0.000000
0.000000
0.000000
0.000000
0.000000
0.000000
0.000000
0.000000
0.000000
0.000000
0.000000
0.000000
0.000000
0.000000
0.000000
0.000000
0.000000
0.000000
0.000000
0.000000
0.000000
0.000000
0.000000
0.000000
0.000000
0.000000
0.000000
0.000000
0.000000
0.000000
0.000000
0.000000
0.000000
0.000000
0.000000
0.000000
0.000000
0.000000
0.000000
0.000000
0.000000
0.000000
0.000000
0.000000
0.000000
0.000000
0.000000
0.000000
0.000000
0.000000
0.000000
0.000000
0.000000
0.000000
0.000000
0.000000
0.000000
0.000000
0.000000
0.000000
0.000000
0.000000
0.000000
0.000000
0.000000
0.000000
0.000000
0.000000
0.000000
0.000000
0.000000
0.000000
0.000000
0.000000
0.000000
0.000000
0.000000
0.000000
0.000000
0.000000
0.000000
0.000000
0.000000
0.000000
0.000000
0.000000
0.000000
0.000000
0.000000
0.000000
0.000000
0.000000
0.000000
0.000000
0.000000
0.000000
0.000000
0.000000
0.000000
0.000000
0.000000
0.000000
0.000000
0.000000
0.000000
0.000000
0.000000
0.000000
0.000000
0.000000
0.000000
0.000000
0.000000
0.000000
0.000000
0.000000
0.000000
0.000000
0.000000
0.000000
0.000000
0.000000
0.000000
0.000000
0.000000
0.000000
0.000000
0.000000
0.000000
0.000000
0.000000
0.000000
0.000000
0.000000
0.000000
0.000000
0.000000
0.000000
0.000000
0.000000
0.000000
0.000000
