0.000000
0.000000
0.000000
0.000000
0.000000
0.000000
0.000000
0.017515
0.066431
0.157020
0.829854
2.538315
6.651814
15.719029
35.896131
80.169415
155.199532
307.198835
564.521416
999.968117
1707.741939
2791.064931
4382.556215
6703.048539
9894.778030
14218.453064
19854.333406
27011.330545
35865.827839
46486.459250
58985.554386
73189.847895
89165.547265
106577.261940
125171.654583
144596.155231
164419.470110
184093.101952
203258.816903
221327.064504
238025.932288
252784.514492
265571.337666
275702.154694
283474.627442
288543.702313
291079.652695
290954.022502
288584.950038
283898.145421
277388.745854
269115.299319
259514.947291
248732.912832
237072.194482
224751.249971
212160.336575
199255.468897
186443.731837
173726.584481
161389.534702
149424.839987
137958.654776
127068.589848
116781.183105
107150.211542
98133.499206
89769.346353
82033.973215
74880.490299
68330.181409
62349.774079
56870.055657
51899.807116
47365.132405
43268.758847
39542.210625
36197.688462
33194.636333
30470.531908
28054.935592
25872.201396
23912.615177
22152.764212
20586.301338
19189.470388
17934.466462
16815.776362
15819.971905
14939.918951
14160.615808
13481.165048
12876.399529
12363.604297
11898.738554
11523.136220
11180.797512
10914.733479
10677.204310
10503.195481
10358.855966
10269.674228
10194.922385
10178.416823
10190.254811
10238.286141
10319.636681
10440.534761
10582.919170
10756.160227
10962.162228
11206.117405
11465.923101
11766.275802
12090.247064
12444.695323
12836.945627
13244.944042
13684.363475
14141.294837
14636.856300
15145.219706
15688.514535
16236.624874
16815.669119
17404.072555
18008.438504
18632.178105
19252.656251
19877.480091
20512.798411
21138.851503
21760.291171
22368.075193
22969.482525
23551.575191
24108.861114
24626.854455
25120.073730
25577.882925
25984.828076
26346.504506
26663.556868
26918.673239
27115.418515
27249.430434
27323.484207
27321.267454
27265.295691
27140.225456
26939.762427
26668.418555
26336.547518
25934.762425
25467.651152
24943.141218
24371.674837
23729.252108
23049.479059
22324.436547
21559.785289
20758.104386
19931.190618
19081.720286
18209.909925
17328.054830
16441.003611
15553.897319
14670.268214
13794.593998
12929.929638
12087.525657
11262.031628
10460.731980
9686.200889
8942.507275
8228.700328
7551.221580
6908.417387
6300.454062
5726.072642
5189.015885
4688.235031
4220.900411
3788.906653
3391.428977
3024.104186
2691.989201
2383.955543
2109.763134
1857.804925
1632.840870
1431.342630
1248.650318
1087.727382
943.805617
816.628365
703.133349
605.289228
518.734277
443.267843
377.280821
321.659189
271.692019
229.546334
193.083469
162.380267
135.668029
113.370442
94.120138
78.049760
64.344583
53.282642
43.761947
35.849353
29.112689
23.945093
19.252938
15.679957
12.645850
10.297304
8.195074
6.578542
5.322663
4.191094
3.344404
2.619984
2.071466
1.614428
1.248740
0.990562
0.784821
0.603850
0.473352
0.366187
0.282809
0.210480
0.163884
0.123708
0.094211
0.071347
0.059583
0.042894
0.034540
0.026847
0.020571
0.018162
0.011666
0.011562
0.006811
0.006962
0.004457
0.003115
0.001754
0.001524
0.002435
0.000957
0.002376
0.000789
0.000620
0.000254
0.000315
0.000086
0.000062
0.000146
0.000136
0.000063
0.000184
0.000038
0.000105
0.000000
0.000107
0.000000
0.000000
0.000000
0.000000
0.000000
0.000000
0.000000
0.000000
0.000000
0.000000
0.000000
0.000000
0.000000
0.000000
0.000000
0.000000
0.000000
0.000000
0.000000
0.000000
0.000000
0.000000
0.000000
0.000000
0.000000
0.000000
0.000000
0.000000
0.000000
0.000000
0.000000
0.000000
0.000000
0.000000
0.000000
0.000000
0.000000
0.000000
0.000000
0.000000
0.000000
0.000000
0.000000
0.000000
0.000000
0.000000
0.000000
0.000000
0.000000
0.000000
0.000000
0.000000
0.000000
0.000000
0.000000
0.000000
0.000000
0.000000
0.000000
0.000000
0.000000
0.000000
0.000000
0.000000
0.000000
0.000000
0.000000
0.000000
0.000000
0.000000
0.000000
0.000000
0.000000
0.000000
0.000000
0.000000
0.000000
0.000000
0.000000
0.000000
0.000000
0.000000
0.000000
0.000000
0.000000
0.000000
0.000000
0.000000
0.000000
0.000000
0.000000
0.000000
0.000000
0.000000
0.000000
0.000000
0.000000
0.000000
0.000000
0.000000
0.000000
0.000000
0.000000
0.000000
0.000000
0.000000
0.000000
0.000000
0.000000
0.000000
0.000000
0.000000
0.000000
0.000000
0.000000
0.000000
0.000000
0.000000
0.000000
0.000000
0.000000
0.000000
0.000000
0.000000
0.000000
0.000000
0.000000
0.000000
0.000000
0.000000
0.000000
0.000000
0.000000
0.000000
0.000000
0.000000
0.000000
0.000000
0.000000
0.000000
0.000000
0.000000
0.000000
0.000000
0.000000
0.000000
0.000000
0.000000
0.000000
0.000000
0.000000
0.000000
0.000000
0.000000
0.000000
0.000000
0.000000
0.000000
0.000000
0.000000
0.000000
0.000000
0.000000
0.000000
0.000000
0.000000
0.000000
0.000000
0.000000
0.000000
0.000000
0.000000
0.000000
0.000000
0.000000
0.000000
0.000000
0.000000
0.000000
0.000000
0.000000
0.000000
0.000000
0.000000
0.000000
0.000000
0.000000
0.000000
0.000000
0.000000
0.000000
0.000000
0.000000
0.000000
0.000000
0.000000
0.000000
0.000000
0.000000
0.000000
0.000000
0.000000
0.000000
0.000000
0.000000
0.000000
0.000000
0.000000
0.000000
0.000000
0.000000
0.000000
0.000000
0.000000
0.000000
0.000000
0.000000
0.000000
0.000000
0.000000
0.000000
0.000000
0.000000
0.000000
0.000000
0.000000
0.000000
0.000000
0.000000
