0.000000
0.000000
0.000000
0.000000
0.000000
0.000000
0.000000
0.046967
0.073938
0.081791
0.220874
0.237597
0.475706
0.570526
1.055572
0.809124
1.015006
1.391332
1.393426
2.941603
4.986968
8.630210
15.041931
25.372345
39.949727
63.226947
90.836437
132.017947
193.909671
274.888104
380.513251
517.351552
684.255382
907.677743
1168.330571
1487.659160
1885.112830
2397.332932
2991.894938
3719.290624
4560.470380
5530.965843
6647.610429
7893.447373
9281.141505
10831.723220
12559.565748
14460.317635
16539.497321
18850.942136
21372.361310
24060.673588
26916.477982
30000.741197
33217.048688
36585.922474
40099.119865
43823.672417
47616.425775
51568.260182
55617.833464
59743.554626
63888.951529
68083.944642
72331.666814
76565.087287
80790.696242
84943.460922
89136.186111
93295.143294
97253.920637
101110.186215
104955.334603
108649.431228
112215.659849
115709.585408
119072.935343
122248.303275
125238.755358
128109.844401
130722.688978
133111.292750
135374.670590
137445.558448
139283.541494
140796.719156
142032.332595
143161.806767
143986.774324
144668.858161
145192.411262
145480.423578
145452.114684
145417.844644
145159.298817
144674.017059
144077.225845
143202.717495
142180.480829
141033.302198
139763.825845
138292.438197
136575.654262
134837.760065
133055.025887
131220.378518
129237.926964
127142.765342
124945.215634
122631.513658
120373.832551
118017.097904
115525.245587
113124.557787
110571.516870
107974.120637
105373.010529
102693.648972
100083.046172
97435.318736
94769.289997
92106.106041
89373.747355
86739.466767
84189.788075
81627.116619
79103.485145
76585.804443
74099.476792
71603.433579
69264.443027
66872.119449
64540.336851
62251.258365
60012.599797
57769.921776
55604.108692
53480.224556
51412.098007
49452.255743
47517.892252
45625.110950
43743.428203
41925.160771
40198.104436
38494.293424
36872.935690
35323.309311
33785.218310
32337.513985
30881.597896
29457.800645
28101.156245
26798.517778
25525.814300
24309.157142
23147.016222
22057.249534
20972.398513
19946.496491
18971.581845
17995.181711
17070.220677
16203.837936
15367.229773
14593.508917
13819.374215
13094.843281
12417.827718
11748.270466
11108.450237
10481.042735
9913.591364
9365.352960
8829.210854
8329.964885
7845.731119
7393.081017
6972.230257
6573.172713
6183.876514
5806.457478
5460.609730
5122.335211
4815.692423
4520.484222
4244.427010
3973.991162
3723.506092
3492.812400
3273.295798
3068.857269
2868.006086
2682.293459
2503.065178
2335.513410
2175.120600
2030.804927
1889.018216
1761.467804
1646.524594
1527.817486
1418.904707
1311.223834
1211.445819
1120.659608
1048.631037
972.297002
907.340336
839.965670
781.927686
726.081056
673.365854
628.030309
583.193505
541.506688
502.960720
464.397699
430.334480
397.700764
366.691396
338.806361
312.341691
289.850399
268.005858
249.994934
231.396097
214.280553
198.420936
184.694040
171.377444
156.279246
142.907903
133.046715
121.623176
112.537579
103.692152
95.946286
88.349882
78.575022
72.322168
65.224280
59.545911
54.870610
49.493040
45.891365
41.125815
36.909388
33.986151
31.152437
28.646843
25.563604
22.969587
21.018152
19.055109
17.337497
15.170613
13.535714
12.746935
11.425718
10.373403
9.748415
9.023803
8.108476
7.387579
6.930917
6.876721
6.652003
6.183545
5.784351
5.447881
4.845860
4.281214
3.605955
3.017807
2.683656
2.542282
2.252479
2.108730
1.926884
1.720795
1.545653
1.497813
1.281111
1.047942
0.788244
0.695520
0.722464
0.690759
0.643904
0.636532
0.426365
0.374147
0.334973
0.267952
0.154252
0.112969
0.052865
0.034603
0.015438
0.018327
0.003991
0.001780
0.001818
0.000000
0.000000
0.000000
0.000000
0.000000
0.000000
0.000000
0.000000
0.000000
0.000000
0.000000
0.000000
0.000000
0.000000
0.000000
0.000000
0.000000
0.000000
0.000000
0.000000
0.000000
0.000000
0.000000
0.000000
0.000000
0.000000
0.000000
0.000000
0.000000
0.000000
0.000000
0.000000
0.000000
0.000000
0.000000
0.000000
0.000000
0.000000
0.000000
0.000000
0.000000
0.000000
0.000000
0.000000
0.000000
0.000000
0.000000
0.000000
0.000000
0.000000
0.000000
0.000000
0.000000
0.000000
0.000000
0.000000
0.000000
0.000000
0.000000
0.000000
0.000000
0.000000
0.000000
0.000000
0.000000
0.000000
0.000000
0.000000
0.000000
0.000000
0.000000
0.000000
0.000000
0.000000
0.000000
0.000000
0.000000
0.000000
0.000000
0.000000
0.000000
0.000000
0.000000
0.000000
0.000000
0.000000
0.000000
0.000000
0.000000
0.000000
0.000000
0.000000
0.000000
0.000000
0.000000
0.000000
0.000000
0.000000
0.000000
0.000000
0.000000
0.000000
0.000000
0.000000
0.000000
0.000000
0.000000
0.000000
0.000000
0.000000
0.000000
0.000000
0.000000
0.000000
0.000000
0.000000
0.000000
0.000000
0.000000
0.000000
0.000000
0.000000
0.000000
0.000000
0.000000
0.000000
0.000000
0.000000
0.000000
0.000000
0.000000
0.000000
0.000000
0.000000
0.000000
0.000000
0.000000
0.000000
0.000000
0.000000
0.000000
0.000000
0.000000
0.000000
0.000000
0.000000
0.000000
0.000000
0.000000
0.000000
0.000000
0.000000
0.000000
0.000000
0.000000
0.000000
0.000000
0.000000
0.000000
0.000000
0.000000
0.000000
0.000000
0.000000
0.000000
0.000000
0.000000
0.000000
0.000000
0.000000
0.000000
0.000000
0.000000
0.000000
0.000000
0.000000
0.000000
0.000000
0.000000
0.000000
0.000000
0.000000
0.000000
0.000000
0.000000
0.000000
0.000000
0.000000
0.000000
0.000000
0.000000
0.000000
0.000000
0.000000
0.000000
0.000000
0.000000
0.000000
0.000000
0.000000
0.000000
0.000000
0.000000
0.000000
0.000000
0.000000
0.000000
0.000000
0.000000
0.000000
0.000000
0.000000
0.000000
0.000000
0.000000
0.000000
0.000000
0.000000
0.000000
0.000000
0.000000
0.000000
0.000000
0.000000
0.000000
0.000000
0.000000
0.000000
0.000000
0.000000
0.000000
0.000000
0.000000
0.000000
0.000000
0.000000
0.000000
0.000000
0.000000
0.000000
0.000000
0.000000
0.000000
0.000000
0.000000
0.000000
0.000000
0.000000
0.000000
0.000000
0.000000
0.000000
0.000000
0.000000
0.000000
0.000000
0.000000
0.000000
0.000000
0.000000
0.000000
0.000000
0.000000
0.000000
0.000000
0.000000
0.000000
0.000000
0.000000
0.000000
0.000000
0.000000
0.000000
0.000000
0.000000
0.000000
0.000000
0.000000
0.000000
0.000000
0.000000
0.000000
0.000000
0.000000
0.000000
0.000000
0.000000
0.000000
0.000000
0.000000
0.000000
0.000000
0.000000
0.000000
0.000000
0.000000
0.000000
0.000000
0.000000
0.000000
0.000000
0.000000
0.000000
0.000000
0.000000
0.000000
0.000000
0.000000
0.000000
0.000000
0.000000
0.000000
0.000000
0.000000
0.000000
0.000000
0.000000
0.000000
0.000000
0.000000
0.000000
0.000000
0.000000
0.000000
0.000000
0.000000
0.000000
0.000000
0.000000
0.000000
0.000000
0.000000
0.000000
0.000000
0.000000
0.000000
0.000000
0.000000
0.000000
0.000000
0.000000
0.000000
0.000000
0.000000
0.000000
0.000000
0.000000
0.000000
0.000000
0.000000
0.000000
0.000000
0.000000
0.000000
0.000000
0.000000
0.000000
0.000000
0.000000
0.000000
0.000000
0.000000
0.000000
0.000000
0.000000
0.000000
0.000000
0.000000
0.000000
0.000000
0.000000
0.000000
0.000000
0.000000
0.000000
0.000000
0.000000
0.000000
0.000000
0.000000
0.000000
0.000000
0.000000
0.000000
0.000000
0.000000
0.000000
0.000000
0.000000
0.000000
0.000000
0.000000
0.000000
0.000000
0.000000
0.000000
0.000000
0.000000
0.000000
0.000000
0.000000
0.000000
0.000000
0.000000
0.000000
0.000000
0.000000
0.000000
0.000000
0.000000
0.000000
0.000000
0.000000
0.000000
0.000000
0.000000
0.000000
0.000000
0.000000
0.000000
0.000000
0.000000
0.000000
0.000000
0.000000
0.000000
0.000000
0.000000
0.000000
0.000000
0.000000
0.000000
0.000000
0.000000
0.000000
0.000000
0.000000
0.000000
0.000000
0.000000
0.000000
0.000000
0.000000
0.000000
0.000000
0.000000
0.000000
0.000000
0.000000
0.000000
0.000000
0.000000
0.000000
0.000000
0.000000
0.000000
0.000000
0.000000
0.000000
0.000000
0.000000
0.000000
0.000000
0.000000
0.000000
0.000000
0.000000
0.000000
0.000000
0.000000
0.000000
0.000000
0.000000
0.000000
0.000000
0.000000
0.000000
0.000000
0.000000
0.000000
0.000000
0.000000
0.000000
0.000000
0.000000
0.000000
0.000000
0.000000
0.000000
0.000000
0.000000
0.000000
0.000000
0.000000
0.000000
0.000000
0.000000
0.000000
0.000000
0.000000
0.000000
0.000000
0.000000
0.000000
0.000000
0.000000
0.000000
0.000000
0.000000
0.000000
0.000000
0.000000
0.000000
0.000000
0.000000
0.000000
0.000000
0.000000
0.000000
0.000000
0.000000
0.000000
0.000000
0.000000
0.000000
0.000000
0.000000
0.000000
0.000000
0.000000
0.000000
0.000000
0.000000
0.000000
0.000000
0.000000
0.000000
0.000000
0.000000
0.000000
0.000000
0.000000
0.000000
0.000000
0.000000
0.000000
0.000000
0.000000
0.000000
0.000000
0.000000
0.000000
0.000000
0.000000
0.000000
0.000000
0.000000
0.000000
0.000000
0.000000
0.000000
0.000000
0.000000
0.000000
0.000000
0.000000
0.000000
0.000000
0.000000
0.000000
0.000000
0.000000
0.000000
0.000000
0.000000
0.000000
0.000000
0.000000
0.000000
0.000000
0.000000
0.000000
0.000000
0.000000
0.000000
0.000000
0.000000
0.000000
0.000000
0.000000
0.000000
0.000000
0.000000
0.000000
0.000000
0.000000
0.000000
0.000000
0.000000
0.000000
0.000000
0.000000
0.000000
0.000000
0.000000
0.000000
0.000000
0.000000
0.000000
0.000000
0.000000
0.000000
0.000000
0.000000
0.000000
0.000000
0.000000
0.000000
0.000000
0.000000
0.000000
0.000000
0.000000
0.000000
0.000000
0.000000
0.000000
0.000000
0.000000
0.000000
0.000000
0.000000
0.000000
0.000000
0.000000
0.000000
0.000000
0.000000
0.000000
0.000000
0.000000
0.000000
0.000000
0.000000
0.000000
0.000000
0.000000
0.000000
0.000000
0.000000
0.000000
0.000000
0.000000
0.000000
0.000000
0.000000
0.000000
0.000000
0.000000
0.000000
0.000000
0.000000
0.000000
0.000000
0.000000
0.000000
0.000000
0.000000
0.000000
0.000000
0.000000
0.000000
0.000000
0.000000
0.000000
0.000000
0.000000
0.000000
0.000000
0.000000
0.000000
0.000000
0.000000
0.000000
0.000000
0.000000
0.000000
0.000000
0.000000
0.000000
0.000000
0.000000
0.000000
0.000000
0.000000
0.000000
0.000000
