0.000000
0.000000
0.000000
0.000000
0.000000
0.000000
0.000000
0.000000
0.000000
0.000000
0.000000
0.000000
0.000000
0.000000
0.000000
0.000000
0.000000
0.000000
0.000000
0.000000
0.000000
0.000000
0.000000
0.000000
0.000000
0.010966
0.023837
0.045531
0.073811
0.063849
0.195788
0.337259
0.565565
0.899036
1.609004
2.464556
4.187461
6.068855
9.875294
15.035713
23.781825
37.581967
56.627381
87.450182
127.512920
188.531456
275.587882
387.506819
537.372241
742.345881
1000.567692
1355.810017
1783.802713
2350.389374
3036.628070
3874.629562
4904.281454
6144.259844
7641.156630
9397.513396
11454.784543
13843.339365
16616.488533
19768.587749
23288.821737
27231.169357
31577.302392
36372.333852
41620.169540
47405.249228
53526.044220
60026.999888
66968.042024
74229.171474
81842.148766
89687.373269
97818.977926
106182.484544
114582.360412
123004.569713
131454.985234
139861.580404
148184.668091
156266.647394
164217.567015
171742.408612
178841.928562
185524.136637
191792.658317
197381.016789
202477.667946
206923.667410
210709.495233
213836.729242
216482.073217
218270.132903
219410.910772
219921.186832
219895.684768
218908.507438
217524.061608
215507.583880
212839.209277
209611.264863
205986.834256
201811.953402
197276.203348
192295.335645
186999.604551
181434.740463
175618.422736
169531.287667
163338.658241
157006.573813
150447.829800
143952.407636
137481.586079
131007.712612
124594.289524
118146.546124
111904.939428
105732.257497
99676.635240
93794.023740
88081.271267
82530.282759
77220.527868
72144.693781
67210.017751
62511.461879
58014.559292
53736.782478
49666.124909
45814.441164
42240.044171
38835.493217
35645.468033
32653.924431
29858.180390
27248.031271
24832.702831
22572.836119
20472.064894
18557.401392
16760.469462
15127.342580
13617.932038
12258.396743
11005.061025
9856.595427
8833.257724
7880.911955
7023.214959
6247.266995
5563.338165
4924.623600
4360.488406
3861.175448
3404.548524
2998.953361
2630.833206
2313.183730
2019.653017
1770.231947
1544.347995
1343.618088
1167.513615
1011.655629
869.200364
746.052201
645.987947
558.144443
480.645520
412.086622
352.172255
298.386684
255.858310
217.863610
185.076256
155.972972
131.505814
110.720836
92.971851
77.934338
65.322468
53.555519
44.943611
37.147652
30.679340
25.634501
20.895952
17.300032
14.317623
11.429476
9.417941
7.591817
6.190230
5.282395
4.084997
3.450607
2.769424
2.327724
1.962529
1.582062
1.363301
1.058733
0.902123
0.773027
0.658632
0.469659
0.431134
0.388343
0.319610
0.279600
0.225934
0.198388
0.145875
0.110894
0.099743
0.087824
0.036990
0.035268
0.042091
0.039381
0.017599
0.022115
0.014540
0.014338
0.017704
0.004179
0.012094
0.007662
0.001314
0.004274
0.002318
0.002340
0.000000
0.000000
0.000000
0.000000
0.000000
0.000000
0.000000
0.000000
0.000000
0.000000
0.000000
0.000000
0.000000
0.000000
0.000000
0.000000
0.000000
0.000000
0.000000
0.000000
0.000000
0.000000
0.000000
0.000000
0.000000
0.000000
0.000000
0.000000
0.000000
0.000000
0.000000
0.000000
0.000000
0.000000
0.000000
0.000000
0.000000
0.000000
0.000000
0.000000
0.000000
0.000000
0.000000
0.000000
0.000000
0.000000
0.000000
0.000000
0.000000
0.000000
0.000000
0.000000
0.000000
0.000000
0.000000
0.000000
0.000000
0.000000
0.000000
0.000000
0.000000
0.000000
0.000000
0.000000
0.000000
0.000000
0.000000
0.000000
0.000000
0.000000
0.000000
0.000000
0.000000
0.000000
0.000000
0.000000
0.000000
0.000000
0.000000
0.000000
0.000000
0.000000
0.000000
0.000000
0.000000
0.000000
0.000000
0.000000
0.000000
0.000000
0.000000
0.000000
0.000000
0.000000
0.000000
0.000000
0.000000
0.000000
0.000000
0.000000
0.000000
0.000000
0.000000
0.000000
0.000000
0.000000
0.000000
0.000000
0.000000
0.000000
0.000000
0.000000
0.000000
0.000000
0.000000
0.000000
0.000000
0.000000
0.000000
0.000000
0.000000
0.000000
0.000000
0.000000
0.000000
0.000000
0.000000
0.000000
0.000000
0.000000
0.000000
0.000000
0.000000
0.000000
0.000000
0.000000
0.000000
0.000000
0.000000
0.000000
0.000000
0.000000
0.000000
0.000000
0.000000
0.000000
0.000000
0.000000
0.000000
0.000000
0.000000
0.000000
0.000000
0.000000
0.000000
0.000000
0.000000
0.000000
0.000000
0.000000
0.000000
0.000000
0.000000
0.000000
0.000000
0.000000
0.000000
0.000000
0.000000
0.000000
0.000000
0.000000
0.000000
0.000000
0.000000
0.000000
0.000000
0.000000
0.000000
0.000000
0.000000
0.000000
0.000000
0.000000
0.000000
0.000000
0.000000
0.000000
0.000000
0.000000
0.000000
0.000000
0.000000
0.000000
0.000000
0.000000
0.000000
0.000000
0.000000
0.000000
0.000000
0.000000
0.000000
0.000000
0.000000
0.000000
0.000000
0.000000
0.000000
0.000000
0.000000
0.000000
0.000000
0.000000
0.000000
0.000000
0.000000
0.000000
0.000000
0.000000
0.000000
0.000000
0.000000
0.000000
0.000000
0.000000
0.000000
0.000000
0.000000
0.000000
0.000000
0.000000
0.000000
0.000000
0.000000
0.000000
0.000000
0.000000
0.000000
0.000000
0.000000
0.000000
0.000000
0.000000
0.000000
0.000000
0.000000
0.000000
0.000000
0.000000
0.000000
0.000000
0.000000
0.000000
0.000000
0.000000
0.000000
0.000000
0.000000
0.000000
0.000000
0.000000
0.000000
0.000000
0.000000
