58.202717
379.088703
1229.062334
3203.697685
6827.807865
12613.819041
21208.492055
32670.092417
47044.239290
64058.317003
83031.345645
103245.383424
124164.693736
144866.018724
164532.793829
182797.636201
198870.135871
212602.037322
223651.602349
231891.087084
237610.302782
240714.720040
241456.274606
240294.359106
237436.464063
232829.241267
226847.428274
219809.873049
212003.793072
203643.356117
194757.770041
185975.816714
176888.469724
167724.569170
158715.829706
149863.084908
141534.028998
133545.772039
125822.769252
118482.871939
111443.531405
104812.835863
98549.777276
92745.428489
87251.627282
81999.587224
77145.154448
72624.105272
68439.621233
64494.189845
60863.671777
57484.463408
54240.044983
51256.002476
48501.434832
45924.065828
43581.757090
41354.401208
39255.035915
37333.969526
35508.043865
33870.463199
32287.475807
30845.575509
29475.784946
28187.261097
26968.237140
25852.415034
24805.907417
23861.364747
22933.222931
22081.242452
21267.717706
20527.823834
19798.979162
19154.702241
18558.569347
17978.390257
17391.624688
16926.302456
16480.257363
16074.158633
15656.162142
15278.572622
14919.343482
14595.184237
14284.074975
13978.674166
13706.915254
13421.344963
13179.496720
12978.100869
12764.895304
12590.774249
12411.733512
12254.454992
12087.420721
11929.794112
11779.450702
11654.384339
11529.258100
11413.454774
11298.858223
11206.017419
11123.806535
11015.335979
10922.518406
10824.708312
10774.994886
10715.648385
10675.688543
10638.940418
10608.064483
10577.687204
10550.183231
10543.264765
10526.888153
10489.909718
10486.619895
10467.526438
10444.105606
10431.151024
10428.391392
10441.261934
10453.264740
10477.739083
10488.094337
10504.482935
10528.362042
10551.051009
10574.046759
10602.407722
10637.335947
10662.199150
10692.892079
10729.979761
10761.473411
10767.143900
10783.936988
10814.455664
10844.138640
10856.070049
10893.367116
10962.942868
11014.832341
11071.808612
11115.373716
11174.591074
11206.717567
11232.484963
11271.864596
11318.310940
11353.898221
11399.138385
11441.328262
11488.390644
11543.508594
11623.401849
11690.895493
11737.865416
11785.647772
11858.727685
11925.172823
11975.539442
12036.369247
12072.840559
12150.133877
12191.525622
12237.959266
12303.184483
12346.996383
12392.099786
12436.253620
12486.133139
12520.125737
12560.808722
12637.573163
12693.289423
12762.178316
12812.161466
12838.907128
12898.733542
12956.821832
13010.218836
13070.294289
13107.220011
13157.222045
13199.812270
13242.782758
13298.584965
13330.943058
13334.298466
13382.069613
13417.866204
13440.083500
13460.295412
13469.956022
13478.800174
13494.201025
13501.184857
13521.539321
13533.690313
13530.522620
13525.934252
13518.138864
13509.796063
13475.057714
13468.673685
13442.968885
13414.445794
13386.026951
13337.866672
13295.187632
13254.219949
13201.823755
13188.270466
13145.846496
13100.396019
13041.905606
12959.568887
12893.765224
12806.585991
12736.691689
12655.128799
12573.291726
12489.149978
12417.585074
12329.508242
12245.854548
12164.024070
12081.354394
11990.816358
11896.632686
11792.957986
11702.586343
11600.148528
11517.826461
11419.956575
11311.416469
11212.066278
11099.427693
10989.482644
10874.660870
10754.774591
10619.085049
10504.486595
10378.482852
10240.836215
10097.399896
9970.023562
9830.724766
9703.145737
9559.374467
9420.264931
9286.594382
9151.355179
9008.929322
8875.362871
8740.894836
8597.038184
8453.848621
8328.740191
8189.496540
8057.259182
7922.706226
7780.210186
7641.790611
7506.085264
7370.912018
7221.662430
7075.932946
6940.809264
6813.418856
6680.814289
6540.174578
6412.050007
6277.593809
6144.400187
6013.291170
5875.550447
5747.293474
5619.537095
5490.891719
5364.505494
5226.376468
5105.226297
4968.710621
4839.082644
4716.983830
4600.846469
4475.125109
4361.338831
4246.567862
4126.698070
4019.743033
3895.898771
3780.558507
3671.221376
3562.391910
3462.915527
3363.980525
3271.620493
3178.094314
3081.824123
2983.492678
2886.143741
2797.482046
2701.793274
2612.479777
2529.451218
2447.580744
2367.988638
2294.724174
2215.107471
2138.632625
2062.873684
1990.958791
1920.409307
1850.389852
1778.155226
1714.637995
1651.143603
1594.671696
1535.562068
1477.849416
1421.567247
1362.968045
1310.162907
1260.409408
1210.947920
1157.291165
1113.310596
1065.007485
1018.687953
975.623012
938.007717
898.499699
862.815393
827.583531
793.751394
759.680751
726.305944
692.371055
660.477914
629.699814
601.284193
575.942582
550.186899
524.809694
498.419952
473.155132
451.552671
430.479931
408.379200
389.417651
369.960638
353.010682
336.098794
320.168127
304.845337
290.487423
275.628992
262.110116
246.010693
232.334908
219.386675
207.341516
197.779370
188.202499
176.690316
168.319011
158.534525
152.185547
143.657428
136.263585
127.962067
120.769609
115.087371
108.084889
101.826818
95.816831
89.823081
85.634323
80.798774
76.807568
72.773405
68.139575
64.108218
60.130848
57.209479
54.088348
50.742980
47.573963
44.093150
41.932685
38.987836
36.825699
34.823698
32.669022
30.654251
28.287028
26.505356
24.468417
22.928807
21.226594
19.584096
18.008364
16.658236
15.443224
13.930213
13.034939
11.872582
11.090251
10.250695
9.611400
8.820207
7.661866
7.208142
6.836576
6.205209
5.809723
5.352306
4.983577
4.720066
4.550932
4.152371
3.767174
3.455903
3.516080
3.317580
3.093001
2.734391
2.424786
2.264507
1.994351
1.815183
1.598937
1.570100
1.519509
1.389302
1.329600
1.180643
0.968415
0.910293
0.873222
0.756264
0.695010
0.730478
0.753681
0.793196
0.743911
0.645942
0.595483
0.532932
0.472735
0.305163
0.251830
0.263643
0.252903
0.207501
0.166209
0.171962
0.158015
0.134610
0.119053
0.081766
0.070667
0.075472
0.073292
0.072180
0.073468
0.052723
0.061411
0.055173
0.084162
0.084627
0.091213
0.096497
0.082635
0.054539
0.046716
0.028901
0.040797
0.038362
0.042803
0.043751
0.028939
0.017883
0.013084
0.009649
0.002308
0.000000
0.000000
0.000000
0.000000
0.000000
0.000000
0.000000
0.000000
0.000000
0.000000
0.000000
0.000000
0.000000
0.000000
0.000000
0.000000
0.000000
0.000000
0.000000
0.000000
0.000000
0.000000
0.000000
0.000000
0.000000
0.000000
0.000000
0.000000
0.000000
0.000000
0.000000
0.000000
0.000000
0.000000
0.000000
0.000000
0.000000
0.000000
0.000000
0.000000
0.000000
0.000000
0.000000
0.000000
0.000000
0.000000
0.000000
0.000000
0.000000
0.000000
0.000000
0.000000
0.000000
0.000000
0.000000
0.000000
0.000000
0.000000
0.000000
0.000000
0.000000
0.000000
0.000000
0.000000
0.000000
0.000000
0.000000
0.000000
0.000000
0.000000
0.000000
0.000000
0.000000
0.000000
0.000000
0.000000
0.000000
0.000000
0.000000
0.000000
0.000000
0.000000
0.000000
0.000000
0.000000
0.000000
0.000000
0.000000
0.000000
0.000000
0.000000
0.000000
0.000000
0.000000
0.000000
0.000000
0.000000
0.000000
0.000000
0.000000
0.000000
0.000000
0.000000
0.000000
0.000000
0.000000
0.000000
0.000000
0.000000
0.000000
0.000000
0.000000
0.000000
0.000000
0.000000
0.000000
0.000000
0.000000
0.000000
0.000000
0.000000
0.000000
0.000000
0.000000
0.000000
0.000000
0.000000
0.000000
0.000000
0.000000
0.000000
0.000000
0.000000
0.000000
0.000000
0.000000
0.000000
0.000000
0.000000
0.000000
0.000000
0.000000
0.000000
0.000000
0.000000
0.000000
0.000000
0.000000
0.000000
0.000000
0.000000
0.000000
0.000000
0.000000
0.000000
0.000000
0.000000
0.000000
0.000000
0.000000
0.000000
0.000000
0.000000
0.000000
0.000000
0.000000
0.000000
0.000000
0.000000
0.000000
0.000000
0.000000
0.000000
0.000000
0.000000
0.000000
0.000000
0.000000
0.000000
0.000000
0.000000
0.000000
0.000000
0.000000
0.000000
0.000000
0.000000
0.000000
0.000000
0.000000
0.000000
0.000000
0.000000
0.000000
0.000000
0.000000
0.000000
0.000000
0.000000
0.000000
0.000000
0.000000
0.000000
0.000000
0.000000
0.000000
0.000000
0.000000
0.000000
0.000000
0.000000
0.000000
0.000000
0.000000
0.000000
0.000000
0.000000
0.000000
0.000000
0.000000
0.000000
0.000000
0.000000
0.000000
0.000000
0.000000
0.000000
0.000000
0.000000
0.000000
0.000000
0.000000
0.000000
0.000000
0.000000
0.000000
0.000000
0.000000
0.000000
0.000000
0.000000
0.000000
0.000000
0.000000
0.000000
0.000000
0.000000
0.000000
0.000000
0.000000
0.000000
0.000000
0.000000
0.000000
0.000000
0.000000
0.000000
0.000000
0.000000
0.000000
0.000000
0.000000
0.000000
0.000000
0.000000
0.000000
0.000000
0.000000
0.000000
0.000000
0.000000
0.000000
0.000000
0.000000
0.000000
0.000000
0.000000
0.000000
0.000000
0.000000
0.000000
0.000000
0.000000
0.000000
0.000000
0.000000
0.000000
0.000000
0.000000
0.000000
0.000000
0.000000
0.000000
0.000000
0.000000
0.000000
0.000000
0.000000
0.000000
0.000000
0.000000
0.000000
0.000000
0.000000
0.000000
0.000000
0.000000
0.000000
0.000000
0.000000
0.000000
0.000000
0.000000
0.000000
0.000000
0.000000
0.000000
0.000000
0.000000
0.000000
0.000000
0.000000
0.000000
0.000000
0.000000
0.000000
0.000000
0.000000
0.000000
0.000000
0.000000
0.000000
0.000000
0.000000
0.000000
0.000000
0.000000
0.000000
0.000000
0.000000
0.000000
0.000000
0.000000
0.000000
0.000000
0.000000
0.000000
0.000000
0.000000
0.000000
0.000000
0.000000
0.000000
0.000000
0.000000
0.000000
0.000000
0.000000
0.000000
0.000000
0.000000
0.000000
0.000000
0.000000
0.000000
0.000000
0.000000
0.000000
0.000000
0.000000
0.000000
0.000000
0.000000
0.000000
0.000000
0.000000
0.000000
0.000000
0.000000
0.000000
0.000000
0.000000
0.000000
0.000000
0.000000
0.000000
0.000000
0.000000
0.000000
0.000000
0.000000
0.000000
0.000000
0.000000
0.000000
0.000000
0.000000
0.000000
0.000000
0.000000
0.000000
0.000000
0.000000
0.000000
0.000000
0.000000
0.000000
0.000000
0.000000
0.000000
0.000000
0.000000
0.000000
0.000000
0.000000
0.000000
0.000000
0.000000
0.000000
0.000000
0.000000
0.000000
0.000000
0.000000
0.000000
0.000000
0.000000
0.000000
0.000000
0.000000
0.000000
0.000000
0.000000
0.000000
0.000000
0.000000
0.000000
0.000000
0.000000
0.000000
0.000000
0.000000
0.000000
0.000000
0.000000
0.000000
0.000000
0.000000
0.000000
0.000000
0.000000
0.000000
0.000000
0.000000
0.000000
0.000000
0.000000
0.000000
0.000000
0.000000
0.000000
0.000000
0.000000
0.000000
0.000000
0.000000
0.000000
0.000000
0.000000
0.000000
0.000000
0.000000
0.000000
0.000000
0.000000
0.000000
0.000000
0.000000
0.000000
0.000000
0.000000
0.000000
0.000000
0.000000
0.000000
0.000000
0.000000
0.000000
0.000000
0.000000
0.000000
0.000000
0.000000
0.000000
0.000000
0.000000
0.000000
0.000000
0.000000
0.000000
0.000000
0.000000
0.000000
0.000000
0.000000
0.000000
0.000000
0.000000
0.000000
0.000000
