0.020354
0.050405
0.556770
2.070451
6.705265
18.125129
39.766713
82.472207
153.217887
265.644616
439.175407
700.544406
1060.191991
1544.173301
2187.658249
3008.427403
4020.075428
5250.569373
6700.919054
8409.886900
10360.444488
12538.200624
14964.185694
17606.476234
20462.527336
23505.457392
26712.388842
30042.649968
33500.754455
37037.113909
40628.806055
44182.824294
47732.153588
51271.006454
54745.513453
58170.371480
61468.222546
64630.056398
67656.443085
70508.154523
73214.541945
75772.140510
78158.037599
80353.073043
82396.045578
84221.446609
85859.194941
87381.311072
88714.752571
89864.771926
90873.211805
91736.936067
92407.691601
92937.382376
93330.090934
93629.402750
93801.867729
93857.518752
93817.244957
93679.840197
93454.733533
93155.309965
92791.663226
92350.679899
91844.302017
91282.240776
90671.114677
90032.875309
89358.613774
88668.619001
87930.461041
87147.461812
86362.853515
85560.532103
84719.808293
83892.433143
83079.430907
82253.583057
81373.035598
80507.659249
79655.827401
78824.794564
77979.951393
77167.464468
76334.827238
75520.317101
74711.230303
73897.306402
73087.215598
72299.956288
71515.362005
70734.049316
69992.399437
69229.510801
68490.734445
67750.051232
67042.078877
66355.333499
65650.706419
64961.004032
64278.084652
63628.018257
62976.105426
62347.702608
61716.815833
61098.998578
60480.059364
59889.364430
59297.595934
58694.898880
58108.740048
57539.301658
56950.266014
56385.844229
55814.430567
55257.697877
54714.054334
54154.132225
53636.197073
53120.914461
52599.959269
52088.945872
51549.509184
51031.166140
50517.515244
50021.393000
49529.337183
49028.388033
48518.874573
48019.833722
47523.366719
47016.479812
46525.285149
46038.107023
45539.715536
45043.410131
44563.087905
44056.330389
43558.581682
43067.321970
42574.557792
42079.935908
41591.727321
41112.094421
40628.402404
40130.901919
39635.988482
39151.622944
38666.843704
38179.355035
37696.644477
37213.783125
36720.564399
36228.905695
35749.391276
35260.608631
34769.811196
34268.700354
33785.866727
33292.983347
32795.322055
32288.731175
31786.942114
31302.560914
30803.540123
30310.590854
29816.155995
29314.238165
28823.275102
28338.035420
27851.764383
27362.572725
26874.091078
26387.354509
25903.926421
25412.585938
24931.981956
24458.315526
23985.870337
23512.533559
23040.975744
22564.666971
22085.251013
21619.612085
21164.632406
20711.356415
20253.401870
19813.553213
19363.432478
18924.638635
18479.820586
18045.682793
17616.502820
17183.290368
16764.018176
16349.569286
15944.104588
15534.567932
15137.032802
14744.073834
14351.728476
13961.814679
13577.613109
13198.427921
12831.233912
12468.774834
12106.101631
11755.326498
11407.123719
11070.164597
10736.200444
10406.186721
10080.233429
9761.303937
9453.723453
9151.796260
8852.401763
8561.408947
8275.957668
8000.028768
7729.980066
7463.469430
7200.822196
6950.931256
6701.241496
6459.050996
6224.036121
5992.035760
5767.270990
5546.226285
5333.518175
5129.510261
4930.877010
4738.120400
4547.352706
4366.530180
4188.522753
4018.875321
3851.973733
3691.633646
3533.862117
3382.721266
3236.707715
3096.384904
2961.741746
2832.789780
2707.092164
2586.641999
2469.007795
2356.180949
2247.936862
2145.715627
2047.861186
1952.463607
1860.382680
1771.804846
1685.271533
1605.107448
1527.633132
1451.384234
1379.145462
1310.074186
1243.885051
1180.094769
1118.939238
1060.318765
1005.552399
952.191906
900.971351
852.457355
806.769762
762.632026
720.338586
680.577049
643.011575
605.508611
570.802406
537.499609
506.052553
476.764637
447.892986
421.347488
395.691824
372.553276
349.291572
327.887092
308.430745
289.690494
271.176917
254.036369
238.000839
222.957897
209.140287
195.377762
182.593948
169.813155
158.167579
147.585885
137.409365
127.886285
119.227338
110.818040
103.301445
96.192614
89.675239
83.585083
77.805608
72.346159
67.064391
62.131403
57.795946
53.342822
49.625314
45.852347
42.248761
39.078713
36.139578
33.267942
30.776650
28.402618
26.228499
24.401456
22.688054
20.963903
19.379117
17.861955
16.653468
15.217123
14.135173
13.104243
12.004301
11.016080
10.074960
9.273625
8.589848
7.886058
7.318260
6.797586
6.395028
5.821791
5.374238
4.928678
4.473583
4.100252
3.832730
3.508950
3.236788
2.906284
2.687700
2.509805
2.296117
2.053820
1.955633
1.763224
1.601834
1.471284
1.371812
1.249877
1.136531
1.079812
0.947073
0.879208
0.819107
0.756304
0.674663
0.630510
0.574501
0.522544
0.479095
0.419025
0.388177
0.354196
0.300485
0.241854
0.226837
0.219263
0.188269
0.176493
0.142525
0.132581
0.124653
0.106981
0.105518
0.087263
0.071391
0.070419
0.060768
0.057013
0.048094
0.041114
0.044297
0.035973
0.031103
0.025562
0.018675
0.014193
0.011747
0.010289
0.011265
0.008311
0.008336
0.008962
0.006445
0.009510
0.007593
0.003184
0.001329
0.000338
0.000000
0.000000
0.000000
0.000000
0.000000
0.000000
0.000000
0.000000
0.000000
0.000000
0.000000
0.000000
0.000000
0.000000
0.000000
0.000000
0.000000
0.000000
0.000000
0.000000
0.000000
0.000000
0.000000
0.000000
0.000000
0.000000
0.000000
0.000000
0.000000
0.000000
0.000000
0.000000
0.000000
0.000000
0.000000
0.000000
0.000000
0.000000
0.000000
0.000000
0.000000
0.000000
0.000000
0.000000
0.000000
0.000000
0.000000
0.000000
0.000000
0.000000
0.000000
0.000000
0.000000
0.000000
0.000000
0.000000
0.000000
0.000000
0.000000
0.000000
0.000000
0.000000
0.000000
0.000000
0.000000
0.000000
0.000000
0.000000
0.000000
0.000000
0.000000
0.000000
0.000000
0.000000
0.000000
0.000000
0.000000
0.000000
0.000000
0.000000
0.000000
0.000000
0.000000
0.000000
0.000000
0.000000
0.000000
0.000000
0.000000
0.000000
0.000000
0.000000
0.000000
0.000000
0.000000
0.000000
0.000000
0.000000
0.000000
0.000000
0.000000
0.000000
0.000000
0.000000
0.000000
0.000000
0.000000
0.000000
0.000000
0.000000
0.000000
0.000000
0.000000
0.000000
0.000000
0.000000
0.000000
0.000000
0.000000
0.000000
0.000000
0.000000
0.000000
0.000000
0.000000
0.000000
0.000000
0.000000
0.000000
0.000000
0.000000
0.000000
0.000000
0.000000
0.000000
0.000000
0.000000
0.000000
0.000000
0.000000
0.000000
0.000000
0.000000
0.000000
0.000000
0.000000
0.000000
0.000000
0.000000
0.000000
0.000000
0.000000
0.000000
0.000000
0.000000
0.000000
0.000000
0.000000
0.000000
0.000000
0.000000
0.000000
0.000000
0.000000
0.000000
0.000000
0.000000
0.000000
0.000000
0.000000
0.000000
0.000000
0.000000
0.000000
0.000000
0.000000
0.000000
0.000000
0.000000
0.000000
0.000000
0.000000
0.000000
0.000000
0.000000
0.000000
0.000000
0.000000
0.000000
0.000000
0.000000
0.000000
0.000000
0.000000
0.000000
0.000000
0.000000
0.000000
0.000000
0.000000
0.000000
0.000000
0.000000
0.000000
0.000000
0.000000
0.000000
0.000000
0.000000
0.000000
0.000000
0.000000
0.000000
0.000000
0.000000
0.000000
0.000000
0.000000
0.000000
0.000000
0.000000
0.000000
0.000000
0.000000
0.000000
0.000000
0.000000
0.000000
0.000000
0.000000
0.000000
0.000000
0.000000
0.000000
0.000000
0.000000
0.000000
0.000000
0.000000
0.000000
0.000000
0.000000
0.000000
0.000000
0.000000
0.000000
0.000000
0.000000
0.000000
0.000000
0.000000
0.000000
0.000000
0.000000
0.000000
0.000000
0.000000
0.000000
0.000000
0.000000
0.000000
0.000000
0.000000
0.000000
0.000000
0.000000
0.000000
0.000000
0.000000
0.000000
0.000000
0.000000
0.000000
0.000000
0.000000
0.000000
0.000000
0.000000
0.000000
0.000000
0.000000
0.000000
0.000000
0.000000
0.000000
0.000000
0.000000
0.000000
0.000000
0.000000
0.000000
0.000000
0.000000
0.000000
0.000000
0.000000
0.000000
0.000000
0.000000
0.000000
0.000000
0.000000
0.000000
0.000000
0.000000
0.000000
0.000000
0.000000
0.000000
0.000000
0.000000
0.000000
0.000000
0.000000
0.000000
0.000000
0.000000
0.000000
0.000000
0.000000
0.000000
0.000000
0.000000
0.000000
0.000000
0.000000
0.000000
0.000000
0.000000
0.000000
0.000000
0.000000
0.000000
0.000000
0.000000
0.000000
0.000000
0.000000
0.000000
0.000000
0.000000
0.000000
0.000000
0.000000
0.000000
0.000000
0.000000
0.000000
0.000000
0.000000
0.000000
0.000000
0.000000
0.000000
0.000000
0.000000
0.000000
0.000000
0.000000
0.000000
0.000000
0.000000
0.000000
0.000000
0.000000
0.000000
0.000000
0.000000
0.000000
0.000000
0.000000
0.000000
0.000000
0.000000
0.000000
0.000000
0.000000
0.000000
0.000000
0.000000
0.000000
0.000000
0.000000
0.000000
0.000000
0.000000
0.000000
0.000000
0.000000
0.000000
0.000000
0.000000
0.000000
0.000000
0.000000
0.000000
0.000000
0.000000
0.000000
0.000000
0.000000
0.000000
0.000000
0.000000
0.000000
0.000000
0.000000
0.000000
0.000000
0.000000
0.000000
0.000000
0.000000
0.000000
0.000000
0.000000
0.000000
0.000000
0.000000
0.000000
0.000000
0.000000
0.000000
0.000000
0.000000
0.000000
0.000000
0.000000
0.000000
0.000000
0.000000
0.000000
0.000000
0.000000
0.000000
0.000000
0.000000
0.000000
0.000000
0.000000
0.000000
0.000000
0.000000
0.000000
0.000000
0.000000
0.000000
0.000000
0.000000
0.000000
0.000000
0.000000
0.000000
0.000000
0.000000
0.000000
0.000000
0.000000
0.000000
0.000000
0.000000
0.000000
0.000000
0.000000
0.000000
0.000000
0.000000
0.000000
0.000000
0.000000
0.000000
0.000000
0.000000
0.000000
0.000000
0.000000
0.000000
0.000000
0.000000
0.000000
0.000000
0.000000
0.000000
0.000000
0.000000
0.000000
0.000000
0.000000
0.000000
0.000000
0.000000
0.000000
0.000000
0.000000
0.000000
0.000000
0.000000
0.000000
0.000000
0.000000
0.000000
0.000000
0.000000
0.000000
0.000000
0.000000
0.000000
0.000000
0.000000
0.000000
0.000000
0.000000
0.000000
0.000000
0.000000
0.000000
0.000000
0.000000
0.000000
0.000000
0.000000
0.000000
0.000000
0.000000
0.000000
0.000000
0.000000
0.000000
0.000000
0.000000
0.000000
0.000000
0.000000
0.000000
0.000000
0.000000
0.000000
0.000000
0.000000
0.000000
0.000000
0.000000
0.000000
0.000000
0.000000
0.000000
0.000000
0.000000
0.000000
0.000000
0.000000
0.000000
0.000000
0.000000
0.000000
0.000000
0.000000
0.000000
0.000000
0.000000
0.000000
0.000000
0.000000
0.000000
0.000000
0.000000
0.000000
0.000000
0.000000
0.000000
0.000000
0.000000
0.000000
0.000000
0.000000
0.000000
0.000000
0.000000
0.000000
0.000000
0.000000
0.000000
0.000000
0.000000
0.000000
0.000000
0.000000
0.000000
0.000000
0.000000
0.000000
0.000000
0.000000
