0.000000
0.000000
0.000000
0.000000
0.000000
0.000000
0.000000
0.000000
0.000000
0.000000
0.000000
0.029277
0.108379
0.605366
1.038262
2.613555
6.446046
11.299064
19.733599
29.412759
43.906106
61.471728
90.884112
135.175611
188.549955
267.448153
364.640790
495.364409
647.884693
845.089742
1086.461746
1375.587410
1740.563951
2169.081861
2688.314951
3282.123337
3996.735822
4779.778231
5715.176053
6722.650307
7891.419410
9248.551803
10705.792100
12289.464047
14033.382447
15925.219969
17959.983882
20212.725103
22589.789777
25126.315608
27785.808441
30616.656079
33577.522067
36657.922010
39853.599094
43151.208352
46543.367168
50096.908845
53703.936056
57274.273785
60928.829670
64727.177871
68544.981803
72359.431193
76163.663532
79967.560094
83660.063177
87397.365179
90966.549936
94448.619494
97903.618153
101307.167827
104423.430756
107553.485936
110523.103986
113319.674095
116069.474772
118612.837541
121034.951642
123182.332954
125237.835475
127169.016925
128898.497075
130346.003216
131797.259452
133034.918153
134127.275573
134910.483817
135516.113918
136018.780939
136291.603342
136404.573632
136422.405425
136358.022425
136025.212890
135611.447806
135019.806016
134233.109694
133353.883844
132332.113555
131109.801549
129899.851473
128448.670688
127019.819538
125490.505041
123838.455680
122101.526139
120244.557036
118444.849145
116493.152749
114479.035548
112437.174884
110251.187870
108078.355150
105920.403159
103725.875319
101488.070807
99230.175546
96981.236950
94649.803600
92334.190145
90069.542370
87748.701673
85527.695517
83238.554332
80924.643299
78640.493091
76366.558720
74104.978447
71850.668590
69691.526922
67510.538914
65416.673977
63312.172013
61272.240368
59243.310524
57217.268975
55233.388289
53311.188154
51423.903613
49486.735877
47708.366745
45915.296273
44191.681655
42536.836392
40951.270587
39366.354219
37781.196428
36277.609437
34818.092931
33416.359412
32026.135139
30689.901084
29390.202157
28155.035008
26956.602642
25807.433360
24657.375946
23595.802862
22557.197141
21532.029915
20560.641035
19591.181143
18681.243921
17809.901237
16964.282204
16168.611978
15396.725140
14649.390054
13936.305588
13244.320887
12584.423249
11971.835365
11372.188215
10798.941010
10253.973470
9727.222851
9241.858897
8774.544969
8317.897456
7866.763087
7443.738066
7053.282969
6669.046442
6300.247407
5953.982045
5611.775259
5291.887352
4985.408260
4711.568310
4450.533709
4199.946903
3966.386817
3726.422982
3510.224138
3298.893030
3101.434980
2918.901002
2746.943883
2576.953292
2421.253275
2273.185123
2128.445212
1997.651394
1876.831495
1760.790323
1648.696539
1541.585812
1443.695262
1352.534865
1264.489867
1183.139660
1101.882036
1024.707312
956.848429
896.957534
833.511255
779.535575
724.048167
679.452613
637.377869
592.205653
553.269426
513.224140
475.783018
444.596790
415.929451
387.564584
362.199463
332.959109
309.681289
289.632389
268.861708
246.455193
229.031389
212.999064
198.837243
185.765507
172.503844
160.189523
148.389094
138.202433
127.574649
116.817705
109.767847
100.386112
93.040695
85.563422
78.840523
72.811174
67.431768
61.402357
57.178649
52.481909
47.650785
43.234725
39.119996
36.536282
34.164825
31.030177
27.831737
25.589544
23.872262
21.682847
19.950334
19.399529
17.776803
15.730849
14.687883
13.293844
11.973662
11.225823
9.980006
9.073511
8.356386
7.774932
7.461859
7.314698
6.688632
5.993257
5.596536
4.889121
4.608877
3.971107
3.613367
3.442823
3.027352
2.624150
2.548482
2.297178
1.923176
1.770209
1.701272
1.659567
1.526228
1.562856
1.311141
1.131327
1.148937
1.059735
0.911623
0.832488
0.659068
0.607098
0.479489
0.479378
0.507370
0.535783
0.535639
0.436800
0.388765
0.427773
0.380636
0.362963
0.325765
0.280319
0.251194
0.216614
0.245576
0.181113
0.154518
0.169381
0.151901
0.106009
0.119826
0.113588
0.101611
0.058502
0.047588
0.028130
0.035860
0.030151
0.015404
0.003501
0.013865
0.003948
0.001806
0.000000
0.000000
0.000000
0.000000
0.000000
0.000000
0.000000
0.000000
0.000000
0.000000
0.000000
0.000000
0.000000
0.000000
0.000000
0.000000
0.000000
0.000000
0.000000
0.000000
0.000000
0.000000
0.000000
0.000000
0.000000
0.000000
0.000000
0.000000
0.000000
0.000000
0.000000
0.000000
0.000000
0.000000
0.000000
0.000000
0.000000
0.000000
0.000000
0.000000
0.000000
0.000000
0.000000
0.000000
0.000000
0.000000
0.000000
0.000000
0.000000
0.000000
0.000000
0.000000
0.000000
0.000000
0.000000
0.000000
0.000000
0.000000
0.000000
0.000000
0.000000
0.000000
0.000000
0.000000
0.000000
0.000000
0.000000
0.000000
0.000000
0.000000
0.000000
0.000000
0.000000
0.000000
0.000000
0.000000
0.000000
0.000000
0.000000
0.000000
0.000000
0.000000
0.000000
0.000000
0.000000
0.000000
0.000000
0.000000
0.000000
0.000000
0.000000
0.000000
0.000000
0.000000
0.000000
0.000000
0.000000
0.000000
0.000000
0.000000
0.000000
0.000000
0.000000
0.000000
0.000000
0.000000
0.000000
0.000000
0.000000
0.000000
0.000000
0.000000
0.000000
0.000000
0.000000
0.000000
0.000000
0.000000
0.000000
0.000000
0.000000
0.000000
0.000000
0.000000
0.000000
0.000000
0.000000
0.000000
0.000000
0.000000
0.000000
0.000000
0.000000
0.000000
0.000000
0.000000
0.000000
0.000000
0.000000
0.000000
0.000000
0.000000
0.000000
0.000000
0.000000
0.000000
0.000000
0.000000
0.000000
0.000000
0.000000
0.000000
0.000000
0.000000
0.000000
0.000000
0.000000
0.000000
0.000000
0.000000
0.000000
0.000000
0.000000
0.000000
0.000000
0.000000
0.000000
0.000000
0.000000
0.000000
0.000000
0.000000
0.000000
0.000000
0.000000
0.000000
0.000000
0.000000
0.000000
0.000000
0.000000
0.000000
0.000000
0.000000
0.000000
0.000000
0.000000
0.000000
0.000000
0.000000
0.000000
0.000000
0.000000
0.000000
0.000000
0.000000
0.000000
0.000000
0.000000
0.000000
0.000000
0.000000
0.000000
0.000000
0.000000
0.000000
0.000000
0.000000
0.000000
0.000000
0.000000
0.000000
0.000000
0.000000
0.000000
0.000000
0.000000
0.000000
0.000000
0.000000
0.000000
0.000000
0.000000
0.000000
0.000000
0.000000
0.000000
0.000000
0.000000
0.000000
0.000000
0.000000
0.000000
0.000000
0.000000
0.000000
0.000000
0.000000
0.000000
0.000000
0.000000
0.000000
0.000000
0.000000
0.000000
0.000000
0.000000
0.000000
0.000000
0.000000
0.000000
0.000000
0.000000
0.000000
0.000000
0.000000
0.000000
0.000000
0.000000
0.000000
0.000000
0.000000
0.000000
0.000000
0.000000
0.000000
0.000000
0.000000
0.000000
0.000000
0.000000
0.000000
0.000000
0.000000
0.000000
0.000000
0.000000
0.000000
0.000000
0.000000
0.000000
0.000000
0.000000
0.000000
0.000000
0.000000
0.000000
0.000000
0.000000
0.000000
0.000000
0.000000
0.000000
0.000000
0.000000
0.000000
0.000000
0.000000
0.000000
0.000000
0.000000
0.000000
0.000000
0.000000
0.000000
0.000000
0.000000
0.000000
0.000000
0.000000
0.000000
0.000000
0.000000
0.000000
0.000000
0.000000
0.000000
0.000000
0.000000
0.000000
0.000000
0.000000
0.000000
0.000000
0.000000
0.000000
0.000000
0.000000
0.000000
0.000000
0.000000
0.000000
0.000000
0.000000
0.000000
0.000000
0.000000
0.000000
0.000000
0.000000
0.000000
0.000000
0.000000
0.000000
0.000000
0.000000
0.000000
0.000000
0.000000
0.000000
0.000000
0.000000
0.000000
0.000000
0.000000
0.000000
0.000000
0.000000
0.000000
0.000000
0.000000
0.000000
0.000000
0.000000
0.000000
0.000000
0.000000
0.000000
0.000000
0.000000
0.000000
0.000000
0.000000
0.000000
0.000000
0.000000
0.000000
0.000000
0.000000
0.000000
0.000000
0.000000
0.000000
0.000000
0.000000
0.000000
0.000000
0.000000
0.000000
0.000000
0.000000
0.000000
0.000000
0.000000
0.000000
0.000000
0.000000
0.000000
0.000000
0.000000
0.000000
0.000000
0.000000
0.000000
0.000000
0.000000
0.000000
0.000000
0.000000
0.000000
0.000000
0.000000
0.000000
0.000000
0.000000
0.000000
0.000000
0.000000
0.000000
0.000000
0.000000
0.000000
0.000000
0.000000
0.000000
0.000000
0.000000
0.000000
0.000000
0.000000
0.000000
0.000000
0.000000
0.000000
0.000000
0.000000
0.000000
0.000000
0.000000
0.000000
0.000000
0.000000
0.000000
0.000000
0.000000
0.000000
0.000000
0.000000
0.000000
0.000000
0.000000
0.000000
0.000000
0.000000
0.000000
0.000000
0.000000
0.000000
0.000000
0.000000
0.000000
0.000000
0.000000
0.000000
0.000000
0.000000
0.000000
0.000000
0.000000
0.000000
0.000000
0.000000
0.000000
0.000000
0.000000
0.000000
0.000000
0.000000
0.000000
0.000000
0.000000
0.000000
0.000000
0.000000
0.000000
0.000000
0.000000
0.000000
0.000000
0.000000
0.000000
0.000000
0.000000
0.000000
0.000000
0.000000
0.000000
0.000000
0.000000
0.000000
0.000000
0.000000
0.000000
0.000000
0.000000
0.000000
0.000000
0.000000
0.000000
0.000000
0.000000
0.000000
0.000000
0.000000
0.000000
0.000000
0.000000
0.000000
0.000000
0.000000
0.000000
0.000000
0.000000
0.000000
0.000000
0.000000
0.000000
0.000000
0.000000
0.000000
0.000000
0.000000
0.000000
0.000000
0.000000
0.000000
0.000000
0.000000
0.000000
0.000000
0.000000
0.000000
0.000000
0.000000
0.000000
0.000000
0.000000
0.000000
0.000000
0.000000
0.000000
0.000000
0.000000
0.000000
0.000000
0.000000
0.000000
0.000000
0.000000
0.000000
0.000000
0.000000
0.000000
0.000000
0.000000
0.000000
0.000000
0.000000
0.000000
0.000000
0.000000
0.000000
0.000000
0.000000
0.000000
0.000000
0.000000
0.000000
0.000000
0.000000
0.000000
0.000000
0.000000
0.000000
0.000000
0.000000
0.000000
0.000000
0.000000
0.000000
0.000000
0.000000
0.000000
0.000000
0.000000
0.000000
0.000000
0.000000
0.000000
0.000000
0.000000
0.000000
0.000000
0.000000
0.000000
0.000000
0.000000
0.000000
0.000000
0.000000
0.000000
0.000000
0.000000
0.000000
0.000000
0.000000
0.000000
0.000000
0.000000
0.000000
0.000000
0.000000
0.000000
0.000000
0.000000
0.000000
0.000000
0.000000
0.000000
0.000000
0.000000
0.000000
0.000000
0.000000
0.000000
0.000000
0.000000
0.000000
0.000000
0.000000
0.000000
0.000000
0.000000
0.000000
0.000000
0.000000
0.000000
0.000000
0.000000
0.000000
0.000000
0.000000
0.000000
0.000000
0.000000
0.000000
0.000000
0.000000
0.000000
0.000000
0.000000
0.000000
0.000000
0.000000
