0.000000
0.000000
0.000000
0.000000
0.001531
0.011552
0.021866
0.187496
0.501529
1.092899
2.289325
4.371197
8.103142
14.227962
23.667316
38.868962
60.335706
92.874649
137.757230
198.131561
282.255611
389.617702
529.758200
710.914402
937.634754
1218.238139
1564.425832
1980.485678
2473.323879
3062.864776
3740.751304
4534.230813
5441.246251
6461.195134
7606.860833
8898.150067
10306.098767
11858.032071
13544.012248
15364.690047
17338.528712
19441.711747
21671.438238
24028.206266
26504.282400
29101.336282
31818.319297
34646.782310
37550.075215
40538.381574
43602.202390
46711.705561
49895.852009
53102.036702
56324.875432
59569.885547
62817.140187
66059.974275
69261.673986
72434.664363
75583.147447
78671.153124
81697.598753
84628.759111
87474.994936
90249.368031
92971.722365
95557.872732
98065.615546
100444.513484
102738.821486
104885.280451
106935.434955
108844.768601
110603.378170
112251.045853
113785.257003
115137.193087
116381.841263
117509.775486
118506.604426
119376.893202
120125.504878
120737.027189
121236.407632
121630.014342
121872.368060
121969.789762
121971.750074
121880.903968
121645.057734
121338.364839
120916.766007
120394.700778
119776.203140
119086.598270
118291.726483
117439.643884
116484.288521
115445.697652
114351.065228
113190.946219
111953.857897
110659.396152
109331.121814
107953.385868
106548.334999
105126.642154
103605.027268
102058.643039
100476.214926
98838.297780
97202.893937
95517.140439
93822.426131
92129.876361
90386.211806
88635.925218
86888.331055
85131.411000
83374.548580
81608.218244
79825.736247
78042.063653
76276.388970
74496.503937
72763.094852
71001.104802
69236.000858
67496.639342
65779.797668
64097.783212
62417.815244
60751.752496
59116.237484
57486.904590
55894.470477
54308.333091
52741.893864
51196.976258
49688.939193
48207.497028
46750.314513
45308.158357
43902.019508
42506.230544
41153.030267
39820.974932
38512.552002
37236.327169
35976.273910
34753.520273
33557.083966
32388.584186
31242.249875
30134.192295
29051.640821
28009.993260
26983.359746
25989.762492
25014.567354
24070.761626
23156.376443
22265.463741
21386.732572
20541.074605
19714.258306
18918.764748
18150.541659
17403.231653
16679.874646
15977.323219
15297.300669
14640.110136
14005.065687
13383.030173
12791.040211
12219.637706
11670.041035
11141.880427
10627.089674
10132.698261
9652.040402
9200.756374
8765.433120
8344.225375
7939.718660
7553.529116
7178.687518
6823.044080
6480.595909
6150.741920
5835.925247
5537.462303
5250.480571
4976.752408
4712.971841
4463.909830
4226.779030
3997.772879
3780.126346
3569.969343
3373.751087
3185.686406
3008.877312
2838.786892
2675.743137
2519.274916
2373.730585
2232.697369
2103.558240
1981.038829
1864.202793
1754.307767
1648.346179
1549.013592
1455.002972
1367.122190
1281.904530
1203.188078
1127.776339
1057.870996
992.365991
927.999986
868.514363
811.633387
760.041131
710.581819
663.829062
620.538000
579.997484
541.211988
506.182171
472.259774
440.381346
410.630191
381.474032
355.305550
330.095135
306.039008
284.124184
263.552435
244.482306
226.744748
211.031153
195.555527
181.034816
167.989216
156.183648
144.468198
133.799058
123.982716
114.889612
106.357360
98.395696
90.757880
83.655352
76.746498
71.054710
65.657280
60.350801
55.703030
51.631979
47.657680
43.826200
40.150614
37.066333
33.788984
30.903781
28.458641
26.070269
23.785058
21.629884
19.555613
18.027871
16.233342
14.929504
13.600151
12.495841
11.292675
10.168192
9.187862
8.328820
7.652451
6.954064
6.101765
5.384050
4.872628
4.281889
3.850684
3.438403
3.066276
2.830886
2.559288
2.300492
2.015507
1.788120
1.634700
1.467102
1.303532
1.158495
1.045612
0.982861
0.876194
0.772012
0.657790
0.586208
0.519535
0.469818
0.405955
0.374911
0.363758
0.351109
0.313414
0.278254
0.251405
0.238938
0.203707
0.167861
0.161735
0.161127
0.168133
0.138554
0.134024
0.134528
0.129068
0.120270
0.108666
0.088966
0.078104
0.068388
0.058904
0.055255
0.056552
0.050331
0.040213
0.034827
0.035185
0.029305
0.026447
0.029071
0.022319
0.021013
0.017376
0.018228
0.016104
0.015652
0.013263
0.018570
0.013646
0.010562
0.010296
0.007457
0.005567
0.006340
0.003510
0.003953
0.004880
0.006036
0.006168
0.006779
0.005190
0.004231
0.003962
0.003156
0.001406
0.000449
0.000513
0.000000
0.000000
0.000000
0.000000
0.000000
0.000000
0.000000
0.000000
0.000000
0.000000
0.000000
0.000000
0.000000
0.000000
0.000000
0.000000
0.000000
0.000000
0.000000
0.000000
0.000000
0.000000
0.000000
0.000000
0.000000
0.000000
0.000000
0.000000
0.000000
0.000000
0.000000
0.000000
0.000000
0.000000
0.000000
0.000000
0.000000
0.000000
0.000000
0.000000
0.000000
0.000000
0.000000
0.000000
0.000000
0.000000
0.000000
0.000000
0.000000
0.000000
0.000000
0.000000
0.000000
0.000000
0.000000
0.000000
0.000000
0.000000
0.000000
0.000000
0.000000
0.000000
0.000000
0.000000
0.000000
0.000000
0.000000
0.000000
0.000000
0.000000
0.000000
0.000000
0.000000
0.000000
0.000000
0.000000
0.000000
0.000000
0.000000
0.000000
0.000000
0.000000
0.000000
0.000000
0.000000
0.000000
0.000000
0.000000
0.000000
0.000000
0.000000
0.000000
0.000000
0.000000
0.000000
0.000000
0.000000
0.000000
0.000000
0.000000
0.000000
0.000000
0.000000
0.000000
0.000000
0.000000
0.000000
0.000000
0.000000
0.000000
0.000000
0.000000
0.000000
0.000000
0.000000
0.000000
0.000000
0.000000
0.000000
0.000000
0.000000
0.000000
0.000000
0.000000
0.000000
0.000000
0.000000
0.000000
0.000000
0.000000
0.000000
0.000000
0.000000
0.000000
0.000000
0.000000
0.000000
0.000000
0.000000
0.000000
0.000000
0.000000
0.000000
0.000000
0.000000
0.000000
0.000000
0.000000
0.000000
0.000000
0.000000
0.000000
0.000000
0.000000
0.000000
0.000000
0.000000
0.000000
0.000000
0.000000
0.000000
0.000000
0.000000
0.000000
0.000000
0.000000
0.000000
0.000000
0.000000
0.000000
0.000000
0.000000
0.000000
0.000000
0.000000
0.000000
0.000000
0.000000
0.000000
0.000000
0.000000
0.000000
0.000000
0.000000
0.000000
0.000000
0.000000
0.000000
0.000000
0.000000
0.000000
0.000000
0.000000
0.000000
0.000000
0.000000
0.000000
0.000000
0.000000
0.000000
0.000000
0.000000
0.000000
0.000000
0.000000
0.000000
0.000000
0.000000
0.000000
0.000000
0.000000
0.000000
0.000000
0.000000
0.000000
0.000000
0.000000
0.000000
0.000000
0.000000
0.000000
0.000000
0.000000
0.000000
0.000000
0.000000
0.000000
0.000000
0.000000
0.000000
0.000000
0.000000
0.000000
0.000000
0.000000
0.000000
0.000000
0.000000
0.000000
0.000000
0.000000
0.000000
0.000000
0.000000
0.000000
0.000000
0.000000
0.000000
0.000000
0.000000
0.000000
0.000000
0.000000
0.000000
0.000000
0.000000
0.000000
0.000000
0.000000
0.000000
0.000000
0.000000
0.000000
0.000000
0.000000
0.000000
0.000000
0.000000
0.000000
0.000000
0.000000
0.000000
0.000000
0.000000
0.000000
0.000000
0.000000
0.000000
0.000000
0.000000
0.000000
0.000000
0.000000
0.000000
0.000000
0.000000
0.000000
0.000000
0.000000
0.000000
0.000000
0.000000
0.000000
0.000000
0.000000
0.000000
0.000000
0.000000
0.000000
0.000000
0.000000
0.000000
0.000000
0.000000
0.000000
0.000000
0.000000
0.000000
0.000000
0.000000
0.000000
0.000000
0.000000
0.000000
0.000000
0.000000
0.000000
0.000000
0.000000
0.000000
0.000000
0.000000
0.000000
0.000000
0.000000
0.000000
0.000000
0.000000
0.000000
0.000000
0.000000
0.000000
0.000000
0.000000
0.000000
0.000000
0.000000
0.000000
0.000000
0.000000
0.000000
0.000000
0.000000
0.000000
0.000000
0.000000
0.000000
0.000000
0.000000
0.000000
0.000000
0.000000
0.000000
0.000000
0.000000
0.000000
0.000000
0.000000
0.000000
0.000000
0.000000
0.000000
0.000000
0.000000
0.000000
0.000000
0.000000
0.000000
0.000000
0.000000
0.000000
0.000000
0.000000
0.000000
0.000000
0.000000
0.000000
0.000000
0.000000
0.000000
0.000000
0.000000
0.000000
0.000000
0.000000
0.000000
0.000000
0.000000
0.000000
0.000000
0.000000
0.000000
0.000000
0.000000
0.000000
0.000000
0.000000
0.000000
0.000000
0.000000
0.000000
0.000000
0.000000
0.000000
0.000000
0.000000
0.000000
0.000000
0.000000
0.000000
0.000000
0.000000
0.000000
0.000000
0.000000
0.000000
0.000000
0.000000
0.000000
0.000000
0.000000
0.000000
0.000000
0.000000
0.000000
0.000000
0.000000
0.000000
0.000000
0.000000
0.000000
0.000000
0.000000
0.000000
0.000000
0.000000
0.000000
0.000000
0.000000
0.000000
0.000000
0.000000
0.000000
0.000000
0.000000
0.000000
0.000000
0.000000
0.000000
0.000000
0.000000
0.000000
0.000000
0.000000
0.000000
0.000000
0.000000
0.000000
0.000000
0.000000
0.000000
0.000000
0.000000
0.000000
0.000000
0.000000
0.000000
0.000000
0.000000
0.000000
0.000000
0.000000
0.000000
0.000000
0.000000
0.000000
0.000000
0.000000
0.000000
0.000000
0.000000
0.000000
0.000000
0.000000
0.000000
0.000000
0.000000
0.000000
0.000000
0.000000
0.000000
0.000000
0.000000
0.000000
0.000000
0.000000
0.000000
0.000000
0.000000
0.000000
0.000000
0.000000
0.000000
0.000000
0.000000
0.000000
0.000000
0.000000
0.000000
0.000000
0.000000
0.000000
0.000000
0.000000
0.000000
0.000000
0.000000
0.000000
0.000000
0.000000
0.000000
0.000000
0.000000
0.000000
0.000000
0.000000
0.000000
0.000000
0.000000
0.000000
0.000000
0.000000
0.000000
0.000000
0.000000
0.000000
0.000000
0.000000
0.000000
0.000000
0.000000
0.000000
0.000000
0.000000
0.000000
0.000000
0.000000
0.000000
0.000000
0.000000
0.000000
0.000000
0.000000
0.000000
0.000000
0.000000
0.000000
0.000000
0.000000
0.000000
0.000000
0.000000
0.000000
0.000000
0.000000
0.000000
0.000000
0.000000
0.000000
0.000000
0.000000
0.000000
0.000000
0.000000
0.000000
0.000000
0.000000
0.000000
0.000000
0.000000
0.000000
0.000000
0.000000
0.000000
0.000000
0.000000
0.000000
0.000000
0.000000
0.000000
0.000000
0.000000
0.000000
0.000000
0.000000
0.000000
0.000000
0.000000
0.000000
0.000000
0.000000
0.000000
0.000000
0.000000
0.000000
0.000000
0.000000
0.000000
0.000000
0.000000
0.000000
0.000000
0.000000
0.000000
0.000000
0.000000
0.000000
0.000000
0.000000
0.000000
0.000000
0.000000
0.000000
0.000000
0.000000
0.000000
0.000000
0.000000
0.000000
0.000000
0.000000
0.000000
0.000000
