0.352933
0.450819
0.552202
3.086760
9.968578
20.358193
44.140995
84.567916
158.257351
272.485731
440.506382
703.292992
1065.762131
1553.484283
2201.172525
2988.970258
3975.326327
5173.586265
6605.929848
8222.255956
10053.590242
12076.842010
14406.668534
16924.120084
19570.156271
22483.523825
25540.403052
28702.809064
31956.319772
35228.538193
38693.949287
42014.737855
45313.981394
48650.619974
51955.796177
55123.207757
58241.097008
61251.698753
64123.733374
66969.266980
69575.779295
71950.556148
74247.264392
76408.711730
78309.427276
80134.122543
81782.359970
83292.715844
84666.127009
85958.646858
87118.594052
87963.517274
88771.627255
89466.002813
89926.712029
90292.920598
90548.850903
90842.564680
91016.997881
91045.368336
90918.409365
90805.535789
90529.826423
90326.028137
89930.717377
89511.636629
89072.624823
88625.162804
88112.401015
87525.200504
86908.488397
86316.901769
85701.131171
84936.569440
84264.362235
83557.012155
82882.289456
82124.613416
81368.507938
80616.459667
79819.865345
79089.682107
78261.215683
77530.997345
76796.252102
75962.372749
75182.201979
74414.385583
73687.051552
72877.014110
72155.913818
71419.233437
70636.611279
69895.569700
69190.449734
68505.536487
67807.496569
67115.965823
66453.603929
65765.046565
65075.869382
64383.655301
63759.361438
63080.197656
62455.350893
61825.932153
61289.603307
60680.343775
60023.235731
59400.767360
58837.754489
58254.857604
57709.350376
57124.892916
56569.273142
55951.025687
55361.121264
54792.370932
54226.755925
53671.502177
53111.694489
52530.584588
51970.493838
51408.524116
50828.536849
50296.764228
49777.006003
49266.721245
48700.257012
48176.741966
47673.431822
47147.808198
46661.095984
46112.664031
45593.651166
45094.466357
44585.253764
44081.767413
43599.936799
43081.423692
42546.805333
42023.917498
41511.657078
41004.264950
40458.768739
39944.836647
39435.925684
38927.469643
38417.061271
37874.946717
37360.979706
36843.026196
36346.325557
35868.496334
35366.888595
34857.465317
34380.486427
33887.696513
33331.420695
32862.981057
32382.201069
31894.665668
31416.142728
30936.133344
30436.949753
29972.053903
29497.375341
29064.810549
28606.143144
28155.212446
27682.061386
27200.558752
26755.155958
26277.553229
25825.709457
25364.778246
24933.487147
24488.331826
24016.388523
23569.844575
23132.223473
22704.732428
22308.864884
21885.862135
21476.262416
21058.024918
20621.954493
20186.022755
19758.382163
19346.494001
18959.913249
18562.191145
18173.411317
17783.281907
17364.948637
16982.748137
16606.598923
16225.983262
15866.504355
15494.166624
15116.487752
14738.880119
14389.728969
14058.919147
13725.529678
13405.553852
13076.229762
12760.808831
12462.526097
12176.158029
11859.138346
11567.605494
11272.428917
10988.792929
10698.198499
10401.867559
10135.996911
9879.636812
9608.245291
9356.490609
9103.337245
8862.501172
8616.003596
8397.840161
8133.362736
7891.209529
7662.212409
7436.847960
7211.822871
7000.781403
6788.459717
6579.714855
6391.543297
6192.237720
5998.873995
5803.586097
5623.259101
5457.453729
5277.417649
5099.341333
4925.399248
4758.786626
4596.451706
4437.431073
4287.994130
4147.487986
4011.261397
3874.611321
3736.944252
3608.406391
3476.833400
3355.596971
3243.874946
3129.345731
3019.203912
2905.463754
2807.784023
2700.302091
2601.402587
2501.704681
2408.376516
2310.850497
2222.277130
2134.667214
2053.519267
1967.048287
1890.376139
1818.592764
1741.521296
1676.800072
1608.608921
1540.663979
1471.116580
1405.010523
1342.804434
1286.487081
1234.875040
1182.513657
1131.406221
1079.578508
1031.372511
981.732153
937.730858
892.918665
848.209850
811.842386
775.932621
740.015590
707.490607
668.711667
632.930542
600.003508
572.882551
543.850772
514.360244
487.201647
463.908898
441.709289
419.144203
394.508422
372.923193
353.352440
332.647177
315.806448
298.220615
282.551558
268.017736
254.641860
242.225921
231.039013
218.939944
206.681732
194.721690
183.764150
173.158905
161.889738
151.943370
143.068301
134.875812
127.216194
119.620692
112.391534
105.887868
99.966920
93.678106
87.393027
81.783651
76.673993
71.722998
68.631614
64.342938
61.188565
56.841805
53.383541
49.480507
46.567867
43.935285
41.319525
38.903045
36.012669
34.166328
31.793875
29.222169
27.288786
25.377002
23.882979
22.318916
20.780333
19.258795
17.940388
16.816976
15.620951
14.825830
14.024982
12.794599
11.880256
11.189693
10.498821
10.196375
9.639423
9.490731
9.220051
8.348490
7.679996
7.453856
7.083503
6.506028
6.220873
5.846231
5.382881
4.846757
4.417711
4.205305
3.986181
3.929038
3.739472
3.314294
3.093455
2.659122
2.697661
2.475279
2.171184
1.943852
1.643125
1.611932
1.463068
1.203527
1.084162
0.968374
0.844373
0.742378
0.655564
0.686066
0.654172
0.539501
0.605957
0.514201
0.449491
0.417636
0.368378
0.327451
0.293183
0.237231
0.168607
0.186704
0.181956
0.171138
0.170684
0.141688
0.140630
0.118251
0.076722
0.101718
0.082685
0.070722
0.045181
0.029269
0.027034
0.025224
0.010686
0.013065
0.009937
0.006438
0.001732
0.011885
0.009439
0.006886
0.000457
0.000000
0.000000
0.000000
0.000000
0.000000
0.000000
0.000000
0.000000
0.000000
0.000000
0.000000
0.000000
0.000000
0.000000
0.000000
0.000000
0.000000
0.000000
0.000000
0.000000
0.000000
0.000000
0.000000
0.000000
0.000000
0.000000
0.000000
0.000000
0.000000
0.000000
0.000000
0.000000
0.000000
0.000000
0.000000
0.000000
0.000000
0.000000
0.000000
0.000000
0.000000
0.000000
0.000000
0.000000
0.000000
0.000000
0.000000
0.000000
0.000000
0.000000
0.000000
0.000000
0.000000
0.000000
0.000000
0.000000
0.000000
0.000000
0.000000
0.000000
0.000000
0.000000
0.000000
0.000000
0.000000
0.000000
0.000000
0.000000
0.000000
0.000000
0.000000
0.000000
0.000000
0.000000
0.000000
0.000000
0.000000
0.000000
0.000000
0.000000
0.000000
0.000000
0.000000
0.000000
0.000000
0.000000
0.000000
0.000000
0.000000
0.000000
0.000000
0.000000
0.000000
0.000000
0.000000
0.000000
0.000000
0.000000
0.000000
0.000000
0.000000
0.000000
0.000000
0.000000
0.000000
0.000000
0.000000
0.000000
0.000000
0.000000
0.000000
0.000000
0.000000
0.000000
0.000000
0.000000
0.000000
0.000000
0.000000
0.000000
0.000000
0.000000
0.000000
0.000000
0.000000
0.000000
0.000000
0.000000
0.000000
0.000000
0.000000
0.000000
0.000000
0.000000
0.000000
0.000000
0.000000
0.000000
0.000000
0.000000
0.000000
0.000000
0.000000
0.000000
0.000000
0.000000
0.000000
0.000000
0.000000
0.000000
0.000000
0.000000
0.000000
0.000000
0.000000
0.000000
0.000000
0.000000
0.000000
0.000000
0.000000
0.000000
0.000000
0.000000
0.000000
0.000000
0.000000
0.000000
0.000000
0.000000
0.000000
0.000000
0.000000
0.000000
0.000000
0.000000
0.000000
0.000000
0.000000
0.000000
0.000000
0.000000
0.000000
0.000000
0.000000
0.000000
0.000000
0.000000
0.000000
0.000000
0.000000
0.000000
0.000000
0.000000
0.000000
0.000000
0.000000
0.000000
0.000000
0.000000
0.000000
0.000000
0.000000
0.000000
0.000000
0.000000
0.000000
0.000000
0.000000
0.000000
0.000000
0.000000
0.000000
0.000000
0.000000
0.000000
0.000000
0.000000
0.000000
0.000000
0.000000
0.000000
0.000000
0.000000
0.000000
0.000000
0.000000
0.000000
0.000000
0.000000
0.000000
0.000000
0.000000
0.000000
0.000000
0.000000
0.000000
0.000000
0.000000
0.000000
0.000000
0.000000
0.000000
0.000000
0.000000
0.000000
0.000000
0.000000
0.000000
0.000000
0.000000
0.000000
0.000000
0.000000
0.000000
0.000000
0.000000
0.000000
0.000000
0.000000
0.000000
0.000000
0.000000
0.000000
0.000000
0.000000
0.000000
0.000000
0.000000
0.000000
0.000000
0.000000
0.000000
0.000000
0.000000
0.000000
0.000000
0.000000
0.000000
0.000000
0.000000
0.000000
0.000000
0.000000
0.000000
0.000000
0.000000
0.000000
0.000000
0.000000
0.000000
0.000000
0.000000
0.000000
0.000000
0.000000
0.000000
0.000000
0.000000
0.000000
0.000000
0.000000
0.000000
0.000000
0.000000
0.000000
0.000000
0.000000
0.000000
0.000000
0.000000
0.000000
0.000000
0.000000
0.000000
0.000000
0.000000
0.000000
0.000000
0.000000
0.000000
0.000000
0.000000
0.000000
0.000000
0.000000
0.000000
0.000000
0.000000
0.000000
0.000000
0.000000
0.000000
0.000000
0.000000
0.000000
0.000000
0.000000
0.000000
0.000000
0.000000
0.000000
0.000000
0.000000
0.000000
0.000000
0.000000
0.000000
0.000000
0.000000
0.000000
0.000000
0.000000
0.000000
0.000000
0.000000
0.000000
0.000000
0.000000
0.000000
0.000000
0.000000
0.000000
0.000000
0.000000
0.000000
0.000000
0.000000
0.000000
0.000000
0.000000
0.000000
0.000000
0.000000
0.000000
0.000000
0.000000
0.000000
0.000000
0.000000
0.000000
0.000000
0.000000
0.000000
0.000000
0.000000
0.000000
0.000000
0.000000
0.000000
0.000000
0.000000
0.000000
0.000000
0.000000
0.000000
0.000000
0.000000
0.000000
0.000000
0.000000
0.000000
0.000000
0.000000
0.000000
0.000000
0.000000
0.000000
0.000000
0.000000
0.000000
0.000000
0.000000
0.000000
0.000000
0.000000
0.000000
0.000000
0.000000
0.000000
0.000000
0.000000
0.000000
0.000000
0.000000
0.000000
0.000000
0.000000
0.000000
0.000000
0.000000
0.000000
0.000000
0.000000
0.000000
0.000000
0.000000
0.000000
0.000000
0.000000
0.000000
0.000000
0.000000
0.000000
0.000000
0.000000
0.000000
0.000000
0.000000
0.000000
0.000000
0.000000
0.000000
0.000000
0.000000
0.000000
0.000000
0.000000
0.000000
0.000000
0.000000
0.000000
0.000000
0.000000
0.000000
0.000000
0.000000
0.000000
0.000000
0.000000
0.000000
0.000000
0.000000
0.000000
0.000000
0.000000
0.000000
0.000000
0.000000
0.000000
0.000000
0.000000
0.000000
0.000000
0.000000
0.000000
0.000000
0.000000
0.000000
0.000000
0.000000
0.000000
0.000000
0.000000
0.000000
0.000000
0.000000
0.000000
0.000000
0.000000
0.000000
0.000000
0.000000
0.000000
0.000000
0.000000
0.000000
0.000000
0.000000
0.000000
0.000000
0.000000
0.000000
0.000000
0.000000
0.000000
0.000000
0.000000
0.000000
0.000000
0.000000
0.000000
0.000000
0.000000
0.000000
0.000000
0.000000
0.000000
0.000000
0.000000
0.000000
0.000000
0.000000
0.000000
0.000000
0.000000
0.000000
0.000000
0.000000
0.000000
0.000000
0.000000
0.000000
0.000000
0.000000
0.000000
0.000000
0.000000
0.000000
0.000000
0.000000
0.000000
0.000000
0.000000
0.000000
0.000000
0.000000
0.000000
0.000000
0.000000
0.000000
0.000000
0.000000
0.000000
0.000000
0.000000
0.000000
0.000000
0.000000
0.000000
0.000000
0.000000
0.000000
