0.000000
0.000000
0.060977
0.338897
1.126395
5.230247
11.805259
26.838798
56.969386
115.186385
192.011182
315.523402
502.426749
782.548294
1138.676079
1624.720083
2211.473999
2987.569148
3943.749603
5066.728849
6318.374401
7825.906441
9555.011838
11439.841356
13528.666478
15848.073883
18299.927409
20912.874409
23696.857510
26654.340559
29728.252231
32829.513305
35904.888315
39072.755386
42270.136726
45473.794961
48651.593533
51688.702160
54785.937598
57731.507374
60528.954630
63297.490473
65961.935577
68466.023252
70861.573579
73094.933749
75309.483396
77302.787099
79143.684283
81021.245372
82606.544571
84150.538997
85531.613201
86651.763474
87797.770864
88722.248576
89457.756787
90158.930979
90649.987120
91133.572987
91517.704826
91826.004650
92012.431986
92173.240796
92216.262031
92149.851129
92031.629644
91894.004015
91736.790164
91472.015198
91199.285391
90865.599793
90458.443966
90019.600947
89495.299817
88945.027484
88385.873295
87705.251496
87078.508138
86463.221463
85832.108577
85178.577380
84472.424367
83828.041319
83124.374801
82353.868352
81691.437202
80897.251074
80126.874485
79276.503380
78448.700855
77730.259573
76895.573346
76151.191632
75446.488245
74757.427275
74044.810746
73273.207343
72516.709674
71700.857873
70960.697805
70219.379424
69463.342462
68658.145277
67917.096056
67158.356859
66413.262600
65659.099560
64936.407296
64248.213947
63471.376198
62807.653960
62081.674950
61419.423317
60684.863246
60007.675574
59338.893207
58685.061123
58047.036834
57361.328270
56746.101356
56035.015363
55299.695316
54621.104093
53908.061912
53283.600022
52593.047455
51989.648337
51351.419939
50704.477818
50094.860525
49522.868138
48945.134830
48294.564681
47649.771983
47065.937515
46436.042683
45808.923313
45203.980152
44608.351340
43987.214640
43362.889106
42725.284890
42146.760711
41535.752720
40951.922876
40353.029815
39752.611457
39177.356870
38569.664416
37990.770183
37380.627240
36835.018067
36292.142936
35750.867096
35175.516017
34623.450804
34081.801373
33559.329716
33020.381564
32487.249462
31953.877697
31406.864890
30884.524731
30360.414434
29833.505590
29310.768009
28789.581571
28288.897639
27770.622975
27262.438112
26776.041649
26251.244391
25768.645553
25292.690108
24802.597311
24308.658303
23793.946523
23328.387401
22846.163226
22389.207856
21941.379753
21488.894105
21045.998753
20585.810582
20137.612882
19692.758752
19296.074406
18874.648245
18471.367578
18047.780643
17641.882004
17240.199143
16839.354431
16462.223677
16060.312350
15699.834881
15320.008800
14927.377300
14548.844584
14191.791546
13831.584551
13474.651286
13138.351229
12785.993956
12437.315016
12095.167946
11777.741282
11440.540487
11110.004168
10813.614990
10493.490859
10193.013003
9913.215096
9607.760783
9334.661113
9050.703235
8793.401703
8524.515401
8272.006100
8030.564613
7785.352971
7551.113120
7315.339951
7089.688944
6871.715490
6665.319628
6452.523456
6235.805924
6037.085340
5833.844672
5630.381606
5420.891104
5233.639861
5049.609990
4878.382648
4696.504323
4518.946006
4348.284855
4198.493402
4046.233615
3896.365168
3757.597533
3608.858048
3476.776966
3350.983510
3220.976335
3094.894154
2974.246405
2854.188956
2737.384007
2619.301993
2514.867678
2407.838113
2311.510034
2212.060922
2115.817646
2028.417923
1946.430020
1854.510974
1772.379677
1691.819580
1623.979420
1552.394368
1480.235991
1411.721909
1350.546040
1286.911162
1232.214386
1179.895879
1124.238882
1073.500605
1027.230632
984.266780
937.229715
891.021842
848.669616
803.958274
766.145610
728.941035
693.030794
658.793221
626.753410
592.964464
560.178296
533.881011
504.312426
477.380845
452.954567
429.289423
406.562021
385.910738
362.253526
343.508038
324.877804
306.287113
290.034354
273.427599
255.918682
241.859385
227.659823
215.322451
202.781173
190.200742
178.180818
168.107727
160.126664
149.783380
139.577239
131.705360
124.344030
117.217405
109.344015
102.380941
96.168814
89.681747
84.544928
79.756670
76.085763
71.390378
67.149297
62.249192
58.848907
55.362989
52.803691
49.351484
44.926067
42.983455
39.891320
37.276956
35.175767
32.678449
30.666074
28.616976
26.602619
25.056389
23.262769
21.396190
19.942800
18.860171
17.731003
16.764503
15.860936
14.643744
13.221623
11.985097
10.941652
10.048710
9.457743
8.856861
8.042117
7.024290
6.711876
6.240599
5.798694
5.491799
5.158146
4.775493
4.207598
3.882500
3.288030
3.106262
2.952665
2.628961
2.256660
2.128762
1.999230
1.712417
1.714109
1.741154
1.535241
1.421962
1.364508
1.178958
1.056172
0.963360
0.821974
0.837204
0.763764
0.802587
0.693061
0.579235
0.634809
0.525736
0.475123
0.465698
0.401779
0.350340
0.259645
0.186683
0.159393
0.147501
0.177077
0.110653
0.071251
0.051984
0.050921
0.030778
0.031147
0.048692
0.059106
0.059047
0.061906
0.052660
0.053182
0.070232
0.075041
0.068906
0.059606
0.069367
0.049138
0.075785
0.051476
0.056539
0.042686
0.029991
0.046836
0.071344
0.063942
0.067894
0.061264
0.037584
0.048229
0.037612
0.057170
0.045089
0.066710
0.068433
0.059735
0.050552
0.065736
0.060791
0.035131
0.026851
0.024988
0.021263
0.021451
0.006183
0.003896
0.002350
0.009281
0.017836
0.007624
0.006525
0.003449
0.000000
0.000000
0.000000
0.000000
0.000000
0.000000
0.000000
0.000000
0.000000
0.000000
0.000000
0.000000
0.000000
0.000000
0.000000
0.000000
0.000000
0.000000
0.000000
0.000000
0.000000
0.000000
0.000000
0.000000
0.000000
0.000000
0.000000
0.000000
0.000000
0.000000
0.000000
0.000000
0.000000
0.000000
0.000000
0.000000
0.000000
0.000000
0.000000
0.000000
0.000000
0.000000
0.000000
0.000000
0.000000
0.000000
0.000000
0.000000
0.000000
0.000000
0.000000
0.000000
0.000000
0.000000
0.000000
0.000000
0.000000
0.000000
0.000000
0.000000
0.000000
0.000000
0.000000
0.000000
0.000000
0.000000
0.000000
0.000000
0.000000
0.000000
0.000000
0.000000
0.000000
0.000000
0.000000
0.000000
0.000000
0.000000
0.000000
0.000000
0.000000
0.000000
0.000000
0.000000
0.000000
0.000000
0.000000
0.000000
0.000000
0.000000
0.000000
0.000000
0.000000
0.000000
0.000000
0.000000
0.000000
0.000000
0.000000
0.000000
0.000000
0.000000
0.000000
0.000000
0.000000
0.000000
0.000000
0.000000
0.000000
0.000000
0.000000
0.000000
0.000000
0.000000
0.000000
0.000000
0.000000
0.000000
0.000000
0.000000
0.000000
0.000000
0.000000
0.000000
0.000000
0.000000
0.000000
0.000000
0.000000
0.000000
0.000000
0.000000
0.000000
0.000000
0.000000
0.000000
0.000000
0.000000
0.000000
0.000000
0.000000
0.000000
0.000000
0.000000
0.000000
0.000000
0.000000
0.000000
0.000000
0.000000
0.000000
0.000000
0.000000
0.000000
0.000000
0.000000
0.000000
0.000000
0.000000
0.000000
0.000000
0.000000
0.000000
0.000000
0.000000
0.000000
0.000000
0.000000
0.000000
0.000000
0.000000
0.000000
0.000000
0.000000
0.000000
0.000000
0.000000
0.000000
0.000000
0.000000
0.000000
0.000000
0.000000
0.000000
0.000000
0.000000
0.000000
0.000000
0.000000
0.000000
0.000000
0.000000
0.000000
0.000000
0.000000
0.000000
0.000000
0.000000
0.000000
0.000000
0.000000
0.000000
0.000000
0.000000
0.000000
0.000000
0.000000
0.000000
0.000000
0.000000
0.000000
0.000000
0.000000
0.000000
0.000000
0.000000
0.000000
0.000000
0.000000
0.000000
0.000000
0.000000
0.000000
0.000000
0.000000
0.000000
0.000000
0.000000
0.000000
0.000000
0.000000
0.000000
0.000000
0.000000
0.000000
0.000000
0.000000
0.000000
0.000000
0.000000
0.000000
0.000000
0.000000
0.000000
0.000000
0.000000
0.000000
0.000000
0.000000
0.000000
0.000000
0.000000
0.000000
0.000000
0.000000
0.000000
0.000000
0.000000
0.000000
0.000000
0.000000
0.000000
0.000000
0.000000
0.000000
0.000000
0.000000
0.000000
0.000000
0.000000
0.000000
0.000000
0.000000
0.000000
0.000000
0.000000
0.000000
0.000000
0.000000
0.000000
0.000000
0.000000
0.000000
0.000000
0.000000
0.000000
0.000000
0.000000
0.000000
0.000000
0.000000
0.000000
0.000000
0.000000
0.000000
0.000000
0.000000
0.000000
0.000000
0.000000
0.000000
0.000000
0.000000
0.000000
0.000000
0.000000
0.000000
0.000000
0.000000
0.000000
0.000000
0.000000
0.000000
0.000000
0.000000
0.000000
0.000000
0.000000
0.000000
0.000000
0.000000
0.000000
0.000000
0.000000
0.000000
0.000000
0.000000
0.000000
0.000000
0.000000
0.000000
0.000000
0.000000
0.000000
0.000000
0.000000
0.000000
0.000000
0.000000
0.000000
0.000000
0.000000
0.000000
0.000000
0.000000
0.000000
0.000000
0.000000
0.000000
0.000000
0.000000
0.000000
0.000000
0.000000
0.000000
0.000000
0.000000
0.000000
0.000000
0.000000
0.000000
0.000000
0.000000
0.000000
0.000000
0.000000
0.000000
0.000000
0.000000
0.000000
0.000000
0.000000
0.000000
0.000000
0.000000
0.000000
0.000000
0.000000
0.000000
0.000000
0.000000
0.000000
0.000000
0.000000
0.000000
0.000000
0.000000
0.000000
0.000000
0.000000
0.000000
0.000000
0.000000
0.000000
0.000000
0.000000
0.000000
0.000000
0.000000
0.000000
0.000000
0.000000
0.000000
0.000000
0.000000
0.000000
0.000000
0.000000
0.000000
0.000000
0.000000
0.000000
0.000000
0.000000
0.000000
0.000000
0.000000
0.000000
0.000000
0.000000
0.000000
0.000000
0.000000
0.000000
0.000000
0.000000
0.000000
0.000000
0.000000
0.000000
0.000000
0.000000
0.000000
0.000000
0.000000
0.000000
0.000000
0.000000
0.000000
0.000000
0.000000
0.000000
0.000000
0.000000
0.000000
0.000000
0.000000
0.000000
0.000000
0.000000
0.000000
0.000000
0.000000
0.000000
0.000000
0.000000
0.000000
0.000000
0.000000
0.000000
0.000000
0.000000
0.000000
0.000000
0.000000
0.000000
0.000000
0.000000
0.000000
0.000000
0.000000
0.000000
0.000000
0.000000
0.000000
0.000000
0.000000
0.000000
0.000000
0.000000
0.000000
0.000000
0.000000
0.000000
0.000000
0.000000
0.000000
0.000000
0.000000
0.000000
0.000000
0.000000
0.000000
0.000000
0.000000
0.000000
0.000000
0.000000
0.000000
0.000000
0.000000
0.000000
0.000000
0.000000
0.000000
0.000000
0.000000
0.000000
0.000000
0.000000
0.000000
0.000000
0.000000
0.000000
0.000000
0.000000
0.000000
0.000000
0.000000
0.000000
0.000000
0.000000
0.000000
0.000000
0.000000
0.000000
0.000000
0.000000
0.000000
0.000000
0.000000
0.000000
0.000000
0.000000
0.000000
0.000000
0.000000
0.000000
0.000000
0.000000
0.000000
0.000000
0.000000
0.000000
0.000000
0.000000
0.000000
0.000000
0.000000
0.000000
0.000000
0.000000
0.000000
0.000000
0.000000
0.000000
