142.181576
827.956676
2816.377208
6934.165323
14111.896245
25055.585936
40022.042738
59423.018022
82310.535195
107815.930811
135020.271702
162162.627922
188968.238828
213909.030563
236080.860543
254572.354474
269205.755467
279681.605828
286290.908241
289474.112729
289347.321872
286152.675261
280634.635451
273020.209885
263614.875672
252742.808888
241257.627281
228929.382378
216522.649159
204072.166085
191761.379870
179923.387775
168216.541281
156963.378485
146365.423286
136240.910862
126841.418042
117754.990314
109459.735252
101529.395919
94134.026547
87390.308200
81170.708325
75420.725843
70044.029518
65110.229672
60579.507310
56512.689986
52734.083445
49304.237161
46031.498035
43050.333221
40256.721518
37817.517144
35454.260448
33290.467288
31399.663491
29585.005151
27938.074560
26448.171446
25051.832204
23751.319419
22539.064447
21439.022166
20384.889898
19486.233066
18567.697229
17786.797852
17047.804484
16336.918661
15685.165104
15086.808900
14539.808691
14015.979126
13518.632404
13080.104113
12636.710949
12233.815397
11829.211440
11479.837092
11169.679177
10872.759694
10575.181565
10343.103138
10096.236008
9847.374907
9616.326684
9391.611763
9197.978243
8994.048285
8835.351126
8675.244248
8529.307259
8386.998898
8250.820481
8122.345359
8006.712984
7900.753881
7808.061239
7697.293924
7596.993606
7478.393221
7419.158437
7332.319281
7270.057942
7225.479162
7146.240729
7107.355359
7075.594729
7041.416806
7002.043926
6982.244465
6967.488522
6961.759634
6932.325533
6919.243159
6914.469268
6899.900709
6885.243851
6877.587347
6890.768816
6890.111986
6898.934079
6919.138840
6938.882947
6961.541958
6973.737528
7000.220951
7013.095101
7044.369196
7071.950894
7103.540087
7134.031763
7188.224740
7238.900256
7273.446675
7315.308552
7357.416913
7406.965044
7443.606155
7480.019867
7539.670267
7583.870815
7637.176606
7674.927315
7711.560015
7776.279968
7832.714189
7867.880323
7925.212829
7996.273041
8049.442995
8103.539170
8173.564046
8240.713990
8315.076581
8372.869057
8441.870797
8491.317651
8549.952829
8623.997338
8677.086874
8751.563924
8847.762345
8919.036401
8990.237433
9054.474119
9116.317776
9197.033325
9280.161971
9358.188694
9436.274132
9526.495570
9591.253346
9674.858306
9720.996770
9772.827929
9856.843147
9926.038452
9978.786457
10043.523196
10109.928630
10170.453240
10216.289978
10262.321667
10321.594083
10372.919067
10446.612115
10497.456471
10555.419449
10607.832251
10637.181529
10701.382683
10755.600589
10814.412550
10878.166138
10916.397548
10950.786149
10972.052138
11010.346390
11055.168878
11080.725169
11120.169883
11145.875776
11164.644958
11173.517923
11186.959151
11187.355488
11206.065238
11188.277627
11191.338507
11202.542677
11206.621503
11225.897984
11245.943090
11250.272327
11234.312132
11216.977055
11193.838748
11164.526091
11151.578230
11126.794943
11095.312039
11064.033605
11027.023096
10989.569313
10952.128641
10921.248430
10871.077688
10824.594216
10791.572106
10738.141775
10695.433187
10634.012684
10575.444225
10531.380090
10483.461965
10409.884714
10355.361299
10279.942755
10208.857372
10150.334416
10067.167947
9985.353685
9920.239213
9826.804224
9759.298650
9651.612157
9566.589295
9461.143245
9374.453785
9263.527201
9174.737190
9072.780007
8969.741607
8851.176218
8744.996524
8647.369328
8526.277849
8427.050643
8322.705884
8210.968198
8093.739811
7976.568673
7852.359880
7736.150586
7617.111503
7486.538810
7365.285420
7241.824508
7138.633499
7026.934084
6899.130614
6767.978830
6637.677862
6519.017094
6396.620793
6264.645014
6149.462626
6031.214661
5908.387799
5781.475897
5657.119813
5531.196828
5417.662089
5304.557442
5188.925095
5075.175505
4959.335861
4851.121582
4742.577586
4624.620392
4510.175854
4393.670510
4281.836592
4174.246674
4069.320361
3963.331237
3853.688910
3759.210422
3652.686638
3550.945863
3451.013553
3363.062627
3261.626508
3162.308568
3073.306766
2988.007351
2891.501965
2804.282352
2723.316020
2640.248094
2555.725874
2470.319947
2394.936964
2319.364707
2235.580956
2165.990923
2100.859269
2027.096772
1962.739807
1898.152253
1829.917764
1765.739707
1698.920347
1640.629327
1582.940052
1527.172158
1469.143699
1415.545218
1363.429539
1309.124347
1262.237450
1212.367466
1162.625314
1117.844833
1075.324717
1030.585926
994.036044
953.839368
915.124399
877.872652
841.616932
807.714439
774.137813
741.091692
708.853518
678.459135
647.176305
619.592691
591.316699
562.715608
537.890245
515.351239
491.053720
468.756389
445.698156
424.913591
404.965232
385.069785
366.013889
346.270180
330.952044
315.769507
300.187613
286.026000
271.400244
256.144741
243.511454
231.198440
220.009855
207.364472
197.011352
188.076399
178.597444
168.356467
159.735645
151.759028
142.589812
134.273289
128.201514
120.939867
113.604747
107.574818
102.410873
95.997030
89.080023
81.844022
78.062410
73.478616
70.110008
66.335399
63.798620
60.937420
57.042352
54.374510
50.604773
48.009824
44.713287
41.875420
38.995590
36.245586
33.074391
30.961311
29.098408
26.738098
25.031773
24.068639
22.412112
20.815915
19.513563
18.641452
17.125016
16.088047
15.027110
13.860301
12.859400
12.049992
11.093110
10.214576
9.429801
8.634770
8.172531
7.407620
6.950445
6.306741
5.974283
5.545132
5.099532
4.762019
4.515261
4.360293
4.020620
3.642549
3.341540
3.064432
2.852980
2.569225
2.412394
2.070530
1.791079
1.659963
1.456033
1.383038
1.297003
1.148868
1.001530
0.905430
0.759772
0.667891
0.556787
0.478035
0.436462
0.374007
0.337730
0.321543
0.319853
0.226456
0.190852
0.199263
0.184495
0.188977
0.152609
0.093114
0.064450
0.057443
0.081648
0.044471
0.049005
0.034286
0.046101
0.043844
0.036097
0.045671
0.055360
0.065223
0.055774
0.034419
0.063157
0.092242
0.106993
0.113347
0.093521
0.079660
0.055328
0.064202
0.069286
0.076724
0.093146
0.100297
0.090873
0.080077
0.050070
0.037898
0.054477
0.044789
0.036806
0.013812
0.015377
0.006540
0.000090
0.000000
0.000000
0.000000
0.000000
0.000000
0.000000
0.000000
0.000000
0.000000
0.000000
0.000000
0.000000
0.000000
0.000000
0.000000
0.000000
0.000000
0.000000
0.000000
0.000000
0.000000
0.000000
0.000000
0.000000
0.000000
0.000000
0.000000
0.000000
0.000000
0.000000
0.000000
0.000000
0.000000
0.000000
0.000000
0.000000
0.000000
0.000000
0.000000
0.000000
0.000000
0.000000
0.000000
0.000000
0.000000
0.000000
0.000000
0.000000
0.000000
0.000000
0.000000
0.000000
0.000000
0.000000
0.000000
0.000000
0.000000
0.000000
0.000000
0.000000
0.000000
0.000000
0.000000
0.000000
0.000000
0.000000
0.000000
0.000000
0.000000
0.000000
0.000000
0.000000
0.000000
0.000000
0.000000
0.000000
0.000000
0.000000
0.000000
0.000000
0.000000
0.000000
0.000000
0.000000
0.000000
0.000000
0.000000
0.000000
0.000000
0.000000
0.000000
0.000000
0.000000
0.000000
0.000000
0.000000
0.000000
0.000000
0.000000
0.000000
0.000000
0.000000
0.000000
0.000000
0.000000
0.000000
0.000000
0.000000
0.000000
0.000000
0.000000
0.000000
0.000000
0.000000
0.000000
0.000000
0.000000
0.000000
0.000000
0.000000
0.000000
0.000000
0.000000
0.000000
0.000000
0.000000
0.000000
0.000000
0.000000
0.000000
0.000000
0.000000
0.000000
0.000000
0.000000
0.000000
0.000000
0.000000
0.000000
0.000000
0.000000
0.000000
0.000000
0.000000
0.000000
0.000000
0.000000
0.000000
0.000000
0.000000
0.000000
0.000000
0.000000
0.000000
0.000000
0.000000
0.000000
0.000000
0.000000
0.000000
0.000000
0.000000
0.000000
0.000000
0.000000
0.000000
0.000000
0.000000
0.000000
0.000000
0.000000
0.000000
0.000000
0.000000
0.000000
0.000000
0.000000
0.000000
0.000000
0.000000
0.000000
0.000000
0.000000
0.000000
0.000000
0.000000
0.000000
0.000000
0.000000
0.000000
0.000000
0.000000
0.000000
0.000000
0.000000
0.000000
0.000000
0.000000
0.000000
0.000000
0.000000
0.000000
0.000000
0.000000
0.000000
0.000000
0.000000
0.000000
0.000000
0.000000
0.000000
0.000000
0.000000
0.000000
0.000000
0.000000
0.000000
0.000000
0.000000
0.000000
0.000000
0.000000
0.000000
0.000000
0.000000
0.000000
0.000000
0.000000
0.000000
0.000000
0.000000
0.000000
0.000000
0.000000
0.000000
0.000000
0.000000
0.000000
0.000000
0.000000
0.000000
0.000000
0.000000
0.000000
0.000000
0.000000
0.000000
0.000000
0.000000
0.000000
0.000000
0.000000
0.000000
0.000000
0.000000
0.000000
0.000000
0.000000
0.000000
0.000000
0.000000
0.000000
0.000000
0.000000
0.000000
0.000000
0.000000
0.000000
0.000000
0.000000
0.000000
0.000000
0.000000
0.000000
0.000000
0.000000
0.000000
0.000000
0.000000
0.000000
0.000000
0.000000
0.000000
0.000000
0.000000
0.000000
0.000000
0.000000
0.000000
0.000000
0.000000
0.000000
0.000000
0.000000
0.000000
0.000000
0.000000
0.000000
0.000000
0.000000
0.000000
0.000000
0.000000
0.000000
0.000000
0.000000
0.000000
0.000000
0.000000
0.000000
0.000000
0.000000
0.000000
0.000000
0.000000
0.000000
0.000000
0.000000
0.000000
0.000000
0.000000
0.000000
0.000000
0.000000
0.000000
0.000000
0.000000
0.000000
0.000000
0.000000
0.000000
0.000000
0.000000
0.000000
0.000000
0.000000
0.000000
0.000000
0.000000
0.000000
0.000000
0.000000
0.000000
0.000000
0.000000
0.000000
0.000000
0.000000
0.000000
0.000000
0.000000
0.000000
0.000000
0.000000
0.000000
0.000000
0.000000
0.000000
0.000000
0.000000
0.000000
0.000000
0.000000
0.000000
0.000000
0.000000
0.000000
0.000000
0.000000
0.000000
0.000000
0.000000
0.000000
0.000000
0.000000
0.000000
0.000000
0.000000
0.000000
0.000000
0.000000
0.000000
0.000000
0.000000
0.000000
0.000000
0.000000
0.000000
0.000000
0.000000
0.000000
0.000000
0.000000
0.000000
0.000000
0.000000
0.000000
0.000000
0.000000
0.000000
0.000000
0.000000
0.000000
0.000000
0.000000
0.000000
0.000000
0.000000
0.000000
0.000000
0.000000
0.000000
0.000000
0.000000
0.000000
0.000000
0.000000
0.000000
0.000000
0.000000
0.000000
0.000000
0.000000
0.000000
0.000000
0.000000
0.000000
0.000000
0.000000
0.000000
0.000000
0.000000
0.000000
0.000000
0.000000
0.000000
0.000000
0.000000
0.000000
0.000000
0.000000
0.000000
0.000000
0.000000
0.000000
0.000000
0.000000
0.000000
0.000000
0.000000
0.000000
0.000000
0.000000
0.000000
0.000000
0.000000
0.000000
0.000000
0.000000
0.000000
0.000000
0.000000
0.000000
0.000000
0.000000
0.000000
0.000000
0.000000
0.000000
0.000000
0.000000
0.000000
0.000000
0.000000
0.000000
0.000000
0.000000
0.000000
0.000000
0.000000
0.000000
0.000000
0.000000
0.000000
0.000000
0.000000
0.000000
0.000000
0.000000
0.000000
0.000000
0.000000
0.000000
0.000000
0.000000
0.000000
0.000000
0.000000
0.000000
0.000000
