0.000000
0.000000
0.189591
0.873548
3.056330
9.394074
22.742414
47.739745
79.212970
145.343806
254.214788
412.672612
652.318263
964.747078
1403.172235
1963.900441
2645.948710
3486.702599
4515.661296
5697.670472
7128.522667
8769.321977
10565.504541
12534.123777
14711.511809
17038.375698
19518.852424
22176.221290
24910.746321
27879.735135
30813.394973
33819.603651
36951.900814
40029.578537
43087.769211
46286.814195
49370.713418
52385.100906
55396.824652
58273.542583
61136.300791
63746.187520
66278.088873
68660.321186
70984.196672
73124.596074
75138.786554
77055.522822
78886.370995
80686.691979
82283.337256
83676.740020
85057.630170
86239.217382
87298.791910
88186.131596
89037.701500
89757.163850
90363.189976
90944.238382
91271.192347
91490.361742
91708.300840
91768.998089
91799.450113
91733.733088
91543.653626
91371.210515
91058.780408
90827.275201
90550.582614
90282.070844
89897.380560
89502.363973
88965.383612
88445.526739
87892.287607
87331.384406
86728.685954
86136.531356
85480.874392
84805.213893
84122.601016
83477.905601
82727.444379
81981.217050
81227.006970
80503.571153
79824.953654
79078.280690
78357.338940
77572.775346
76874.693138
76101.937767
75271.896030
74516.088112
73719.352010
72964.818148
72174.507948
71396.187560
70570.667684
69819.558533
69054.192339
68294.243615
67600.567375
66843.281619
66066.874309
65409.100380
64724.287605
64027.724253
63330.861690
62596.593510
61941.053317
61253.691746
60561.168061
59905.879867
59202.320247
58514.309949
57845.636571
57178.425744
56533.987610
55864.410432
55203.935156
54548.807278
53857.615241
53208.177024
52491.098390
51870.074691
51227.127413
50545.704817
49907.706367
49266.961088
48623.099628
47969.212357
47341.538211
46713.322085
46128.053524
45510.054715
44899.603961
44275.457224
43633.657642
43045.375548
42476.862573
41842.433052
41276.423373
40703.591806
40123.992623
39539.501188
38988.168271
38418.773139
37851.987162
37286.603936
36707.971920
36128.530085
35563.301344
35002.161481
34469.859304
33903.954414
33357.755421
32810.608149
32260.681356
31694.658225
31164.091017
30666.523191
30167.654653
29653.173406
29131.373032
28611.771419
28109.667869
27616.770734
27120.197124
26641.118942
26150.541021
25654.744133
25193.944114
24722.205255
24242.242942
23765.088279
23272.235537
22818.620012
22377.785778
21930.112815
21500.427524
21076.247544
20644.186856
20221.851842
19783.562740
19353.680073
18929.878958
18515.128996
18120.140168
17719.650546
17298.931872
16907.400499
16493.807351
16100.657502
15711.654552
15309.617821
14933.077351
14575.456620
14238.202119
13890.450659
13525.082793
13176.382496
12841.407934
12488.944343
12163.174043
11859.324760
11537.944333
11210.825106
10897.652222
10597.291289
10310.297750
10013.010113
9728.565631
9459.488759
9179.892735
8909.213070
8642.207590
8384.303219
8151.975616
7906.166849
7669.142513
7433.831559
7196.653438
6965.374664
6761.900564
6552.662040
6335.709828
6125.263532
5927.754467
5719.841763
5528.482376
5347.114742
5159.541033
4994.460891
4820.236594
4652.138770
4485.949510
4326.839607
4181.166869
4033.283824
3878.869705
3743.886268
3603.434815
3470.924867
3349.708792
3222.759172
3101.880733
2978.304779
2867.718920
2760.135282
2651.368011
2549.573846
2449.961294
2352.324542
2254.664311
2165.602427
2078.472095
1989.532529
1902.406857
1827.188634
1749.639438
1675.867434
1597.418264
1526.783563
1460.128529
1399.870425
1339.779086
1283.227938
1223.452827
1172.284684
1116.668490
1067.149132
1020.353390
966.491977
923.770075
879.394036
834.828455
793.050644
756.692985
719.819170
686.795388
656.918134
629.121839
596.677636
570.036865
540.971025
513.881716
488.145763
459.867777
437.097312
415.334918
391.473132
371.897388
352.660163
333.848939
318.401906
301.085439
284.372506
268.709727
254.449451
242.270389
230.612727
218.085776
205.871612
195.418653
185.963953
173.013759
162.784318
152.065437
144.344897
136.146006
129.008530
122.017751
115.388340
108.164229
101.362077
95.222927
90.147477
83.546129
78.086848
74.371683
70.975655
67.234221
63.414660
58.696606
54.908557
50.799668
46.848273
43.285643
40.528824
37.711027
35.423006
32.730595
29.611968
28.474689
26.781353
25.472527
23.981793
22.406869
20.221682
19.263178
17.650169
16.506495
15.163336
14.375862
13.031011
12.099029
11.144406
10.564435
10.077276
8.961231
8.481981
7.894090
7.681844
7.000540
6.747853
6.309917
5.739011
5.548749
5.125442
4.748726
4.305726
4.091027
4.001832
3.808416
3.421320
3.013789
2.818001
2.732287
2.518672
2.238018
2.155154
2.059046
1.921005
1.782642
1.823324
1.679104
1.556205
1.489343
1.429069
1.246305
1.050901
0.974692
0.913302
0.789653
0.783626
0.680101
0.605830
0.572773
0.431140
0.309400
0.320529
0.290038
0.206818
0.140638
0.134485
0.077170
0.067467
0.068806
0.119608
0.110304
0.092949
0.051858
0.031685
0.032728
0.013403
0.017936
0.016674
0.004942
0.000000
0.000000
0.000000
0.000000
0.000000
0.000000
0.000000
0.000000
0.000000
0.000000
0.000000
0.000000
0.000000
0.000000
0.000000
0.000000
0.000000
0.000000
0.000000
0.000000
0.000000
0.000000
0.000000
0.000000
0.000000
0.000000
0.000000
0.000000
0.000000
0.000000
0.000000
0.000000
0.000000
0.000000
0.000000
0.000000
0.000000
0.000000
0.000000
0.000000
0.000000
0.000000
0.000000
0.000000
0.000000
0.000000
0.000000
0.000000
0.000000
0.000000
0.000000
0.000000
0.000000
0.000000
0.000000
0.000000
0.000000
0.000000
0.000000
0.000000
0.000000
0.000000
0.000000
0.000000
0.000000
0.000000
0.000000
0.000000
0.000000
0.000000
0.000000
0.000000
0.000000
0.000000
0.000000
0.000000
0.000000
0.000000
0.000000
0.000000
0.000000
0.000000
0.000000
0.000000
0.000000
0.000000
0.000000
0.000000
0.000000
0.000000
0.000000
0.000000
0.000000
0.000000
0.000000
0.000000
0.000000
0.000000
0.000000
0.000000
0.000000
0.000000
0.000000
0.000000
0.000000
0.000000
0.000000
0.000000
0.000000
0.000000
0.000000
0.000000
0.000000
0.000000
0.000000
0.000000
0.000000
0.000000
0.000000
0.000000
0.000000
0.000000
0.000000
0.000000
0.000000
0.000000
0.000000
0.000000
0.000000
0.000000
0.000000
0.000000
0.000000
0.000000
0.000000
0.000000
0.000000
0.000000
0.000000
0.000000
0.000000
0.000000
0.000000
0.000000
0.000000
0.000000
0.000000
0.000000
0.000000
0.000000
0.000000
0.000000
0.000000
0.000000
0.000000
0.000000
0.000000
0.000000
0.000000
0.000000
0.000000
0.000000
0.000000
0.000000
0.000000
0.000000
0.000000
0.000000
0.000000
0.000000
0.000000
0.000000
0.000000
0.000000
0.000000
0.000000
0.000000
0.000000
0.000000
0.000000
0.000000
0.000000
0.000000
0.000000
0.000000
0.000000
0.000000
0.000000
0.000000
0.000000
0.000000
0.000000
0.000000
0.000000
0.000000
0.000000
0.000000
0.000000
0.000000
0.000000
0.000000
0.000000
0.000000
0.000000
0.000000
0.000000
0.000000
0.000000
0.000000
0.000000
0.000000
0.000000
0.000000
0.000000
0.000000
0.000000
0.000000
0.000000
0.000000
0.000000
0.000000
0.000000
0.000000
0.000000
0.000000
0.000000
0.000000
0.000000
0.000000
0.000000
0.000000
0.000000
0.000000
0.000000
0.000000
0.000000
0.000000
0.000000
0.000000
0.000000
0.000000
0.000000
0.000000
0.000000
0.000000
0.000000
0.000000
0.000000
0.000000
0.000000
0.000000
0.000000
0.000000
0.000000
0.000000
0.000000
0.000000
0.000000
0.000000
0.000000
0.000000
0.000000
0.000000
0.000000
0.000000
0.000000
0.000000
0.000000
0.000000
0.000000
0.000000
0.000000
0.000000
0.000000
0.000000
0.000000
0.000000
0.000000
0.000000
0.000000
0.000000
0.000000
0.000000
0.000000
0.000000
0.000000
0.000000
0.000000
0.000000
0.000000
0.000000
0.000000
0.000000
0.000000
0.000000
0.000000
0.000000
0.000000
0.000000
0.000000
0.000000
0.000000
0.000000
0.000000
0.000000
0.000000
0.000000
0.000000
0.000000
0.000000
0.000000
0.000000
0.000000
0.000000
0.000000
0.000000
0.000000
0.000000
0.000000
0.000000
0.000000
0.000000
0.000000
0.000000
0.000000
0.000000
0.000000
0.000000
0.000000
0.000000
0.000000
0.000000
0.000000
0.000000
0.000000
0.000000
0.000000
0.000000
0.000000
0.000000
0.000000
0.000000
0.000000
0.000000
0.000000
0.000000
0.000000
0.000000
0.000000
0.000000
0.000000
0.000000
0.000000
0.000000
0.000000
0.000000
0.000000
0.000000
0.000000
0.000000
0.000000
0.000000
0.000000
0.000000
0.000000
0.000000
0.000000
0.000000
0.000000
0.000000
0.000000
0.000000
0.000000
0.000000
0.000000
0.000000
0.000000
0.000000
0.000000
0.000000
0.000000
0.000000
0.000000
0.000000
0.000000
0.000000
0.000000
0.000000
0.000000
0.000000
0.000000
0.000000
0.000000
0.000000
0.000000
0.000000
0.000000
0.000000
0.000000
0.000000
0.000000
0.000000
0.000000
0.000000
0.000000
0.000000
0.000000
0.000000
0.000000
0.000000
0.000000
0.000000
0.000000
0.000000
0.000000
0.000000
0.000000
0.000000
0.000000
0.000000
0.000000
0.000000
0.000000
0.000000
0.000000
0.000000
0.000000
0.000000
0.000000
0.000000
0.000000
0.000000
0.000000
0.000000
0.000000
0.000000
0.000000
0.000000
0.000000
0.000000
0.000000
0.000000
0.000000
0.000000
0.000000
0.000000
0.000000
0.000000
0.000000
0.000000
0.000000
0.000000
0.000000
0.000000
0.000000
0.000000
0.000000
0.000000
0.000000
0.000000
0.000000
0.000000
0.000000
0.000000
0.000000
0.000000
0.000000
0.000000
0.000000
0.000000
0.000000
0.000000
0.000000
0.000000
0.000000
0.000000
0.000000
0.000000
0.000000
0.000000
0.000000
0.000000
0.000000
0.000000
0.000000
0.000000
0.000000
0.000000
0.000000
0.000000
0.000000
0.000000
0.000000
0.000000
0.000000
0.000000
0.000000
0.000000
0.000000
0.000000
0.000000
0.000000
0.000000
0.000000
0.000000
0.000000
0.000000
0.000000
0.000000
0.000000
0.000000
0.000000
0.000000
0.000000
0.000000
0.000000
0.000000
0.000000
0.000000
0.000000
0.000000
0.000000
0.000000
0.000000
0.000000
0.000000
0.000000
0.000000
0.000000
0.000000
0.000000
0.000000
0.000000
0.000000
0.000000
0.000000
0.000000
0.000000
0.000000
0.000000
0.000000
0.000000
0.000000
0.000000
0.000000
0.000000
0.000000
0.000000
0.000000
0.000000
0.000000
0.000000
0.000000
0.000000
0.000000
0.000000
0.000000
0.000000
0.000000
0.000000
0.000000
0.000000
0.000000
0.000000
0.000000
0.000000
0.000000
0.000000
0.000000
0.000000
0.000000
0.000000
0.000000
0.000000
0.000000
0.000000
0.000000
0.000000
0.000000
0.000000
0.000000
0.000000
0.000000
0.000000
0.000000
0.000000
0.000000
0.000000
0.000000
0.000000
