0.000000
0.000000
0.000000
0.000000
0.000000
0.000000
0.000000
0.000000
0.000000
0.000000
0.000000
0.000000
0.000000
0.000000
0.003570
0.029726
0.125236
0.358400
0.710572
1.369701
2.684073
4.885447
8.064694
12.945723
21.248329
33.136035
49.656223
74.474066
107.670700
152.191862
211.798449
294.245666
401.379821
542.003837
715.781032
934.074313
1209.215252
1549.811272
1964.837449
2466.366926
3059.998623
3762.048186
4577.731907
5524.412630
6604.557592
7841.969794
9228.809851
10796.268454
12539.553875
14467.937845
16598.200447
18924.765235
21465.590962
24211.725360
27149.530458
30287.294981
33607.672885
37126.922009
40835.285970
44703.427796
48715.955442
52884.904137
57195.668285
61625.900652
66140.472881
70770.832946
75438.189051
80189.379039
84913.958605
89626.991018
94325.615832
98981.820613
103558.154608
108018.050568
112344.567720
116553.051863
120667.801142
124539.072585
128282.708767
131817.995659
135165.707592
138258.042738
141138.885879
143823.452391
146255.977304
148400.515682
150340.201530
152027.574058
153412.097431
154557.456364
155484.890906
156141.233462
156545.684140
156715.940102
156662.989799
156366.460147
155827.998670
155085.894795
154119.607993
152935.616414
151542.009347
149929.871617
148196.142800
146271.678680
144197.304250
141989.485163
139657.546160
137199.169294
134595.078360
131906.856698
129107.347996
126248.326638
123330.778492
120317.934902
117267.867502
114174.982109
111068.399410
107913.303593
104756.546094
101589.227871
98437.381053
95292.255313
92179.090634
89093.636282
86029.648967
82992.908782
80004.212920
77069.118172
74171.689910
71336.204200
68544.681245
65815.067076
63130.238255
60522.394117
57968.050042
55471.559202
53048.616118
50684.532003
48388.518757
46161.721696
43988.992582
41898.140102
39878.524699
37928.033662
36048.253553
34248.449983
32515.408491
30848.401560
29253.404173
27718.348685
26250.840919
24841.796417
23494.640413
22187.758423
20954.747024
19774.508467
18639.663513
17556.685831
16532.844140
15552.915554
14619.684317
13739.806888
12888.804550
12086.119330
11328.686197
10601.744540
9927.523220
9283.842870
8666.854130
8089.492351
7547.369293
7040.661570
6560.217441
6109.503730
5688.360900
5290.026746
4914.529121
4562.801432
4232.029828
3924.692249
3638.980212
3371.565677
3117.692275
2886.049666
2670.096924
2466.343741
2277.324102
2098.232927
1935.597552
1781.240201
1639.085220
1508.076285
1385.122254
1272.901877
1167.400968
1070.499774
980.817396
899.816233
823.682027
754.084066
690.598739
631.971487
579.186671
528.541750
482.783338
438.877127
400.670188
363.592832
330.800196
300.043286
272.317291
246.409993
223.539115
203.022388
183.999182
166.542253
150.236892
135.581369
122.081906
109.952023
99.227726
88.947360
79.518217
71.726196
64.251331
57.572971
51.270986
46.045080
40.764613
36.250188
32.228976
28.598237
25.645059
22.716282
20.147611
18.192909
16.201562
14.432651
12.983299
11.535219
10.452514
9.403212
8.274354
7.453378
6.661973
6.005876
5.462769
4.946884
4.489771
4.081962
3.789796
3.477776
3.285983
3.031125
2.770743
2.516766
2.265346
2.095894
1.837713
1.644866
1.520103
1.299289
1.184948
1.087653
1.025098
0.941422
0.877299
0.805932
0.730966
0.675032
0.609551
0.567863
0.537959
0.500903
0.470943
0.398945
0.360915
0.342833
0.319504
0.271138
0.236616
0.205380
0.164782
0.126433
0.124699
0.107477
0.094813
0.078155
0.066786
0.047810
0.031944
0.018427
0.011423
0.006087
0.003020
0.001622
0.000363
0.000598
0.000152
0.000000
0.000000
0.000000
0.000000
0.000000
0.000000
0.000000
0.000000
0.000000
0.000000
0.000000
0.000000
0.000000
0.000000
0.000000
0.000000
0.000000
0.000000
0.000000
0.000000
0.000000
0.000000
0.000000
0.000000
0.000000
0.000000
0.000000
0.000000
0.000000
0.000000
0.000000
0.000000
0.000000
0.000000
0.000000
0.000000
0.000000
0.000000
0.000000
0.000000
0.000000
0.000000
0.000000
0.000000
0.000000
0.000000
0.000000
0.000000
0.000000
0.000000
0.000000
0.000000
0.000000
0.000000
0.000000
0.000000
0.000000
0.000000
0.000000
0.000000
0.000000
0.000000
0.000000
0.000000
0.000000
0.000000
0.000000
0.000000
0.000000
0.000000
0.000000
0.000000
0.000000
0.000000
0.000000
0.000000
0.000000
0.000000
0.000000
0.000000
0.000000
0.000000
0.000000
0.000000
0.000000
0.000000
0.000000
0.000000
0.000000
0.000000
0.000000
0.000000
0.000000
0.000000
0.000000
0.000000
0.000000
0.000000
0.000000
0.000000
0.000000
0.000000
0.000000
0.000000
0.000000
0.000000
0.000000
0.000000
0.000000
0.000000
0.000000
0.000000
0.000000
0.000000
0.000000
0.000000
0.000000
0.000000
0.000000
0.000000
0.000000
0.000000
0.000000
0.000000
0.000000
0.000000
0.000000
0.000000
0.000000
0.000000
0.000000
0.000000
0.000000
0.000000
0.000000
0.000000
0.000000
0.000000
0.000000
0.000000
0.000000
0.000000
0.000000
0.000000
0.000000
0.000000
0.000000
0.000000
0.000000
0.000000
0.000000
0.000000
0.000000
0.000000
0.000000
0.000000
0.000000
0.000000
0.000000
0.000000
0.000000
0.000000
0.000000
0.000000
0.000000
0.000000
0.000000
0.000000
0.000000
0.000000
0.000000
0.000000
0.000000
0.000000
0.000000
0.000000
0.000000
0.000000
0.000000
0.000000
0.000000
0.000000
0.000000
0.000000
0.000000
0.000000
0.000000
0.000000
0.000000
0.000000
0.000000
0.000000
0.000000
0.000000
0.000000
0.000000
0.000000
0.000000
0.000000
0.000000
0.000000
0.000000
0.000000
0.000000
0.000000
0.000000
0.000000
0.000000
0.000000
0.000000
0.000000
0.000000
0.000000
0.000000
0.000000
0.000000
0.000000
0.000000
0.000000
0.000000
0.000000
0.000000
0.000000
0.000000
0.000000
0.000000
0.000000
0.000000
0.000000
0.000000
0.000000
0.000000
0.000000
0.000000
0.000000
0.000000
0.000000
0.000000
0.000000
0.000000
0.000000
0.000000
0.000000
0.000000
0.000000
0.000000
0.000000
0.000000
0.000000
0.000000
0.000000
0.000000
0.000000
0.000000
0.000000
0.000000
0.000000
0.000000
0.000000
0.000000
0.000000
0.000000
0.000000
0.000000
0.000000
0.000000
0.000000
0.000000
0.000000
0.000000
0.000000
0.000000
0.000000
0.000000
0.000000
0.000000
0.000000
0.000000
0.000000
0.000000
0.000000
0.000000
0.000000
0.000000
0.000000
0.000000
0.000000
0.000000
0.000000
0.000000
0.000000
0.000000
0.000000
0.000000
0.000000
0.000000
0.000000
0.000000
0.000000
0.000000
0.000000
0.000000
0.000000
0.000000
0.000000
0.000000
0.000000
0.000000
0.000000
0.000000
0.000000
0.000000
0.000000
0.000000
0.000000
0.000000
0.000000
0.000000
0.000000
0.000000
0.000000
0.000000
0.000000
0.000000
0.000000
0.000000
0.000000
0.000000
0.000000
0.000000
0.000000
0.000000
0.000000
0.000000
0.000000
0.000000
0.000000
0.000000
0.000000
0.000000
0.000000
0.000000
0.000000
0.000000
0.000000
0.000000
0.000000
0.000000
0.000000
0.000000
0.000000
0.000000
0.000000
0.000000
0.000000
0.000000
0.000000
0.000000
0.000000
0.000000
0.000000
0.000000
0.000000
0.000000
0.000000
0.000000
0.000000
0.000000
0.000000
0.000000
0.000000
0.000000
0.000000
0.000000
0.000000
0.000000
0.000000
0.000000
0.000000
0.000000
0.000000
0.000000
0.000000
0.000000
0.000000
0.000000
0.000000
0.000000
0.000000
0.000000
0.000000
0.000000
0.000000
0.000000
0.000000
0.000000
0.000000
0.000000
0.000000
0.000000
0.000000
0.000000
0.000000
0.000000
0.000000
0.000000
0.000000
0.000000
0.000000
0.000000
0.000000
0.000000
0.000000
0.000000
0.000000
0.000000
0.000000
0.000000
0.000000
0.000000
0.000000
0.000000
0.000000
0.000000
0.000000
0.000000
0.000000
0.000000
0.000000
0.000000
0.000000
0.000000
0.000000
0.000000
0.000000
0.000000
0.000000
0.000000
0.000000
0.000000
0.000000
0.000000
0.000000
0.000000
0.000000
0.000000
0.000000
0.000000
0.000000
0.000000
0.000000
0.000000
0.000000
0.000000
0.000000
0.000000
0.000000
0.000000
0.000000
0.000000
0.000000
0.000000
0.000000
0.000000
0.000000
0.000000
0.000000
0.000000
0.000000
0.000000
0.000000
0.000000
0.000000
0.000000
0.000000
0.000000
0.000000
0.000000
0.000000
0.000000
0.000000
0.000000
0.000000
0.000000
0.000000
0.000000
0.000000
0.000000
0.000000
0.000000
0.000000
0.000000
0.000000
0.000000
0.000000
0.000000
0.000000
0.000000
0.000000
0.000000
0.000000
0.000000
0.000000
0.000000
0.000000
0.000000
0.000000
0.000000
0.000000
0.000000
0.000000
0.000000
0.000000
0.000000
0.000000
0.000000
0.000000
0.000000
0.000000
0.000000
0.000000
0.000000
0.000000
0.000000
0.000000
0.000000
0.000000
0.000000
0.000000
0.000000
0.000000
0.000000
0.000000
0.000000
0.000000
0.000000
0.000000
0.000000
0.000000
0.000000
0.000000
0.000000
0.000000
0.000000
0.000000
0.000000
0.000000
0.000000
0.000000
0.000000
0.000000
0.000000
0.000000
0.000000
0.000000
0.000000
0.000000
0.000000
0.000000
0.000000
0.000000
0.000000
0.000000
0.000000
0.000000
0.000000
0.000000
0.000000
0.000000
0.000000
0.000000
0.000000
0.000000
0.000000
0.000000
0.000000
0.000000
0.000000
0.000000
0.000000
0.000000
0.000000
0.000000
0.000000
0.000000
0.000000
0.000000
0.000000
0.000000
0.000000
0.000000
0.000000
0.000000
0.000000
0.000000
0.000000
0.000000
0.000000
0.000000
0.000000
0.000000
0.000000
0.000000
0.000000
0.000000
0.000000
0.000000
0.000000
0.000000
0.000000
0.000000
0.000000
0.000000
0.000000
0.000000
0.000000
0.000000
0.000000
0.000000
0.000000
0.000000
0.000000
0.000000
0.000000
0.000000
0.000000
0.000000
0.000000
0.000000
0.000000
0.000000
0.000000
0.000000
0.000000
0.000000
0.000000
0.000000
0.000000
0.000000
0.000000
0.000000
0.000000
0.000000
0.000000
0.000000
0.000000
0.000000
0.000000
0.000000
0.000000
0.000000
0.000000
0.000000
0.000000
0.000000
0.000000
0.000000
0.000000
0.000000
0.000000
0.000000
0.000000
0.000000
0.000000
0.000000
0.000000
0.000000
0.000000
0.000000
0.000000
0.000000
0.000000
0.000000
0.000000
0.000000
0.000000
0.000000
0.000000
0.000000
0.000000
0.000000
0.000000
0.000000
0.000000
0.000000
0.000000
0.000000
0.000000
0.000000
0.000000
0.000000
0.000000
0.000000
0.000000
0.000000
0.000000
0.000000
0.000000
0.000000
0.000000
0.000000
0.000000
