36.889291
330.430015
1014.087882
2535.641383
5146.030255
9370.816050
15843.590400
24098.415571
34316.292478
45631.109531
57937.124718
71370.126967
85725.143911
99160.936027
112459.762257
125105.773085
136695.492685
146851.586338
154757.187400
161279.844321
166838.634963
170637.244423
172605.934465
173802.042405
173324.825230
172150.697312
170045.625595
167073.181118
164405.682514
160345.076596
155869.030941
151107.796364
146024.276006
140545.313932
135248.453589
129869.303062
125048.823897
119750.931674
115040.808861
110103.628191
105876.772292
101668.126921
97278.864603
93204.353474
89706.785418
85819.729221
82111.526360
78565.545964
75300.308069
72057.307281
69508.891852
66581.033300
63806.647484
61412.367783
58527.304158
56482.480649
54295.346454
52256.500696
50195.686737
48169.448568
46389.237418
44675.343006
43045.912173
41875.363832
40472.809062
39196.687860
38047.043385
36822.113474
35900.358061
34961.406565
33965.581045
33036.569645
32040.931079
31126.731139
30335.332430
29631.655596
28925.877393
28271.192467
27733.101274
27118.071946
26655.815238
26121.646110
25557.202414
25216.003317
24760.298138
24282.459642
23940.170888
23594.576610
23213.555753
22965.601727
22771.381310
22408.044590
22080.076490
21874.451485
21718.945240
21532.793542
21132.571244
20930.512720
20594.793228
20272.281768
20173.112863
19979.575728
19764.783929
19494.446116
19327.384932
19121.888121
18982.712678
18793.633248
18621.745919
18498.150173
18388.554658
18304.443506
18217.339635
18059.193451
17991.853002
17891.139774
17838.812650
17700.063287
17560.241234
17454.747479
17369.258850
17340.937212
17265.525323
17240.791401
17082.149886
16975.363127
16936.085109
16877.976888
16831.842553
16844.480215
16922.312310
16894.692349
16856.784325
16705.443242
16627.665628
16651.567560
16733.508749
16631.224372
16564.416224
16524.730282
16514.940394
16486.371530
16514.971629
16671.273535
16708.684032
16681.515474
16838.258601
16888.977020
16887.009564
16896.007927
16862.516352
16949.835232
16949.757317
16920.706898
16912.595445
16901.165022
17005.981006
16935.326455
16908.961712
16916.659314
16953.510294
16970.271656
16978.715298
17025.248952
17010.266997
16996.786908
16999.736623
17001.988343
16996.869675
16980.886272
16968.153663
17048.593498
17079.347093
17092.806207
17105.568068
17058.840864
17032.970377
17031.330725
17003.611118
17022.578667
17086.462045
17050.621530
17001.455126
16886.773898
16870.325000
16830.000941
16777.334131
16746.616415
16690.910308
16622.856546
16584.575594
16488.952214
16465.981934
16459.635099
16423.439222
16396.204231
16440.935689
16478.014503
16443.796856
16441.768092
16442.490726
16386.434621
16299.174478
16297.288517
16269.310014
16235.096503
16142.698515
16130.117579
16104.092974
16068.199741
15942.486206
15859.652104
15839.522711
15770.854806
15643.137467
15542.284540
15402.294140
15308.224694
15183.676057
15109.594204
14998.376544
14905.982128
14863.217099
14813.018535
14794.897742
14701.416747
14531.778417
14401.387006
14278.379771
14173.975202
14034.332017
13978.545290
13841.701878
13745.937325
13701.269433
13593.831646
13503.290677
13348.379024
13215.380902
13117.479001
13000.896262
12885.325210
12757.421329
12686.491010
12544.791852
12411.464511
12292.930931
12132.633842
11975.356567
11834.906043
11723.872080
11613.560408
11456.396986
11318.171199
11144.913855
11019.147557
10865.556513
10738.778598
10621.988172
10532.512928
10330.321539
10199.594729
10063.872562
9961.655948
9810.209816
9688.090754
9545.697276
9387.477091
9250.861342
9099.825569
9055.674300
8936.508248
8817.794694
8675.268094
8547.376047
8405.905100
8244.159831
8068.452471
7900.449946
7784.604577
7661.197235
7550.106501
7440.368165
7304.574195
7171.698645
7020.209125
6862.938933
6732.722734
6624.782197
6527.560081
6377.503569
6256.185626
6120.204472
6014.682371
5919.499478
5794.747601
5689.641864
5601.589805
5470.278617
5362.602578
5245.720776
5101.683898
5008.665811
4878.145384
4746.406605
4646.186162
4559.622042
4449.839501
4347.691353
4242.245517
4127.290568
4033.083983
3950.247898
3877.155586
3797.181632
3725.606235
3657.736973
3557.972891
3472.249648
3388.902716
3301.853313
3203.178445
3111.377466
3055.806753
2967.621568
2881.966482
2817.210009
2749.659929
2676.836417
2605.972438
2537.993800
2484.222051
2418.387817
2353.085991
2281.268508
2229.465246
2171.566039
2096.021299
2025.459430
1963.178092
1893.705453
1858.274701
1810.609928
1752.053652
1694.900683
1658.352130
1606.099402
1562.002939
1524.970222
1476.401070
1437.226451
1406.334006
1374.934776
1355.472052
1328.605987
1281.600743
1244.129050
1199.115864
1159.485251
1112.747511
1066.051940
1047.985592
1010.645134
986.378349
950.623897
917.892922
884.818206
842.839471
815.437540
786.786118
747.932152
732.028059
702.952895
679.926596
653.873621
638.086011
609.820583
589.744436
566.276351
549.905606
525.661501
506.688083
480.436945
464.963394
445.938630
436.156864
419.182758
409.194572
395.807576
381.576976
367.509912
353.877301
337.049098
323.271967
310.034656
295.693642
288.011937
275.524823
263.897164
248.378829
236.554992
224.867179
212.373400
207.845076
196.616792
184.305935
176.115186
168.112435
160.166578
156.456285
149.305185
142.063346
141.291302
131.003269
129.669489
124.297440
121.119273
111.652813
110.362780
106.404566
100.626695
101.295911
98.439678
95.031159
90.489755
90.527290
84.798006
81.653517
77.722702
73.947499
71.328611
69.990768
65.518875
64.820710
63.799507
56.915501
52.982676
52.282639
49.983111
46.751742
43.040537
40.139312
38.274628
35.664037
33.667344
31.462578
26.811702
27.090983
25.482673
24.980328
22.830085
21.640674
19.268846
19.647738
17.748603
15.757092
15.947163
15.299342
16.416122
15.574345
15.652164
13.985516
13.481323
12.948731
11.714787
11.628118
10.591236
9.583887
9.260758
8.241345
7.504383
6.450611
5.470177
5.904115
5.015641
4.364601
3.734859
4.143149
4.187284
3.946005
3.998483
3.936187
3.088078
3.103254
3.633880
3.064228
2.181416
2.182836
1.809392
1.609150
1.460568
1.086069
0.952220
0.733790
0.830980
0.846366
0.615032
0.639576
0.609307
0.396814
0.360896
0.311482
0.332052
0.265979
0.360874
0.410760
0.260096
0.301789
0.393414
0.214896
0.059870
0.026971
0.025256
0.122388
0.126816
0.056937
0.082910
0.064656
0.105971
0.083982
0.127654
0.133028
0.080235
0.060767
0.004572
0.000000
0.000000
0.000000
0.000000
0.000000
0.000000
0.000000
0.000000
0.000000
0.000000
0.000000
0.000000
0.000000
0.000000
0.000000
0.000000
0.000000
0.000000
0.000000
0.000000
0.000000
0.000000
0.000000
0.000000
0.000000
0.000000
0.000000
0.000000
0.000000
0.000000
0.000000
0.000000
0.000000
0.000000
0.000000
0.000000
0.000000
0.000000
0.000000
0.000000
0.000000
0.000000
0.000000
0.000000
0.000000
0.000000
0.000000
0.000000
0.000000
0.000000
0.000000
0.000000
0.000000
0.000000
0.000000
0.000000
0.000000
0.000000
0.000000
0.000000
0.000000
0.000000
0.000000
0.000000
0.000000
0.000000
0.000000
0.000000
0.000000
0.000000
0.000000
0.000000
0.000000
0.000000
0.000000
0.000000
0.000000
0.000000
0.000000
0.000000
0.000000
0.000000
0.000000
0.000000
0.000000
0.000000
0.000000
0.000000
0.000000
0.000000
0.000000
0.000000
0.000000
0.000000
0.000000
0.000000
0.000000
0.000000
0.000000
0.000000
0.000000
0.000000
0.000000
0.000000
0.000000
0.000000
0.000000
0.000000
0.000000
0.000000
0.000000
0.000000
0.000000
0.000000
0.000000
0.000000
0.000000
0.000000
0.000000
0.000000
0.000000
0.000000
0.000000
0.000000
0.000000
0.000000
0.000000
0.000000
0.000000
0.000000
0.000000
0.000000
0.000000
0.000000
0.000000
0.000000
0.000000
0.000000
0.000000
0.000000
0.000000
0.000000
0.000000
0.000000
0.000000
0.000000
0.000000
0.000000
0.000000
0.000000
0.000000
0.000000
0.000000
0.000000
0.000000
0.000000
0.000000
0.000000
0.000000
0.000000
0.000000
0.000000
0.000000
0.000000
0.000000
0.000000
0.000000
0.000000
0.000000
0.000000
0.000000
0.000000
0.000000
0.000000
0.000000
0.000000
0.000000
0.000000
0.000000
0.000000
0.000000
0.000000
0.000000
0.000000
0.000000
0.000000
0.000000
0.000000
0.000000
0.000000
0.000000
0.000000
0.000000
0.000000
0.000000
0.000000
0.000000
0.000000
0.000000
0.000000
0.000000
0.000000
0.000000
0.000000
0.000000
0.000000
0.000000
0.000000
0.000000
0.000000
0.000000
0.000000
0.000000
0.000000
0.000000
0.000000
0.000000
0.000000
0.000000
0.000000
0.000000
0.000000
0.000000
0.000000
0.000000
0.000000
0.000000
0.000000
0.000000
0.000000
0.000000
0.000000
0.000000
0.000000
0.000000
0.000000
0.000000
0.000000
0.000000
0.000000
0.000000
0.000000
0.000000
0.000000
0.000000
0.000000
0.000000
0.000000
0.000000
0.000000
0.000000
0.000000
0.000000
0.000000
0.000000
0.000000
0.000000
0.000000
0.000000
0.000000
0.000000
0.000000
0.000000
0.000000
0.000000
0.000000
0.000000
0.000000
0.000000
0.000000
0.000000
0.000000
0.000000
0.000000
0.000000
0.000000
0.000000
0.000000
0.000000
0.000000
0.000000
0.000000
0.000000
0.000000
0.000000
0.000000
0.000000
0.000000
0.000000
0.000000
0.000000
0.000000
0.000000
0.000000
0.000000
0.000000
0.000000
0.000000
0.000000
0.000000
0.000000
0.000000
0.000000
0.000000
0.000000
0.000000
0.000000
0.000000
0.000000
0.000000
0.000000
0.000000
0.000000
0.000000
0.000000
0.000000
0.000000
0.000000
0.000000
0.000000
0.000000
0.000000
0.000000
0.000000
0.000000
0.000000
0.000000
0.000000
0.000000
0.000000
0.000000
0.000000
0.000000
0.000000
0.000000
0.000000
0.000000
0.000000
0.000000
0.000000
0.000000
0.000000
0.000000
0.000000
0.000000
0.000000
0.000000
0.000000
0.000000
0.000000
0.000000
0.000000
0.000000
0.000000
0.000000
0.000000
0.000000
0.000000
0.000000
0.000000
0.000000
0.000000
0.000000
0.000000
0.000000
0.000000
0.000000
0.000000
0.000000
0.000000
0.000000
0.000000
0.000000
0.000000
0.000000
0.000000
0.000000
0.000000
0.000000
0.000000
0.000000
0.000000
0.000000
0.000000
0.000000
0.000000
0.000000
0.000000
0.000000
0.000000
0.000000
0.000000
0.000000
0.000000
0.000000
0.000000
0.000000
0.000000
0.000000
0.000000
0.000000
0.000000
0.000000
0.000000
0.000000
0.000000
0.000000
0.000000
0.000000
0.000000
0.000000
0.000000
0.000000
0.000000
0.000000
0.000000
0.000000
0.000000
0.000000
0.000000
0.000000
0.000000
0.000000
0.000000
0.000000
0.000000
0.000000
0.000000
0.000000
0.000000
0.000000
0.000000
0.000000
0.000000
0.000000
0.000000
0.000000
0.000000
0.000000
0.000000
0.000000
0.000000
0.000000
0.000000
0.000000
0.000000
0.000000
0.000000
0.000000
0.000000
0.000000
0.000000
0.000000
0.000000
0.000000
0.000000
0.000000
0.000000
0.000000
0.000000
0.000000
0.000000
0.000000
0.000000
0.000000
0.000000
0.000000
0.000000
0.000000
0.000000
0.000000
0.000000
0.000000
0.000000
0.000000
0.000000
