0.000000
0.000000
0.000000
0.000000
0.000000
0.000000
0.000000
0.000000
0.000000
0.000000
0.000000
0.000000
0.000000
0.000000
0.000000
0.000000
0.000000
0.000000
0.000000
0.000000
0.000000
0.036922
0.112541
0.330647
0.697641
1.176899
2.174089
3.720732
7.067689
11.911729
19.572296
31.312716
47.976145
74.910141
119.531009
177.418465
262.984275
379.580148
528.279808
723.947356
985.830712
1326.099266
1759.315768
2307.544188
2970.239148
3802.773190
4788.624211
5960.262834
7358.534282
8977.835748
10842.754139
12966.778632
15373.583659
18027.725612
20955.339305
24161.555870
27664.645128
31424.365056
35388.475891
39657.581251
44166.664802
48864.046845
53713.013196
58763.546946
63868.012700
69081.661232
74301.659970
79528.148824
84825.327614
89993.882819
95153.751881
100127.193634
105037.751271
109850.704796
114469.263280
118935.768511
123124.720324
127067.744321
130816.131714
134235.178096
137471.478997
140465.622534
143268.931508
145885.484152
148189.550532
150199.237397
151964.673773
153392.373088
154633.950786
155642.453454
156431.124751
156916.310007
157137.564319
157287.513051
157101.233874
156803.124088
156270.072777
155433.595655
154492.163297
153466.275508
152220.783786
150784.459228
149202.351480
147530.710911
145698.942694
143777.558350
141698.659473
139577.959419
137300.832992
134880.899807
132391.714408
129962.245881
127386.227390
124673.106892
121902.842132
119071.426425
116202.002825
113328.956479
110420.652553
107437.650729
104430.287842
101440.160925
98428.360859
95350.642033
92273.124642
89221.748817
86177.912923
83101.376921
80022.868283
77006.018900
74050.046648
71137.738867
68226.326256
65339.671407
62506.786506
59715.862941
56992.532127
54305.362189
51684.155444
49108.768801
46627.284240
44190.406510
41842.299870
39573.012026
37334.234179
35194.986716
33112.503429
31133.244700
29212.190852
27368.425332
25634.715728
23968.773012
22359.116063
20834.550589
19388.907229
18011.764509
16710.797800
15477.003191
14303.960605
13214.142413
12167.313570
11210.962429
10303.139862
9458.996997
8654.627594
7906.506994
7210.516505
6576.667187
5979.178732
5425.802418
4913.628619
4448.765324
4020.684128
3631.392639
3271.724066
2937.517850
2627.722225
2348.877246
2101.478883
1878.653904
1676.431703
1491.362920
1326.191309
1178.595692
1043.252546
921.946697
814.578814
719.637912
634.598884
559.630420
488.721389
427.893767
373.344879
324.178549
281.727758
245.975576
211.743085
183.543814
158.328810
136.720602
118.704271
102.784981
88.077094
76.222772
65.788774
55.654172
47.845525
40.307738
33.978298
28.560515
24.140061
19.836203
16.318156
13.533988
11.473649
9.228047
7.753553
6.387134
5.401055
4.376493
3.638434
2.931861
2.352765
1.934697
1.595842
1.377605
1.135647
0.874632
0.729883
0.543155
0.432432
0.334826
0.312782
0.199880
0.188963
0.155860
0.129261
0.124461
0.114244
0.065589
0.037831
0.034040
0.029064
0.025759
0.025201
0.044654
0.050609
0.024382
0.012510
0.009266
0.014913
0.006921
0.014856
0.004064
0.003668
0.002477
0.000691
0.000000
0.000000
0.000000
0.000000
0.000000
0.000000
0.000000
0.000000
0.000000
0.000000
0.000000
0.000000
0.000000
0.000000
0.000000
0.000000
0.000000
0.000000
0.000000
0.000000
0.000000
0.000000
0.000000
0.000000
0.000000
0.000000
0.000000
0.000000
0.000000
0.000000
0.000000
0.000000
0.000000
0.000000
0.000000
0.000000
0.000000
0.000000
0.000000
0.000000
0.000000
0.000000
0.000000
0.000000
0.000000
0.000000
0.000000
0.000000
0.000000
0.000000
0.000000
0.000000
0.000000
0.000000
0.000000
0.000000
0.000000
0.000000
0.000000
0.000000
0.000000
0.000000
0.000000
0.000000
0.000000
0.000000
0.000000
0.000000
0.000000
0.000000
0.000000
0.000000
0.000000
0.000000
0.000000
0.000000
0.000000
0.000000
0.000000
0.000000
0.000000
0.000000
0.000000
0.000000
0.000000
0.000000
0.000000
0.000000
0.000000
0.000000
0.000000
0.000000
0.000000
0.000000
0.000000
0.000000
0.000000
0.000000
0.000000
0.000000
0.000000
0.000000
0.000000
0.000000
0.000000
0.000000
0.000000
0.000000
0.000000
0.000000
0.000000
0.000000
0.000000
0.000000
0.000000
0.000000
0.000000
0.000000
0.000000
0.000000
0.000000
0.000000
0.000000
0.000000
0.000000
0.000000
0.000000
0.000000
0.000000
0.000000
0.000000
0.000000
0.000000
0.000000
0.000000
0.000000
0.000000
0.000000
0.000000
0.000000
0.000000
0.000000
0.000000
0.000000
0.000000
0.000000
0.000000
0.000000
0.000000
0.000000
0.000000
0.000000
0.000000
0.000000
0.000000
0.000000
0.000000
0.000000
0.000000
0.000000
0.000000
0.000000
0.000000
0.000000
0.000000
0.000000
0.000000
0.000000
0.000000
0.000000
0.000000
0.000000
0.000000
0.000000
0.000000
0.000000
0.000000
0.000000
0.000000
0.000000
0.000000
0.000000
0.000000
0.000000
0.000000
0.000000
0.000000
0.000000
0.000000
0.000000
0.000000
0.000000
0.000000
0.000000
0.000000
0.000000
0.000000
0.000000
0.000000
0.000000
0.000000
0.000000
0.000000
0.000000
0.000000
0.000000
0.000000
0.000000
0.000000
0.000000
0.000000
0.000000
0.000000
0.000000
0.000000
0.000000
0.000000
0.000000
0.000000
0.000000
0.000000
0.000000
0.000000
0.000000
0.000000
0.000000
0.000000
0.000000
0.000000
0.000000
0.000000
0.000000
0.000000
0.000000
0.000000
0.000000
0.000000
0.000000
0.000000
0.000000
0.000000
0.000000
0.000000
0.000000
