0.000000
0.000000
0.000000
0.000000
0.000000
0.000000
0.000000
0.000000
0.000000
0.000000
0.000000
0.000000
0.017299
0.068582
0.136480
0.245125
0.645943
1.411284
3.197032
6.465688
12.944763
25.310696
46.112405
81.033263
138.778957
229.968779
369.872312
575.669044
874.223678
1294.289936
1874.918814
2665.686713
3687.482071
5028.996293
6707.664986
8781.809125
11315.244110
14334.278936
17913.133451
22013.510112
26672.800380
31918.166195
37669.449456
43907.260425
50579.743768
57652.691870
64971.238776
72554.000436
80204.725129
87821.989182
95403.228514
102734.384918
109775.471656
116422.679075
122642.803037
128255.381955
133359.758356
137811.515079
141577.881083
144733.764029
147166.998756
149009.542488
150156.586687
150735.439237
150725.394358
150236.601516
149212.921288
147779.557087
145972.902225
143784.797536
141369.483583
138678.301614
135771.518059
132759.786576
129651.626018
126438.958817
123187.643013
119905.677160
116672.801640
113475.950279
110350.880140
107269.388228
104293.982303
101402.400614
98616.629975
95976.462258
93432.829329
91018.538596
88769.187629
86620.926443
84610.509316
82725.556862
80967.531662
79354.523638
77844.109962
76458.241795
75172.049288
74040.695919
72960.935704
72044.080998
71159.661661
70424.743998
69747.735423
69174.091838
68670.519739
68236.899560
67876.775313
67579.741451
67340.567117
67155.546842
67018.621395
66916.324694
66846.674189
66825.113907
66803.213158
66809.128955
66819.980409
66836.417656
66845.806779
66851.943882
66822.020541
66786.004450
66707.411039
66597.140733
66442.103653
66233.551394
65957.680189
65629.132172
65236.807826
64762.528784
64209.330939
63576.289162
62859.118820
62067.913935
61181.143699
60228.914947
59162.000973
58031.947260
56802.454036
55516.430015
54126.399218
52686.264193
51164.725276
49589.437216
47946.175671
46269.237508
44544.665072
42781.914451
40993.569279
39187.686964
37375.963205
35550.959977
33738.022561
31927.724831
30148.850443
28392.813378
26662.735397
24979.336924
23333.376436
21744.603024
20203.550654
18726.025369
17305.236081
15952.283013
14656.928428
13440.090383
12278.013198
11194.348346
10172.791335
9217.832611
8330.315442
7505.507164
6744.910606
6037.429897
5396.039704
4803.196760
4266.171238
3777.439797
3334.096770
2935.604963
2577.268459
2254.141808
1969.357006
1711.266622
1486.598981
1284.525913
1108.329789
952.709799
817.514740
699.253788
596.156543
506.925936
428.877600
363.162880
305.578460
257.267256
215.651635
179.941368
150.285071
124.964489
103.404340
85.350201
70.143855
57.913702
47.129564
38.766106
31.405113
25.658442
20.737666
16.824164
13.579615
10.942602
8.767724
7.030400
5.612917
4.456214
3.552785
2.801744
2.223216
1.794103
1.407940
1.122008
0.855373
0.686437
0.533870
0.406248
0.331888
0.246380
0.200428
0.142683
0.113104
0.080707
0.069838
0.047315
0.040727
0.029398
0.025211
0.020482
0.015269
0.013586
0.006856
0.007761
0.003375
0.004717
0.002429
0.002487
0.001377
0.002253
0.000644
0.000666
0.000595
0.000489
0.000539
0.000289
0.000273
0.000214
0.000068
0.000115
0.000250
0.000000
0.000000
0.000000
0.000000
0.000000
0.000000
0.000000
0.000000
0.000000
0.000000
0.000000
0.000000
0.000000
0.000000
0.000000
0.000000
0.000000
0.000000
0.000000
0.000000
0.000000
0.000000
0.000000
0.000000
0.000000
0.000000
0.000000
0.000000
0.000000
0.000000
0.000000
0.000000
0.000000
0.000000
0.000000
0.000000
0.000000
0.000000
0.000000
0.000000
0.000000
0.000000
0.000000
0.000000
0.000000
0.000000
0.000000
0.000000
0.000000
0.000000
0.000000
0.000000
0.000000
0.000000
0.000000
0.000000
0.000000
0.000000
0.000000
0.000000
0.000000
0.000000
0.000000
0.000000
0.000000
0.000000
0.000000
0.000000
0.000000
0.000000
0.000000
0.000000
0.000000
0.000000
0.000000
0.000000
0.000000
0.000000
0.000000
0.000000
0.000000
0.000000
0.000000
0.000000
0.000000
0.000000
0.000000
0.000000
0.000000
0.000000
0.000000
0.000000
0.000000
0.000000
0.000000
0.000000
0.000000
0.000000
0.000000
0.000000
0.000000
0.000000
0.000000
0.000000
0.000000
0.000000
0.000000
0.000000
0.000000
0.000000
0.000000
0.000000
0.000000
0.000000
0.000000
0.000000
0.000000
0.000000
0.000000
0.000000
0.000000
0.000000
0.000000
0.000000
0.000000
0.000000
0.000000
0.000000
0.000000
0.000000
0.000000
0.000000
0.000000
0.000000
0.000000
0.000000
0.000000
0.000000
0.000000
0.000000
0.000000
0.000000
0.000000
0.000000
0.000000
0.000000
0.000000
0.000000
0.000000
0.000000
0.000000
0.000000
0.000000
0.000000
0.000000
0.000000
0.000000
0.000000
0.000000
0.000000
0.000000
0.000000
0.000000
0.000000
0.000000
0.000000
0.000000
0.000000
0.000000
0.000000
0.000000
0.000000
0.000000
0.000000
0.000000
0.000000
0.000000
0.000000
0.000000
0.000000
0.000000
0.000000
0.000000
0.000000
0.000000
0.000000
0.000000
0.000000
0.000000
0.000000
0.000000
0.000000
0.000000
0.000000
0.000000
0.000000
0.000000
0.000000
0.000000
0.000000
0.000000
0.000000
0.000000
0.000000
0.000000
0.000000
0.000000
0.000000
0.000000
0.000000
0.000000
0.000000
0.000000
0.000000
0.000000
0.000000
0.000000
0.000000
0.000000
0.000000
0.000000
0.000000
0.000000
0.000000
0.000000
0.000000
0.000000
0.000000
0.000000
0.000000
0.000000
0.000000
0.000000
0.000000
0.000000
0.000000
0.000000
0.000000
0.000000
0.000000
0.000000
0.000000
