5.718071
41.728440
167.051031
474.022841
1124.591610
2289.402384
4193.996905
7072.646534
11121.768187
16438.216717
23099.246906
31085.636659
40366.070228
50741.768762
61960.854635
73781.809990
85954.814851
98092.585014
109874.245576
121194.243350
131782.925433
141436.455320
149959.528678
157251.906229
163351.264258
168176.914166
171789.318970
174179.034977
175354.433717
175539.289347
174742.713068
173061.889142
170648.152756
167604.660699
163989.396001
159929.748086
155519.818037
150881.823706
146006.769105
140994.885573
135949.559176
130900.352810
125795.638332
120773.632503
115791.042053
110927.526753
106209.999401
101652.187933
97232.282682
92967.105711
88903.440352
85019.671633
81254.831411
77675.222772
74274.512267
70997.499941
67932.217572
65000.017315
62233.846283
59620.136171
57139.039991
54777.776875
52548.220879
50422.442025
48440.242299
46562.856094
44766.179017
43083.701452
41515.857154
40017.070046
38600.693727
37285.371254
36029.383727
34851.807502
33731.762345
32691.433898
31694.677227
30770.647625
29898.357298
29064.879572
28290.967681
27558.661771
26874.987872
26221.331436
25619.687053
25054.156151
24517.374667
24003.671151
23526.412395
23080.286803
22660.481122
22260.375447
21888.807489
21536.015605
21199.105776
20900.720645
20593.006866
20317.650469
20076.918750
19849.315316
19633.375069
19442.031644
19259.442296
19082.074834
18922.633396
18769.349174
18635.624538
18508.628374
18397.298235
18283.958861
18180.132839
18086.209379
18014.815506
17944.650291
17877.148416
17818.964663
17764.769004
17722.981181
17695.536645
17667.726548
17643.633974
17628.696014
17623.971350
17617.435973
17623.091999
17632.017020
17643.909956
17673.455636
17706.568987
17729.189505
17756.240219
17793.363681
17830.541982
17870.593989
17913.657351
17966.941887
18015.537226
18075.383386
18132.526865
18190.691873
18245.712366
18312.610451
18383.317704
18460.686974
18530.294969
18595.123193
18671.958084
18741.936657
18813.509815
18896.681532
18975.958247
19059.273424
19137.348199
19223.265023
19291.619077
19362.890318
19433.312373
19508.776032
19581.399159
19654.491813
19713.460747
19775.331725
19829.570349
19888.841511
19956.406024
20000.089765
20054.948456
20111.780185
20165.995734
20212.865685
20246.990543
20288.293168
20324.467687
20356.044713
20387.826041
20409.911561
20433.426664
20453.082865
20457.219731
20461.184574
20460.865882
20453.775676
20434.020942
20415.797330
20388.254930
20366.267589
20338.359759
20305.833072
20265.627879
20219.442173
20164.290826
20098.384535
20030.709817
19959.583931
19881.724944
19804.213030
19719.402850
19624.926129
19532.002958
19429.675149
19316.536486
19199.538580
19074.843968
18944.238479
18810.114720
18667.905475
18528.838245
18377.640592
18221.105695
18058.766087
17890.877583
17719.686607
17540.345337
17358.617554
17172.784068
16979.744709
16783.461705
16586.939781
16386.768784
16181.081524
15980.143826
15768.916764
15557.066044
15340.484057
15124.828709
14903.805362
14678.545290
14453.419621
14225.333119
13990.287439
13758.696871
13524.447725
13291.399393
13049.332276
12809.735725
12571.699319
12330.692276
12092.606163
11847.588207
11604.800955
11365.887806
11123.164572
10885.356447
10649.696345
10406.612830
10172.256008
9936.352750
9700.619921
9464.959406
9234.175620
8997.480235
8766.116324
8536.045630
8308.393678
8088.379098
7869.496028
7645.733252
7427.500250
7214.069863
7004.846036
6797.426449
6590.250713
6390.472391
6190.904439
5997.751947
5804.867477
5613.863082
5428.980486
5251.318170
5072.922326
4900.217838
4730.681070
4561.345932
4399.654484
4244.356604
4088.381088
3939.350846
3792.687004
3650.816591
3510.707146
3373.516370
3240.087226
3112.522053
2986.660997
2865.079299
2748.514196
2632.907815
2522.279903
2413.611667
2310.523270
2209.640541
2112.499267
2017.276729
1925.515163
1838.186882
1757.742823
1675.997789
1598.445508
1522.589832
1449.474418
1380.854677
1314.513469
1249.452681
1187.525850
1128.023422
1071.358162
1017.362887
965.963068
916.789091
869.767542
823.037363
780.590717
738.882535
698.468534
660.252961
623.294627
587.874310
554.557251
522.622288
493.360929
465.290514
438.796697
412.029575
387.446680
364.651636
342.945768
322.593869
303.414052
284.790667
266.960501
250.507341
235.951951
221.261283
206.881003
193.956846
181.193429
169.605989
158.445516
147.594116
137.764631
128.313407
119.897868
111.870910
104.609828
97.148776
90.780584
84.451523
78.497233
73.280712
67.918860
63.120089
58.428684
53.983195
50.139299
46.533378
43.053309
39.712418
36.566945
33.777611
31.175335
29.024526
26.845941
24.722109
22.816523
21.090909
19.341444
17.798253
16.358969
14.890794
13.701086
12.606188
11.348125
10.424347
9.531752
8.821737
8.032462
7.312547
6.644911
6.085501
5.559699
5.095048
4.626981
4.236421
3.908220
3.611010
3.307428
2.935196
2.698854
2.453479
2.277621
2.110239
1.911623
1.725971
1.629947
1.442340
1.290125
1.164593
1.055190
0.996202
0.903944
0.821186
0.715726
0.627836
0.561193
0.513316
0.449129
0.409184
0.361263
0.309671
0.270946
0.229860
0.192823
0.178285
0.151527
0.116367
0.096391
0.078798
0.069715
0.055078
0.056067
0.050696
0.047482
0.036010
0.030047
0.031529
0.026723
0.027400
0.019706
0.017236
0.014987
0.018591
0.015799
0.013209
0.014346
0.013135
0.011872
0.006754
0.004288
0.002318
0.001579
0.000423
0.000000
0.000000
0.000000
0.000000
0.000000
0.000000
0.000000
0.000000
0.000000
0.000000
0.000000
0.000000
0.000000
0.000000
0.000000
0.000000
0.000000
0.000000
0.000000
0.000000
0.000000
0.000000
0.000000
0.000000
0.000000
0.000000
0.000000
0.000000
0.000000
0.000000
0.000000
0.000000
0.000000
0.000000
0.000000
0.000000
0.000000
0.000000
0.000000
0.000000
0.000000
0.000000
0.000000
0.000000
0.000000
0.000000
0.000000
0.000000
0.000000
0.000000
0.000000
0.000000
0.000000
0.000000
0.000000
0.000000
0.000000
0.000000
0.000000
0.000000
0.000000
0.000000
0.000000
0.000000
0.000000
0.000000
0.000000
0.000000
0.000000
0.000000
0.000000
0.000000
0.000000
0.000000
0.000000
0.000000
0.000000
0.000000
0.000000
0.000000
0.000000
0.000000
0.000000
0.000000
0.000000
0.000000
0.000000
0.000000
0.000000
0.000000
0.000000
0.000000
0.000000
0.000000
0.000000
0.000000
0.000000
0.000000
0.000000
0.000000
0.000000
0.000000
0.000000
0.000000
0.000000
0.000000
0.000000
0.000000
0.000000
0.000000
0.000000
0.000000
0.000000
0.000000
0.000000
0.000000
0.000000
0.000000
0.000000
0.000000
0.000000
0.000000
0.000000
0.000000
0.000000
0.000000
0.000000
0.000000
0.000000
0.000000
0.000000
0.000000
0.000000
0.000000
0.000000
0.000000
0.000000
0.000000
0.000000
0.000000
0.000000
0.000000
0.000000
0.000000
0.000000
0.000000
0.000000
0.000000
0.000000
0.000000
0.000000
0.000000
0.000000
0.000000
0.000000
0.000000
0.000000
0.000000
0.000000
0.000000
0.000000
0.000000
0.000000
0.000000
0.000000
0.000000
0.000000
0.000000
0.000000
0.000000
0.000000
0.000000
0.000000
0.000000
0.000000
0.000000
0.000000
0.000000
0.000000
0.000000
0.000000
0.000000
0.000000
0.000000
0.000000
0.000000
0.000000
0.000000
0.000000
0.000000
0.000000
0.000000
0.000000
0.000000
0.000000
0.000000
0.000000
0.000000
0.000000
0.000000
0.000000
0.000000
0.000000
0.000000
0.000000
0.000000
0.000000
0.000000
0.000000
0.000000
0.000000
0.000000
0.000000
0.000000
0.000000
0.000000
0.000000
0.000000
0.000000
0.000000
0.000000
0.000000
0.000000
0.000000
0.000000
0.000000
0.000000
0.000000
0.000000
0.000000
0.000000
0.000000
0.000000
0.000000
0.000000
0.000000
0.000000
0.000000
0.000000
0.000000
0.000000
0.000000
0.000000
0.000000
0.000000
0.000000
0.000000
0.000000
0.000000
0.000000
0.000000
0.000000
0.000000
0.000000
0.000000
0.000000
0.000000
0.000000
0.000000
0.000000
0.000000
0.000000
0.000000
0.000000
0.000000
0.000000
0.000000
0.000000
0.000000
0.000000
0.000000
0.000000
0.000000
0.000000
0.000000
0.000000
0.000000
0.000000
0.000000
0.000000
0.000000
0.000000
0.000000
0.000000
0.000000
0.000000
0.000000
0.000000
0.000000
0.000000
0.000000
0.000000
0.000000
0.000000
0.000000
0.000000
0.000000
0.000000
0.000000
0.000000
0.000000
0.000000
0.000000
0.000000
0.000000
0.000000
0.000000
0.000000
0.000000
0.000000
0.000000
0.000000
0.000000
0.000000
0.000000
0.000000
0.000000
0.000000
0.000000
0.000000
0.000000
0.000000
0.000000
0.000000
0.000000
0.000000
0.000000
0.000000
0.000000
0.000000
0.000000
0.000000
0.000000
0.000000
0.000000
0.000000
0.000000
0.000000
0.000000
0.000000
0.000000
0.000000
0.000000
0.000000
0.000000
0.000000
0.000000
0.000000
0.000000
0.000000
0.000000
0.000000
0.000000
0.000000
0.000000
0.000000
0.000000
0.000000
0.000000
0.000000
0.000000
0.000000
0.000000
0.000000
0.000000
0.000000
0.000000
0.000000
0.000000
0.000000
0.000000
0.000000
0.000000
0.000000
0.000000
0.000000
0.000000
0.000000
0.000000
0.000000
0.000000
0.000000
0.000000
0.000000
0.000000
0.000000
0.000000
0.000000
0.000000
0.000000
0.000000
0.000000
0.000000
0.000000
0.000000
0.000000
0.000000
0.000000
0.000000
0.000000
0.000000
0.000000
0.000000
0.000000
0.000000
0.000000
0.000000
0.000000
0.000000
0.000000
0.000000
0.000000
0.000000
0.000000
0.000000
0.000000
0.000000
0.000000
0.000000
0.000000
0.000000
0.000000
0.000000
0.000000
0.000000
0.000000
0.000000
0.000000
0.000000
0.000000
0.000000
0.000000
0.000000
0.000000
0.000000
0.000000
0.000000
0.000000
0.000000
0.000000
0.000000
0.000000
0.000000
0.000000
0.000000
0.000000
0.000000
0.000000
0.000000
0.000000
0.000000
0.000000
0.000000
0.000000
0.000000
0.000000
0.000000
0.000000
0.000000
0.000000
0.000000
0.000000
0.000000
0.000000
0.000000
0.000000
0.000000
0.000000
0.000000
0.000000
0.000000
0.000000
0.000000
0.000000
0.000000
0.000000
0.000000
0.000000
0.000000
0.000000
0.000000
0.000000
0.000000
0.000000
0.000000
0.000000
0.000000
0.000000
0.000000
0.000000
0.000000
0.000000
0.000000
0.000000
0.000000
0.000000
0.000000
0.000000
0.000000
0.000000
0.000000
0.000000
0.000000
0.000000
0.000000
0.000000
0.000000
0.000000
0.000000
0.000000
0.000000
0.000000
0.000000
0.000000
0.000000
0.000000
0.000000
0.000000
0.000000
0.000000
0.000000
0.000000
0.000000
0.000000
0.000000
0.000000
0.000000
0.000000
0.000000
0.000000
0.000000
0.000000
0.000000
0.000000
0.000000
0.000000
0.000000
0.000000
0.000000
0.000000
0.000000
0.000000
0.000000
0.000000
0.000000
0.000000
0.000000
0.000000
0.000000
0.000000
0.000000
0.000000
0.000000
0.000000
0.000000
0.000000
0.000000
0.000000
0.000000
0.000000
