0.000000
0.000000
0.000000
0.000000
0.000000
0.023366
2.714421
6.707755
18.609499
37.153512
72.949751
135.792592
256.163342
448.768497
665.231133
1018.739294
1460.583906
2042.602423
2810.194560
3719.507581
4894.984151
6287.496809
7833.509485
9675.676373
11709.592990
14098.757337
16491.275318
19021.022683
22007.281521
24780.155062
27657.168043
30529.116389
33717.514686
36802.835709
39990.194684
43155.458024
46291.430177
49249.091545
52324.733054
55188.118417
57637.655778
60006.480633
62548.603212
65122.571149
67404.747727
69568.919194
71510.425120
73122.536318
74732.497339
76472.166055
77838.209988
78869.794840
79909.166218
80672.825882
81256.044132
81967.549136
82802.357730
83421.313176
84102.518610
84385.654796
84577.267717
84735.019621
84910.389211
84611.619000
84802.677852
84941.635185
84814.491538
84475.414720
84303.978311
83803.453287
83664.956469
83313.931671
83083.085694
82770.429868
82667.593734
81975.929855
81596.317289
81184.797290
80592.099204
79899.511328
79473.348906
78778.609085
78347.514713
78016.504783
77379.520101
76692.980521
76244.003866
75706.601363
74883.762621
74481.649906
74005.461932
73375.805884
72971.264351
72213.681011
71596.526146
70992.768866
70333.688170
69663.704836
69065.927278
68386.388802
67576.105283
66916.682914
66167.947602
65598.792541
65148.555643
64417.567886
64052.363411
63346.257187
62703.318382
62284.189851
61683.874015
60909.763377
60436.305096
59774.680360
59226.341424
58619.391361
57746.422753
57148.974833
56522.664633
55961.693197
55412.831676
54889.422303
54311.468806
53713.235065
53085.961859
52497.451058
51937.474837
51213.585885
50575.000728
50069.129631
49525.143851
49007.850565
48398.848095
47892.060964
47410.434191
46806.713659
46426.718309
46023.034946
45643.628982
45194.149488
44542.103393
43956.799343
43618.243207
43155.172188
42766.392853
42279.301009
41753.300057
41276.256025
40749.666448
40301.318833
39773.501329
39183.808883
38569.111933
38044.699060
37467.729048
37054.147367
36502.088776
36182.047621
35664.700383
35208.965219
34835.832270
34465.520002
33971.585213
33468.885272
32973.285689
32529.834207
31845.237427
31302.142026
30920.815055
30469.399125
30030.871775
29689.357623
29192.111434
28758.912116
28305.545914
27897.327427
27471.703820
27135.387297
26650.565685
26209.670385
25804.605686
25425.439858
25053.494633
24705.215033
24321.349347
23939.087691
23478.492142
23081.543949
22752.403837
22339.868689
21985.247297
21576.817140
21233.851622
20774.027242
20314.199138
19945.550407
19622.039811
19236.248090
18897.077249
18476.698341
18062.148678
17702.189632
17435.391785
17115.967846
16779.368927
16484.417763
16136.543709
15809.762384
15516.020547
15204.028764
14917.384590
14642.051259
14409.783943
14056.652584
13767.694308
13465.768602
13167.648029
12871.906764
12519.571085
12249.180462
11978.460922
11712.785210
11451.702053
11199.243882
10957.718032
10699.556040
10401.370873
10151.462291
9870.806151
9605.766346
9333.579432
9122.253976
8904.286878
8660.571544
8450.108138
8187.442338
7983.567826
7763.032686
7619.377350
7367.106150
7149.333907
6907.587591
6716.642274
6555.723735
6350.491677
6187.717446
6016.089531
5818.446447
5699.802129
5536.512744
5362.967538
5179.151026
5046.077034
4900.351573
4748.924939
4608.241088
4461.516067
4333.987681
4174.795269
4027.969935
3871.147021
3759.943072
3598.718572
3498.294487
3375.254911
3282.228858
3178.251812
3072.973397
2974.205960
2866.594701
2781.821089
2685.748822
2592.775104
2493.222904
2376.280795
2277.042366
2192.548756
2132.109762
2054.179598
1986.733328
1915.335192
1853.786765
1773.099010
1714.285501
1662.731184
1590.510920
1534.961569
1478.246982
1412.289381
1364.592460
1314.474698
1266.833568
1226.264174
1191.020140
1148.805894
1114.183730
1069.276079
1029.927303
981.937268
939.574108
888.645340
853.729635
807.877793
765.937813
735.442262
699.629404
677.436583
654.241797
622.466118
594.814379
560.373537
528.525974
505.866038
481.891987
458.999038
449.755115
425.743316
411.815875
389.393274
378.277951
371.702196
356.611927
336.244524
327.561166
313.473110
295.788102
283.858748
264.291370
254.522724
246.922411
235.362047
220.866243
209.109571
202.229427
190.906148
179.425286
167.142565
154.304715
141.005755
132.731350
124.096171
115.027880
108.514800
104.081367
104.070571
100.797927
96.017448
92.479240
86.648099
81.077126
78.101692
79.495074
73.474449
71.784047
69.657049
64.248006
58.320309
54.414581
52.035914
46.920651
46.355208
42.783895
41.867861
39.123606
36.404873
34.992555
33.413264
30.862076
31.554140
25.830963
25.301701
25.369405
23.886279
24.031146
22.246759
21.715579
21.785473
19.855497
20.758251
18.147446
17.630667
16.937595
15.389440
15.413788
15.042653
14.596217
13.197047
13.260478
11.525957
10.051907
10.137213
10.072246
9.848334
9.099459
8.510348
7.609031
6.952269
7.750816
7.547728
7.459051
6.568164
6.019193
5.249963
5.466839
5.038725
4.490978
5.005936
4.534960
4.205803
3.994734
3.136200
3.740278
3.535313
2.994302
2.041517
1.740574
1.681214
2.267119
2.135912
2.094291
2.280908
1.935081
1.561263
1.947683
1.795531
1.815395
1.605805
1.778826
1.144894
0.951344
0.682186
0.511274
0.438141
0.841779
1.111497
0.615420
0.720957
0.644057
0.494676
0.442186
0.503286
0.511069
0.391528
0.160927
0.137026
0.066188
0.089542
0.028732
0.000000
0.000000
0.000000
0.000000
0.000000
0.000000
0.000000
0.000000
0.000000
0.000000
0.000000
0.000000
0.000000
0.000000
0.000000
0.000000
0.000000
0.000000
0.000000
0.000000
0.000000
0.000000
0.000000
0.000000
0.000000
0.000000
0.000000
0.000000
0.000000
0.000000
0.000000
0.000000
0.000000
0.000000
0.000000
0.000000
0.000000
0.000000
0.000000
0.000000
0.000000
0.000000
0.000000
0.000000
0.000000
0.000000
0.000000
0.000000
0.000000
0.000000
0.000000
0.000000
0.000000
0.000000
0.000000
0.000000
0.000000
0.000000
0.000000
0.000000
0.000000
0.000000
0.000000
0.000000
0.000000
0.000000
0.000000
0.000000
0.000000
0.000000
0.000000
0.000000
0.000000
0.000000
0.000000
0.000000
0.000000
0.000000
0.000000
0.000000
0.000000
0.000000
0.000000
0.000000
0.000000
0.000000
0.000000
0.000000
0.000000
0.000000
0.000000
0.000000
0.000000
0.000000
0.000000
0.000000
0.000000
0.000000
0.000000
0.000000
0.000000
0.000000
0.000000
0.000000
0.000000
0.000000
0.000000
0.000000
0.000000
0.000000
0.000000
0.000000
0.000000
0.000000
0.000000
0.000000
0.000000
0.000000
0.000000
0.000000
0.000000
0.000000
0.000000
0.000000
0.000000
0.000000
0.000000
0.000000
0.000000
0.000000
0.000000
0.000000
0.000000
0.000000
0.000000
0.000000
0.000000
0.000000
0.000000
0.000000
0.000000
0.000000
0.000000
0.000000
0.000000
0.000000
0.000000
0.000000
0.000000
0.000000
0.000000
0.000000
0.000000
0.000000
0.000000
0.000000
0.000000
0.000000
0.000000
0.000000
0.000000
0.000000
0.000000
0.000000
0.000000
0.000000
0.000000
0.000000
0.000000
0.000000
0.000000
0.000000
0.000000
0.000000
0.000000
0.000000
0.000000
0.000000
0.000000
0.000000
0.000000
0.000000
0.000000
0.000000
0.000000
0.000000
0.000000
0.000000
0.000000
0.000000
0.000000
0.000000
0.000000
0.000000
0.000000
0.000000
0.000000
0.000000
0.000000
0.000000
0.000000
0.000000
0.000000
0.000000
0.000000
0.000000
0.000000
0.000000
0.000000
0.000000
0.000000
0.000000
0.000000
0.000000
0.000000
0.000000
0.000000
0.000000
0.000000
0.000000
0.000000
0.000000
0.000000
0.000000
0.000000
0.000000
0.000000
0.000000
0.000000
0.000000
0.000000
0.000000
0.000000
0.000000
0.000000
0.000000
0.000000
0.000000
0.000000
0.000000
0.000000
0.000000
0.000000
0.000000
0.000000
0.000000
0.000000
0.000000
0.000000
0.000000
0.000000
0.000000
0.000000
0.000000
0.000000
0.000000
0.000000
0.000000
0.000000
0.000000
0.000000
0.000000
0.000000
0.000000
0.000000
0.000000
0.000000
0.000000
0.000000
0.000000
0.000000
0.000000
0.000000
0.000000
0.000000
0.000000
0.000000
0.000000
0.000000
0.000000
0.000000
0.000000
0.000000
0.000000
0.000000
0.000000
0.000000
0.000000
0.000000
0.000000
0.000000
0.000000
0.000000
0.000000
0.000000
0.000000
0.000000
0.000000
0.000000
0.000000
0.000000
0.000000
0.000000
0.000000
0.000000
0.000000
0.000000
0.000000
0.000000
0.000000
0.000000
0.000000
0.000000
0.000000
0.000000
0.000000
0.000000
0.000000
0.000000
0.000000
0.000000
0.000000
0.000000
0.000000
0.000000
0.000000
0.000000
0.000000
0.000000
0.000000
0.000000
0.000000
0.000000
0.000000
0.000000
0.000000
0.000000
0.000000
0.000000
0.000000
0.000000
0.000000
0.000000
0.000000
0.000000
0.000000
0.000000
0.000000
0.000000
0.000000
0.000000
0.000000
0.000000
0.000000
0.000000
0.000000
0.000000
0.000000
0.000000
0.000000
0.000000
0.000000
0.000000
0.000000
0.000000
0.000000
0.000000
0.000000
0.000000
0.000000
0.000000
0.000000
0.000000
0.000000
0.000000
0.000000
0.000000
0.000000
0.000000
0.000000
0.000000
0.000000
0.000000
0.000000
0.000000
0.000000
0.000000
0.000000
0.000000
0.000000
0.000000
0.000000
0.000000
0.000000
0.000000
0.000000
0.000000
0.000000
0.000000
0.000000
0.000000
0.000000
0.000000
0.000000
0.000000
0.000000
0.000000
0.000000
0.000000
0.000000
0.000000
0.000000
0.000000
0.000000
0.000000
0.000000
0.000000
0.000000
0.000000
0.000000
0.000000
0.000000
0.000000
0.000000
0.000000
0.000000
0.000000
0.000000
0.000000
0.000000
0.000000
0.000000
0.000000
0.000000
0.000000
0.000000
0.000000
0.000000
0.000000
0.000000
0.000000
0.000000
0.000000
0.000000
0.000000
0.000000
0.000000
0.000000
0.000000
0.000000
0.000000
0.000000
0.000000
0.000000
0.000000
0.000000
0.000000
0.000000
0.000000
0.000000
0.000000
0.000000
0.000000
0.000000
0.000000
0.000000
0.000000
0.000000
0.000000
0.000000
0.000000
0.000000
0.000000
0.000000
0.000000
0.000000
0.000000
0.000000
0.000000
0.000000
0.000000
0.000000
0.000000
0.000000
0.000000
0.000000
0.000000
0.000000
0.000000
0.000000
0.000000
0.000000
0.000000
0.000000
0.000000
0.000000
0.000000
0.000000
0.000000
0.000000
0.000000
0.000000
0.000000
0.000000
0.000000
0.000000
0.000000
0.000000
0.000000
0.000000
0.000000
0.000000
0.000000
0.000000
0.000000
0.000000
0.000000
0.000000
0.000000
0.000000
0.000000
0.000000
0.000000
0.000000
0.000000
0.000000
0.000000
0.000000
0.000000
0.000000
0.000000
0.000000
0.000000
0.000000
0.000000
0.000000
0.000000
0.000000
0.000000
0.000000
0.000000
0.000000
0.000000
0.000000
0.000000
0.000000
0.000000
0.000000
0.000000
0.000000
0.000000
0.000000
0.000000
