0.000000
0.000000
0.000000
0.000000
0.000000
0.013349
0.021172
0.080708
0.164067
0.450158
0.965333
1.627840
2.663527
4.137890
6.663607
10.854176
17.894389
28.698348
44.368325
67.060942
98.996287
143.536156
202.633023
286.290353
388.225208
518.155773
687.385219
898.444717
1162.503314
1470.935485
1851.654531
2306.051753
2839.152398
3464.995485
4192.929997
5027.002388
5967.585945
7030.143277
8234.931410
9563.630427
11036.796525
12659.097764
14422.253367
16348.779325
18389.050718
20608.364642
22956.577608
25465.481961
28119.931212
30891.992475
33783.649903
36786.036124
39921.541450
43137.266094
46461.575431
49841.813305
53257.615004
56758.435957
60311.611078
63880.459594
67456.555156
71026.898229
74575.530700
78113.005182
81633.266140
85081.330758
88491.976648
91804.175966
95057.218429
98229.549841
101292.151724
104217.707233
107051.469390
109739.704424
112285.475589
114703.452567
116987.676963
119139.512003
121128.753183
122937.862503
124610.072281
126127.282210
127455.995644
128670.930959
129709.684249
130577.754571
131289.307089
131847.344385
132253.994780
132506.621006
132617.321704
132592.813243
132416.280704
132098.396293
131641.933279
131052.821256
130358.263910
129548.893801
128618.251325
127568.107204
126401.975995
125149.005906
123821.028345
122388.747157
120877.977216
119264.513736
117583.627556
115841.814309
113994.594199
112142.596750
110218.388114
108271.937654
106293.227302
104246.250590
102176.949100
100077.813744
97947.150112
95795.439152
93633.352333
91479.247526
89299.997097
87130.748178
84937.338907
82752.512682
80571.200203
78405.264340
76245.100057
74109.338337
71980.084103
69874.640358
67805.538243
65762.205423
63735.108657
61748.439751
59766.031907
57831.136654
55916.160057
54049.488400
52210.771065
50410.860957
48641.765813
46914.146803
45226.531422
43588.064613
41958.509109
40375.265263
38823.734108
37334.990616
35882.698785
34469.526627
33084.689400
31757.226869
30468.970571
29210.898028
27994.839111
26815.308369
25672.741001
24574.638213
23500.856762
22465.159979
21473.729402
20518.574529
19583.372734
18695.760996
17838.604793
17004.916495
16204.461295
15429.733208
14696.913312
13986.298337
13310.035880
12658.318878
12024.613597
11427.503930
10850.409652
10289.735827
9761.907131
9253.443719
8771.963234
8308.566310
7865.446330
7439.804512
7043.690656
6655.856609
6289.712251
5947.029384
5612.586729
5297.958780
4996.773143
4713.680646
4440.660939
4184.759490
3940.964293
3707.346073
3487.620600
3280.515631
3082.434925
2896.500476
2717.550393
2549.609053
2392.405350
2241.278978
2101.926179
1971.737227
1843.969884
1726.135480
1612.824721
1509.312724
1409.959005
1317.337445
1229.032574
1145.502991
1068.539890
994.251332
926.800673
862.691396
802.539423
746.388147
692.769069
641.924890
594.848554
552.032767
510.236853
472.722653
436.756980
404.567729
373.082175
343.883668
317.165749
292.820639
270.599172
249.157610
230.017584
211.685993
195.007209
178.858058
164.428578
151.526595
139.516405
128.298059
117.655031
107.706229
98.649303
90.471186
82.466074
75.928543
69.612865
63.627144
58.101643
52.775259
48.168367
44.104740
40.157948
36.663588
33.357199
30.395880
27.558808
25.000610
22.493129
20.240570
18.237308
16.444911
14.851269
13.402036
12.074651
10.965077
9.997337
8.923191
8.034352
7.240530
6.437865
5.744634
5.290256
4.707115
4.176139
3.775351
3.457651
3.126407
2.746446
2.340990
1.979923
1.789204
1.559039
1.412244
1.279022
1.086145
0.975869
0.872130
0.775403
0.664195
0.581334
0.487868
0.430427
0.362678
0.303494
0.255768
0.223531
0.208252
0.188420
0.154453
0.121098
0.086771
0.077335
0.074713
0.063800
0.054588
0.047022
0.039636
0.037508
0.028900
0.018787
0.013547
0.012157
0.010504
0.005490
0.004329
0.003738
0.003062
0.001138
0.001523
0.002254
0.002295
0.001970
0.001797
0.000345
0.001373
0.000000
0.000000
0.000000
0.000000
0.000000
0.000000
0.000000
0.000000
0.000000
0.000000
0.000000
0.000000
0.000000
0.000000
0.000000
0.000000
0.000000
0.000000
0.000000
0.000000
0.000000
0.000000
0.000000
0.000000
0.000000
0.000000
0.000000
0.000000
0.000000
0.000000
0.000000
0.000000
0.000000
0.000000
0.000000
0.000000
0.000000
0.000000
0.000000
0.000000
0.000000
0.000000
0.000000
0.000000
0.000000
0.000000
0.000000
0.000000
0.000000
0.000000
0.000000
0.000000
0.000000
0.000000
0.000000
0.000000
0.000000
0.000000
0.000000
0.000000
0.000000
0.000000
0.000000
0.000000
0.000000
0.000000
0.000000
0.000000
0.000000
0.000000
0.000000
0.000000
0.000000
0.000000
0.000000
0.000000
0.000000
0.000000
0.000000
0.000000
0.000000
0.000000
0.000000
0.000000
0.000000
0.000000
0.000000
0.000000
0.000000
0.000000
0.000000
0.000000
0.000000
0.000000
0.000000
0.000000
0.000000
0.000000
0.000000
0.000000
0.000000
0.000000
0.000000
0.000000
0.000000
0.000000
0.000000
0.000000
0.000000
0.000000
0.000000
0.000000
0.000000
0.000000
0.000000
0.000000
0.000000
0.000000
0.000000
0.000000
0.000000
0.000000
0.000000
0.000000
0.000000
0.000000
0.000000
0.000000
0.000000
0.000000
0.000000
0.000000
0.000000
0.000000
0.000000
0.000000
0.000000
0.000000
0.000000
0.000000
0.000000
0.000000
0.000000
0.000000
0.000000
0.000000
0.000000
0.000000
0.000000
0.000000
0.000000
0.000000
0.000000
0.000000
0.000000
0.000000
0.000000
0.000000
0.000000
0.000000
0.000000
0.000000
0.000000
0.000000
0.000000
0.000000
0.000000
0.000000
0.000000
0.000000
0.000000
0.000000
0.000000
0.000000
0.000000
0.000000
0.000000
0.000000
0.000000
0.000000
0.000000
0.000000
0.000000
0.000000
0.000000
0.000000
0.000000
0.000000
0.000000
0.000000
0.000000
0.000000
0.000000
0.000000
0.000000
0.000000
0.000000
0.000000
0.000000
0.000000
0.000000
0.000000
0.000000
0.000000
0.000000
0.000000
0.000000
0.000000
0.000000
0.000000
0.000000
0.000000
0.000000
0.000000
0.000000
0.000000
0.000000
0.000000
0.000000
0.000000
0.000000
0.000000
0.000000
0.000000
0.000000
0.000000
0.000000
0.000000
0.000000
0.000000
0.000000
0.000000
0.000000
0.000000
0.000000
0.000000
0.000000
0.000000
0.000000
0.000000
0.000000
0.000000
0.000000
0.000000
0.000000
0.000000
0.000000
0.000000
0.000000
0.000000
0.000000
0.000000
0.000000
0.000000
0.000000
0.000000
0.000000
0.000000
0.000000
0.000000
0.000000
0.000000
0.000000
0.000000
0.000000
0.000000
0.000000
0.000000
0.000000
0.000000
0.000000
0.000000
0.000000
0.000000
0.000000
0.000000
0.000000
0.000000
0.000000
0.000000
0.000000
0.000000
0.000000
0.000000
0.000000
0.000000
0.000000
0.000000
0.000000
0.000000
0.000000
0.000000
0.000000
0.000000
0.000000
0.000000
0.000000
0.000000
0.000000
0.000000
0.000000
0.000000
0.000000
0.000000
0.000000
0.000000
0.000000
0.000000
0.000000
0.000000
0.000000
0.000000
0.000000
0.000000
0.000000
0.000000
0.000000
0.000000
0.000000
0.000000
0.000000
0.000000
0.000000
0.000000
0.000000
0.000000
0.000000
0.000000
0.000000
0.000000
0.000000
0.000000
0.000000
0.000000
0.000000
0.000000
0.000000
0.000000
0.000000
0.000000
0.000000
0.000000
0.000000
0.000000
0.000000
0.000000
0.000000
0.000000
0.000000
0.000000
0.000000
0.000000
0.000000
0.000000
0.000000
0.000000
0.000000
0.000000
0.000000
0.000000
0.000000
0.000000
0.000000
0.000000
0.000000
0.000000
0.000000
0.000000
0.000000
0.000000
0.000000
0.000000
0.000000
0.000000
0.000000
0.000000
0.000000
0.000000
0.000000
0.000000
0.000000
0.000000
0.000000
0.000000
0.000000
0.000000
0.000000
0.000000
0.000000
0.000000
0.000000
0.000000
0.000000
0.000000
0.000000
0.000000
0.000000
0.000000
0.000000
0.000000
0.000000
0.000000
0.000000
0.000000
0.000000
0.000000
0.000000
0.000000
0.000000
0.000000
0.000000
0.000000
0.000000
0.000000
0.000000
0.000000
0.000000
0.000000
0.000000
0.000000
0.000000
0.000000
0.000000
0.000000
0.000000
0.000000
0.000000
0.000000
0.000000
0.000000
0.000000
0.000000
0.000000
0.000000
0.000000
0.000000
0.000000
0.000000
0.000000
0.000000
0.000000
0.000000
0.000000
0.000000
0.000000
0.000000
0.000000
0.000000
0.000000
0.000000
0.000000
0.000000
0.000000
0.000000
0.000000
0.000000
0.000000
0.000000
0.000000
0.000000
0.000000
0.000000
0.000000
0.000000
0.000000
0.000000
0.000000
0.000000
0.000000
0.000000
0.000000
0.000000
0.000000
0.000000
0.000000
0.000000
0.000000
0.000000
0.000000
0.000000
0.000000
0.000000
0.000000
0.000000
0.000000
0.000000
0.000000
0.000000
0.000000
0.000000
0.000000
0.000000
0.000000
0.000000
0.000000
0.000000
0.000000
0.000000
0.000000
0.000000
0.000000
0.000000
0.000000
0.000000
0.000000
0.000000
0.000000
0.000000
0.000000
0.000000
0.000000
0.000000
0.000000
0.000000
0.000000
0.000000
0.000000
0.000000
0.000000
0.000000
0.000000
0.000000
0.000000
0.000000
0.000000
0.000000
0.000000
0.000000
0.000000
0.000000
0.000000
0.000000
0.000000
0.000000
0.000000
0.000000
0.000000
0.000000
0.000000
0.000000
0.000000
0.000000
0.000000
0.000000
0.000000
0.000000
0.000000
0.000000
0.000000
0.000000
0.000000
0.000000
0.000000
0.000000
0.000000
0.000000
0.000000
0.000000
0.000000
0.000000
0.000000
0.000000
0.000000
0.000000
0.000000
0.000000
0.000000
0.000000
0.000000
0.000000
0.000000
0.000000
0.000000
0.000000
0.000000
0.000000
0.000000
0.000000
0.000000
0.000000
0.000000
0.000000
0.000000
0.000000
0.000000
0.000000
0.000000
0.000000
0.000000
0.000000
0.000000
0.000000
0.000000
0.000000
0.000000
0.000000
0.000000
0.000000
0.000000
0.000000
0.000000
0.000000
0.000000
0.000000
0.000000
0.000000
0.000000
0.000000
0.000000
0.000000
0.000000
0.000000
0.000000
0.000000
0.000000
0.000000
0.000000
0.000000
0.000000
0.000000
0.000000
0.000000
0.000000
0.000000
0.000000
0.000000
0.000000
0.000000
0.000000
0.000000
0.000000
0.000000
0.000000
0.000000
0.000000
0.000000
0.000000
0.000000
0.000000
0.000000
0.000000
0.000000
0.000000
0.000000
0.000000
0.000000
0.000000
0.000000
0.000000
0.000000
0.000000
0.000000
0.000000
0.000000
0.000000
0.000000
0.000000
0.000000
0.000000
0.000000
0.000000
0.000000
0.000000
0.000000
0.000000
0.000000
0.000000
0.000000
0.000000
0.000000
0.000000
0.000000
0.000000
0.000000
0.000000
