0.000000
0.000000
0.000000
0.000000
0.000000
0.000000
0.000000
0.000000
0.000000
0.000000
0.000000
0.000000
0.000000
0.000000
0.000000
0.000000
0.000000
0.000000
0.000000
0.000000
0.000000
0.000000
0.000000
0.000000
0.000000
0.000000
0.000000
0.012478
0.064638
0.118514
0.335624
0.497923
0.925227
1.844582
2.930413
4.928297
7.746444
12.427941
21.748730
33.891461
52.744698
80.723609
120.402643
175.161332
251.220331
351.548566
492.056208
674.200915
920.391783
1241.081755
1646.311676
2149.489037
2784.073633
3587.782419
4545.393318
5700.652699
7053.249274
8639.206829
10517.801975
12697.135100
15185.280265
18031.618056
21231.374568
24825.970311
28806.171952
33166.923978
37995.173395
43169.188636
48790.776142
54755.946623
61055.282001
67723.677546
74723.413847
81908.155444
89373.104649
96954.049659
104684.688859
112444.915415
120354.755424
128089.974945
135738.498533
143199.073061
150496.637887
157553.594233
164277.448025
170660.776939
176618.542441
182200.083027
187357.266722
191854.957214
195963.534966
199497.942058
202384.515410
204643.521233
206395.061289
207528.195117
208135.761769
208175.408116
207784.326607
206801.568210
205389.145627
203459.155902
200960.429767
198031.743354
194668.342310
190929.760077
186839.738752
182456.670932
177768.546157
172825.021759
167630.267076
162343.868011
156886.607685
151248.570012
145659.160778
139918.820190
134102.158830
128270.667542
122544.787888
116867.944719
111175.765205
105608.445765
100120.239742
94743.913751
89517.665959
84446.162074
79517.286363
74730.244057
70114.362992
65646.599130
61395.839456
57292.284010
53345.786831
49651.770508
46100.213223
42735.300478
39561.885564
36566.669278
33743.099232
31067.180302
28567.940176
26215.009171
23998.867964
21953.407729
20051.551772
18276.882397
16651.018574
15127.392731
13711.436638
12423.841475
11220.668272
10124.185324
9113.813958
8204.272431
7360.031438
6600.044518
5899.686731
5260.607410
4688.803244
4166.259300
3699.479829
3281.672859
2908.882472
2565.463549
2268.871399
2005.533503
1761.308788
1547.689463
1349.817681
1181.033507
1036.187025
906.425380
792.150919
687.185763
600.912213
520.081922
449.741430
387.142135
334.259048
286.850035
243.519867
209.489848
180.080049
154.543616
131.046795
111.611290
94.258015
79.925549
68.024553
57.733244
49.157619
40.744489
34.201383
28.800665
24.474792
20.402842
16.789235
13.816184
11.920890
9.647657
8.141323
6.514309
5.630570
4.636227
3.842941
3.278191
2.720407
2.195627
1.802788
1.432812
1.236280
1.042431
0.795561
0.652746
0.485481
0.422430
0.278917
0.280179
0.225259
0.113956
0.119927
0.080462
0.053859
0.026620
0.009381
0.006211
0.000738
0.000000
0.000000
0.000000
0.000000
0.000000
0.000000
0.000000
0.000000
0.000000
0.000000
0.000000
0.000000
0.000000
0.000000
0.000000
0.000000
0.000000
0.000000
0.000000
0.000000
0.000000
0.000000
0.000000
0.000000
0.000000
0.000000
0.000000
0.000000
0.000000
0.000000
0.000000
0.000000
0.000000
0.000000
0.000000
0.000000
0.000000
0.000000
0.000000
0.000000
0.000000
0.000000
0.000000
0.000000
0.000000
0.000000
0.000000
0.000000
0.000000
0.000000
0.000000
0.000000
0.000000
0.000000
0.000000
0.000000
0.000000
0.000000
0.000000
0.000000
0.000000
0.000000
0.000000
0.000000
0.000000
0.000000
0.000000
0.000000
0.000000
0.000000
0.000000
0.000000
0.000000
0.000000
0.000000
0.000000
0.000000
0.000000
0.000000
0.000000
0.000000
0.000000
0.000000
0.000000
0.000000
0.000000
0.000000
0.000000
0.000000
0.000000
0.000000
0.000000
0.000000
0.000000
0.000000
0.000000
0.000000
0.000000
0.000000
0.000000
0.000000
0.000000
0.000000
0.000000
0.000000
0.000000
0.000000
0.000000
0.000000
0.000000
0.000000
0.000000
0.000000
0.000000
0.000000
0.000000
0.000000
0.000000
0.000000
0.000000
0.000000
0.000000
0.000000
0.000000
0.000000
0.000000
0.000000
0.000000
0.000000
0.000000
0.000000
0.000000
0.000000
0.000000
0.000000
0.000000
0.000000
0.000000
0.000000
0.000000
0.000000
0.000000
0.000000
0.000000
0.000000
0.000000
0.000000
0.000000
0.000000
0.000000
0.000000
0.000000
0.000000
0.000000
0.000000
0.000000
0.000000
0.000000
0.000000
0.000000
0.000000
0.000000
0.000000
0.000000
0.000000
0.000000
0.000000
0.000000
0.000000
0.000000
0.000000
0.000000
0.000000
0.000000
0.000000
0.000000
0.000000
0.000000
0.000000
0.000000
0.000000
0.000000
0.000000
0.000000
0.000000
0.000000
0.000000
0.000000
0.000000
0.000000
0.000000
0.000000
0.000000
0.000000
0.000000
0.000000
0.000000
0.000000
0.000000
0.000000
0.000000
0.000000
0.000000
0.000000
0.000000
0.000000
0.000000
0.000000
0.000000
0.000000
0.000000
0.000000
0.000000
0.000000
0.000000
0.000000
0.000000
0.000000
0.000000
0.000000
0.000000
0.000000
0.000000
0.000000
0.000000
0.000000
0.000000
0.000000
0.000000
0.000000
0.000000
0.000000
0.000000
0.000000
0.000000
0.000000
0.000000
0.000000
0.000000
0.000000
0.000000
0.000000
0.000000
0.000000
0.000000
0.000000
0.000000
0.000000
0.000000
0.000000
0.000000
0.000000
0.000000
0.000000
0.000000
0.000000
0.000000
0.000000
0.000000
0.000000
0.000000
0.000000
0.000000
0.000000
0.000000
0.000000
0.000000
0.000000
0.000000
0.000000
0.000000
0.000000
0.000000
0.000000
