7.937751
77.636090
397.809561
1408.447904
3885.920774
8936.794666
17752.503313
31425.993396
50731.794339
75632.915826
105526.535603
139114.971231
174722.710562
210436.008301
244358.481438
275126.381748
301205.635475
321925.439576
336742.241982
345750.838234
349104.905986
347422.709543
341382.444720
331847.567368
319489.405284
305076.425576
289198.460472
272239.575218
254978.848585
237608.248612
220551.478975
204017.154940
188169.258707
173124.430127
158977.660070
145778.004715
133466.244223
122119.469459
111655.099635
102067.752334
93337.658529
85361.959740
78101.360857
71502.585357
65517.841801
60073.565354
55136.785772
50635.816228
46561.524255
42851.562116
39478.225036
36436.291459
33671.859045
31165.613215
28884.937990
26789.449106
24898.774465
23168.058743
21603.030797
20153.627559
18817.939546
17624.960524
16518.926876
15512.823454
14593.970001
13756.975021
12997.888398
12298.245311
11647.703460
11051.332519
10500.456677
10005.914438
9544.394105
9115.736478
8724.199085
8367.229916
8037.032768
7730.424418
7449.239347
7201.053569
6956.363797
6726.474952
6514.050106
6321.486317
6141.645247
5965.503033
5811.417655
5662.527478
5526.477841
5407.458451
5290.981210
5183.075087
5082.693288
4995.899701
4914.897568
4842.559479
4773.801438
4709.382676
4652.605416
4597.929241
4546.689380
4500.735228
4461.812580
4423.142968
4394.766628
4365.091382
4334.676413
4312.004992
4291.591189
4278.500652
4267.705242
4262.065436
4260.337405
4257.274102
4259.422578
4266.726892
4275.757931
4290.147892
4300.620105
4309.978250
4327.236813
4350.187228
4373.043891
4393.759680
4420.226247
4447.185503
4477.240439
4502.850056
4530.057195
4562.930670
4595.217330
4628.645717
4664.037010
4706.103541
4744.469670
4789.233773
4833.241153
4886.405882
4945.005722
5001.221790
5061.561032
5123.195435
5187.174658
5247.287599
5312.283077
5380.225143
5450.245663
5518.966242
5590.680132
5659.870343
5733.952596
5813.055874
5896.557728
5975.737477
6062.090888
6145.321050
6231.483312
6320.809369
6407.734908
6497.300847
6584.795684
6671.402849
6756.812695
6839.508240
6936.126382
7026.769277
7121.456345
7215.674945
7309.246856
7403.358780
7503.201320
7601.068230
7707.878989
7807.830596
7912.648831
8018.706838
8123.033759
8222.438566
8329.564675
8431.612636
8534.944498
8641.315836
8743.403559
8845.068638
8944.022520
9045.637277
9144.457519
9244.939376
9336.682422
9431.050992
9522.963707
9613.279038
9705.266841
9788.925162
9879.448722
9961.457994
10052.647927
10136.854863
10222.644046
10305.228518
10388.585023
10460.171792
10536.880502
10605.790457
10669.641519
10725.469251
10781.696194
10835.503494
10882.977234
10927.495731
10967.823005
11000.399233
11036.513695
11062.738596
11089.874966
11111.085544
11126.473933
11135.717662
11145.932642
11158.779297
11157.434780
11156.528869
11148.960354
11134.035153
11114.933662
11092.610744
11064.369773
11023.543332
10977.935126
10929.415173
10876.529945
10815.043371
10751.079954
10684.708553
10609.253937
10528.368984
10442.812108
10359.754142
10268.701560
10176.487425
10075.125425
9972.660712
9862.074055
9759.103574
9645.505910
9531.921834
9418.778238
9298.923530
9177.173441
9049.577740
8923.605509
8790.714799
8655.911391
8517.943158
8375.325839
8235.577837
8093.261211
7946.601923
7800.418553
7651.528591
7498.184431
7342.323429
7187.496349
7031.473995
6873.294603
6715.605389
6560.561628
6406.449219
6251.251015
6093.001745
5935.325811
5778.393748
5623.695516
5470.638048
5321.225024
5173.396316
5026.249150
4884.054987
4737.721617
4592.553404
4447.764531
4303.998793
4164.069361
4028.544560
3892.379338
3758.106116
3628.696263
3502.223595
3374.193584
3252.228544
3132.779504
3012.947406
2893.991870
2781.209354
2671.068058
2562.359973
2458.619556
2358.284932
2260.052626
2166.110738
2074.706812
1987.623589
1899.853422
1816.931348
1735.697579
1657.288816
1582.187113
1508.166021
1440.074633
1372.714710
1308.347577
1245.080215
1183.250712
1123.794363
1067.491984
1014.080827
961.457976
910.234283
862.204007
816.707121
772.939389
731.094098
691.955784
652.977125
615.601641
579.104997
544.204116
512.403076
482.451575
453.541352
425.914048
399.627142
374.807796
350.723893
328.082067
306.637539
286.423953
267.088749
249.317735
231.801626
215.857702
200.889204
187.021973
173.455815
161.095314
149.183550
137.908687
127.791614
118.268034
109.641867
101.571050
93.698495
86.864238
80.184159
74.433203
68.414281
62.976879
58.182158
53.558036
49.052001
45.373224
41.881656
38.544258
35.278963
32.313043
29.686325
26.999692
24.787677
22.645795
20.826568
19.102088
17.627244
16.128013
14.789076
13.506068
12.404861
11.539099
10.611729
9.795775
9.056820
8.221590
7.643037
6.952570
6.410007
5.889888
5.326074
4.917543
4.532036
4.097727
3.681020
3.335745
3.122853
2.881234
2.637390
2.462795
2.249760
2.015534
1.805964
1.605438
1.471790
1.314698
1.189701
1.073287
0.964969
0.841242
0.780718
0.721500
0.668527
0.597750
0.567606
0.523436
0.458681
0.397521
0.343661
0.299119
0.240307
0.210615
0.185319
0.171030
0.152813
0.133600
0.116097
0.085161
0.062260
0.049070
0.035462
0.031340
0.023162
0.015841
0.011461
0.009984
0.005419
0.003438
0.001059
0.001179
0.000497
0.000255
0.000061
0.000000
0.000000
0.000000
0.000000
0.000000
0.000000
0.000000
0.000000
0.000000
0.000000
0.000000
0.000000
0.000000
0.000000
0.000000
0.000000
0.000000
0.000000
0.000000
0.000000
0.000000
0.000000
0.000000
0.000000
0.000000
0.000000
0.000000
0.000000
0.000000
0.000000
0.000000
0.000000
0.000000
0.000000
0.000000
0.000000
0.000000
0.000000
0.000000
0.000000
0.000000
0.000000
0.000000
0.000000
0.000000
0.000000
0.000000
0.000000
0.000000
0.000000
0.000000
0.000000
0.000000
0.000000
0.000000
0.000000
0.000000
0.000000
0.000000
0.000000
0.000000
0.000000
0.000000
0.000000
0.000000
0.000000
0.000000
0.000000
0.000000
0.000000
0.000000
0.000000
0.000000
0.000000
0.000000
0.000000
0.000000
0.000000
0.000000
0.000000
0.000000
0.000000
0.000000
0.000000
0.000000
0.000000
0.000000
0.000000
0.000000
0.000000
0.000000
0.000000
0.000000
0.000000
0.000000
0.000000
0.000000
0.000000
0.000000
0.000000
0.000000
0.000000
0.000000
0.000000
0.000000
0.000000
0.000000
0.000000
0.000000
0.000000
0.000000
0.000000
0.000000
0.000000
0.000000
0.000000
0.000000
0.000000
0.000000
0.000000
0.000000
0.000000
0.000000
0.000000
0.000000
0.000000
0.000000
0.000000
0.000000
0.000000
0.000000
0.000000
0.000000
0.000000
0.000000
0.000000
0.000000
0.000000
0.000000
0.000000
0.000000
0.000000
0.000000
0.000000
0.000000
0.000000
0.000000
0.000000
0.000000
0.000000
0.000000
0.000000
0.000000
0.000000
0.000000
0.000000
0.000000
0.000000
0.000000
0.000000
0.000000
0.000000
0.000000
0.000000
0.000000
0.000000
0.000000
0.000000
0.000000
0.000000
0.000000
0.000000
0.000000
0.000000
0.000000
0.000000
0.000000
0.000000
0.000000
0.000000
0.000000
0.000000
0.000000
0.000000
0.000000
0.000000
0.000000
0.000000
0.000000
0.000000
0.000000
0.000000
0.000000
0.000000
0.000000
0.000000
0.000000
0.000000
0.000000
0.000000
0.000000
0.000000
0.000000
0.000000
0.000000
0.000000
0.000000
0.000000
0.000000
0.000000
0.000000
0.000000
0.000000
0.000000
0.000000
0.000000
0.000000
0.000000
0.000000
0.000000
0.000000
0.000000
0.000000
0.000000
0.000000
0.000000
0.000000
0.000000
0.000000
0.000000
0.000000
0.000000
0.000000
0.000000
0.000000
0.000000
0.000000
0.000000
0.000000
0.000000
0.000000
0.000000
0.000000
0.000000
0.000000
0.000000
0.000000
0.000000
0.000000
0.000000
0.000000
0.000000
0.000000
0.000000
0.000000
0.000000
0.000000
0.000000
0.000000
0.000000
0.000000
0.000000
0.000000
0.000000
0.000000
0.000000
0.000000
0.000000
0.000000
0.000000
0.000000
0.000000
0.000000
0.000000
0.000000
0.000000
0.000000
0.000000
0.000000
0.000000
0.000000
0.000000
0.000000
0.000000
0.000000
0.000000
0.000000
0.000000
0.000000
0.000000
0.000000
0.000000
0.000000
0.000000
0.000000
0.000000
0.000000
0.000000
0.000000
0.000000
0.000000
0.000000
0.000000
0.000000
0.000000
0.000000
0.000000
0.000000
0.000000
0.000000
0.000000
0.000000
0.000000
0.000000
0.000000
0.000000
0.000000
0.000000
0.000000
0.000000
0.000000
0.000000
0.000000
0.000000
0.000000
0.000000
0.000000
0.000000
0.000000
0.000000
0.000000
0.000000
0.000000
0.000000
0.000000
0.000000
0.000000
0.000000
0.000000
0.000000
0.000000
0.000000
0.000000
0.000000
0.000000
0.000000
0.000000
0.000000
0.000000
0.000000
0.000000
0.000000
0.000000
0.000000
0.000000
0.000000
0.000000
0.000000
0.000000
0.000000
0.000000
0.000000
0.000000
0.000000
0.000000
0.000000
0.000000
0.000000
0.000000
0.000000
0.000000
0.000000
0.000000
0.000000
0.000000
0.000000
0.000000
0.000000
0.000000
0.000000
0.000000
0.000000
0.000000
0.000000
0.000000
0.000000
0.000000
0.000000
0.000000
0.000000
0.000000
0.000000
0.000000
0.000000
0.000000
0.000000
0.000000
0.000000
0.000000
0.000000
0.000000
0.000000
0.000000
0.000000
0.000000
0.000000
0.000000
0.000000
0.000000
0.000000
0.000000
0.000000
0.000000
0.000000
0.000000
0.000000
0.000000
0.000000
0.000000
0.000000
0.000000
0.000000
0.000000
0.000000
0.000000
0.000000
0.000000
0.000000
0.000000
0.000000
0.000000
0.000000
0.000000
0.000000
0.000000
0.000000
0.000000
0.000000
0.000000
0.000000
0.000000
0.000000
0.000000
0.000000
0.000000
0.000000
0.000000
0.000000
0.000000
0.000000
0.000000
0.000000
0.000000
0.000000
0.000000
0.000000
0.000000
0.000000
0.000000
0.000000
0.000000
0.000000
0.000000
0.000000
0.000000
0.000000
0.000000
0.000000
0.000000
0.000000
0.000000
0.000000
0.000000
0.000000
0.000000
0.000000
0.000000
0.000000
0.000000
0.000000
0.000000
0.000000
0.000000
0.000000
0.000000
0.000000
0.000000
0.000000
0.000000
0.000000
0.000000
0.000000
0.000000
0.000000
0.000000
0.000000
0.000000
0.000000
0.000000
0.000000
0.000000
0.000000
0.000000
0.000000
0.000000
0.000000
0.000000
0.000000
0.000000
0.000000
0.000000
0.000000
0.000000
0.000000
0.000000
0.000000
0.000000
0.000000
0.000000
0.000000
0.000000
0.000000
0.000000
0.000000
0.000000
0.000000
0.000000
0.000000
0.000000
0.000000
0.000000
0.000000
0.000000
0.000000
0.000000
0.000000
0.000000
0.000000
0.000000
0.000000
0.000000
0.000000
0.000000
0.000000
0.000000
0.000000
0.000000
0.000000
0.000000
0.000000
0.000000
0.000000
0.000000
0.000000
0.000000
0.000000
0.000000
0.000000
0.000000
0.000000
0.000000
0.000000
0.000000
