0.000000
0.000000
0.000000
0.000000
0.000000
0.000000
0.000000
0.000000
0.000000
0.000000
0.000000
0.053822
1.198967
6.870250
7.141537
12.310283
23.592943
34.014695
37.643914
60.918189
98.799654
125.125627
208.899334
306.516908
412.202502
565.950838
715.071129
925.392590
1183.895321
1483.177800
1868.269809
2357.899902
2914.371174
3546.433057
4252.522786
5145.790606
6164.900952
7298.092036
8537.926988
9790.878435
11167.261051
12780.493063
14462.794648
16440.574296
18648.469470
20934.547540
23206.177826
25709.260418
28308.399658
31041.150966
33830.067500
36739.799256
39649.814936
42376.293294
45519.431024
48660.214783
51741.106836
54919.292553
58235.069527
61824.645728
64830.195295
68313.297810
71538.238991
74861.081725
77882.395512
80881.206980
84158.528175
86779.933142
89502.176947
92490.945546
95392.988889
98111.630426
100777.172564
103173.416678
105512.199005
107836.129308
109975.988354
112049.384821
113890.957749
115488.621146
116716.773913
118262.752040
119455.359760
120358.160139
121389.229018
122236.292488
122924.060841
123490.499280
123930.311109
124037.248359
124263.871614
124374.701241
124526.946080
124210.918514
123660.704264
123201.179374
122357.725421
121688.119990
120920.855169
120026.709690
118926.868390
117937.421902
116878.329435
115471.276049
114094.804845
112499.256178
111185.488035
109651.422645
108348.967926
106645.026068
105082.823138
103512.438274
101671.036962
99880.458353
98223.220610
96475.181211
94281.955610
92646.959653
90758.298582
88936.307332
87312.387030
85457.882543
83590.335639
81706.842902
79850.563643
77867.943739
75994.543191
74306.027502
72517.593988
70850.657690
69073.944641
67253.081136
65464.775349
63673.312127
62035.393957
60361.944533
58749.562208
57272.691425
55738.698385
54136.281902
52567.709320
51048.047840
49528.697820
48100.806840
46715.983973
45215.817667
43872.947216
42649.146072
41239.888557
39834.124726
38450.663680
37121.022689
35911.464437
34931.192948
33833.321000
32752.327363
31714.285625
30689.837733
29671.979152
28570.209195
27440.230905
26453.908464
25500.853620
24579.874467
23709.499309
22763.008083
21933.823076
21126.401046
20304.479287
19601.349574
18837.803706
18100.738620
17303.651878
16732.926347
16054.691077
15397.561174
14719.211755
14082.975039
13491.058684
12923.321158
12392.666871
11883.740180
11488.729127
10992.597574
10546.796434
10109.462642
9677.552725
9321.326691
8856.635109
8479.761027
8093.243077
7756.334168
7437.556613
7086.134710
6778.958818
6502.087769
6209.437155
5942.623157
5702.578670
5470.939642
5236.950238
4978.127935
4765.187837
4595.023905
4412.100554
4202.630166
4010.655292
3816.497271
3623.013902
3446.062306
3281.901007
3133.070663
2979.939568
2856.065507
2718.649067
2585.082967
2468.806040
2353.821086
2242.033375
2175.220965
2061.586740
1965.316414
1864.045731
1745.961253
1656.512255
1572.888037
1501.129889
1426.591411
1346.677884
1289.152099
1233.885925
1166.347486
1103.164064
1046.241632
988.638616
937.057684
894.354074
850.400071
807.777168
748.049481
697.479115
659.040728
623.120517
590.301913
564.412677
535.124133
497.182546
468.952267
441.796621
410.576160
393.207661
365.450702
340.117405
317.338854
302.401187
290.121649
268.061574
256.343963
229.636482
213.095923
200.904074
189.546872
172.877982
161.452976
152.222109
140.415164
130.839518
124.270446
113.794492
105.993432
104.774768
91.673300
86.164185
81.725951
78.876355
76.482484
75.202983
76.458885
68.687761
66.096009
64.515315
58.676099
56.912328
52.553374
49.085821
46.143759
41.782658
39.080829
36.962041
37.403696
35.472734
33.059021
31.208205
26.573976
23.077329
21.395629
17.078130
16.132151
16.543121
15.411165
14.705548
13.167392
12.045579
10.357659
7.573030
6.770497
6.333379
5.151729
4.558475
3.423699
2.723766
2.261387
2.571621
2.322221
2.106296
1.742490
1.806673
1.441753
1.233371
0.805355
0.823880
0.863628
1.078751
0.868826
0.841601
0.683298
1.172146
1.074090
1.518346
1.930006
1.436038
1.334626
1.717811
1.640465
1.784998
1.139930
0.994111
0.818875
0.672482
0.822870
0.944806
0.824347
0.729698
0.720716
0.798755
1.049484
1.221409
1.100140
0.943082
0.934195
0.835324
1.061982
0.933357
0.927422
0.665593
0.637607
0.453591
0.535073
0.389283
0.174611
0.381368
0.355345
0.432295
0.298399
0.319240
0.075173
0.125500
0.086817
0.066480
0.096696
0.018053
0.000000
0.000000
0.000000
0.000000
0.000000
0.000000
0.000000
0.000000
0.000000
0.000000
0.000000
0.000000
0.000000
0.000000
0.000000
0.000000
0.000000
0.000000
0.000000
0.000000
0.000000
0.000000
0.000000
0.000000
0.000000
0.000000
0.000000
0.000000
0.000000
0.000000
0.000000
0.000000
0.000000
0.000000
0.000000
0.000000
0.000000
0.000000
0.000000
0.000000
0.000000
0.000000
0.000000
0.000000
0.000000
0.000000
0.000000
0.000000
0.000000
0.000000
0.000000
0.000000
0.000000
0.000000
0.000000
0.000000
0.000000
0.000000
0.000000
0.000000
0.000000
0.000000
0.000000
0.000000
0.000000
0.000000
0.000000
0.000000
0.000000
0.000000
0.000000
0.000000
0.000000
0.000000
0.000000
0.000000
0.000000
0.000000
0.000000
0.000000
0.000000
0.000000
0.000000
0.000000
0.000000
0.000000
0.000000
0.000000
0.000000
0.000000
0.000000
0.000000
0.000000
0.000000
0.000000
0.000000
0.000000
0.000000
0.000000
0.000000
0.000000
0.000000
0.000000
0.000000
0.000000
0.000000
0.000000
0.000000
0.000000
0.000000
0.000000
0.000000
0.000000
0.000000
0.000000
0.000000
0.000000
0.000000
0.000000
0.000000
0.000000
0.000000
0.000000
0.000000
0.000000
0.000000
0.000000
0.000000
0.000000
0.000000
0.000000
0.000000
0.000000
0.000000
0.000000
0.000000
0.000000
0.000000
0.000000
0.000000
0.000000
0.000000
0.000000
0.000000
0.000000
0.000000
0.000000
0.000000
0.000000
0.000000
0.000000
0.000000
0.000000
0.000000
0.000000
0.000000
0.000000
0.000000
0.000000
0.000000
0.000000
0.000000
0.000000
0.000000
0.000000
0.000000
0.000000
0.000000
0.000000
0.000000
0.000000
0.000000
0.000000
0.000000
0.000000
0.000000
0.000000
0.000000
0.000000
0.000000
0.000000
0.000000
0.000000
0.000000
0.000000
0.000000
0.000000
0.000000
0.000000
0.000000
0.000000
0.000000
0.000000
0.000000
0.000000
0.000000
0.000000
0.000000
0.000000
0.000000
0.000000
0.000000
0.000000
0.000000
0.000000
0.000000
0.000000
0.000000
0.000000
0.000000
0.000000
0.000000
0.000000
0.000000
0.000000
0.000000
0.000000
0.000000
0.000000
0.000000
0.000000
0.000000
0.000000
0.000000
0.000000
0.000000
0.000000
0.000000
0.000000
0.000000
0.000000
0.000000
0.000000
0.000000
0.000000
0.000000
0.000000
0.000000
0.000000
0.000000
0.000000
0.000000
0.000000
0.000000
0.000000
0.000000
0.000000
0.000000
0.000000
0.000000
0.000000
0.000000
0.000000
0.000000
0.000000
0.000000
0.000000
0.000000
0.000000
0.000000
0.000000
0.000000
0.000000
0.000000
0.000000
0.000000
0.000000
0.000000
0.000000
0.000000
0.000000
0.000000
0.000000
0.000000
0.000000
0.000000
0.000000
0.000000
0.000000
0.000000
0.000000
0.000000
0.000000
0.000000
0.000000
0.000000
0.000000
0.000000
0.000000
0.000000
0.000000
0.000000
0.000000
0.000000
0.000000
0.000000
0.000000
0.000000
0.000000
0.000000
0.000000
0.000000
0.000000
0.000000
0.000000
0.000000
0.000000
0.000000
0.000000
0.000000
0.000000
0.000000
0.000000
0.000000
0.000000
0.000000
0.000000
0.000000
0.000000
0.000000
0.000000
0.000000
0.000000
0.000000
0.000000
0.000000
0.000000
0.000000
0.000000
0.000000
0.000000
0.000000
0.000000
0.000000
0.000000
0.000000
0.000000
0.000000
0.000000
0.000000
0.000000
0.000000
0.000000
0.000000
0.000000
0.000000
0.000000
0.000000
0.000000
0.000000
0.000000
0.000000
0.000000
0.000000
0.000000
0.000000
0.000000
0.000000
0.000000
0.000000
0.000000
0.000000
0.000000
0.000000
0.000000
0.000000
0.000000
0.000000
0.000000
0.000000
0.000000
0.000000
0.000000
0.000000
0.000000
0.000000
0.000000
0.000000
0.000000
0.000000
0.000000
0.000000
0.000000
0.000000
0.000000
0.000000
0.000000
0.000000
0.000000
0.000000
0.000000
0.000000
0.000000
0.000000
0.000000
0.000000
0.000000
0.000000
0.000000
0.000000
0.000000
0.000000
0.000000
0.000000
0.000000
0.000000
0.000000
0.000000
0.000000
0.000000
0.000000
0.000000
0.000000
0.000000
0.000000
0.000000
0.000000
0.000000
0.000000
0.000000
0.000000
0.000000
0.000000
0.000000
0.000000
0.000000
0.000000
0.000000
0.000000
0.000000
0.000000
0.000000
0.000000
0.000000
0.000000
0.000000
0.000000
0.000000
0.000000
0.000000
0.000000
0.000000
0.000000
0.000000
0.000000
0.000000
0.000000
0.000000
0.000000
0.000000
0.000000
0.000000
0.000000
0.000000
0.000000
0.000000
0.000000
0.000000
0.000000
0.000000
0.000000
0.000000
0.000000
0.000000
0.000000
0.000000
0.000000
0.000000
0.000000
0.000000
0.000000
0.000000
0.000000
0.000000
0.000000
0.000000
0.000000
0.000000
0.000000
0.000000
0.000000
0.000000
0.000000
0.000000
0.000000
0.000000
0.000000
0.000000
0.000000
0.000000
0.000000
0.000000
0.000000
0.000000
0.000000
0.000000
0.000000
0.000000
0.000000
0.000000
0.000000
0.000000
0.000000
0.000000
0.000000
0.000000
0.000000
0.000000
0.000000
0.000000
0.000000
0.000000
0.000000
0.000000
0.000000
0.000000
0.000000
0.000000
0.000000
0.000000
0.000000
0.000000
0.000000
0.000000
0.000000
0.000000
0.000000
0.000000
0.000000
0.000000
0.000000
0.000000
0.000000
0.000000
0.000000
0.000000
0.000000
0.000000
0.000000
0.000000
0.000000
0.000000
0.000000
0.000000
0.000000
0.000000
0.000000
0.000000
0.000000
0.000000
0.000000
0.000000
0.000000
0.000000
0.000000
0.000000
0.000000
0.000000
0.000000
0.000000
0.000000
0.000000
0.000000
0.000000
0.000000
0.000000
0.000000
0.000000
0.000000
0.000000
0.000000
0.000000
0.000000
0.000000
0.000000
0.000000
0.000000
0.000000
0.000000
0.000000
0.000000
0.000000
0.000000
0.000000
0.000000
0.000000
0.000000
0.000000
0.000000
0.000000
0.000000
0.000000
0.000000
0.000000
0.000000
0.000000
0.000000
0.000000
0.000000
0.000000
0.000000
0.000000
0.000000
0.000000
0.000000
0.000000
0.000000
0.000000
0.000000
0.000000
0.000000
0.000000
0.000000
0.000000
0.000000
0.000000
0.000000
0.000000
0.000000
0.000000
0.000000
0.000000
0.000000
0.000000
0.000000
0.000000
0.000000
0.000000
0.000000
0.000000
