3.026986
26.443452
99.422096
274.967811
645.747477
1386.727287
2582.606903
4384.211961
7000.384904
10520.179837
15032.059182
20497.985529
26896.523277
34215.232152
42256.861918
50967.072029
60207.198554
69385.625812
78717.590975
87826.002844
96545.858121
104590.493794
111957.788526
118648.582228
124572.403872
129578.650956
133669.007287
137091.108340
139556.888012
141213.145833
142177.660937
142448.413079
142016.224634
141166.832182
139850.211113
137968.410908
135863.179216
133232.237280
130569.202419
127561.915694
124523.628510
121403.913659
118122.496246
114859.625545
111612.238633
108205.236278
104867.895680
101529.535293
98345.888990
95169.498379
92089.673160
88996.960245
86235.922681
83457.035170
80670.231870
77949.021861
75404.774367
72975.038732
70628.811521
68418.315487
66246.837657
64213.595915
62297.268556
60351.698392
58526.303700
56889.131375
55296.906843
53699.672263
52118.513624
50672.878458
49296.074918
48021.296672
46788.413325
45607.252251
44451.593707
43399.071150
42406.540924
41408.651308
40493.745066
39639.532462
38753.742722
37926.432224
37159.545164
36472.890401
35802.584352
35112.711952
34474.330090
33839.180535
33283.645417
32725.819548
32204.559543
31693.258565
31229.495765
30772.172160
30370.362793
29919.641081
29552.049216
29180.888135
28805.567497
28464.956225
28169.174399
27854.720327
27561.000695
27306.481946
27064.595225
26781.173096
26574.391656
26382.685367
26168.743786
25973.444808
25750.467605
25549.303144
25424.412395
25253.897677
25070.808067
24927.004638
24800.618728
24638.362548
24506.793415
24366.807834
24255.758261
24171.009654
24049.378894
23956.560242
23817.077917
23726.071034
23647.830683
23552.099457
23499.218155
23479.859728
23427.091830
23361.677027
23295.386554
23246.457181
23217.667750
23153.687741
23104.465575
23054.420730
22990.456022
22944.048721
22879.213667
22828.129471
22787.580641
22773.927279
22779.447042
22776.070436
22760.963221
22743.555894
22692.629400
22646.905399
22618.554503
22583.201869
22559.848019
22510.290256
22517.789203
22468.785825
22419.785150
22385.605021
22341.628298
22287.138455
22265.077741
22231.705567
22194.107281
22145.993389
22097.409592
22041.193195
22025.105965
21986.511391
21934.512202
21854.176139
21805.770911
21771.526715
21726.385805
21655.530939
21591.814937
21521.800574
21451.206740
21390.769726
21328.787197
21255.885280
21160.059456
21044.626810
20918.674766
20821.268069
20713.731981
20592.921259
20492.083816
20396.424989
20310.654968
20187.781747
20064.766697
19961.639954
19852.137610
19711.657642
19585.792502
19455.709109
19304.344469
19182.024779
19044.836690
18915.574170
18763.243581
18627.911233
18494.145846
18333.733315
18174.941449
18003.711821
17812.926947
17663.875797
17508.555522
17333.631380
17134.516231
16942.624785
16763.351610
16618.392154
16420.632994
16231.664413
16038.714232
15848.796359
15674.960979
15474.117877
15284.241693
15088.461011
14882.543241
14696.105449
14491.856163
14313.063609
14127.467114
13940.060731
13751.010231
13549.560989
13348.504680
13140.418252
12928.590894
12727.449595
12508.797302
12302.050691
12102.839855
11890.218442
11681.081410
11467.185566
11255.925505
11064.053252
10857.659812
10651.735307
10445.280792
10243.143020
10036.302188
9828.763411
9631.115341
9423.591045
9228.617834
9024.222493
8820.081075
8609.541421
8409.098175
8222.381475
8032.010092
7843.859013
7648.065030
7476.201502
7296.849812
7128.240175
6948.198597
6774.487566
6608.319250
6451.215023
6272.193596
6107.088959
5939.017802
5780.610191
5620.764707
5473.204740
5308.623295
5151.749671
4998.687797
4851.535117
4711.198785
4565.080123
4430.418058
4301.462504
4160.014558
4026.417149
3900.930941
3771.493899
3649.840902
3532.488196
3414.892658
3300.254245
3197.468075
3077.551806
2982.635537
2883.711445
2788.524011
2689.206327
2593.277696
2491.054179
2401.091281
2312.142291
2221.987945
2136.199997
2057.654530
1973.016843
1893.338946
1816.346820
1745.479924
1679.647887
1611.528004
1545.431940
1482.881703
1426.608381
1366.147170
1310.631847
1257.530482
1202.603308
1152.531784
1105.267343
1058.221413
1013.372446
968.283143
924.456393
884.519672
843.104769
804.945163
768.951709
735.114588
698.498536
668.552365
640.809621
612.880433
584.037109
555.369868
531.091032
510.148215
479.246332
452.491413
430.150451
409.583772
388.085648
369.778061
351.492031
332.981292
317.286116
302.593473
287.216116
270.309576
256.810099
243.225353
230.446121
218.573650
208.238781
197.369219
185.969223
175.645201
165.744490
155.454657
147.614190
139.949004
131.622379
124.607411
116.228731
109.366305
102.900948
95.503546
90.313615
85.423066
80.163043
75.515828
71.445566
66.773542
62.584313
58.408067
54.578044
51.529047
48.662742
45.384007
42.869440
40.405934
37.582158
35.195787
33.027034
31.499790
29.135787
27.558983
25.642734
23.578843
22.445716
20.729012
19.400381
18.608186
17.426201
15.843714
14.449382
13.391648
12.339604
11.481778
10.320096
9.606183
8.777705
8.251054
7.496196
6.830074
6.333805
5.990831
5.476893
4.959219
4.684075
4.649118
4.508238
4.297852
4.033248
3.727642
3.624164
3.351178
3.086255
2.783956
2.322586
2.013602
1.871018
1.834337
1.698383
1.486551
1.238858
1.074316
0.910230
0.918684
0.967516
0.892964
0.703493
0.648433
0.635374
0.607460
0.548454
0.479874
0.329927
0.300921
0.276111
0.305801
0.268926
0.294690
0.216879
0.182109
0.104936
0.096289
0.065132
0.062785
0.079975
0.050315
0.026975
0.025039
0.017732
0.013711
0.006301
0.011850
0.011335
0.028292
0.015101
0.013856
0.001689
0.007954
0.022668
0.025518
0.025426
0.026107
0.017462
0.022062
0.012368
0.000587
0.000000
0.000000
0.000000
0.000000
0.000000
0.000000
0.000000
0.000000
0.000000
0.000000
0.000000
0.000000
0.000000
0.000000
0.000000
0.000000
0.000000
0.000000
0.000000
0.000000
0.000000
0.000000
0.000000
0.000000
0.000000
0.000000
0.000000
0.000000
0.000000
0.000000
0.000000
0.000000
0.000000
0.000000
0.000000
0.000000
0.000000
0.000000
0.000000
0.000000
0.000000
0.000000
0.000000
0.000000
0.000000
0.000000
0.000000
0.000000
0.000000
0.000000
0.000000
0.000000
0.000000
0.000000
0.000000
0.000000
0.000000
0.000000
0.000000
0.000000
0.000000
0.000000
0.000000
0.000000
0.000000
0.000000
0.000000
0.000000
0.000000
0.000000
0.000000
0.000000
0.000000
0.000000
0.000000
0.000000
0.000000
0.000000
0.000000
0.000000
0.000000
0.000000
0.000000
0.000000
0.000000
0.000000
0.000000
0.000000
0.000000
0.000000
0.000000
0.000000
0.000000
0.000000
0.000000
0.000000
0.000000
0.000000
0.000000
0.000000
0.000000
0.000000
0.000000
0.000000
0.000000
0.000000
0.000000
0.000000
0.000000
0.000000
0.000000
0.000000
0.000000
0.000000
0.000000
0.000000
0.000000
0.000000
0.000000
0.000000
0.000000
0.000000
0.000000
0.000000
0.000000
0.000000
0.000000
0.000000
0.000000
0.000000
0.000000
0.000000
0.000000
0.000000
0.000000
0.000000
0.000000
0.000000
0.000000
0.000000
0.000000
0.000000
0.000000
0.000000
0.000000
0.000000
0.000000
0.000000
0.000000
0.000000
0.000000
0.000000
0.000000
0.000000
0.000000
0.000000
0.000000
0.000000
0.000000
0.000000
0.000000
0.000000
0.000000
0.000000
0.000000
0.000000
0.000000
0.000000
0.000000
0.000000
0.000000
0.000000
0.000000
0.000000
0.000000
0.000000
0.000000
0.000000
0.000000
0.000000
0.000000
0.000000
0.000000
0.000000
0.000000
0.000000
0.000000
0.000000
0.000000
0.000000
0.000000
0.000000
0.000000
0.000000
0.000000
0.000000
0.000000
0.000000
0.000000
0.000000
0.000000
0.000000
0.000000
0.000000
0.000000
0.000000
0.000000
0.000000
0.000000
0.000000
0.000000
0.000000
0.000000
0.000000
0.000000
0.000000
0.000000
0.000000
0.000000
0.000000
0.000000
0.000000
0.000000
0.000000
0.000000
0.000000
0.000000
0.000000
0.000000
0.000000
0.000000
0.000000
0.000000
0.000000
0.000000
0.000000
0.000000
0.000000
0.000000
0.000000
0.000000
0.000000
0.000000
0.000000
0.000000
0.000000
0.000000
0.000000
0.000000
0.000000
0.000000
0.000000
0.000000
0.000000
0.000000
0.000000
0.000000
0.000000
0.000000
0.000000
0.000000
0.000000
0.000000
0.000000
0.000000
0.000000
0.000000
0.000000
0.000000
0.000000
0.000000
0.000000
0.000000
0.000000
0.000000
0.000000
0.000000
0.000000
0.000000
0.000000
0.000000
0.000000
0.000000
0.000000
0.000000
0.000000
0.000000
0.000000
0.000000
0.000000
0.000000
0.000000
0.000000
0.000000
0.000000
0.000000
0.000000
0.000000
0.000000
0.000000
0.000000
0.000000
0.000000
0.000000
0.000000
0.000000
0.000000
0.000000
0.000000
0.000000
0.000000
0.000000
0.000000
0.000000
0.000000
0.000000
0.000000
0.000000
0.000000
0.000000
0.000000
0.000000
0.000000
0.000000
0.000000
0.000000
0.000000
0.000000
0.000000
0.000000
0.000000
0.000000
0.000000
0.000000
0.000000
0.000000
0.000000
0.000000
0.000000
0.000000
0.000000
0.000000
0.000000
0.000000
0.000000
0.000000
0.000000
0.000000
0.000000
0.000000
0.000000
0.000000
0.000000
0.000000
0.000000
0.000000
0.000000
0.000000
0.000000
0.000000
0.000000
0.000000
0.000000
0.000000
0.000000
0.000000
0.000000
0.000000
0.000000
0.000000
0.000000
0.000000
0.000000
0.000000
0.000000
0.000000
0.000000
0.000000
0.000000
0.000000
0.000000
0.000000
0.000000
0.000000
0.000000
0.000000
0.000000
0.000000
0.000000
0.000000
0.000000
0.000000
0.000000
0.000000
0.000000
0.000000
0.000000
0.000000
0.000000
0.000000
0.000000
0.000000
0.000000
0.000000
0.000000
0.000000
0.000000
0.000000
0.000000
0.000000
0.000000
0.000000
0.000000
0.000000
0.000000
0.000000
0.000000
0.000000
0.000000
0.000000
0.000000
0.000000
0.000000
0.000000
0.000000
0.000000
0.000000
0.000000
0.000000
0.000000
0.000000
0.000000
0.000000
0.000000
0.000000
0.000000
0.000000
0.000000
0.000000
0.000000
0.000000
0.000000
0.000000
0.000000
0.000000
0.000000
0.000000
0.000000
0.000000
0.000000
0.000000
0.000000
0.000000
0.000000
0.000000
0.000000
0.000000
0.000000
0.000000
0.000000
0.000000
0.000000
0.000000
0.000000
0.000000
0.000000
0.000000
0.000000
0.000000
0.000000
0.000000
0.000000
0.000000
0.000000
0.000000
0.000000
0.000000
0.000000
0.000000
0.000000
0.000000
0.000000
0.000000
0.000000
0.000000
0.000000
0.000000
0.000000
0.000000
0.000000
0.000000
0.000000
0.000000
0.000000
0.000000
0.000000
0.000000
0.000000
0.000000
0.000000
0.000000
0.000000
0.000000
0.000000
0.000000
0.000000
0.000000
0.000000
0.000000
0.000000
0.000000
0.000000
0.000000
0.000000
0.000000
0.000000
0.000000
0.000000
0.000000
0.000000
0.000000
0.000000
0.000000
0.000000
0.000000
0.000000
0.000000
0.000000
0.000000
0.000000
0.000000
0.000000
0.000000
0.000000
