0.000000
0.000000
0.000000
0.000000
0.000000
0.035037
0.133145
0.617528
1.461294
3.065456
6.536098
11.365967
20.226792
40.576043
75.069109
128.962667
213.958753
336.755080
501.746267
741.508482
1070.203660
1479.295039
2015.610607
2665.778670
3450.316039
4397.750156
5520.059744
6799.911287
8275.469795
9919.185374
11760.363358
13746.443374
15868.857786
18166.585057
20615.918591
23298.771647
25910.165743
28634.176191
31538.307372
34457.359163
37485.794401
40553.265257
43620.974531
46697.873753
49800.287132
52875.520346
55791.532613
58729.671858
61600.651073
64376.080565
67061.486214
69760.790892
72302.249015
74813.001047
77245.176329
79428.455930
81432.755905
83515.464296
85431.622467
87257.382132
88821.641132
90403.372229
91858.223660
93164.215933
94373.860883
95372.290089
96349.042337
97129.146511
97817.941398
98490.163608
99058.673625
99597.691577
99960.158930
100281.833459
100489.052334
100466.672689
100527.245545
100554.568609
100472.481805
100283.905607
99980.002314
99657.544758
99255.307212
98871.104302
98430.524651
97856.120065
97336.857154
96711.704471
96089.291999
95365.298570
94829.813546
94113.559296
93429.914867
92719.284477
91960.577119
91253.740559
90511.487630
89789.181407
88947.483868
88063.747181
87178.765426
86247.739219
85290.109527
84416.655106
83523.829536
82526.694733
81586.467411
80613.558390
79674.416268
78687.854830
77735.603316
76743.232350
75757.634662
74804.768233
73821.896215
72781.905819
71790.814387
70839.847518
69883.799291
68930.631425
67943.647740
66986.115588
65975.261108
64977.887062
63980.160500
63026.692898
62061.023729
61118.477461
60153.378323
59163.717129
58213.532670
57217.533477
56269.290308
55304.217368
54379.600286
53401.628176
52522.103341
51614.379088
50645.041535
49741.900989
48817.110818
47908.127433
47023.022065
46095.241167
45177.284361
44293.397842
43397.491416
42503.778956
41603.235749
40733.443804
39914.883443
39088.348260
38313.433447
37514.235096
36738.953175
35925.900254
35150.827099
34395.732396
33602.833759
32801.413473
32029.751459
31266.235418
30570.301718
29836.922712
29118.768482
28408.217231
27718.751730
27042.253234
26384.217369
25702.693941
25033.520410
24404.567133
23756.107066
23126.616464
22479.016392
21850.988642
21244.609306
20673.026108
20096.319122
19536.877270
18975.895345
18439.854455
17930.473697
17411.110658
16862.142921
16365.559302
15875.496288
15397.903301
14941.042319
14504.384832
14057.802288
13625.805166
13197.209954
12781.526838
12358.168883
11962.728651
11571.879748
11177.405136
10803.694237
10435.692367
10085.543771
9746.952962
9414.191202
9097.592782
8776.211617
8476.011065
8167.528557
7865.770735
7582.524684
7316.214042
7045.378927
6790.056682
6528.324232
6285.036702
6060.495715
5840.298196
5604.420655
5396.544764
5189.431597
4976.504263
4788.783037
4597.703939
4419.262884
4242.550194
4071.628617
3899.869597
3732.590069
3584.694127
3443.560746
3303.111590
3162.428712
3025.341059
2906.181691
2782.487078
2654.346059
2538.065607
2411.405369
2300.394721
2195.451957
2095.390179
1996.501026
1905.139187
1812.424025
1724.096845
1648.765864
1568.603186
1491.159258
1424.452885
1355.769562
1283.308512
1216.561097
1151.982230
1093.293579
1036.416212
982.229719
938.411332
891.865205
843.668515
795.064280
753.865108
713.355639
674.290114
639.288370
601.310042
568.462376
537.332220
507.933595
481.092960
453.428466
430.086346
408.558554
390.244253
366.608969
344.461697
324.401783
305.067466
285.900996
270.361381
257.037826
240.176728
222.940118
209.894930
199.337896
184.906768
171.700035
161.618690
151.141392
142.086276
132.844405
123.985536
115.837229
108.189698
101.656678
94.292796
86.319670
80.071405
74.446170
69.079105
63.978230
60.098192
56.264024
52.605561
49.265470
46.142580
42.395775
39.589287
35.932753
33.818399
31.399518
29.480006
26.679243
24.389793
22.358984
20.239531
18.338419
16.531984
15.235740
14.102541
13.119717
11.818240
10.804579
9.514509
9.072150
8.620991
7.580875
7.007700
6.310331
5.727662
5.253663
5.132163
4.895416
4.799447
4.612805
4.261929
4.000911
3.731021
3.524909
3.237440
2.848834
2.581547
2.348467
2.066180
2.146104
1.983435
1.780890
1.777700
1.730105
1.588392
1.518411
1.503777
1.335964
1.363481
1.387422
1.287229
1.186547
0.955795
0.832637
0.667320
0.744141
0.700748
0.683770
0.600474
0.540394
0.480128
0.491488
0.454199
0.465684
0.448700
0.442940
0.424553
0.332010
0.263425
0.182840
0.173686
0.159891
0.111767
0.102419
0.098833
0.065452
0.057053
0.045380
0.050084
0.046802
0.038635
0.029778
0.018965
0.003120
0.005999
0.007118
0.006345
0.000707
0.000000
0.000000
0.000000
0.000000
0.000000
0.000000
0.000000
0.000000
0.000000
0.000000
0.000000
0.000000
0.000000
0.000000
0.000000
0.000000
0.000000
0.000000
0.000000
0.000000
0.000000
0.000000
0.000000
0.000000
0.000000
0.000000
0.000000
0.000000
0.000000
0.000000
0.000000
0.000000
0.000000
0.000000
0.000000
0.000000
0.000000
0.000000
0.000000
0.000000
0.000000
0.000000
0.000000
0.000000
0.000000
0.000000
0.000000
0.000000
0.000000
0.000000
0.000000
0.000000
0.000000
0.000000
0.000000
0.000000
0.000000
0.000000
0.000000
0.000000
0.000000
0.000000
0.000000
0.000000
0.000000
0.000000
0.000000
0.000000
0.000000
0.000000
0.000000
0.000000
0.000000
0.000000
0.000000
0.000000
0.000000
0.000000
0.000000
0.000000
0.000000
0.000000
0.000000
0.000000
0.000000
0.000000
0.000000
0.000000
0.000000
0.000000
0.000000
0.000000
0.000000
0.000000
0.000000
0.000000
0.000000
0.000000
0.000000
0.000000
0.000000
0.000000
0.000000
0.000000
0.000000
0.000000
0.000000
0.000000
0.000000
0.000000
0.000000
0.000000
0.000000
0.000000
0.000000
0.000000
0.000000
0.000000
0.000000
0.000000
0.000000
0.000000
0.000000
0.000000
0.000000
0.000000
0.000000
0.000000
0.000000
0.000000
0.000000
0.000000
0.000000
0.000000
0.000000
0.000000
0.000000
0.000000
0.000000
0.000000
0.000000
0.000000
0.000000
0.000000
0.000000
0.000000
0.000000
0.000000
0.000000
0.000000
0.000000
0.000000
0.000000
0.000000
0.000000
0.000000
0.000000
0.000000
0.000000
0.000000
0.000000
0.000000
0.000000
0.000000
0.000000
0.000000
0.000000
0.000000
0.000000
0.000000
0.000000
0.000000
0.000000
0.000000
0.000000
0.000000
0.000000
0.000000
0.000000
0.000000
0.000000
0.000000
0.000000
0.000000
0.000000
0.000000
0.000000
0.000000
0.000000
0.000000
0.000000
0.000000
0.000000
0.000000
0.000000
0.000000
0.000000
0.000000
0.000000
0.000000
0.000000
0.000000
0.000000
0.000000
0.000000
0.000000
0.000000
0.000000
0.000000
0.000000
0.000000
0.000000
0.000000
0.000000
0.000000
0.000000
0.000000
0.000000
0.000000
0.000000
0.000000
0.000000
0.000000
0.000000
0.000000
0.000000
0.000000
0.000000
0.000000
0.000000
0.000000
0.000000
0.000000
0.000000
0.000000
0.000000
0.000000
0.000000
0.000000
0.000000
0.000000
0.000000
0.000000
0.000000
0.000000
0.000000
0.000000
0.000000
0.000000
0.000000
0.000000
0.000000
0.000000
0.000000
0.000000
0.000000
0.000000
0.000000
0.000000
0.000000
0.000000
0.000000
0.000000
0.000000
0.000000
0.000000
0.000000
0.000000
0.000000
0.000000
0.000000
0.000000
0.000000
0.000000
0.000000
0.000000
0.000000
0.000000
0.000000
0.000000
0.000000
0.000000
0.000000
0.000000
0.000000
0.000000
0.000000
0.000000
0.000000
0.000000
0.000000
0.000000
0.000000
0.000000
0.000000
0.000000
0.000000
0.000000
0.000000
0.000000
0.000000
0.000000
0.000000
0.000000
0.000000
0.000000
0.000000
0.000000
0.000000
0.000000
0.000000
0.000000
0.000000
0.000000
0.000000
0.000000
0.000000
0.000000
0.000000
0.000000
0.000000
0.000000
0.000000
0.000000
0.000000
0.000000
0.000000
0.000000
0.000000
0.000000
0.000000
0.000000
0.000000
0.000000
0.000000
0.000000
0.000000
0.000000
0.000000
0.000000
0.000000
0.000000
0.000000
0.000000
0.000000
0.000000
0.000000
0.000000
0.000000
0.000000
0.000000
0.000000
0.000000
0.000000
0.000000
0.000000
0.000000
0.000000
0.000000
0.000000
0.000000
0.000000
0.000000
0.000000
0.000000
0.000000
0.000000
0.000000
0.000000
0.000000
0.000000
0.000000
0.000000
0.000000
0.000000
0.000000
0.000000
0.000000
0.000000
0.000000
0.000000
0.000000
0.000000
0.000000
0.000000
0.000000
0.000000
0.000000
0.000000
0.000000
0.000000
0.000000
0.000000
0.000000
0.000000
0.000000
0.000000
0.000000
0.000000
0.000000
0.000000
0.000000
0.000000
0.000000
0.000000
0.000000
0.000000
0.000000
0.000000
0.000000
0.000000
0.000000
0.000000
0.000000
0.000000
0.000000
0.000000
0.000000
0.000000
0.000000
0.000000
0.000000
0.000000
0.000000
0.000000
0.000000
0.000000
0.000000
0.000000
0.000000
0.000000
0.000000
0.000000
0.000000
0.000000
0.000000
0.000000
0.000000
0.000000
0.000000
0.000000
0.000000
0.000000
0.000000
0.000000
0.000000
0.000000
0.000000
0.000000
0.000000
0.000000
0.000000
0.000000
0.000000
0.000000
0.000000
0.000000
0.000000
0.000000
0.000000
0.000000
0.000000
0.000000
0.000000
0.000000
0.000000
0.000000
0.000000
0.000000
0.000000
0.000000
0.000000
0.000000
0.000000
0.000000
0.000000
0.000000
0.000000
0.000000
0.000000
0.000000
0.000000
0.000000
0.000000
0.000000
0.000000
0.000000
0.000000
0.000000
0.000000
0.000000
0.000000
0.000000
0.000000
0.000000
0.000000
0.000000
0.000000
0.000000
0.000000
0.000000
0.000000
0.000000
0.000000
0.000000
0.000000
0.000000
0.000000
0.000000
0.000000
0.000000
0.000000
0.000000
0.000000
0.000000
0.000000
0.000000
0.000000
0.000000
0.000000
0.000000
0.000000
0.000000
0.000000
0.000000
0.000000
0.000000
0.000000
0.000000
0.000000
0.000000
0.000000
0.000000
0.000000
0.000000
0.000000
0.000000
0.000000
0.000000
0.000000
0.000000
0.000000
0.000000
0.000000
0.000000
0.000000
0.000000
0.000000
0.000000
0.000000
0.000000
0.000000
0.000000
0.000000
0.000000
0.000000
0.000000
0.000000
0.000000
0.000000
0.000000
0.000000
0.000000
0.000000
0.000000
0.000000
0.000000
0.000000
0.000000
0.000000
0.000000
0.000000
0.000000
0.000000
0.000000
0.000000
0.000000
0.000000
0.000000
0.000000
0.000000
0.000000
0.000000
0.000000
0.000000
0.000000
0.000000
0.000000
0.000000
0.000000
0.000000
0.000000
0.000000
0.000000
0.000000
0.000000
0.000000
0.000000
0.000000
0.000000
0.000000
0.000000
0.000000
0.000000
0.000000
0.000000
0.000000
0.000000
0.000000
0.000000
