2.572755
23.089712
127.997841
490.627353
1452.839283
3561.660742
7522.039877
14069.681227
23865.328288
37399.928587
54730.474002
75641.409809
99409.433394
125135.079290
151534.918130
177617.034335
202239.673615
224524.462340
243660.379842
259336.713482
271135.469602
279090.629066
283325.472083
284073.416394
281809.567031
276810.687080
269733.491715
260825.576332
250673.598002
239495.256742
227747.126389
215587.999580
203392.799963
191287.296937
179429.972970
167912.439884
156882.028293
146271.158030
136211.359344
126694.029709
117772.669942
109426.379873
101632.581769
94356.362614
87603.552901
81396.580929
75656.758974
70388.336880
65544.701064
61071.364421
56984.522778
53237.593404
49747.597545
46547.657340
43607.046813
40882.659676
38369.951063
36054.031413
33923.497433
31949.711799
30123.207104
28424.471869
26864.504304
25402.846587
24057.334775
22834.559493
21691.359162
20647.713449
19660.123379
18760.914286
17931.937567
17158.877516
16426.253748
15739.410409
15107.207763
14510.010206
13961.143432
13452.293298
12979.867641
12535.016187
12120.807661
11740.393718
11388.645906
11063.892423
10759.978069
10467.257028
10202.403913
9957.490796
9725.280884
9507.179734
9303.755846
9116.220454
8950.622744
8791.533517
8650.146940
8514.417223
8402.002150
8296.374281
8197.220164
8106.607049
8029.614501
7957.760042
7889.215411
7833.137554
7791.536956
7737.788073
7693.349621
7654.050525
7615.412686
7586.986789
7564.524631
7543.039954
7517.725876
7499.818506
7489.128605
7485.195648
7482.632202
7485.395600
7493.812151
7503.278902
7515.384347
7546.226796
7584.440255
7626.302928
7663.758346
7714.872873
7762.146394
7815.654885
7875.085457
7932.746738
7992.391621
8050.283980
8114.905520
8180.320365
8247.057887
8315.008661
8385.772952
8450.345796
8518.939368
8594.372055
8671.438859
8753.319097
8830.791476
8907.122848
8991.320993
9079.725620
9167.526154
9255.840630
9347.072382
9435.989059
9526.065461
9622.324978
9720.639336
9821.997814
9923.832445
10025.766037
10129.889228
10237.101383
10351.066247
10460.947491
10571.063601
10690.371420
10805.352788
10918.437769
11037.228610
11158.433660
11279.462698
11402.246081
11522.224468
11647.335001
11760.603686
11876.465707
11990.354772
12103.737483
12218.946194
12331.445868
12446.914428
12556.876759
12667.640535
12772.520702
12880.471452
12986.004431
13088.916927
13183.551129
13271.486337
13367.871820
13447.761729
13524.458770
13598.846976
13664.449054
13733.058962
13790.115037
13846.685034
13904.993258
13951.826762
13995.385919
14050.401665
14095.039454
14140.427496
14188.960593
14223.593516
14257.045827
14279.546578
14304.291923
14325.520252
14333.500590
14340.517977
14341.853713
14343.415003
14331.601430
14322.258722
14304.815221
14292.130974
14266.932530
14241.684693
14206.937795
14164.408162
14122.384688
14069.556107
14016.324154
13962.844577
13897.000429
13829.980378
13747.368917
13661.466831
13567.820807
13473.766226
13373.051516
13269.101570
13156.491085
13038.477989
12917.376213
12785.184859
12652.759688
12524.957753
12387.497506
12246.429995
12098.611923
11950.058958
11792.730209
11636.046746
11479.871053
11318.505042
11145.571508
10976.119747
10800.130650
10624.747863
10442.351605
10258.761546
10072.667465
9886.478467
9696.255161
9503.131842
9311.285165
9113.899718
8920.555245
8721.404746
8524.353028
8331.261015
8138.118044
7943.112727
7751.803464
7557.864650
7366.195086
7174.891573
6982.573820
6793.139619
6606.826002
6419.736297
6235.179995
6053.162861
5873.412484
5696.106097
5519.582141
5346.362213
5177.867269
5010.259293
4843.904419
4681.133562
4519.311346
4361.534790
4206.575570
4052.712239
3903.395112
3759.331019
3613.884200
3471.024386
3333.073754
3201.507771
3069.901344
2940.587070
2815.776454
2697.914116
2579.311570
2467.920638
2358.839631
2255.201067
2153.488939
2056.002962
1963.298810
1869.604295
1784.624943
1699.607791
1619.241955
1539.145905
1462.907545
1389.945245
1318.468181
1249.046122
1184.715799
1122.363968
1062.083941
1004.307705
948.900517
894.712397
844.017175
795.893198
748.956615
705.038788
662.020906
621.140960
582.495217
546.270444
512.021841
479.739063
449.729184
420.672758
393.141677
366.188119
341.254837
319.254165
297.814622
277.294572
258.412625
240.817437
223.856643
207.705024
193.530971
179.684741
166.618441
154.552610
143.403704
132.893867
123.395076
114.385527
105.794866
98.208342
91.139625
84.320266
78.189931
72.279903
66.931249
61.969900
57.319851
52.664142
48.676773
44.435280
40.755842
37.562871
34.517239
31.575182
28.979253
26.563481
24.319363
22.121624
20.145706
18.391586
16.835361
15.508996
14.216735
13.016373
11.891645
10.834263
9.810491
8.843760
8.080800
7.198698
6.542737
5.922463
5.336060
4.833312
4.357522
3.880901
3.421280
3.088238
2.876045
2.559228
2.260433
1.992932
1.804939
1.608358
1.420930
1.296749
1.134970
0.980471
0.852223
0.752102
0.654233
0.554852
0.496477
0.428800
0.382908
0.306864
0.267967
0.229591
0.192746
0.169768
0.147239
0.126578
0.099371
0.086203
0.071112
0.049534
0.041394
0.037497
0.037729
0.028477
0.017241
0.007989
0.004544
0.002556
0.002830
0.002187
0.001196
0.000025
0.000112
0.000000
0.000000
0.000000
0.000000
0.000000
0.000000
0.000000
0.000000
0.000000
0.000000
0.000000
0.000000
0.000000
0.000000
0.000000
0.000000
0.000000
0.000000
0.000000
0.000000
0.000000
0.000000
0.000000
0.000000
0.000000
0.000000
0.000000
0.000000
0.000000
0.000000
0.000000
0.000000
0.000000
0.000000
0.000000
0.000000
0.000000
0.000000
0.000000
0.000000
0.000000
0.000000
0.000000
0.000000
0.000000
0.000000
0.000000
0.000000
0.000000
0.000000
0.000000
0.000000
0.000000
0.000000
0.000000
0.000000
0.000000
0.000000
0.000000
0.000000
0.000000
0.000000
0.000000
0.000000
0.000000
0.000000
0.000000
0.000000
0.000000
0.000000
0.000000
0.000000
0.000000
0.000000
0.000000
0.000000
0.000000
0.000000
0.000000
0.000000
0.000000
0.000000
0.000000
0.000000
0.000000
0.000000
0.000000
0.000000
0.000000
0.000000
0.000000
0.000000
0.000000
0.000000
0.000000
0.000000
0.000000
0.000000
0.000000
0.000000
0.000000
0.000000
0.000000
0.000000
0.000000
0.000000
0.000000
0.000000
0.000000
0.000000
0.000000
0.000000
0.000000
0.000000
0.000000
0.000000
0.000000
0.000000
0.000000
0.000000
0.000000
0.000000
0.000000
0.000000
0.000000
0.000000
0.000000
0.000000
0.000000
0.000000
0.000000
0.000000
0.000000
0.000000
0.000000
0.000000
0.000000
0.000000
0.000000
0.000000
0.000000
0.000000
0.000000
0.000000
0.000000
0.000000
0.000000
0.000000
0.000000
0.000000
0.000000
0.000000
0.000000
0.000000
0.000000
0.000000
0.000000
0.000000
0.000000
0.000000
0.000000
0.000000
0.000000
0.000000
0.000000
0.000000
0.000000
0.000000
0.000000
0.000000
0.000000
0.000000
0.000000
0.000000
0.000000
0.000000
0.000000
0.000000
0.000000
0.000000
0.000000
0.000000
0.000000
0.000000
0.000000
0.000000
0.000000
0.000000
0.000000
0.000000
0.000000
0.000000
0.000000
0.000000
0.000000
0.000000
0.000000
0.000000
0.000000
0.000000
0.000000
0.000000
0.000000
0.000000
0.000000
0.000000
0.000000
0.000000
0.000000
0.000000
0.000000
0.000000
0.000000
0.000000
0.000000
0.000000
0.000000
0.000000
0.000000
0.000000
0.000000
0.000000
0.000000
0.000000
0.000000
0.000000
0.000000
0.000000
0.000000
0.000000
0.000000
0.000000
0.000000
0.000000
0.000000
0.000000
0.000000
0.000000
0.000000
0.000000
0.000000
0.000000
0.000000
0.000000
0.000000
0.000000
0.000000
0.000000
0.000000
0.000000
0.000000
0.000000
0.000000
0.000000
0.000000
0.000000
0.000000
0.000000
0.000000
0.000000
0.000000
0.000000
0.000000
0.000000
0.000000
0.000000
0.000000
0.000000
0.000000
0.000000
0.000000
0.000000
0.000000
0.000000
0.000000
0.000000
0.000000
0.000000
0.000000
0.000000
0.000000
0.000000
0.000000
0.000000
0.000000
0.000000
0.000000
0.000000
0.000000
0.000000
0.000000
0.000000
0.000000
0.000000
0.000000
0.000000
0.000000
0.000000
0.000000
0.000000
0.000000
0.000000
0.000000
0.000000
0.000000
0.000000
0.000000
0.000000
0.000000
0.000000
0.000000
0.000000
0.000000
0.000000
0.000000
0.000000
0.000000
0.000000
0.000000
0.000000
0.000000
0.000000
0.000000
0.000000
0.000000
0.000000
0.000000
0.000000
0.000000
0.000000
0.000000
0.000000
0.000000
0.000000
0.000000
0.000000
0.000000
0.000000
0.000000
0.000000
0.000000
0.000000
0.000000
0.000000
0.000000
0.000000
0.000000
0.000000
0.000000
0.000000
0.000000
0.000000
0.000000
0.000000
0.000000
0.000000
0.000000
0.000000
0.000000
0.000000
0.000000
0.000000
0.000000
0.000000
0.000000
0.000000
0.000000
0.000000
0.000000
0.000000
0.000000
0.000000
0.000000
0.000000
0.000000
0.000000
0.000000
0.000000
0.000000
0.000000
0.000000
0.000000
0.000000
0.000000
0.000000
0.000000
0.000000
0.000000
0.000000
0.000000
0.000000
0.000000
0.000000
0.000000
0.000000
0.000000
0.000000
0.000000
0.000000
0.000000
0.000000
0.000000
0.000000
0.000000
0.000000
0.000000
0.000000
0.000000
0.000000
0.000000
0.000000
0.000000
0.000000
0.000000
0.000000
0.000000
0.000000
0.000000
0.000000
0.000000
0.000000
0.000000
0.000000
0.000000
0.000000
0.000000
0.000000
0.000000
0.000000
0.000000
0.000000
0.000000
0.000000
0.000000
0.000000
0.000000
0.000000
0.000000
0.000000
0.000000
0.000000
0.000000
0.000000
0.000000
0.000000
0.000000
0.000000
0.000000
0.000000
0.000000
0.000000
0.000000
0.000000
0.000000
0.000000
0.000000
0.000000
0.000000
0.000000
0.000000
0.000000
0.000000
0.000000
0.000000
0.000000
0.000000
0.000000
0.000000
0.000000
0.000000
0.000000
0.000000
0.000000
0.000000
0.000000
0.000000
0.000000
0.000000
0.000000
0.000000
0.000000
0.000000
0.000000
0.000000
0.000000
0.000000
0.000000
0.000000
0.000000
0.000000
0.000000
0.000000
0.000000
0.000000
0.000000
0.000000
0.000000
0.000000
0.000000
0.000000
0.000000
0.000000
0.000000
0.000000
0.000000
0.000000
0.000000
0.000000
0.000000
0.000000
0.000000
0.000000
0.000000
0.000000
0.000000
0.000000
0.000000
0.000000
0.000000
0.000000
0.000000
0.000000
0.000000
0.000000
0.000000
0.000000
0.000000
0.000000
0.000000
0.000000
0.000000
0.000000
0.000000
0.000000
0.000000
0.000000
0.000000
0.000000
0.000000
0.000000
0.000000
0.000000
0.000000
0.000000
0.000000
0.000000
0.000000
0.000000
0.000000
0.000000
0.000000
0.000000
0.000000
0.000000
0.000000
0.000000
0.000000
0.000000
0.000000
0.000000
0.000000
0.000000
0.000000
0.000000
0.000000
0.000000
0.000000
0.000000
0.000000
0.000000
0.000000
0.000000
0.000000
0.000000
0.000000
