139.596886
794.377021
2627.353011
6531.915730
13429.735540
24112.587648
39113.162690
58415.898246
81693.117213
108123.972981
136610.925800
166081.784959
195240.729567
223000.217222
248204.513178
270026.495159
288027.637296
301764.512687
311265.503887
316643.628735
318114.546101
315996.426076
310918.433635
303129.899939
293209.816067
281553.484412
268815.156333
255147.964350
241094.182327
226778.407013
212422.190757
198373.011331
184721.695882
171528.800072
158930.318686
146959.530000
135688.867638
125112.887817
115259.767185
106102.360325
97620.407702
89854.187432
82647.744337
76022.621950
69926.745881
64385.176142
59291.074931
54614.349411
50353.426313
46416.010617
42865.584082
39635.312153
36659.423067
33953.004315
31475.323152
29218.624194
27151.848508
25267.364160
23548.181865
21971.144191
20525.618308
19219.752449
18016.930078
16904.140671
15899.537003
14979.920519
14132.685557
13340.401699
12616.029136
11952.545494
11346.990357
10789.964626
10265.504788
9793.886864
9358.141767
8960.095213
8586.635052
8251.597054
7928.319384
7638.262250
7367.581593
7113.644612
6876.986375
6657.825707
6457.224443
6267.172984
6090.612807
5935.253683
5790.365666
5654.272668
5528.649193
5409.835693
5303.009180
5203.646018
5107.992767
5020.704862
4944.810063
4875.737048
4809.697965
4752.271982
4702.173583
4650.957664
4610.980514
4569.940181
4536.821695
4502.694324
4476.048883
4456.528907
4435.295844
4424.084982
4413.844653
4408.730262
4403.741218
4399.606434
4402.897380
4403.092755
4407.184172
4417.732519
4430.901627
4445.711401
4460.303032
4481.776257
4504.402593
4526.851832
4556.147006
4579.640062
4603.297297
4633.946309
4673.224453
4711.810801
4749.629110
4787.872211
4826.555350
4871.149394
4919.282100
4964.240243
5011.367501
5067.851540
5124.859679
5180.223867
5240.471475
5302.185431
5365.615174
5429.825459
5494.003956
5559.801234
5625.428591
5700.858949
5775.214940
5843.175105
5916.167044
5992.852820
6064.376272
6145.125933
6228.050368
6312.522229
6392.001836
6476.301494
6563.754892
6645.817221
6732.965807
6821.883968
6907.458822
6995.306495
7089.174113
7179.094279
7271.984157
7364.299292
7456.761974
7550.388421
7648.477081
7742.042724
7840.380057
7934.180816
8032.691526
8127.266414
8224.511476
8311.151758
8407.999983
8495.558602
8590.617899
8679.815183
8778.420545
8871.207694
8959.777262
9049.241251
9134.027837
9220.337067
9304.314867
9384.511103
9464.631425
9542.722031
9624.970066
9707.945126
9781.009717
9852.018511
9923.961337
9995.196343
10062.294472
10125.399561
10189.504263
10254.583749
10312.149621
10362.696479
10408.221100
10455.178388
10501.299909
10538.318388
10575.797050
10612.070087
10639.200344
10658.819191
10678.341436
10691.043359
10703.366693
10709.178212
10714.835832
10716.226630
10712.984777
10703.618941
10696.814491
10680.231417
10658.698725
10636.820136
10611.334335
10584.073717
10550.037244
10510.260692
10464.563086
10412.211260
10359.210608
10301.818001
10241.588428
10169.522386
10098.034374
10024.714285
9946.601286
9865.175946
9783.311711
9698.266317
9610.779451
9522.013943
9422.396700
9316.061731
9215.592840
9109.705486
8999.666734
8891.447699
8774.829439
8655.519567
8539.074250
8417.091224
8291.100356
8167.303611
8038.089559
7911.820900
7782.121103
7648.677904
7517.317018
7382.961576
7245.004337
7106.469442
6967.908904
6831.705154
6695.902354
6556.814225
6418.934033
6283.800563
6145.495436
6007.929714
5869.829638
5731.787179
5596.363102
5460.124937
5325.021254
5189.725166
5056.517423
4922.347505
4786.384970
4656.719308
4528.485135
4400.591477
4272.468217
4151.982059
4029.348693
3907.646639
3787.486113
3667.249855
3551.881784
3438.043647
3326.092762
3218.102146
3110.563085
3004.366130
2901.251877
2800.967577
2702.344472
2606.691584
2515.319555
2422.279350
2330.475646
2242.751841
2157.494862
2074.695926
1994.471809
1918.375703
1843.380831
1767.479314
1693.502065
1623.324612
1554.364895
1490.523174
1425.514870
1364.353556
1305.429250
1249.401987
1194.393880
1140.818753
1090.164702
1042.849600
995.585470
949.543049
904.461147
860.980065
819.548958
779.606878
741.446070
705.321719
669.844708
636.865399
603.327313
572.375035
543.590145
516.236565
488.400890
462.403651
437.716931
413.462259
390.590666
368.499130
347.861529
328.159642
309.103489
291.184713
274.135654
258.437084
243.180954
228.572986
214.566848
201.840122
189.584927
177.949929
166.906164
156.271797
147.105036
138.029922
129.297921
121.319258
113.452516
105.792869
99.146873
92.532718
86.513795
80.627937
75.411744
70.438235
65.428221
60.931428
56.461085
52.140542
48.660420
45.221230
42.170921
39.370490
36.466958
33.985421
31.413427
29.190193
27.164631
25.274909
23.413352
21.670230
19.885941
18.470589
17.177603
15.951286
14.739948
13.498663
12.533912
11.535859
10.644600
9.769959
9.002088
8.237758
7.695284
7.093808
6.524899
5.964685
5.406319
5.048320
4.634028
4.215883
3.922895
3.627688
3.423231
3.103412
2.881639
2.719754
2.505518
2.328144
2.187264
2.026041
1.846779
1.653312
1.536524
1.397920
1.267737
1.162014
1.066166
0.965839
0.872608
0.807535
0.726881
0.661292
0.597297
0.540744
0.487112
0.477124
0.440982
0.405648
0.370800
0.345027
0.311537
0.302128
0.275675
0.275829
0.226344
0.184040
0.161653
0.148113
0.127649
0.115081
0.106253
0.099925
0.089770
0.086597
0.081302
0.063958
0.056697
0.054698
0.051325
0.045396
0.043462
0.035190
0.026417
0.025284
0.021604
0.021034
0.022994
0.019865
0.020211
0.018099
0.013888
0.016487
0.012449
0.007838
0.007190
0.009010
0.009192
0.007823
0.006964
0.005398
0.003678
0.006022
0.003223
0.001605
0.001075
0.001133
0.002029
0.002631
0.002935
0.001375
0.001438
0.000807
0.000415
0.000487
0.000539
0.000887
0.000753
0.000000
0.000000
0.000000
0.000000
0.000000
0.000000
0.000000
0.000000
0.000000
0.000000
0.000000
0.000000
0.000000
0.000000
0.000000
0.000000
0.000000
0.000000
0.000000
0.000000
0.000000
0.000000
0.000000
0.000000
0.000000
0.000000
0.000000
0.000000
0.000000
0.000000
0.000000
0.000000
0.000000
0.000000
0.000000
0.000000
0.000000
0.000000
0.000000
0.000000
0.000000
0.000000
0.000000
0.000000
0.000000
0.000000
0.000000
0.000000
0.000000
0.000000
0.000000
0.000000
0.000000
0.000000
0.000000
0.000000
0.000000
0.000000
0.000000
0.000000
0.000000
0.000000
0.000000
0.000000
0.000000
0.000000
0.000000
0.000000
0.000000
0.000000
0.000000
0.000000
0.000000
0.000000
0.000000
0.000000
0.000000
0.000000
0.000000
0.000000
0.000000
0.000000
0.000000
0.000000
0.000000
0.000000
0.000000
0.000000
0.000000
0.000000
0.000000
0.000000
0.000000
0.000000
0.000000
0.000000
0.000000
0.000000
0.000000
0.000000
0.000000
0.000000
0.000000
0.000000
0.000000
0.000000
0.000000
0.000000
0.000000
0.000000
0.000000
0.000000
0.000000
0.000000
0.000000
0.000000
0.000000
0.000000
0.000000
0.000000
0.000000
0.000000
0.000000
0.000000
0.000000
0.000000
0.000000
0.000000
0.000000
0.000000
0.000000
0.000000
0.000000
0.000000
0.000000
0.000000
0.000000
0.000000
0.000000
0.000000
0.000000
0.000000
0.000000
0.000000
0.000000
0.000000
0.000000
0.000000
0.000000
0.000000
0.000000
0.000000
0.000000
0.000000
0.000000
0.000000
0.000000
0.000000
0.000000
0.000000
0.000000
0.000000
0.000000
0.000000
0.000000
0.000000
0.000000
0.000000
0.000000
0.000000
0.000000
0.000000
0.000000
0.000000
0.000000
0.000000
0.000000
0.000000
0.000000
0.000000
0.000000
0.000000
0.000000
0.000000
0.000000
0.000000
0.000000
0.000000
0.000000
0.000000
0.000000
0.000000
0.000000
0.000000
0.000000
0.000000
0.000000
0.000000
0.000000
0.000000
0.000000
0.000000
0.000000
0.000000
0.000000
0.000000
0.000000
0.000000
0.000000
0.000000
0.000000
0.000000
0.000000
0.000000
0.000000
0.000000
0.000000
0.000000
0.000000
0.000000
0.000000
0.000000
0.000000
0.000000
0.000000
0.000000
0.000000
0.000000
0.000000
0.000000
0.000000
0.000000
0.000000
0.000000
0.000000
0.000000
0.000000
0.000000
0.000000
0.000000
0.000000
0.000000
0.000000
0.000000
0.000000
0.000000
0.000000
0.000000
0.000000
0.000000
0.000000
0.000000
0.000000
0.000000
0.000000
0.000000
0.000000
0.000000
0.000000
0.000000
0.000000
0.000000
0.000000
0.000000
0.000000
0.000000
0.000000
0.000000
0.000000
0.000000
0.000000
0.000000
0.000000
0.000000
0.000000
0.000000
0.000000
0.000000
0.000000
0.000000
0.000000
0.000000
0.000000
0.000000
0.000000
0.000000
0.000000
0.000000
0.000000
0.000000
0.000000
0.000000
0.000000
0.000000
0.000000
0.000000
0.000000
0.000000
0.000000
0.000000
0.000000
0.000000
0.000000
0.000000
0.000000
0.000000
0.000000
0.000000
0.000000
0.000000
0.000000
0.000000
0.000000
0.000000
0.000000
0.000000
0.000000
0.000000
0.000000
0.000000
0.000000
0.000000
0.000000
0.000000
0.000000
0.000000
0.000000
0.000000
0.000000
0.000000
0.000000
0.000000
0.000000
0.000000
0.000000
0.000000
0.000000
0.000000
0.000000
0.000000
0.000000
0.000000
0.000000
0.000000
0.000000
0.000000
0.000000
0.000000
0.000000
0.000000
0.000000
0.000000
0.000000
0.000000
0.000000
0.000000
0.000000
0.000000
0.000000
0.000000
0.000000
0.000000
0.000000
0.000000
0.000000
0.000000
0.000000
0.000000
0.000000
0.000000
0.000000
0.000000
0.000000
0.000000
0.000000
0.000000
0.000000
0.000000
0.000000
0.000000
0.000000
0.000000
0.000000
0.000000
0.000000
0.000000
0.000000
0.000000
0.000000
0.000000
0.000000
0.000000
0.000000
0.000000
0.000000
0.000000
0.000000
0.000000
0.000000
0.000000
0.000000
0.000000
0.000000
0.000000
0.000000
0.000000
0.000000
0.000000
0.000000
0.000000
0.000000
0.000000
0.000000
0.000000
0.000000
0.000000
0.000000
0.000000
0.000000
0.000000
0.000000
0.000000
0.000000
0.000000
0.000000
0.000000
0.000000
0.000000
0.000000
0.000000
0.000000
0.000000
0.000000
0.000000
0.000000
0.000000
0.000000
0.000000
0.000000
0.000000
0.000000
0.000000
0.000000
0.000000
0.000000
0.000000
0.000000
0.000000
0.000000
0.000000
0.000000
0.000000
0.000000
0.000000
0.000000
0.000000
0.000000
0.000000
0.000000
0.000000
0.000000
0.000000
0.000000
0.000000
0.000000
0.000000
0.000000
0.000000
0.000000
0.000000
0.000000
0.000000
0.000000
0.000000
0.000000
0.000000
0.000000
0.000000
0.000000
0.000000
0.000000
0.000000
0.000000
0.000000
0.000000
0.000000
0.000000
0.000000
0.000000
0.000000
0.000000
0.000000
0.000000
0.000000
0.000000
0.000000
0.000000
0.000000
0.000000
0.000000
0.000000
0.000000
0.000000
0.000000
0.000000
0.000000
0.000000
0.000000
0.000000
0.000000
0.000000
0.000000
