0.000000
0.000000
0.000000
0.000000
0.000000
0.000000
0.000000
0.000000
0.000000
0.000000
0.000000
0.004477
0.007370
0.041689
0.081582
0.195327
0.475941
0.834519
1.425967
2.503803
3.920645
6.570692
10.539424
17.119452
26.671799
41.361573
63.391101
93.375537
135.279679
191.982562
265.643359
363.305961
492.256541
657.981846
867.198338
1126.326024
1454.973962
1854.849992
2348.730893
2925.505543
3613.625243
4426.013627
5362.526456
6434.193505
7644.781305
9030.983974
10585.682180
12308.033388
14213.995374
16288.930461
18558.931706
21034.385160
23685.822152
26560.978235
29608.447996
32847.182684
36295.174598
39886.534720
43671.206901
47618.383598
51690.725498
55888.196849
60206.305408
64589.669934
69024.556424
73515.828075
78044.125959
82585.959876
87097.299878
91582.144803
96039.468841
100421.089775
104706.741673
108928.414225
112971.127343
116890.436348
120641.452421
124250.827261
127652.195805
130844.500837
133866.340585
136629.112956
139211.497459
141558.843363
143661.475700
145526.833741
147161.871042
148566.478272
149742.670285
150696.526819
151386.719470
151862.308524
152090.265484
152132.260118
151968.385595
151563.829744
151013.103127
150250.247804
149329.002807
148235.820134
146922.469866
145447.399449
143816.284961
142063.043998
140145.051951
138107.211827
135927.781687
133654.295009
131304.309392
128815.841183
126268.782581
123631.294148
120916.306366
118141.937734
115337.921021
112500.035054
109608.443938
106709.488108
103789.365473
100850.806188
97891.315728
94956.977202
92003.007404
89067.275238
86142.739312
83259.681660
80397.220993
77534.088341
74732.022082
71975.315991
69255.256655
66594.789054
63973.892332
61421.329151
58913.743687
56478.617383
54104.407725
51799.835159
49549.471117
47361.992311
45239.254509
43190.206119
41191.954140
39266.520032
37392.841170
35585.567931
33845.043761
32160.084688
30553.437358
28995.583464
27496.589396
26064.686631
24695.306889
23382.211744
22121.619592
20910.297159
19757.861724
18647.861035
17595.904686
16588.061926
15626.085936
14710.030944
13836.870015
13000.956376
12213.805132
11468.574657
10756.454209
10083.321139
9447.983455
8847.748756
8277.196380
7737.111380
7235.462617
6757.842094
6310.938321
5895.813240
5497.540864
5125.851470
4774.153719
4449.180933
4146.328152
3856.059833
3585.402835
3333.276536
3094.227669
2868.726013
2659.293440
2466.015880
2284.802264
2115.728620
1958.083433
1811.810823
1676.640145
1550.449781
1434.007151
1324.568138
1225.232104
1133.062689
1044.154103
965.225162
891.544895
823.946592
761.084695
702.608896
647.508551
595.993762
547.953098
505.380362
463.360831
425.317642
390.398579
358.729830
329.077379
301.693453
276.412241
252.179851
230.181340
210.493913
192.202131
174.333168
158.327382
143.874116
130.702049
119.053354
107.848413
98.560011
89.309209
81.026744
73.672075
66.899425
61.090060
55.090215
49.764014
45.159596
40.758208
36.695917
32.774489
29.652724
26.360756
23.419340
20.570451
18.159100
15.964608
14.046510
12.369520
10.682309
9.281313
8.007117
7.003940
5.987996
5.113254
4.462833
3.870357
3.234438
2.694113
2.275683
1.864282
1.541222
1.322661
1.112378
0.937641
0.807971
0.669663
0.598144
0.544070
0.434674
0.398049
0.350237
0.300576
0.284297
0.279986
0.245068
0.206236
0.203710
0.199861
0.197464
0.196789
0.169985
0.179305
0.177351
0.187914
0.169818
0.178508
0.171999
0.162725
0.149366
0.126106
0.108052
0.092457
0.069981
0.055906
0.047697
0.037643
0.024234
0.017474
0.011714
0.008992
0.005415
0.001454
0.000148
0.000000
0.000000
0.000000
0.000000
0.000000
0.000000
0.000000
0.000000
0.000000
0.000000
0.000000
0.000000
0.000000
0.000000
0.000000
0.000000
0.000000
0.000000
0.000000
0.000000
0.000000
0.000000
0.000000
0.000000
0.000000
0.000000
0.000000
0.000000
0.000000
0.000000
0.000000
0.000000
0.000000
0.000000
0.000000
0.000000
0.000000
0.000000
0.000000
0.000000
0.000000
0.000000
0.000000
0.000000
0.000000
0.000000
0.000000
0.000000
0.000000
0.000000
0.000000
0.000000
0.000000
0.000000
0.000000
0.000000
0.000000
0.000000
0.000000
0.000000
0.000000
0.000000
0.000000
0.000000
0.000000
0.000000
0.000000
0.000000
0.000000
0.000000
0.000000
0.000000
0.000000
0.000000
0.000000
0.000000
0.000000
0.000000
0.000000
0.000000
0.000000
0.000000
0.000000
0.000000
0.000000
0.000000
0.000000
0.000000
0.000000
0.000000
0.000000
0.000000
0.000000
0.000000
0.000000
0.000000
0.000000
0.000000
0.000000
0.000000
0.000000
0.000000
0.000000
0.000000
0.000000
0.000000
0.000000
0.000000
0.000000
0.000000
0.000000
0.000000
0.000000
0.000000
0.000000
0.000000
0.000000
0.000000
0.000000
0.000000
0.000000
0.000000
0.000000
0.000000
0.000000
0.000000
0.000000
0.000000
0.000000
0.000000
0.000000
0.000000
0.000000
0.000000
0.000000
0.000000
0.000000
0.000000
0.000000
0.000000
0.000000
0.000000
0.000000
0.000000
0.000000
0.000000
0.000000
0.000000
0.000000
0.000000
0.000000
0.000000
0.000000
0.000000
0.000000
0.000000
0.000000
0.000000
0.000000
0.000000
0.000000
0.000000
0.000000
0.000000
0.000000
0.000000
0.000000
0.000000
0.000000
0.000000
0.000000
0.000000
0.000000
0.000000
0.000000
0.000000
0.000000
0.000000
0.000000
0.000000
0.000000
0.000000
0.000000
0.000000
0.000000
0.000000
0.000000
0.000000
0.000000
0.000000
0.000000
0.000000
0.000000
0.000000
0.000000
0.000000
0.000000
0.000000
0.000000
0.000000
0.000000
0.000000
0.000000
0.000000
0.000000
0.000000
0.000000
0.000000
0.000000
0.000000
0.000000
0.000000
0.000000
0.000000
0.000000
0.000000
0.000000
0.000000
0.000000
0.000000
0.000000
0.000000
0.000000
0.000000
0.000000
0.000000
0.000000
0.000000
0.000000
0.000000
0.000000
0.000000
0.000000
0.000000
0.000000
0.000000
0.000000
0.000000
0.000000
0.000000
0.000000
0.000000
0.000000
0.000000
0.000000
0.000000
0.000000
0.000000
0.000000
0.000000
0.000000
0.000000
0.000000
0.000000
0.000000
0.000000
0.000000
0.000000
0.000000
0.000000
0.000000
0.000000
0.000000
0.000000
0.000000
0.000000
0.000000
0.000000
0.000000
0.000000
0.000000
0.000000
0.000000
0.000000
0.000000
0.000000
0.000000
0.000000
0.000000
0.000000
0.000000
0.000000
0.000000
0.000000
0.000000
0.000000
0.000000
0.000000
0.000000
0.000000
0.000000
0.000000
0.000000
0.000000
0.000000
0.000000
0.000000
0.000000
0.000000
0.000000
0.000000
0.000000
0.000000
0.000000
0.000000
0.000000
0.000000
0.000000
0.000000
0.000000
0.000000
0.000000
0.000000
0.000000
0.000000
0.000000
0.000000
0.000000
0.000000
0.000000
0.000000
0.000000
0.000000
0.000000
0.000000
0.000000
0.000000
0.000000
0.000000
0.000000
0.000000
0.000000
0.000000
0.000000
0.000000
0.000000
0.000000
0.000000
0.000000
0.000000
0.000000
0.000000
0.000000
0.000000
0.000000
0.000000
0.000000
0.000000
0.000000
0.000000
0.000000
0.000000
0.000000
0.000000
0.000000
0.000000
0.000000
0.000000
0.000000
0.000000
0.000000
0.000000
0.000000
0.000000
0.000000
0.000000
0.000000
0.000000
0.000000
0.000000
0.000000
0.000000
0.000000
0.000000
0.000000
0.000000
0.000000
0.000000
0.000000
0.000000
0.000000
0.000000
0.000000
0.000000
0.000000
0.000000
0.000000
0.000000
0.000000
0.000000
0.000000
0.000000
0.000000
0.000000
0.000000
0.000000
0.000000
0.000000
0.000000
0.000000
0.000000
0.000000
0.000000
0.000000
0.000000
0.000000
0.000000
0.000000
0.000000
0.000000
0.000000
0.000000
0.000000
0.000000
0.000000
0.000000
0.000000
0.000000
0.000000
0.000000
0.000000
0.000000
0.000000
0.000000
0.000000
0.000000
0.000000
0.000000
0.000000
0.000000
0.000000
0.000000
0.000000
0.000000
0.000000
0.000000
0.000000
0.000000
0.000000
0.000000
0.000000
0.000000
0.000000
0.000000
0.000000
0.000000
0.000000
0.000000
0.000000
0.000000
0.000000
0.000000
0.000000
0.000000
0.000000
0.000000
0.000000
0.000000
0.000000
0.000000
0.000000
0.000000
0.000000
0.000000
0.000000
0.000000
0.000000
0.000000
0.000000
0.000000
0.000000
0.000000
0.000000
0.000000
0.000000
0.000000
0.000000
0.000000
0.000000
0.000000
0.000000
0.000000
0.000000
0.000000
0.000000
0.000000
0.000000
0.000000
0.000000
0.000000
0.000000
0.000000
0.000000
0.000000
0.000000
0.000000
0.000000
0.000000
0.000000
0.000000
0.000000
0.000000
0.000000
0.000000
0.000000
0.000000
0.000000
0.000000
0.000000
0.000000
0.000000
0.000000
0.000000
0.000000
0.000000
0.000000
0.000000
0.000000
0.000000
0.000000
0.000000
0.000000
0.000000
0.000000
0.000000
0.000000
0.000000
0.000000
0.000000
0.000000
0.000000
0.000000
0.000000
0.000000
0.000000
0.000000
0.000000
0.000000
0.000000
0.000000
0.000000
0.000000
0.000000
0.000000
0.000000
0.000000
0.000000
0.000000
0.000000
0.000000
0.000000
0.000000
0.000000
0.000000
0.000000
0.000000
0.000000
0.000000
0.000000
0.000000
0.000000
0.000000
0.000000
0.000000
0.000000
0.000000
0.000000
0.000000
0.000000
0.000000
0.000000
0.000000
0.000000
0.000000
0.000000
0.000000
0.000000
0.000000
0.000000
0.000000
0.000000
0.000000
0.000000
0.000000
0.000000
0.000000
0.000000
0.000000
0.000000
0.000000
0.000000
0.000000
0.000000
0.000000
0.000000
0.000000
0.000000
0.000000
0.000000
0.000000
0.000000
0.000000
0.000000
0.000000
0.000000
0.000000
0.000000
0.000000
0.000000
0.000000
0.000000
0.000000
0.000000
0.000000
0.000000
0.000000
0.000000
0.000000
0.000000
0.000000
0.000000
0.000000
0.000000
0.000000
0.000000
0.000000
0.000000
0.000000
0.000000
0.000000
0.000000
0.000000
0.000000
0.000000
0.000000
0.000000
0.000000
0.000000
0.000000
0.000000
0.000000
0.000000
0.000000
0.000000
0.000000
0.000000
0.000000
0.000000
0.000000
0.000000
0.000000
0.000000
0.000000
0.000000
0.000000
0.000000
0.000000
0.000000
0.000000
0.000000
0.000000
0.000000
0.000000
0.000000
0.000000
0.000000
0.000000
0.000000
0.000000
0.000000
0.000000
0.000000
0.000000
0.000000
0.000000
0.000000
0.000000
0.000000
0.000000
0.000000
0.000000
0.000000
0.000000
0.000000
0.000000
0.000000
0.000000
0.000000
0.000000
0.000000
0.000000
0.000000
0.000000
0.000000
0.000000
0.000000
0.000000
0.000000
0.000000
0.000000
0.000000
