0.000000
0.000000
0.000000
0.000000
0.000000
0.000000
0.000000
0.000000
0.000000
0.000000
0.000000
0.000000
0.000000
0.000000
0.389403
1.886389
2.920617
3.074231
6.677793
9.094481
11.357749
13.815984
27.700457
50.869803
78.208265
125.064261
202.606622
284.976953
418.999661
554.900562
732.025248
980.747829
1267.488591
1656.496686
2070.237550
2611.180323
3342.293477
4067.504414
4895.029416
5882.171527
7091.006130
8377.295953
9816.454166
11579.052298
13390.364768
15290.795343
17450.740272
19945.125433
22276.307702
24839.329075
27598.235234
30439.265401
33667.313723
36669.846607
39984.564883
43478.910270
46875.883537
50381.541674
54072.233111
57797.259005
61339.198361
65169.293113
68760.352571
72416.167922
75846.214517
79447.791520
82912.309418
86275.676753
89463.387135
92795.091798
96043.085116
99430.222979
102606.344263
105590.738244
108574.190370
110970.113046
113546.346125
115939.338125
118050.947285
119727.956286
121357.415366
123216.792101
124700.879203
125765.576863
126855.234638
127778.903857
128388.128899
129042.432473
129598.953719
130006.984011
130460.452335
130284.949592
130045.612315
129728.629966
129120.135261
128375.133970
127942.502119
127037.878885
126161.380714
125308.186029
124348.573645
123061.199908
121740.736199
120149.363217
118588.289596
117087.265038
115749.229744
114271.163950
112548.048656
110815.096675
108828.022521
107042.680019
105270.063797
103199.661452
101353.301670
99333.320426
97490.391833
95656.808266
93696.733073
91666.879084
89595.807712
87775.482305
85694.240953
83687.239851
81647.592016
79715.274291
77729.985570
75636.329443
73606.427934
71516.182621
69638.516137
67718.077981
65907.548590
64009.970681
62141.029573
60610.981182
58866.399504
57218.415262
55663.644012
53902.163883
52409.935055
50807.026744
49391.644500
47879.220628
46367.820971
44868.811946
43306.825320
41804.444749
40347.970268
38969.897503
37698.547445
36393.571583
35062.473698
33805.018217
32533.124555
31352.153530
30140.601787
29016.573231
28009.523724
26986.205963
25970.379336
24985.105284
24101.730026
23266.751614
22361.932453
21495.858972
20585.895342
19795.128455
18983.048222
18195.363438
17487.931996
16793.198841
16131.992012
15428.838430
14772.130297
14149.267877
13589.779242
12990.786686
12404.869529
11884.736195
11356.617330
10816.987210
10365.677572
9841.455091
9400.593715
8958.289842
8553.805968
8148.477182
7814.730537
7463.986729
7136.199721
6787.007428
6508.149512
6193.247979
5897.804215
5607.223069
5357.892162
5148.268144
4902.500115
4642.676083
4435.203065
4257.808675
4054.404927
3874.587912
3681.738951
3558.558652
3384.790339
3229.831381
3076.544795
2944.930298
2764.768387
2604.221131
2457.344731
2328.638972
2211.317552
2096.604689
1991.911378
1890.326551
1833.081740
1736.551662
1639.624394
1535.750097
1445.532521
1354.668949
1282.963054
1196.636009
1133.963108
1056.221946
1018.460747
971.269091
910.177783
855.961711
800.708647
753.433388
711.984173
673.977191
654.872416
624.746218
591.101163
543.440216
514.778318
489.361236
454.589685
416.131921
387.528247
369.169689
337.635144
319.770086
303.636634
281.479488
264.938623
244.911410
238.764539
218.093981
203.416668
185.499879
173.670526
165.168199
154.475182
143.900939
137.674159
130.196584
120.026834
106.048602
100.675767
91.136385
83.905956
80.959465
81.670954
77.008709
68.797184
65.305857
61.316145
56.857531
52.806754
52.398374
48.057039
43.882048
44.291335
44.231578
42.095396
38.994938
36.281367
31.180890
27.242697
24.484958
22.387311
19.130637
17.271117
14.189948
13.219910
11.573488
9.245545
8.289593
7.351905
6.130774
5.575269
4.709029
4.668503
5.317008
5.753620
4.589782
4.000429
3.547090
3.512193
3.684204
4.080287
3.423364
3.829390
2.913951
2.895759
2.234402
1.906508
1.850092
1.497943
0.986574
1.153768
1.087719
1.388637
1.158829
0.981344
0.819661
0.531409
0.577528
0.808556
0.792063
0.721303
0.253332
0.066035
0.264149
0.283396
0.125111
0.088485
0.015954
0.000000
0.000000
0.000000
0.000000
0.000000
0.000000
0.000000
0.000000
0.000000
0.000000
0.000000
0.000000
0.000000
0.000000
0.000000
0.000000
0.000000
0.000000
0.000000
0.000000
0.000000
0.000000
0.000000
0.000000
0.000000
0.000000
0.000000
0.000000
0.000000
0.000000
0.000000
0.000000
0.000000
0.000000
0.000000
0.000000
0.000000
0.000000
0.000000
0.000000
0.000000
0.000000
0.000000
0.000000
0.000000
0.000000
0.000000
0.000000
0.000000
0.000000
0.000000
0.000000
0.000000
0.000000
0.000000
0.000000
0.000000
0.000000
0.000000
0.000000
0.000000
0.000000
0.000000
0.000000
0.000000
0.000000
0.000000
0.000000
0.000000
0.000000
0.000000
0.000000
0.000000
0.000000
0.000000
0.000000
0.000000
0.000000
0.000000
0.000000
0.000000
0.000000
0.000000
0.000000
0.000000
0.000000
0.000000
0.000000
0.000000
0.000000
0.000000
0.000000
0.000000
0.000000
0.000000
0.000000
0.000000
0.000000
0.000000
0.000000
0.000000
0.000000
0.000000
0.000000
0.000000
0.000000
0.000000
0.000000
0.000000
0.000000
0.000000
0.000000
0.000000
0.000000
0.000000
0.000000
0.000000
0.000000
0.000000
0.000000
0.000000
0.000000
0.000000
0.000000
0.000000
0.000000
0.000000
0.000000
0.000000
0.000000
0.000000
0.000000
0.000000
0.000000
0.000000
0.000000
0.000000
0.000000
0.000000
0.000000
0.000000
0.000000
0.000000
0.000000
0.000000
0.000000
0.000000
0.000000
0.000000
0.000000
0.000000
0.000000
0.000000
0.000000
0.000000
0.000000
0.000000
0.000000
0.000000
0.000000
0.000000
0.000000
0.000000
0.000000
0.000000
0.000000
0.000000
0.000000
0.000000
0.000000
0.000000
0.000000
0.000000
0.000000
0.000000
0.000000
0.000000
0.000000
0.000000
0.000000
0.000000
0.000000
0.000000
0.000000
0.000000
0.000000
0.000000
0.000000
0.000000
0.000000
0.000000
0.000000
0.000000
0.000000
0.000000
0.000000
0.000000
0.000000
0.000000
0.000000
0.000000
0.000000
0.000000
0.000000
0.000000
0.000000
0.000000
0.000000
0.000000
0.000000
0.000000
0.000000
0.000000
0.000000
0.000000
0.000000
0.000000
0.000000
0.000000
0.000000
0.000000
0.000000
0.000000
0.000000
0.000000
0.000000
0.000000
0.000000
0.000000
0.000000
0.000000
0.000000
0.000000
0.000000
0.000000
0.000000
0.000000
0.000000
0.000000
0.000000
0.000000
0.000000
0.000000
0.000000
0.000000
0.000000
0.000000
0.000000
0.000000
0.000000
0.000000
0.000000
0.000000
0.000000
0.000000
0.000000
0.000000
0.000000
0.000000
0.000000
0.000000
0.000000
0.000000
0.000000
0.000000
0.000000
0.000000
0.000000
0.000000
0.000000
0.000000
0.000000
0.000000
0.000000
0.000000
0.000000
0.000000
0.000000
0.000000
0.000000
0.000000
0.000000
0.000000
0.000000
0.000000
0.000000
0.000000
0.000000
0.000000
0.000000
0.000000
0.000000
0.000000
0.000000
0.000000
0.000000
0.000000
0.000000
0.000000
0.000000
0.000000
0.000000
0.000000
0.000000
0.000000
0.000000
0.000000
0.000000
0.000000
0.000000
0.000000
0.000000
0.000000
0.000000
0.000000
0.000000
0.000000
0.000000
0.000000
0.000000
0.000000
0.000000
0.000000
0.000000
0.000000
0.000000
0.000000
0.000000
0.000000
0.000000
0.000000
0.000000
0.000000
0.000000
0.000000
0.000000
0.000000
0.000000
0.000000
0.000000
0.000000
0.000000
0.000000
0.000000
0.000000
0.000000
0.000000
0.000000
0.000000
0.000000
0.000000
0.000000
0.000000
0.000000
0.000000
0.000000
0.000000
0.000000
0.000000
0.000000
0.000000
0.000000
0.000000
0.000000
0.000000
0.000000
0.000000
0.000000
0.000000
0.000000
0.000000
0.000000
0.000000
0.000000
0.000000
0.000000
0.000000
0.000000
0.000000
0.000000
0.000000
0.000000
0.000000
0.000000
0.000000
0.000000
0.000000
0.000000
0.000000
0.000000
0.000000
0.000000
0.000000
0.000000
0.000000
0.000000
0.000000
0.000000
0.000000
0.000000
0.000000
0.000000
0.000000
0.000000
0.000000
0.000000
0.000000
0.000000
0.000000
0.000000
0.000000
0.000000
0.000000
0.000000
0.000000
0.000000
0.000000
0.000000
0.000000
0.000000
0.000000
0.000000
0.000000
0.000000
0.000000
0.000000
0.000000
0.000000
0.000000
0.000000
0.000000
0.000000
0.000000
0.000000
0.000000
0.000000
0.000000
0.000000
0.000000
0.000000
0.000000
0.000000
0.000000
0.000000
0.000000
0.000000
0.000000
0.000000
0.000000
0.000000
0.000000
0.000000
0.000000
0.000000
0.000000
0.000000
0.000000
0.000000
0.000000
0.000000
0.000000
0.000000
0.000000
0.000000
0.000000
0.000000
0.000000
0.000000
0.000000
0.000000
0.000000
0.000000
0.000000
0.000000
0.000000
0.000000
0.000000
0.000000
0.000000
0.000000
0.000000
0.000000
0.000000
0.000000
0.000000
0.000000
0.000000
0.000000
0.000000
0.000000
0.000000
0.000000
0.000000
0.000000
0.000000
0.000000
0.000000
0.000000
0.000000
0.000000
0.000000
0.000000
0.000000
0.000000
0.000000
0.000000
0.000000
0.000000
0.000000
0.000000
0.000000
0.000000
0.000000
0.000000
0.000000
0.000000
0.000000
0.000000
0.000000
0.000000
0.000000
0.000000
0.000000
0.000000
0.000000
0.000000
0.000000
0.000000
0.000000
0.000000
0.000000
0.000000
0.000000
0.000000
0.000000
0.000000
0.000000
0.000000
0.000000
0.000000
0.000000
0.000000
0.000000
0.000000
0.000000
0.000000
0.000000
0.000000
0.000000
0.000000
0.000000
0.000000
0.000000
0.000000
0.000000
0.000000
0.000000
0.000000
0.000000
0.000000
0.000000
0.000000
0.000000
0.000000
0.000000
0.000000
0.000000
0.000000
0.000000
0.000000
0.000000
0.000000
0.000000
0.000000
0.000000
0.000000
0.000000
0.000000
0.000000
0.000000
0.000000
0.000000
0.000000
0.000000
0.000000
0.000000
0.000000
0.000000
0.000000
0.000000
0.000000
0.000000
0.000000
0.000000
0.000000
0.000000
0.000000
0.000000
0.000000
0.000000
0.000000
0.000000
0.000000
0.000000
0.000000
0.000000
0.000000
0.000000
0.000000
0.000000
0.000000
0.000000
0.000000
0.000000
0.000000
0.000000
0.000000
0.000000
0.000000
0.000000
0.000000
0.000000
0.000000
0.000000
0.000000
0.000000
0.000000
0.000000
0.000000
0.000000
0.000000
0.000000
0.000000
0.000000
0.000000
0.000000
0.000000
0.000000
0.000000
0.000000
0.000000
0.000000
0.000000
0.000000
0.000000
0.000000
0.000000
0.000000
0.000000
0.000000
0.000000
0.000000
0.000000
0.000000
0.000000
0.000000
0.000000
0.000000
0.000000
0.000000
0.000000
0.000000
0.000000
0.000000
0.000000
0.000000
0.000000
