0.000000
0.000000
0.000000
0.000000
0.000000
0.000000
0.000000
0.000000
0.000000
0.000000
0.000000
0.000000
0.011284
0.057108
0.343569
1.438165
3.145846
6.883248
12.956336
23.704536
47.826457
83.099713
146.735175
242.454160
386.750704
614.834213
942.186700
1408.589663
2048.795750
2893.899854
4022.229195
5440.865260
7216.322956
9410.135063
12038.138512
15082.041193
18627.457724
22599.441509
27107.581663
32013.341679
37270.365934
42953.448414
48921.908422
55098.538382
61328.148432
67578.770164
73766.165043
79977.829677
85906.925479
91655.658513
97025.352198
102081.582722
106679.176380
110834.425446
114512.676868
117767.757269
120487.609034
122704.754440
124395.283912
125789.902107
126615.062627
126975.541759
127132.090150
126979.804973
126407.681342
125473.336822
124271.897389
123063.953159
121553.415965
119829.739414
118018.365198
116085.593643
114100.215661
112069.205450
109928.256110
107853.783682
105617.979946
103481.161217
101274.365707
99147.300800
97068.470120
95102.968432
93176.165490
91294.892194
89512.733120
87781.546595
86110.457736
84519.732375
83028.877885
81611.006602
80261.713642
78931.540645
77735.105675
76627.705851
75583.524391
74633.428061
73787.698550
72959.907318
72168.036329
71443.386935
70798.103338
70174.501847
69612.659548
69058.298433
68616.118433
68175.666367
67789.192356
67388.191580
67077.300203
66817.879785
66579.437761
66350.870598
66092.677178
65879.846396
65690.476153
65466.820872
65289.634530
65152.754341
65010.457522
64864.612643
64740.868080
64570.416836
64368.753296
64163.529067
63948.161403
63713.755398
63486.426182
63230.524937
62943.506233
62683.693045
62317.112205
61942.960410
61577.091284
61150.472553
60628.883404
60134.689281
59505.958983
58836.704014
58184.600563
57445.837434
56657.788630
55843.894940
54983.733196
54070.009314
53120.923005
52081.891446
51056.592762
49979.899583
48841.014776
47696.757047
46514.093851
45285.555162
43981.862661
42701.490919
41432.541633
40094.773872
38773.687475
37465.751778
36118.656318
34753.521351
33419.159282
32088.392435
30750.163978
29430.601880
28126.440905
26824.933530
25554.215010
24270.025385
23033.609574
21812.756592
20631.900957
19493.526891
18367.571657
17275.339663
16238.493887
15252.950675
14290.505813
13352.868083
12478.793082
11619.519753
10802.508008
10033.342892
9299.757502
8593.395533
7928.775778
7314.282177
6727.819400
6181.037511
5662.228284
5188.592861
4744.541172
4316.962996
3933.766958
3573.313871
3235.959068
2932.268748
2646.569368
2381.551614
2149.247822
1924.963660
1724.525248
1543.730856
1379.165073
1233.382515
1097.232617
975.605758
864.745383
763.345016
676.096281
597.208791
525.018861
460.846042
405.072937
353.107053
306.946699
266.670705
233.909451
203.295518
173.738859
150.377948
131.067836
113.939737
97.798581
84.472890
72.220334
61.633184
52.738800
44.442919
38.737257
32.503101
27.556015
23.475504
19.842863
16.495366
13.190823
11.160502
9.104957
7.712042
6.299143
5.236061
4.464414
3.731077
3.079327
2.461621
2.055834
1.803287
1.579531
1.251584
1.000757
0.834908
0.677384
0.503633
0.317715
0.213872
0.173398
0.161355
0.107123
0.085951
0.055999
0.033746
0.014413
0.003783
0.010246
0.004596
0.000236
0.000000
0.000000
0.000000
0.000000
0.000000
0.000000
0.000000
0.000000
0.000000
0.000000
0.000000
0.000000
0.000000
0.000000
0.000000
0.000000
0.000000
0.000000
0.000000
0.000000
0.000000
0.000000
0.000000
0.000000
0.000000
0.000000
0.000000
0.000000
0.000000
0.000000
0.000000
0.000000
0.000000
0.000000
0.000000
0.000000
0.000000
0.000000
0.000000
0.000000
0.000000
0.000000
0.000000
0.000000
0.000000
0.000000
0.000000
0.000000
0.000000
0.000000
0.000000
0.000000
0.000000
0.000000
0.000000
0.000000
0.000000
0.000000
0.000000
0.000000
0.000000
0.000000
0.000000
0.000000
0.000000
0.000000
0.000000
0.000000
0.000000
0.000000
0.000000
0.000000
0.000000
0.000000
0.000000
0.000000
0.000000
0.000000
0.000000
0.000000
0.000000
0.000000
0.000000
0.000000
0.000000
0.000000
0.000000
0.000000
0.000000
0.000000
0.000000
0.000000
0.000000
0.000000
0.000000
0.000000
0.000000
0.000000
0.000000
0.000000
0.000000
0.000000
0.000000
0.000000
0.000000
0.000000
0.000000
0.000000
0.000000
0.000000
0.000000
0.000000
0.000000
0.000000
0.000000
0.000000
0.000000
0.000000
0.000000
0.000000
0.000000
0.000000
0.000000
0.000000
0.000000
0.000000
0.000000
0.000000
0.000000
0.000000
0.000000
0.000000
0.000000
0.000000
0.000000
0.000000
0.000000
0.000000
0.000000
0.000000
0.000000
0.000000
0.000000
0.000000
0.000000
0.000000
0.000000
0.000000
0.000000
0.000000
0.000000
0.000000
0.000000
0.000000
0.000000
0.000000
0.000000
0.000000
0.000000
0.000000
0.000000
0.000000
0.000000
0.000000
0.000000
0.000000
0.000000
0.000000
0.000000
0.000000
0.000000
0.000000
0.000000
0.000000
0.000000
0.000000
0.000000
0.000000
0.000000
0.000000
0.000000
0.000000
0.000000
0.000000
0.000000
0.000000
0.000000
0.000000
0.000000
0.000000
0.000000
0.000000
0.000000
0.000000
0.000000
0.000000
0.000000
0.000000
0.000000
0.000000
0.000000
0.000000
0.000000
0.000000
0.000000
0.000000
0.000000
0.000000
0.000000
0.000000
0.000000
0.000000
0.000000
0.000000
0.000000
0.000000
0.000000
0.000000
0.000000
0.000000
0.000000
0.000000
0.000000
0.000000
0.000000
0.000000
0.000000
0.000000
0.000000
0.000000
0.000000
0.000000
0.000000
0.000000
0.000000
0.000000
