0.000000
0.000000
0.000000
0.000000
0.000000
0.000000
0.000000
0.000000
0.000000
0.312742
2.116287
6.604515
9.977272
20.943159
35.608587
65.965503
120.784946
185.885137
278.435530
386.390471
584.912718
791.051624
1031.830053
1415.640656
1785.070121
2279.764836
2795.814064
3397.732155
4274.910399
5123.073529
6127.644997
7196.896939
8395.004969
9832.768795
11412.218238
13091.547484
14777.711090
16652.021532
18700.758704
20729.513258
23068.520840
25435.269007
27663.962209
30236.342039
32954.791842
35493.827822
37957.467267
40581.980706
43234.226504
46178.605007
49170.266532
51950.982399
54742.671908
57507.912051
60380.754998
63261.478234
65875.313983
68579.150488
71360.175995
73695.245658
76097.097489
78366.222250
80884.791209
82846.311487
84752.064372
87019.153551
88991.917715
90814.187163
92626.555944
94507.005720
96077.761751
97394.145349
98444.518681
99848.135919
100795.521292
101750.499444
102406.322438
103081.463592
103971.162946
104817.120576
105257.486866
105637.056079
105695.942984
105968.464939
106002.415757
105989.544517
106010.214157
106147.602092
106102.751289
106096.402048
105940.738561
105642.393417
105169.875511
104468.582041
104020.536694
103374.106180
102531.726547
101776.615252
101005.938158
100213.296524
99313.126543
98239.257783
97304.353010
96273.087647
95116.044371
94127.705384
93291.690396
92193.228130
91272.041947
90243.758529
88944.128686
87946.953346
86659.139397
85472.528528
84208.129525
82918.659686
81771.635814
80526.779591
79309.225434
78184.179583
76931.133716
75440.443906
74050.049783
72707.857244
71484.498669
70278.157498
69226.305673
67872.314663
66577.705204
65303.146808
64019.270766
62792.678360
61572.085594
60503.710847
59210.378763
57817.347803
56620.944323
55453.248166
54279.694471
53105.076778
51929.104900
50698.662380
49513.800572
48262.833500
47267.877551
46151.473475
45038.784635
44049.472671
42933.814079
41963.982901
41033.615963
40122.318856
39222.237154
38294.470167
37355.071843
36464.447099
35615.040570
34691.032644
33739.938716
32932.318621
32110.809689
31270.607414
30455.084442
29581.789735
28837.581470
27950.849417
27094.319605
26324.030410
25603.986856
24887.785381
24113.005185
23439.909007
22673.289200
22045.345909
21401.216146
20806.062479
20330.914277
19742.591631
19183.301976
18650.397261
18138.726834
17651.575564
17118.630434
16525.164164
16024.861424
15546.305029
15119.703932
14621.371503
14180.274374
13708.984455
13265.400358
12852.643315
12424.609093
11997.236672
11582.905595
11184.019636
10809.914717
10442.733435
10089.834126
9732.452688
9428.463769
9082.971389
8770.063156
8470.915122
8166.079825
7868.720613
7550.584634
7324.460178
7070.847196
6852.763500
6627.376389
6398.742153
6185.728530
5913.081228
5730.520035
5529.408232
5364.567683
5172.462861
5003.309882
4825.883078
4618.626582
4431.340646
4278.260379
4109.700732
3940.670932
3776.624195
3644.254122
3483.826481
3351.835435
3195.738711
3065.239253
2958.151830
2833.255805
2719.064855
2597.676701
2484.619363
2403.017719
2301.028530
2195.570909
2119.266957
2015.370905
1912.803064
1818.080071
1754.430005
1691.191582
1641.055039
1548.857740
1497.349150
1453.306659
1372.695318
1294.035572
1226.106213
1164.463893
1110.522135
1048.571475
1000.240598
951.311741
898.247364
845.478254
808.163370
769.192691
745.258921
710.770364
675.157060
645.587268
612.401205
582.810989
561.697338
536.735681
514.055894
494.026432
473.976430
449.362238
435.469679
416.668398
391.409578
366.094316
349.387486
322.115238
304.132238
287.453722
272.674395
264.610225
258.390529
247.095043
229.750976
220.299379
211.674705
208.162421
200.835399
199.967711
191.642960
179.454190
169.510369
164.746450
156.792975
145.915094
140.941863
134.726974
122.668774
118.332414
114.671092
106.637184
103.344314
94.957816
88.035587
85.457406
79.726315
72.818244
69.015121
69.241028
63.313351
59.405923
55.323189
54.486560
50.697533
48.133783
44.170730
41.954960
38.471641
36.146801
33.431528
30.165914
27.963954
26.516457
23.991629
21.565242
22.807274
21.872329
19.355283
18.979396
17.315074
15.886891
15.977175
14.317384
11.273331
11.105641
9.692037
8.362064
7.208229
7.442471
7.400865
6.276163
5.411079
4.452411
3.628315
3.286575
3.132188
3.086571
2.983285
3.435297
2.910128
2.530805
2.209189
1.857794
1.752496
2.065268
2.080756
2.991679
2.937506
3.311413
2.647213
1.999619
2.459192
2.508964
2.551916
1.805537
2.108007
2.200312
1.727907
1.070762
0.979322
1.001221
0.988666
0.704046
0.769923
1.294973
1.303976
1.070009
0.945688
1.163807
1.028598
1.294306
1.297685
0.824674
1.095843
0.835049
0.841459
0.665114
0.643616
0.863464
0.742955
0.753140
0.549043
0.470000
1.182173
1.238378
1.494674
1.570496
1.108532
1.024998
0.945670
0.976108
1.130407
1.233113
1.236417
0.943329
1.375393
1.208525
1.207419
1.052971
1.119090
0.861940
0.709308
0.529202
0.413477
0.412489
0.395944
0.517890
0.314734
0.359280
0.149888
0.103900
0.023504
0.058418
0.069386
0.098041
0.060196
0.005717
0.000000
0.000000
0.000000
0.000000
0.000000
0.000000
0.000000
0.000000
0.000000
0.000000
0.000000
0.000000
0.000000
0.000000
0.000000
0.000000
0.000000
0.000000
0.000000
0.000000
0.000000
0.000000
0.000000
0.000000
0.000000
0.000000
0.000000
0.000000
0.000000
0.000000
0.000000
0.000000
0.000000
0.000000
0.000000
0.000000
0.000000
0.000000
0.000000
0.000000
0.000000
0.000000
0.000000
0.000000
0.000000
0.000000
0.000000
0.000000
0.000000
0.000000
0.000000
0.000000
0.000000
0.000000
0.000000
0.000000
0.000000
0.000000
0.000000
0.000000
0.000000
0.000000
0.000000
0.000000
0.000000
0.000000
0.000000
0.000000
0.000000
0.000000
0.000000
0.000000
0.000000
0.000000
0.000000
0.000000
0.000000
0.000000
0.000000
0.000000
0.000000
0.000000
0.000000
0.000000
0.000000
0.000000
0.000000
0.000000
0.000000
0.000000
0.000000
0.000000
0.000000
0.000000
0.000000
0.000000
0.000000
0.000000
0.000000
0.000000
0.000000
0.000000
0.000000
0.000000
0.000000
0.000000
0.000000
0.000000
0.000000
0.000000
0.000000
0.000000
0.000000
0.000000
0.000000
0.000000
0.000000
0.000000
0.000000
0.000000
0.000000
0.000000
0.000000
0.000000
0.000000
0.000000
0.000000
0.000000
0.000000
0.000000
0.000000
0.000000
0.000000
0.000000
0.000000
0.000000
0.000000
0.000000
0.000000
0.000000
0.000000
0.000000
0.000000
0.000000
0.000000
0.000000
0.000000
0.000000
0.000000
0.000000
0.000000
0.000000
0.000000
0.000000
0.000000
0.000000
0.000000
0.000000
0.000000
0.000000
0.000000
0.000000
0.000000
0.000000
0.000000
0.000000
0.000000
0.000000
0.000000
0.000000
0.000000
0.000000
0.000000
0.000000
0.000000
0.000000
0.000000
0.000000
0.000000
0.000000
0.000000
0.000000
0.000000
0.000000
0.000000
0.000000
0.000000
0.000000
0.000000
0.000000
0.000000
0.000000
0.000000
0.000000
0.000000
0.000000
0.000000
0.000000
0.000000
0.000000
0.000000
0.000000
0.000000
0.000000
0.000000
0.000000
0.000000
0.000000
0.000000
0.000000
0.000000
0.000000
0.000000
0.000000
0.000000
0.000000
0.000000
0.000000
0.000000
0.000000
0.000000
0.000000
0.000000
0.000000
0.000000
0.000000
0.000000
0.000000
0.000000
0.000000
0.000000
0.000000
0.000000
0.000000
0.000000
0.000000
0.000000
0.000000
0.000000
0.000000
0.000000
0.000000
0.000000
0.000000
0.000000
0.000000
0.000000
0.000000
0.000000
0.000000
0.000000
0.000000
0.000000
0.000000
0.000000
0.000000
0.000000
0.000000
0.000000
0.000000
0.000000
0.000000
0.000000
0.000000
0.000000
0.000000
0.000000
0.000000
0.000000
0.000000
0.000000
0.000000
0.000000
0.000000
0.000000
0.000000
0.000000
0.000000
0.000000
0.000000
0.000000
0.000000
0.000000
0.000000
0.000000
0.000000
0.000000
0.000000
0.000000
0.000000
0.000000
0.000000
0.000000
0.000000
0.000000
0.000000
0.000000
0.000000
0.000000
0.000000
0.000000
0.000000
0.000000
0.000000
0.000000
0.000000
0.000000
0.000000
0.000000
0.000000
0.000000
0.000000
0.000000
0.000000
0.000000
0.000000
0.000000
0.000000
0.000000
0.000000
0.000000
0.000000
0.000000
0.000000
0.000000
0.000000
0.000000
0.000000
0.000000
0.000000
0.000000
0.000000
0.000000
0.000000
0.000000
0.000000
0.000000
0.000000
0.000000
0.000000
0.000000
0.000000
0.000000
0.000000
0.000000
0.000000
0.000000
0.000000
0.000000
0.000000
0.000000
0.000000
0.000000
0.000000
0.000000
0.000000
0.000000
0.000000
0.000000
0.000000
0.000000
0.000000
0.000000
0.000000
0.000000
0.000000
0.000000
0.000000
0.000000
0.000000
0.000000
0.000000
0.000000
0.000000
0.000000
0.000000
0.000000
0.000000
0.000000
0.000000
0.000000
0.000000
0.000000
0.000000
0.000000
0.000000
0.000000
0.000000
0.000000
0.000000
0.000000
0.000000
0.000000
0.000000
0.000000
0.000000
0.000000
0.000000
0.000000
0.000000
0.000000
0.000000
0.000000
0.000000
0.000000
0.000000
0.000000
0.000000
0.000000
0.000000
0.000000
0.000000
0.000000
0.000000
0.000000
0.000000
0.000000
0.000000
0.000000
0.000000
0.000000
0.000000
0.000000
0.000000
0.000000
0.000000
0.000000
0.000000
0.000000
0.000000
0.000000
0.000000
0.000000
0.000000
0.000000
0.000000
0.000000
0.000000
0.000000
0.000000
0.000000
0.000000
0.000000
0.000000
0.000000
0.000000
0.000000
0.000000
0.000000
0.000000
0.000000
0.000000
0.000000
0.000000
0.000000
0.000000
0.000000
0.000000
0.000000
0.000000
0.000000
0.000000
0.000000
0.000000
0.000000
0.000000
0.000000
0.000000
0.000000
0.000000
0.000000
0.000000
0.000000
0.000000
0.000000
0.000000
0.000000
0.000000
0.000000
0.000000
0.000000
0.000000
0.000000
0.000000
0.000000
0.000000
0.000000
0.000000
0.000000
0.000000
0.000000
0.000000
0.000000
0.000000
0.000000
0.000000
0.000000
0.000000
0.000000
0.000000
0.000000
0.000000
0.000000
0.000000
0.000000
0.000000
0.000000
0.000000
0.000000
0.000000
0.000000
0.000000
0.000000
0.000000
0.000000
0.000000
0.000000
0.000000
0.000000
0.000000
0.000000
0.000000
0.000000
0.000000
0.000000
0.000000
0.000000
0.000000
0.000000
0.000000
0.000000
0.000000
0.000000
0.000000
0.000000
0.000000
0.000000
0.000000
0.000000
0.000000
0.000000
0.000000
0.000000
0.000000
0.000000
0.000000
0.000000
0.000000
0.000000
0.000000
0.000000
0.000000
0.000000
0.000000
0.000000
0.000000
0.000000
0.000000
0.000000
0.000000
0.000000
0.000000
0.000000
0.000000
0.000000
0.000000
0.000000
0.000000
0.000000
0.000000
0.000000
0.000000
