0.000000
0.000000
0.000000
0.000000
0.000000
0.027518
0.608955
1.287489
3.508447
8.445055
12.977426
31.889306
64.532031
108.690094
173.384086
279.774523
394.903233
551.146625
739.801620
997.154582
1389.250079
1771.951459
2278.023354
2951.363586
3709.876577
4530.288243
5486.599408
6512.416257
7711.670981
8938.777698
10298.100546
11729.435555
13428.494945
15156.399416
17011.512336
18942.634587
21187.924681
23582.072983
25919.699141
28168.981922
30643.059095
33184.622807
35865.346130
38214.846388
40965.340596
43578.517489
46101.982002
48897.035649
51525.837895
54020.027076
56810.703895
59240.247972
61520.009327
64181.125788
66211.970232
68440.287023
70695.127042
72739.226952
74917.246628
76603.284939
78522.769216
80323.471091
81990.232828
83934.669997
85555.855177
86992.944763
88327.047471
89662.679680
90875.063286
91549.260288
92646.777886
93512.360243
94191.444525
94946.273741
95672.602521
96465.375690
96939.995565
97298.552622
97577.451077
97986.128774
98281.148017
98631.832109
98855.236035
98589.204736
98477.090353
98408.312325
98153.998487
97704.832730
97661.666230
97143.539267
96857.984018
96181.405652
95403.992986
94837.801549
93966.973113
93331.835666
92800.308805
91904.044590
91252.060756
90622.597235
89871.554705
89093.423732
88423.033341
87495.154597
86739.292505
85926.742444
84826.145770
83705.348702
82965.033342
81768.734065
80947.551953
79770.975752
78888.652086
77793.893494
76795.567310
75680.898632
74554.201456
73793.881732
72918.620604
71786.518907
70839.078058
69780.633095
68689.878653
67729.448732
66584.168561
65636.940107
64699.793345
63679.357547
62908.297813
61929.177769
60850.308605
59901.607263
58913.632599
57982.474097
57000.600659
55691.290448
54708.237347
53706.514730
52797.703985
51854.654707
50989.066272
50096.034077
49259.245814
48319.005702
47408.344807
46583.048772
45610.336546
44706.770475
43761.979648
42883.205486
41972.189280
41197.750055
40208.349289
39341.322435
38470.547275
37487.048159
36686.322350
35896.368127
35190.810710
34486.666282
33672.459966
32985.475198
32287.970280
31604.779688
30918.717575
30276.761762
29538.202325
28814.275210
28187.601795
27551.884793
26872.615248
26271.963632
25664.953700
25175.113735
24578.032368
23922.461098
23334.616433
22664.603167
22121.983863
21646.574802
21116.826079
20520.439308
19957.301706
19506.893965
18981.167416
18444.055621
18042.798492
17497.060897
16984.077925
16556.653864
16128.484818
15743.867875
15348.733267
14906.702904
14501.820729
14053.151906
13674.273190
13271.163445
12855.574113
12502.681843
12112.318282
11778.954120
11446.322220
11075.009145
10753.720912
10459.114041
10179.534408
9883.416222
9583.055494
9313.710479
9045.164797
8784.776326
8520.991091
8234.807940
7973.032801
7738.001226
7434.401081
7228.046414
7009.715272
6779.645720
6542.327300
6318.445755
6122.852139
5909.534264
5747.914354
5491.671560
5333.342351
5161.278287
4966.903628
4784.100928
4592.495384
4461.023805
4270.959850
4107.842240
3943.187191
3808.487511
3659.595408
3498.378093
3404.593876
3273.096323
3142.154791
3008.768668
2884.574317
2773.705824
2671.640704
2583.599526
2484.801493
2401.227595
2306.166035
2209.550129
2126.675465
2043.899812
1963.081575
1858.338109
1791.345083
1741.244200
1686.634362
1629.523840
1577.726127
1498.749512
1440.514459
1385.061673
1315.560259
1249.969991
1194.866026
1132.274881
1097.956003
1044.473303
1000.844880
968.048010
930.801690
894.043416
856.892541
811.875348
775.141838
739.539563
716.396431
696.416402
662.729346
635.876063
610.067120
593.526305
571.425704
554.112192
535.020345
516.918282
494.806434
474.936205
448.675825
428.876854
406.156662
390.970528
377.717973
360.444846
343.248950
324.619936
314.666952
297.704036
290.323124
275.392812
266.052604
251.264518
237.665838
231.952299
218.053118
203.848685
197.682723
189.293128
182.773158
173.787794
164.282165
156.586503
151.115270
140.820448
134.129495
129.967010
130.164642
123.564884
121.694455
115.820226
110.343565
104.127049
97.428045
93.399694
83.350187
81.146656
75.536207
69.397444
68.428147
65.386480
63.453243
57.968186
57.720357
53.851307
49.240567
45.879197
40.517559
39.614436
37.331388
37.026337
33.860675
32.390216
29.154748
29.653546
27.345023
25.463104
23.129886
22.710721
21.531928
20.357750
17.710998
17.016214
15.808179
15.780293
15.258045
15.303933
14.447313
13.088652
12.483093
12.006390
11.315005
10.694572
8.107341
7.311797
6.005026
4.988021
4.414773
3.828699
3.761301
3.401915
3.417067
3.504932
2.705236
2.713276
2.429473
2.800284
2.826409
3.164139
2.792513
2.893571
2.726258
2.064916
2.019925
1.242946
1.018671
1.029933
0.903791
1.135928
1.279275
1.180799
1.546344
1.512779
1.637443
1.397081
0.908849
1.183191
1.093337
1.030184
1.262524
1.200699
0.781678
0.893798
0.661749
0.443225
0.193545
0.147010
0.084051
0.149983
0.301849
0.404857
0.207272
0.145713
0.126706
0.142696
0.132402
0.019995
0.000000
0.000000
0.000000
0.000000
0.000000
0.000000
0.000000
0.000000
0.000000
0.000000
0.000000
0.000000
0.000000
0.000000
0.000000
0.000000
0.000000
0.000000
0.000000
0.000000
0.000000
0.000000
0.000000
0.000000
0.000000
0.000000
0.000000
0.000000
0.000000
0.000000
0.000000
0.000000
0.000000
0.000000
0.000000
0.000000
0.000000
0.000000
0.000000
0.000000
0.000000
0.000000
0.000000
0.000000
0.000000
0.000000
0.000000
0.000000
0.000000
0.000000
0.000000
0.000000
0.000000
0.000000
0.000000
0.000000
0.000000
0.000000
0.000000
0.000000
0.000000
0.000000
0.000000
0.000000
0.000000
0.000000
0.000000
0.000000
0.000000
0.000000
0.000000
0.000000
0.000000
0.000000
0.000000
0.000000
0.000000
0.000000
0.000000
0.000000
0.000000
0.000000
0.000000
0.000000
0.000000
0.000000
0.000000
0.000000
0.000000
0.000000
0.000000
0.000000
0.000000
0.000000
0.000000
0.000000
0.000000
0.000000
0.000000
0.000000
0.000000
0.000000
0.000000
0.000000
0.000000
0.000000
0.000000
0.000000
0.000000
0.000000
0.000000
0.000000
0.000000
0.000000
0.000000
0.000000
0.000000
0.000000
0.000000
0.000000
0.000000
0.000000
0.000000
0.000000
0.000000
0.000000
0.000000
0.000000
0.000000
0.000000
0.000000
0.000000
0.000000
0.000000
0.000000
0.000000
0.000000
0.000000
0.000000
0.000000
0.000000
0.000000
0.000000
0.000000
0.000000
0.000000
0.000000
0.000000
0.000000
0.000000
0.000000
0.000000
0.000000
0.000000
0.000000
0.000000
0.000000
0.000000
0.000000
0.000000
0.000000
0.000000
0.000000
0.000000
0.000000
0.000000
0.000000
0.000000
0.000000
0.000000
0.000000
0.000000
0.000000
0.000000
0.000000
0.000000
0.000000
0.000000
0.000000
0.000000
0.000000
0.000000
0.000000
0.000000
0.000000
0.000000
0.000000
0.000000
0.000000
0.000000
0.000000
0.000000
0.000000
0.000000
0.000000
0.000000
0.000000
0.000000
0.000000
0.000000
0.000000
0.000000
0.000000
0.000000
0.000000
0.000000
0.000000
0.000000
0.000000
0.000000
0.000000
0.000000
0.000000
0.000000
0.000000
0.000000
0.000000
0.000000
0.000000
0.000000
0.000000
0.000000
0.000000
0.000000
0.000000
0.000000
0.000000
0.000000
0.000000
0.000000
0.000000
0.000000
0.000000
0.000000
0.000000
0.000000
0.000000
0.000000
0.000000
0.000000
0.000000
0.000000
0.000000
0.000000
0.000000
0.000000
0.000000
0.000000
0.000000
0.000000
0.000000
0.000000
0.000000
0.000000
0.000000
0.000000
0.000000
0.000000
0.000000
0.000000
0.000000
0.000000
0.000000
0.000000
0.000000
0.000000
0.000000
0.000000
0.000000
0.000000
0.000000
0.000000
0.000000
0.000000
0.000000
0.000000
0.000000
0.000000
0.000000
0.000000
0.000000
0.000000
0.000000
0.000000
0.000000
0.000000
0.000000
0.000000
0.000000
0.000000
0.000000
0.000000
0.000000
0.000000
0.000000
0.000000
0.000000
0.000000
0.000000
0.000000
0.000000
0.000000
0.000000
0.000000
0.000000
0.000000
0.000000
0.000000
0.000000
0.000000
0.000000
0.000000
0.000000
0.000000
0.000000
0.000000
0.000000
0.000000
0.000000
0.000000
0.000000
0.000000
0.000000
0.000000
0.000000
0.000000
0.000000
0.000000
0.000000
0.000000
0.000000
0.000000
0.000000
0.000000
0.000000
0.000000
0.000000
0.000000
0.000000
0.000000
0.000000
0.000000
0.000000
0.000000
0.000000
0.000000
0.000000
0.000000
0.000000
0.000000
0.000000
0.000000
0.000000
0.000000
0.000000
0.000000
0.000000
0.000000
0.000000
0.000000
0.000000
0.000000
0.000000
0.000000
0.000000
0.000000
0.000000
0.000000
0.000000
0.000000
0.000000
0.000000
0.000000
0.000000
0.000000
0.000000
0.000000
0.000000
0.000000
0.000000
0.000000
0.000000
0.000000
0.000000
0.000000
0.000000
0.000000
0.000000
0.000000
0.000000
0.000000
0.000000
0.000000
0.000000
0.000000
0.000000
0.000000
0.000000
0.000000
0.000000
0.000000
0.000000
0.000000
0.000000
0.000000
0.000000
0.000000
0.000000
0.000000
0.000000
0.000000
0.000000
0.000000
0.000000
0.000000
0.000000
0.000000
0.000000
0.000000
0.000000
0.000000
0.000000
0.000000
0.000000
0.000000
0.000000
0.000000
0.000000
0.000000
0.000000
0.000000
0.000000
0.000000
0.000000
0.000000
0.000000
0.000000
0.000000
0.000000
0.000000
0.000000
0.000000
0.000000
0.000000
0.000000
0.000000
0.000000
0.000000
0.000000
0.000000
0.000000
0.000000
0.000000
0.000000
0.000000
0.000000
0.000000
0.000000
0.000000
0.000000
0.000000
0.000000
0.000000
0.000000
0.000000
0.000000
0.000000
0.000000
0.000000
0.000000
0.000000
0.000000
0.000000
0.000000
0.000000
0.000000
0.000000
0.000000
0.000000
0.000000
0.000000
0.000000
0.000000
0.000000
0.000000
0.000000
0.000000
0.000000
0.000000
0.000000
0.000000
0.000000
0.000000
0.000000
0.000000
0.000000
0.000000
0.000000
0.000000
0.000000
0.000000
0.000000
0.000000
0.000000
0.000000
0.000000
0.000000
0.000000
0.000000
0.000000
0.000000
0.000000
0.000000
0.000000
0.000000
0.000000
0.000000
0.000000
0.000000
0.000000
0.000000
0.000000
0.000000
0.000000
0.000000
0.000000
0.000000
0.000000
0.000000
0.000000
0.000000
0.000000
0.000000
0.000000
0.000000
0.000000
0.000000
0.000000
0.000000
0.000000
0.000000
0.000000
0.000000
0.000000
0.000000
0.000000
0.000000
0.000000
0.000000
0.000000
0.000000
0.000000
0.000000
0.000000
0.000000
0.000000
0.000000
0.000000
0.000000
0.000000
0.000000
0.000000
0.000000
0.000000
0.000000
0.000000
0.000000
0.000000
0.000000
0.000000
0.000000
0.000000
0.000000
0.000000
0.000000
0.000000
0.000000
0.000000
0.000000
0.000000
0.000000
0.000000
0.000000
0.000000
0.000000
