0.000000
0.000000
0.000000
0.465780
2.484741
5.904690
11.926742
27.645869
53.330520
93.646880
157.261508
253.197058
388.838621
601.751496
880.240497
1246.120149
1701.437386
2268.582776
3007.814501
3892.531915
4919.269880
6118.233931
7477.552645
8978.451745
10718.085319
12610.681689
14714.697062
16925.028265
19303.476749
21761.098382
24329.417570
27010.180365
29694.678513
32578.722787
35412.961317
38316.502869
41279.450916
44239.710508
47198.699159
50147.588458
53057.938093
55872.557149
58609.570043
61261.027886
63808.964951
66318.192184
68766.271705
71023.705389
73183.119295
75217.566389
77088.836156
78859.564037
80521.885245
82106.857176
83509.039864
84739.078498
85924.603576
87019.624093
88045.608280
88969.303744
89836.767799
90465.675625
91046.611988
91588.232383
91980.789008
92334.429678
92488.206889
92666.186450
92675.717687
92636.704514
92678.387240
92632.268636
92451.584522
92114.593348
91826.715045
91583.484334
91200.347827
90762.188241
90395.923780
89977.410275
89400.996909
88900.149369
88393.958685
87749.900154
87088.500001
86475.708862
85885.470321
85196.048550
84468.175087
83787.919103
83080.851653
82401.265905
81715.610808
81060.318112
80359.952055
79665.345142
78869.343916
78149.479249
77323.076993
76603.071895
75800.525785
75062.810408
74276.009171
73567.076024
72817.378645
72037.400304
71315.878991
70597.289973
69888.788040
69141.360174
68442.651578
67710.984621
66892.264044
66170.486201
65376.190058
64645.853211
63820.466896
63073.572660
62286.203229
61498.430050
60690.592959
59892.506995
59141.422863
58383.311851
57597.614854
56861.242158
56130.303147
55381.316235
54621.552812
53908.549342
53224.539196
52467.534821
51721.056368
50965.340866
50275.906794
49509.815978
48810.011663
48109.216826
47451.522682
46712.317757
46013.209837
45293.874867
44616.996264
43932.610239
43253.187453
42592.714454
41920.157690
41212.803300
40536.397917
39886.818528
39250.125583
38569.365731
37917.176018
37297.316722
36691.586851
36067.069362
35413.923815
34766.604591
34127.258127
33504.671985
32875.885580
32259.103406
31647.652906
31063.163469
30478.627950
29865.160180
29289.675751
28717.682319
28114.091983
27543.545808
26977.458135
26425.777678
25856.354084
25314.713320
24784.494635
24247.211304
23725.690896
23173.030779
22644.273619
22145.175213
21652.747682
21164.831624
20650.616010
20160.162224
19693.444867
19225.192202
18751.630948
18295.192868
17848.817038
17385.189990
16942.434738
16494.099841
16077.167091
15656.674036
15238.482947
14820.257802
14412.052913
14033.838055
13624.796001
13244.420494
12882.791185
12530.851485
12187.865120
11834.385355
11497.546063
11164.388815
10856.619346
10537.845091
10236.876437
9929.229402
9604.281562
9313.222020
9037.444610
8747.550862
8499.771590
8226.309110
7958.547819
7718.474038
7467.466151
7234.451350
7006.296984
6778.098215
6568.412853
6356.313415
6138.316950
5926.801962
5724.496560
5518.932722
5325.536310
5152.425714
4962.906828
4787.631170
4616.707226
4435.859249
4279.570220
4107.250587
3957.440422
3806.386181
3662.681900
3520.735111
3379.159130
3246.878131
3113.027974
2988.096856
2868.925626
2747.802835
2631.245221
2522.124783
2425.329708
2331.112633
2240.434979
2150.375695
2064.547300
1972.238179
1898.130419
1814.761395
1730.412158
1658.154015
1590.317958
1520.376980
1455.521179
1385.215609
1323.593185
1264.132141
1202.180968
1152.135507
1103.167953
1049.973938
1002.961481
957.374653
914.003266
873.371569
832.662443
789.027250
748.046917
711.352645
673.444797
640.087182
609.259807
581.276256
551.420063
523.943342
494.989675
469.637937
445.503782
421.621537
400.633710
381.787003
361.537069
344.413929
325.521459
306.840541
291.933598
274.986028
257.666602
244.615389
230.758505
215.990504
203.696205
192.344419
181.362826
171.087157
162.210432
152.827373
146.522404
139.012188
129.473850
123.076834
116.132918
108.642875
101.395637
95.744118
89.783288
84.267258
78.591669
74.612243
69.364040
63.774229
59.842051
57.234259
53.853864
49.215522
46.506616
43.865509
40.375275
37.946506
35.514217
33.031690
30.951833
29.392067
27.517486
25.966508
24.628121
22.524645
21.227273
19.331261
17.857891
16.893818
15.545105
14.712607
13.476106
12.351681
11.260268
10.107022
9.016965
8.469618
7.989653
7.331083
6.976755
6.358329
6.194246
5.842700
5.671903
5.409168
4.831782
4.648380
4.480063
3.965818
3.658813
3.155897
2.992068
2.901619
2.823169
2.486470
2.454138
2.141533
1.957974
1.772770
1.647204
1.566423
1.411715
1.255101
1.067423
0.906752
0.755953
0.753685
0.712893
0.625149
0.616671
0.563852
0.472153
0.442933
0.365371
0.356097
0.327627
0.287806
0.209270
0.196722
0.188917
0.177726
0.141942
0.146712
0.119661
0.166773
0.163277
0.104711
0.068939
0.093380
0.082339
0.113461
0.107451
0.055167
0.030154
0.011609
0.010131
0.001285
0.000000
0.000000
0.000000
0.000000
0.000000
0.000000
0.000000
0.000000
0.000000
0.000000
0.000000
0.000000
0.000000
0.000000
0.000000
0.000000
0.000000
0.000000
0.000000
0.000000
0.000000
0.000000
0.000000
0.000000
0.000000
0.000000
0.000000
0.000000
0.000000
0.000000
0.000000
0.000000
0.000000
0.000000
0.000000
0.000000
0.000000
0.000000
0.000000
0.000000
0.000000
0.000000
0.000000
0.000000
0.000000
0.000000
0.000000
0.000000
0.000000
0.000000
0.000000
0.000000
0.000000
0.000000
0.000000
0.000000
0.000000
0.000000
0.000000
0.000000
0.000000
0.000000
0.000000
0.000000
0.000000
0.000000
0.000000
0.000000
0.000000
0.000000
0.000000
0.000000
0.000000
0.000000
0.000000
0.000000
0.000000
0.000000
0.000000
0.000000
0.000000
0.000000
0.000000
0.000000
0.000000
0.000000
0.000000
0.000000
0.000000
0.000000
0.000000
0.000000
0.000000
0.000000
0.000000
0.000000
0.000000
0.000000
0.000000
0.000000
0.000000
0.000000
0.000000
0.000000
0.000000
0.000000
0.000000
0.000000
0.000000
0.000000
0.000000
0.000000
0.000000
0.000000
0.000000
0.000000
0.000000
0.000000
0.000000
0.000000
0.000000
0.000000
0.000000
0.000000
0.000000
0.000000
0.000000
0.000000
0.000000
0.000000
0.000000
0.000000
0.000000
0.000000
0.000000
0.000000
0.000000
0.000000
0.000000
0.000000
0.000000
0.000000
0.000000
0.000000
0.000000
0.000000
0.000000
0.000000
0.000000
0.000000
0.000000
0.000000
0.000000
0.000000
0.000000
0.000000
0.000000
0.000000
0.000000
0.000000
0.000000
0.000000
0.000000
0.000000
0.000000
0.000000
0.000000
0.000000
0.000000
0.000000
0.000000
0.000000
0.000000
0.000000
0.000000
0.000000
0.000000
0.000000
0.000000
0.000000
0.000000
0.000000
0.000000
0.000000
0.000000
0.000000
0.000000
0.000000
0.000000
0.000000
0.000000
0.000000
0.000000
0.000000
0.000000
0.000000
0.000000
0.000000
0.000000
0.000000
0.000000
0.000000
0.000000
0.000000
0.000000
0.000000
0.000000
0.000000
0.000000
0.000000
0.000000
0.000000
0.000000
0.000000
0.000000
0.000000
0.000000
0.000000
0.000000
0.000000
0.000000
0.000000
0.000000
0.000000
0.000000
0.000000
0.000000
0.000000
0.000000
0.000000
0.000000
0.000000
0.000000
0.000000
0.000000
0.000000
0.000000
0.000000
0.000000
0.000000
0.000000
0.000000
0.000000
0.000000
0.000000
0.000000
0.000000
0.000000
0.000000
0.000000
0.000000
0.000000
0.000000
0.000000
0.000000
0.000000
0.000000
0.000000
0.000000
0.000000
0.000000
0.000000
0.000000
0.000000
0.000000
0.000000
0.000000
0.000000
0.000000
0.000000
0.000000
0.000000
0.000000
0.000000
0.000000
0.000000
0.000000
0.000000
0.000000
0.000000
0.000000
0.000000
0.000000
0.000000
0.000000
0.000000
0.000000
0.000000
0.000000
0.000000
0.000000
0.000000
0.000000
0.000000
0.000000
0.000000
0.000000
0.000000
0.000000
0.000000
0.000000
0.000000
0.000000
0.000000
0.000000
0.000000
0.000000
0.000000
0.000000
0.000000
0.000000
0.000000
0.000000
0.000000
0.000000
0.000000
0.000000
0.000000
0.000000
0.000000
0.000000
0.000000
0.000000
0.000000
0.000000
0.000000
0.000000
0.000000
0.000000
0.000000
0.000000
0.000000
0.000000
0.000000
0.000000
0.000000
0.000000
0.000000
0.000000
0.000000
0.000000
0.000000
0.000000
0.000000
0.000000
0.000000
0.000000
0.000000
0.000000
0.000000
0.000000
0.000000
0.000000
0.000000
0.000000
0.000000
0.000000
0.000000
0.000000
0.000000
0.000000
0.000000
0.000000
0.000000
0.000000
0.000000
0.000000
0.000000
0.000000
0.000000
0.000000
0.000000
0.000000
0.000000
0.000000
0.000000
0.000000
0.000000
0.000000
0.000000
0.000000
0.000000
0.000000
0.000000
0.000000
0.000000
0.000000
0.000000
0.000000
0.000000
0.000000
0.000000
0.000000
0.000000
0.000000
0.000000
0.000000
0.000000
0.000000
0.000000
0.000000
0.000000
0.000000
0.000000
0.000000
0.000000
0.000000
0.000000
0.000000
0.000000
0.000000
0.000000
0.000000
0.000000
0.000000
0.000000
0.000000
0.000000
0.000000
0.000000
0.000000
0.000000
0.000000
0.000000
0.000000
0.000000
0.000000
0.000000
0.000000
0.000000
0.000000
0.000000
0.000000
0.000000
0.000000
0.000000
0.000000
0.000000
0.000000
0.000000
0.000000
0.000000
0.000000
0.000000
0.000000
0.000000
0.000000
0.000000
0.000000
0.000000
0.000000
0.000000
0.000000
0.000000
0.000000
0.000000
0.000000
0.000000
0.000000
0.000000
0.000000
0.000000
0.000000
0.000000
0.000000
0.000000
0.000000
0.000000
0.000000
0.000000
0.000000
0.000000
0.000000
0.000000
0.000000
0.000000
0.000000
0.000000
0.000000
0.000000
0.000000
0.000000
0.000000
0.000000
0.000000
0.000000
0.000000
0.000000
0.000000
0.000000
0.000000
0.000000
0.000000
0.000000
0.000000
0.000000
0.000000
0.000000
0.000000
0.000000
0.000000
0.000000
0.000000
0.000000
0.000000
0.000000
0.000000
0.000000
0.000000
0.000000
0.000000
0.000000
0.000000
0.000000
0.000000
0.000000
0.000000
0.000000
0.000000
0.000000
0.000000
0.000000
0.000000
0.000000
0.000000
0.000000
0.000000
0.000000
0.000000
0.000000
0.000000
0.000000
0.000000
0.000000
0.000000
0.000000
0.000000
0.000000
0.000000
0.000000
0.000000
0.000000
0.000000
0.000000
0.000000
0.000000
0.000000
0.000000
0.000000
0.000000
0.000000
0.000000
0.000000
0.000000
0.000000
0.000000
0.000000
0.000000
0.000000
0.000000
0.000000
0.000000
0.000000
0.000000
0.000000
0.000000
0.000000
0.000000
0.000000
0.000000
0.000000
0.000000
0.000000
0.000000
0.000000
0.000000
0.000000
0.000000
0.000000
0.000000
0.000000
0.000000
0.000000
0.000000
0.000000
0.000000
0.000000
0.000000
0.000000
0.000000
0.000000
0.000000
0.000000
0.000000
0.000000
