528.388855
2662.809026
8113.109340
18353.421263
34391.096489
56725.721531
84468.369128
116771.907425
151878.654935
187801.371344
223114.784333
255251.299043
283700.848674
307547.281945
326027.067822
338547.481114
345533.609050
347781.864084
345553.995623
339474.719918
329868.144705
318150.655964
304135.999852
288797.870463
272494.792935
256044.743775
239130.321108
222923.164220
206908.137035
191614.626017
176689.829156
162813.285397
149798.332498
137398.505860
126155.594207
115772.209664
106031.225224
97057.421339
88941.438598
81608.473112
74938.325529
68769.747029
63082.906067
58073.060419
53360.051838
49157.986918
45256.085686
41754.040872
38608.761602
35683.457302
33037.273091
30629.466478
28452.721600
26439.773498
24589.328836
22945.636262
21456.707535
20095.378107
18814.720496
17690.159678
16596.161515
15658.257110
14752.689083
13944.627134
13198.669867
12526.687351
11895.066628
11318.980516
10796.208251
10277.299354
9827.780388
9399.013731
9016.613538
8634.357730
8260.779925
7951.585761
7661.433347
7358.496354
7111.243060
6868.991195
6659.765717
6443.824980
6264.516129
6095.246994
5917.028635
5766.545433
5628.706325
5487.571575
5370.661055
5250.523423
5140.835532
5042.284678
4938.865111
4849.171648
4775.937933
4699.730529
4630.982706
4561.781071
4498.347602
4445.868683
4387.697257
4329.175467
4282.566017
4238.332804
4190.530974
4158.705556
4111.245387
4066.405545
4048.803423
4034.108575
4027.911028
4020.174198
4018.154918
4013.875164
4004.749232
4007.908967
4002.003278
3997.055939
4010.540949
4013.719344
4028.888028
4054.790656
4045.498972
4048.198581
4067.274811
4076.881043
4091.219085
4097.863224
4117.050797
4124.327405
4150.468277
4164.462849
4189.096418
4215.407023
4240.609509
4263.001379
4277.745779
4311.500261
4355.682811
4374.552144
4398.710255
4435.070552
4474.205434
4507.387938
4545.415732
4587.823008
4639.109584
4696.518565
4734.944855
4777.836613
4808.244262
4844.231687
4887.111431
4934.291158
4981.554651
5028.224876
5081.827953
5131.461348
5179.814778
5239.437836
5285.999483
5337.641504
5396.917492
5459.387234
5514.545243
5559.105014
5615.020555
5673.889404
5728.305954
5788.944718
5850.247871
5897.821305
5952.028220
6021.645878
6072.636876
6136.603769
6204.445611
6262.616421
6314.840521
6382.213549
6439.771259
6491.826773
6559.447115
6605.790465
6653.457755
6698.908031
6749.999057
6810.990775
6855.964292
6917.920789
6975.422956
7028.244917
7076.280322
7123.165939
7165.637775
7206.176237
7257.216466
7316.613975
7364.389972
7387.352402
7431.899741
7464.737652
7496.423285
7538.549348
7574.451758
7604.057945
7631.596215
7657.617985
7673.528317
7707.014419
7727.864361
7751.856201
7775.211765
7793.160174
7789.079526
7790.599114
7792.618395
7810.326389
7829.305542
7838.038382
7846.059386
7855.130511
7844.182078
7838.363823
7844.804244
7833.785376
7822.042688
7813.412577
7793.057359
7796.283344
7783.260447
7754.491092
7738.967631
7716.716291
7702.938037
7675.396404
7650.902693
7614.433444
7590.721651
7564.438635
7516.710128
7489.621527
7451.832893
7415.180377
7381.079846
7337.928286
7289.235718
7245.300834
7209.786210
7156.988016
7100.151229
7039.378042
6970.057558
6910.312587
6846.346956
6774.333291
6706.335230
6651.562525
6575.941782
6511.117011
6439.189583
6366.594240
6304.639766
6228.755331
6156.195506
6079.295237
5993.920856
5905.506758
5834.810047
5759.704291
5680.157378
5599.953665
5526.088466
5445.418770
5366.578585
5289.989322
5214.585414
5128.301749
5036.340259
4951.148719
4860.554443
4787.929866
4700.958768
4612.187462
4530.875820
4438.179623
4355.755646
4268.593028
4182.140556
4097.518788
4019.256647
3941.515721
3861.152859
3791.088689
3705.527012
3624.103842
3533.799742
3453.405460
3373.884235
3290.277447
3202.385753
3125.609454
3050.186085
2967.988338
2886.834597
2820.644207
2742.063773
2670.367200
2598.477972
2534.587539
2469.434187
2402.287982
2334.693401
2268.161737
2198.245427
2132.093939
2064.706684
1998.693198
1938.528798
1886.192407
1828.317211
1773.496943
1717.233066
1661.041540
1613.893039
1560.461808
1502.192038
1450.572055
1405.095327
1357.001769
1310.023600
1263.749394
1219.424151
1177.091779
1140.877522
1099.657381
1063.458255
1026.104499
988.603613
952.484410
918.432282
883.459838
849.516197
812.752531
785.978222
757.705252
727.204388
700.183765
675.790977
647.731618
619.920452
595.763456
572.546562
551.365484
528.924209
508.956853
485.108118
464.149163
442.029598
424.309320
407.403639
391.112188
375.282581
362.535037
346.659523
331.711719
315.393423
300.309263
286.375539
272.181382
259.309485
248.355752
237.337978
226.507602
214.967547
204.700963
195.288576
183.712325
174.243349
165.406997
156.822894
149.913983
141.671053
134.334827
128.164464
122.017968
116.240047
111.033791
105.213453
99.225888
94.268838
89.427695
83.697004
78.444806
74.268635
70.617765
67.134294
63.218346
59.141140
55.546514
52.336551
49.436128
46.042178
43.653889
40.963683
38.405302
36.531188
34.589762
33.137842
31.321334
29.495758
28.297704
25.982573
24.553060
22.673921
21.160963
19.734929
18.373507
16.822978
15.529525
14.412659
13.551866
12.619066
11.545691
11.067800
10.497242
10.042726
9.463489
9.114129
8.354094
7.571429
7.042028
6.534001
6.002420
5.784251
5.211720
4.940885
4.606816
3.961780
3.774103
3.468843
3.355384
2.950535
2.754186
2.548903
2.413718
2.289535
2.071076
1.777859
1.622873
1.577695
1.472582
1.384493
1.385424
1.236187
1.214172
0.971076
0.919187
0.788096
0.756581
0.676912
0.614708
0.555501
0.494962
0.507303
0.436305
0.356437
0.339443
0.397464
0.361149
0.311412
0.275463
0.254909
0.259121
0.273295
0.249011
0.232681
0.235273
0.213573
0.215336
0.164599
0.158393
0.142993
0.129571
0.107435
0.075747
0.077559
0.068361
0.069433
0.066684
0.044034
0.043092
0.034919
0.034129
0.044406
0.028366
0.027617
0.039347
0.047000
0.056783
0.063902
0.050220
0.072035
0.072003
0.068934
0.057665
0.060193
0.057513
0.062435
0.048217
0.026489
0.013499
0.001672
0.000000
0.000000
0.000000
0.000000
0.000000
0.000000
0.000000
0.000000
0.000000
0.000000
0.000000
0.000000
0.000000
0.000000
0.000000
0.000000
0.000000
0.000000
0.000000
0.000000
0.000000
0.000000
0.000000
0.000000
0.000000
0.000000
0.000000
0.000000
0.000000
0.000000
0.000000
0.000000
0.000000
0.000000
0.000000
0.000000
0.000000
0.000000
0.000000
0.000000
0.000000
0.000000
0.000000
0.000000
0.000000
0.000000
0.000000
0.000000
0.000000
0.000000
0.000000
0.000000
0.000000
0.000000
0.000000
0.000000
0.000000
0.000000
0.000000
0.000000
0.000000
0.000000
0.000000
0.000000
0.000000
0.000000
0.000000
0.000000
0.000000
0.000000
0.000000
0.000000
0.000000
0.000000
0.000000
0.000000
0.000000
0.000000
0.000000
0.000000
0.000000
0.000000
0.000000
0.000000
0.000000
0.000000
0.000000
0.000000
0.000000
0.000000
0.000000
0.000000
0.000000
0.000000
0.000000
0.000000
0.000000
0.000000
0.000000
0.000000
0.000000
0.000000
0.000000
0.000000
0.000000
0.000000
0.000000
0.000000
0.000000
0.000000
0.000000
0.000000
0.000000
0.000000
0.000000
0.000000
0.000000
0.000000
0.000000
0.000000
0.000000
0.000000
0.000000
0.000000
0.000000
0.000000
0.000000
0.000000
0.000000
0.000000
0.000000
0.000000
0.000000
0.000000
0.000000
0.000000
0.000000
0.000000
0.000000
0.000000
0.000000
0.000000
0.000000
0.000000
0.000000
0.000000
0.000000
0.000000
0.000000
0.000000
0.000000
0.000000
0.000000
0.000000
0.000000
0.000000
0.000000
0.000000
0.000000
0.000000
0.000000
0.000000
0.000000
0.000000
0.000000
0.000000
0.000000
0.000000
0.000000
0.000000
0.000000
0.000000
0.000000
0.000000
0.000000
0.000000
0.000000
0.000000
0.000000
0.000000
0.000000
0.000000
0.000000
0.000000
0.000000
0.000000
0.000000
0.000000
0.000000
0.000000
0.000000
0.000000
0.000000
0.000000
0.000000
0.000000
0.000000
0.000000
0.000000
0.000000
0.000000
0.000000
0.000000
0.000000
0.000000
0.000000
0.000000
0.000000
0.000000
0.000000
0.000000
0.000000
0.000000
0.000000
0.000000
0.000000
0.000000
0.000000
0.000000
0.000000
0.000000
0.000000
0.000000
0.000000
0.000000
0.000000
0.000000
0.000000
0.000000
0.000000
0.000000
0.000000
0.000000
0.000000
0.000000
0.000000
0.000000
0.000000
0.000000
0.000000
0.000000
0.000000
0.000000
0.000000
0.000000
0.000000
0.000000
0.000000
0.000000
0.000000
0.000000
0.000000
0.000000
0.000000
0.000000
0.000000
0.000000
0.000000
0.000000
0.000000
0.000000
0.000000
0.000000
0.000000
0.000000
0.000000
0.000000
0.000000
0.000000
0.000000
0.000000
0.000000
0.000000
0.000000
0.000000
0.000000
0.000000
0.000000
0.000000
0.000000
0.000000
0.000000
0.000000
0.000000
0.000000
0.000000
0.000000
0.000000
0.000000
0.000000
0.000000
0.000000
0.000000
0.000000
0.000000
0.000000
0.000000
0.000000
0.000000
0.000000
0.000000
0.000000
0.000000
0.000000
0.000000
0.000000
0.000000
0.000000
0.000000
0.000000
0.000000
0.000000
0.000000
0.000000
0.000000
0.000000
0.000000
0.000000
0.000000
0.000000
0.000000
0.000000
0.000000
0.000000
0.000000
0.000000
0.000000
0.000000
0.000000
0.000000
0.000000
0.000000
0.000000
0.000000
0.000000
0.000000
0.000000
0.000000
0.000000
0.000000
0.000000
0.000000
0.000000
0.000000
0.000000
0.000000
0.000000
0.000000
0.000000
0.000000
0.000000
0.000000
0.000000
0.000000
0.000000
0.000000
0.000000
0.000000
0.000000
0.000000
0.000000
0.000000
0.000000
0.000000
0.000000
0.000000
0.000000
0.000000
0.000000
0.000000
0.000000
0.000000
0.000000
0.000000
0.000000
0.000000
0.000000
0.000000
0.000000
0.000000
0.000000
0.000000
0.000000
0.000000
0.000000
0.000000
0.000000
0.000000
0.000000
0.000000
0.000000
0.000000
0.000000
0.000000
0.000000
0.000000
0.000000
0.000000
0.000000
0.000000
0.000000
0.000000
0.000000
0.000000
0.000000
0.000000
0.000000
0.000000
0.000000
0.000000
0.000000
0.000000
0.000000
0.000000
0.000000
0.000000
0.000000
0.000000
0.000000
0.000000
0.000000
0.000000
0.000000
0.000000
0.000000
0.000000
0.000000
0.000000
0.000000
0.000000
0.000000
0.000000
0.000000
0.000000
0.000000
0.000000
0.000000
0.000000
0.000000
0.000000
0.000000
0.000000
0.000000
0.000000
0.000000
0.000000
0.000000
0.000000
0.000000
0.000000
0.000000
0.000000
0.000000
0.000000
0.000000
0.000000
0.000000
0.000000
0.000000
0.000000
0.000000
0.000000
0.000000
0.000000
0.000000
0.000000
0.000000
0.000000
0.000000
0.000000
0.000000
0.000000
0.000000
0.000000
0.000000
0.000000
0.000000
0.000000
0.000000
0.000000
0.000000
0.000000
0.000000
0.000000
0.000000
0.000000
0.000000
0.000000
