0.000000
0.000000
0.000000
0.000000
0.000000
0.000000
0.000000
0.000000
0.000000
0.000000
0.142101
0.866384
2.309403
3.605216
3.267130
5.456804
15.085039
30.798994
47.415092
91.941993
136.439541
188.804116
298.053546
433.583493
603.151795
788.449735
1014.262303
1341.008645
1720.717849
2237.906944
2824.748275
3538.283384
4348.874514
5307.866680
6486.114038
7742.899552
9153.904007
10659.416079
12341.955885
14244.719048
16245.898864
18212.216788
20652.827457
23183.343160
26007.463958
28603.379893
31320.355308
34164.369749
37240.734105
40216.962954
43319.705936
46519.880594
49657.858764
52728.229662
56011.435114
59286.162436
62561.437676
65790.537380
68823.725170
71784.792283
74921.607450
77691.515907
80512.691298
83022.661356
85592.881563
88144.737802
90537.602818
92901.042203
95107.581222
97099.777923
99034.025880
100863.906612
102312.698198
103756.127834
104869.354336
106089.680617
107276.003053
108470.603465
109475.547238
110438.588557
111022.307142
111520.403281
111974.114266
112474.257437
112796.105110
112977.217038
112876.858620
112815.042319
112964.217258
112720.434095
112557.587484
111901.734668
111449.035142
110695.871168
110195.234292
109432.130795
108710.840758
107843.694823
107010.694462
106129.431691
105332.711398
104455.282340
103085.943442
101840.420126
100533.008948
99335.801635
98220.279439
97051.274713
95639.708072
94213.154264
92810.505878
91411.437149
90062.324458
88657.224770
87278.114224
85826.884624
84532.991462
83112.911805
81775.896197
80432.672574
78918.726897
77636.997953
76280.110379
74659.930549
73366.133356
71981.934290
70691.605713
69224.776062
67793.942670
66479.858242
65093.093622
63758.802830
62496.441376
61122.059167
59817.683675
58590.388145
57244.881913
56001.253196
54929.129505
53678.415719
52354.503810
51101.143193
49896.138434
48685.060101
47508.582714
46290.670477
45155.927162
44171.771556
43030.408022
42000.636682
40860.375352
39562.975205
38522.516426
37631.206582
36629.593793
35670.530256
34687.940286
33690.301386
32707.740433
31759.107593
30892.343682
29935.423082
29103.843727
28272.808913
27421.032270
26605.346346
25779.428348
25005.798411
24325.214933
23628.760438
22927.374811
22195.588402
21448.071797
20753.258200
20091.927643
19469.858057
18893.146552
18350.115898
17739.538908
17216.412387
16679.735722
16152.106651
15625.024970
15063.342882
14585.276450
14045.317918
13559.390724
13121.424147
12667.909888
12201.322214
11769.018233
11368.550821
10956.902650
10594.653524
10167.279858
9751.851090
9321.753253
8997.869255
8635.300944
8318.890609
8007.291354
7706.604937
7439.683273
7147.527769
6907.993327
6607.428981
6348.866481
6125.699179
5909.020475
5654.896897
5439.649583
5240.022740
5056.581432
4853.516576
4666.096303
4482.556857
4325.751545
4139.548524
3977.457923
3808.768917
3648.645145
3485.070006
3327.642562
3204.113585
3074.960787
2938.548965
2809.229904
2686.786870
2557.610005
2443.604181
2328.262378
2235.710205
2131.950453
2047.892297
1959.367803
1868.469566
1804.069471
1718.939315
1620.094473
1544.807982
1484.181272
1435.256600
1369.052871
1306.420279
1253.662962
1200.070995
1143.289048
1083.265402
1041.329186
990.691572
937.938886
891.822076
844.891382
803.834367
766.678442
714.582253
684.066803
639.693403
616.163154
585.773841
552.074849
522.294144
494.225787
466.332061
454.376104
423.057263
401.837289
381.670292
362.262217
342.735163
315.135441
298.048571
286.396765
274.751140
258.998262
239.573080
232.791305
219.738327
209.397220
195.423941
190.406683
181.344630
175.204159
166.249351
151.351653
141.757408
127.207694
116.645117
108.917516
100.741234
93.619961
91.440861
82.703100
77.562283
74.666668
71.117386
66.969420
63.396861
57.004901
54.489574
48.710825
44.710343
41.580534
41.092449
37.967629
36.590559
34.234836
30.405529
31.196227
29.569503
26.746252
24.365665
23.490569
22.806104
21.193678
19.742200
16.974661
16.983321
16.018695
15.791098
14.135512
14.011159
11.517775
9.116664
9.615907
8.957214
9.189275
8.554047
7.704909
7.364637
6.790371
6.986446
6.330696
5.570967
5.754816
5.681535
4.859115
4.407361
3.591903
3.370951
2.564599
2.482187
1.720467
0.813655
0.506383
0.557677
0.432012
0.176638
0.181776
0.039513
0.095120
0.039182
0.059944
0.051136
0.010498
0.000000
0.000000
0.000000
0.000000
0.000000
0.000000
0.000000
0.000000
0.000000
0.000000
0.000000
0.000000
0.000000
0.000000
0.000000
0.000000
0.000000
0.000000
0.000000
0.000000
0.000000
0.000000
0.000000
0.000000
0.000000
0.000000
0.000000
0.000000
0.000000
0.000000
0.000000
0.000000
0.000000
0.000000
0.000000
0.000000
0.000000
0.000000
0.000000
0.000000
0.000000
0.000000
0.000000
0.000000
0.000000
0.000000
0.000000
0.000000
0.000000
0.000000
0.000000
0.000000
0.000000
0.000000
0.000000
0.000000
0.000000
0.000000
0.000000
0.000000
0.000000
0.000000
0.000000
0.000000
0.000000
0.000000
0.000000
0.000000
0.000000
0.000000
0.000000
0.000000
0.000000
0.000000
0.000000
0.000000
0.000000
0.000000
0.000000
0.000000
0.000000
0.000000
0.000000
0.000000
0.000000
0.000000
0.000000
0.000000
0.000000
0.000000
0.000000
0.000000
0.000000
0.000000
0.000000
0.000000
0.000000
0.000000
0.000000
0.000000
0.000000
0.000000
0.000000
0.000000
0.000000
0.000000
0.000000
0.000000
0.000000
0.000000
0.000000
0.000000
0.000000
0.000000
0.000000
0.000000
0.000000
0.000000
0.000000
0.000000
0.000000
0.000000
0.000000
0.000000
0.000000
0.000000
0.000000
0.000000
0.000000
0.000000
0.000000
0.000000
0.000000
0.000000
0.000000
0.000000
0.000000
0.000000
0.000000
0.000000
0.000000
0.000000
0.000000
0.000000
0.000000
0.000000
0.000000
0.000000
0.000000
0.000000
0.000000
0.000000
0.000000
0.000000
0.000000
0.000000
0.000000
0.000000
0.000000
0.000000
0.000000
0.000000
0.000000
0.000000
0.000000
0.000000
0.000000
0.000000
0.000000
0.000000
0.000000
0.000000
0.000000
0.000000
0.000000
0.000000
0.000000
0.000000
0.000000
0.000000
0.000000
0.000000
0.000000
0.000000
0.000000
0.000000
0.000000
0.000000
0.000000
0.000000
0.000000
0.000000
0.000000
0.000000
0.000000
0.000000
0.000000
0.000000
0.000000
0.000000
0.000000
0.000000
0.000000
0.000000
0.000000
0.000000
0.000000
0.000000
0.000000
0.000000
0.000000
0.000000
0.000000
0.000000
0.000000
0.000000
0.000000
0.000000
0.000000
0.000000
0.000000
0.000000
0.000000
0.000000
0.000000
0.000000
0.000000
0.000000
0.000000
0.000000
0.000000
0.000000
0.000000
0.000000
0.000000
0.000000
0.000000
0.000000
0.000000
0.000000
0.000000
0.000000
0.000000
0.000000
0.000000
0.000000
0.000000
0.000000
0.000000
0.000000
0.000000
0.000000
0.000000
0.000000
0.000000
0.000000
0.000000
0.000000
0.000000
0.000000
0.000000
0.000000
0.000000
0.000000
0.000000
0.000000
0.000000
0.000000
0.000000
0.000000
0.000000
0.000000
0.000000
0.000000
0.000000
0.000000
0.000000
0.000000
0.000000
0.000000
0.000000
0.000000
0.000000
0.000000
0.000000
0.000000
0.000000
0.000000
0.000000
0.000000
0.000000
0.000000
0.000000
0.000000
0.000000
0.000000
0.000000
0.000000
0.000000
0.000000
0.000000
0.000000
0.000000
0.000000
0.000000
0.000000
0.000000
0.000000
0.000000
0.000000
0.000000
0.000000
0.000000
0.000000
0.000000
0.000000
0.000000
0.000000
0.000000
0.000000
0.000000
0.000000
0.000000
0.000000
0.000000
0.000000
0.000000
0.000000
0.000000
0.000000
0.000000
0.000000
0.000000
0.000000
0.000000
0.000000
0.000000
0.000000
0.000000
0.000000
0.000000
0.000000
0.000000
0.000000
0.000000
0.000000
0.000000
0.000000
0.000000
0.000000
0.000000
0.000000
0.000000
0.000000
0.000000
0.000000
0.000000
0.000000
0.000000
0.000000
0.000000
0.000000
0.000000
0.000000
0.000000
0.000000
0.000000
0.000000
0.000000
0.000000
0.000000
0.000000
0.000000
0.000000
0.000000
0.000000
0.000000
0.000000
0.000000
0.000000
0.000000
0.000000
0.000000
0.000000
0.000000
0.000000
0.000000
0.000000
0.000000
0.000000
0.000000
0.000000
0.000000
0.000000
0.000000
0.000000
0.000000
0.000000
0.000000
0.000000
0.000000
0.000000
0.000000
0.000000
0.000000
0.000000
0.000000
0.000000
0.000000
0.000000
0.000000
0.000000
0.000000
0.000000
0.000000
0.000000
0.000000
0.000000
0.000000
0.000000
0.000000
0.000000
0.000000
0.000000
0.000000
0.000000
0.000000
0.000000
0.000000
0.000000
0.000000
0.000000
0.000000
0.000000
0.000000
0.000000
0.000000
0.000000
0.000000
0.000000
0.000000
0.000000
0.000000
0.000000
0.000000
0.000000
0.000000
0.000000
0.000000
0.000000
0.000000
0.000000
0.000000
0.000000
0.000000
0.000000
0.000000
0.000000
0.000000
0.000000
0.000000
0.000000
0.000000
0.000000
0.000000
0.000000
0.000000
0.000000
0.000000
0.000000
0.000000
0.000000
0.000000
0.000000
0.000000
0.000000
0.000000
0.000000
0.000000
0.000000
0.000000
0.000000
0.000000
0.000000
0.000000
0.000000
0.000000
0.000000
0.000000
0.000000
0.000000
0.000000
0.000000
0.000000
0.000000
0.000000
0.000000
0.000000
0.000000
0.000000
0.000000
0.000000
0.000000
0.000000
0.000000
0.000000
0.000000
0.000000
0.000000
0.000000
0.000000
0.000000
0.000000
0.000000
0.000000
0.000000
0.000000
0.000000
0.000000
0.000000
0.000000
0.000000
0.000000
0.000000
0.000000
0.000000
0.000000
0.000000
0.000000
0.000000
0.000000
0.000000
0.000000
0.000000
0.000000
0.000000
0.000000
0.000000
0.000000
0.000000
0.000000
0.000000
0.000000
0.000000
0.000000
0.000000
0.000000
0.000000
0.000000
0.000000
0.000000
0.000000
0.000000
0.000000
0.000000
0.000000
0.000000
0.000000
0.000000
0.000000
0.000000
0.000000
0.000000
0.000000
0.000000
0.000000
0.000000
0.000000
0.000000
0.000000
0.000000
0.000000
0.000000
0.000000
0.000000
0.000000
0.000000
0.000000
0.000000
0.000000
0.000000
0.000000
0.000000
0.000000
0.000000
0.000000
0.000000
0.000000
0.000000
0.000000
0.000000
0.000000
0.000000
0.000000
0.000000
0.000000
0.000000
0.000000
0.000000
0.000000
0.000000
0.000000
0.000000
0.000000
0.000000
0.000000
0.000000
0.000000
0.000000
0.000000
0.000000
0.000000
0.000000
0.000000
0.000000
0.000000
0.000000
0.000000
0.000000
0.000000
0.000000
0.000000
0.000000
0.000000
0.000000
0.000000
0.000000
0.000000
0.000000
0.000000
0.000000
0.000000
0.000000
0.000000
0.000000
0.000000
0.000000
0.000000
0.000000
0.000000
0.000000
0.000000
0.000000
0.000000
0.000000
0.000000
