0.000000
0.000000
0.000000
0.000000
0.000000
0.000000
0.000000
0.000000
0.000000
0.000000
0.000000
0.000000
0.000000
0.000000
0.000000
0.000000
0.000000
0.000000
0.000000
0.000000
0.026044
0.060014
0.009723
0.049944
0.074524
0.126866
0.232673
0.433400
0.759135
1.358886
2.353599
4.021603
6.983368
11.582163
18.923992
30.349632
46.639210
69.542052
104.178099
151.241559
221.674068
310.825821
442.439464
617.714114
844.314697
1138.389218
1514.740783
1988.214119
2586.356123
3316.467500
4203.892234
5274.435462
6559.939680
8052.628397
9806.997209
11818.031794
14114.323879
16702.134098
19614.844482
22851.473766
26434.060224
30352.616639
34595.392550
39198.591786
44111.391272
49307.968592
54899.418283
60696.061211
66772.572550
73050.820054
79482.444453
86084.344356
92749.963699
99525.179360
106249.644164
113018.196148
119678.251009
126272.979862
132677.438074
138898.811399
144855.293533
150632.429015
156125.233252
161203.735253
165957.878506
170410.127479
174466.394180
178105.419805
181319.636848
184061.332503
186472.888015
188324.149701
189835.352497
190921.268956
191502.389146
191738.921019
191533.464097
190986.455181
190020.928878
188737.289000
187124.822003
185000.197147
182687.027607
180045.293430
177101.617142
173905.159027
170456.158504
166786.881993
162872.443870
158807.562919
154565.051706
150176.033311
145695.726456
141014.912782
136320.370164
131451.390750
126629.740171
121749.433800
116879.101740
111933.956785
107091.863120
102252.522965
97459.121407
92709.966417
88046.408486
83468.633595
79029.199806
74659.606943
70413.773012
66289.966168
62287.336234
58415.842888
54691.962464
51102.811558
47672.303778
44403.207267
41266.037021
38301.552089
35459.011909
32780.007408
30208.518717
27825.745968
25539.492263
23419.972854
21422.969778
19575.146821
17825.175035
16210.314063
14707.357018
13307.281060
12029.158413
10852.834831
9769.736773
8771.877951
7859.460369
7023.975099
6257.893913
5572.702832
4949.883309
4382.842011
3874.470152
3415.221591
3009.791742
2642.021326
2318.162635
2022.854034
1767.694952
1534.435307
1333.039204
1154.379953
998.200919
861.221022
742.581163
634.168015
543.063285
463.401108
393.784834
334.366647
282.843039
238.840192
201.432304
170.536583
143.168129
120.994432
100.975864
85.069390
70.143215
58.543610
48.092804
39.795685
33.061926
27.539654
23.133386
18.847182
15.688513
12.631457
10.403182
8.347332
6.722885
5.514443
4.465026
3.438454
2.892383
2.311797
1.976563
1.542382
1.238458
1.055229
0.785959
0.693416
0.536782
0.407265
0.332925
0.288135
0.207135
0.155903
0.155779
0.113343
0.077329
0.055146
0.052144
0.029085
0.017621
0.020461
0.016454
0.012462
0.010898
0.017064
0.010146
0.007195
0.006479
0.003185
0.004401
0.002089
0.000859
0.000185
0.000599
0.003521
0.000281
0.001975
0.000000
0.000000
0.000000
0.000000
0.000000
0.000000
0.000000
0.000000
0.000000
0.000000
0.000000
0.000000
0.000000
0.000000
0.000000
0.000000
0.000000
0.000000
0.000000
0.000000
0.000000
0.000000
0.000000
0.000000
0.000000
0.000000
0.000000
0.000000
0.000000
0.000000
0.000000
0.000000
0.000000
0.000000
0.000000
0.000000
0.000000
0.000000
0.000000
0.000000
0.000000
0.000000
0.000000
0.000000
0.000000
0.000000
0.000000
0.000000
0.000000
0.000000
0.000000
0.000000
0.000000
0.000000
0.000000
0.000000
0.000000
0.000000
0.000000
0.000000
0.000000
0.000000
0.000000
0.000000
0.000000
0.000000
0.000000
0.000000
0.000000
0.000000
0.000000
0.000000
0.000000
0.000000
0.000000
0.000000
0.000000
0.000000
0.000000
0.000000
0.000000
0.000000
0.000000
0.000000
0.000000
0.000000
0.000000
0.000000
0.000000
0.000000
0.000000
0.000000
0.000000
0.000000
0.000000
0.000000
0.000000
0.000000
0.000000
0.000000
0.000000
0.000000
0.000000
0.000000
0.000000
0.000000
0.000000
0.000000
0.000000
0.000000
0.000000
0.000000
0.000000
0.000000
0.000000
0.000000
0.000000
0.000000
0.000000
0.000000
0.000000
0.000000
0.000000
0.000000
0.000000
0.000000
0.000000
0.000000
0.000000
0.000000
0.000000
0.000000
0.000000
0.000000
0.000000
0.000000
0.000000
0.000000
0.000000
0.000000
0.000000
0.000000
0.000000
0.000000
0.000000
0.000000
0.000000
0.000000
0.000000
0.000000
0.000000
0.000000
0.000000
0.000000
0.000000
0.000000
0.000000
0.000000
0.000000
0.000000
0.000000
0.000000
0.000000
0.000000
0.000000
0.000000
0.000000
0.000000
0.000000
0.000000
0.000000
0.000000
0.000000
0.000000
0.000000
0.000000
0.000000
0.000000
0.000000
0.000000
0.000000
0.000000
0.000000
0.000000
0.000000
0.000000
0.000000
0.000000
0.000000
0.000000
0.000000
0.000000
0.000000
0.000000
0.000000
0.000000
0.000000
0.000000
0.000000
0.000000
0.000000
0.000000
0.000000
0.000000
0.000000
0.000000
0.000000
0.000000
0.000000
0.000000
0.000000
0.000000
0.000000
0.000000
0.000000
0.000000
0.000000
0.000000
0.000000
0.000000
0.000000
0.000000
0.000000
0.000000
0.000000
0.000000
0.000000
0.000000
0.000000
0.000000
0.000000
0.000000
0.000000
0.000000
0.000000
0.000000
0.000000
0.000000
0.000000
0.000000
0.000000
0.000000
0.000000
0.000000
0.000000
0.000000
0.000000
0.000000
0.000000
0.000000
0.000000
0.000000
0.000000
0.000000
0.000000
0.000000
0.000000
0.000000
0.000000
0.000000
0.000000
