0.000000
0.000000
0.000000
0.000000
0.000000
0.000000
0.000000
0.000000
0.000000
0.000000
0.000000
0.000000
0.000000
0.000000
0.000000
0.000000
0.000000
0.000000
0.000000
0.000000
0.000000
0.000000
0.000000
0.000000
0.000000
0.000000
0.000000
0.004934
0.018383
0.009793
0.041425
0.082066
0.139914
0.280397
0.470766
0.901746
1.431796
2.533206
3.928218
6.963309
10.384229
17.372726
26.149247
41.148350
60.797445
91.320818
132.364680
191.780536
274.906236
386.919038
538.605498
742.211057
1002.383655
1342.678558
1773.865876
2323.836429
3019.899866
3872.624009
4926.076387
6201.794828
7740.108404
9579.170070
11739.315476
14278.626261
17217.623529
20596.344440
24425.123698
28779.913281
33645.689728
39044.791399
45000.159323
51498.035503
58532.935796
66115.422340
74185.603576
82731.307192
91721.565361
101097.784413
110799.935038
120752.196181
130841.918154
141074.955396
151243.487011
161432.059367
171328.582387
181073.746162
190341.641646
199248.074738
207556.192560
215317.486977
222309.798309
228592.211737
234031.350429
238609.957039
242279.417974
245053.206924
246876.868490
247718.477024
247650.545430
246637.745950
244735.379481
241973.936681
238358.177713
233992.740961
228922.519979
223131.435188
216806.590306
209920.721123
202584.835486
194887.763965
186837.081595
178546.337067
170116.124807
161541.774000
152906.992498
144301.524386
135773.596220
127333.820360
119065.462164
110993.162829
103163.896263
95597.747570
88326.233484
81364.645269
74718.744202
68457.471537
62491.621867
56910.188986
51679.931155
46766.700347
42227.022828
38005.348621
34112.470160
30531.597833
27253.857785
24251.002877
21523.690081
19048.135389
16804.421973
14789.479214
12973.826245
11351.830141
9899.039826
8616.681779
7474.896656
6464.533050
5580.562130
4797.712011
4119.866516
3524.692844
3006.599725
2560.624695
2171.492569
1838.465054
1549.605450
1304.518234
1095.652811
917.215512
764.983805
635.892267
527.035176
437.328696
360.110353
297.235700
244.001783
199.663282
163.485139
133.152100
107.713910
87.781862
70.234565
56.825806
45.402741
36.527163
29.093775
23.429163
18.501888
14.457300
11.485776
9.083352
7.010944
5.537153
4.271861
3.294550
2.596723
1.990276
1.537627
1.233430
0.936303
0.702172
0.552508
0.402435
0.308581
0.231786
0.171009
0.132783
0.096858
0.069180
0.056684
0.039162
0.023829
0.021732
0.014855
0.012913
0.008970
0.008117
0.003252
0.004208
0.001416
0.001870
0.000845
0.000092
0.000626
0.000000
0.000370
0.000000
0.000000
0.000000
0.000000
0.000000
0.000000
0.000000
0.000000
0.000000
0.000000
0.000000
0.000000
0.000000
0.000000
0.000000
0.000000
0.000000
0.000000
0.000000
0.000000
0.000000
0.000000
0.000000
0.000000
0.000000
0.000000
0.000000
0.000000
0.000000
0.000000
0.000000
0.000000
0.000000
0.000000
0.000000
0.000000
0.000000
0.000000
0.000000
0.000000
0.000000
0.000000
0.000000
0.000000
0.000000
0.000000
0.000000
0.000000
0.000000
0.000000
0.000000
0.000000
0.000000
0.000000
0.000000
0.000000
0.000000
0.000000
0.000000
0.000000
0.000000
0.000000
0.000000
0.000000
0.000000
0.000000
0.000000
0.000000
0.000000
0.000000
0.000000
0.000000
0.000000
0.000000
0.000000
0.000000
0.000000
0.000000
0.000000
0.000000
0.000000
0.000000
0.000000
0.000000
0.000000
0.000000
0.000000
0.000000
0.000000
0.000000
0.000000
0.000000
0.000000
0.000000
0.000000
0.000000
0.000000
0.000000
0.000000
0.000000
0.000000
0.000000
0.000000
0.000000
0.000000
0.000000
0.000000
0.000000
0.000000
0.000000
0.000000
0.000000
0.000000
0.000000
0.000000
0.000000
0.000000
0.000000
0.000000
0.000000
0.000000
0.000000
0.000000
0.000000
0.000000
0.000000
0.000000
0.000000
0.000000
0.000000
0.000000
0.000000
0.000000
0.000000
0.000000
0.000000
0.000000
0.000000
0.000000
0.000000
0.000000
0.000000
0.000000
0.000000
0.000000
0.000000
0.000000
0.000000
0.000000
0.000000
0.000000
0.000000
0.000000
0.000000
0.000000
0.000000
0.000000
0.000000
0.000000
0.000000
0.000000
0.000000
0.000000
0.000000
0.000000
0.000000
0.000000
0.000000
0.000000
0.000000
0.000000
0.000000
0.000000
0.000000
0.000000
0.000000
0.000000
0.000000
0.000000
0.000000
0.000000
0.000000
0.000000
0.000000
0.000000
0.000000
0.000000
0.000000
0.000000
0.000000
0.000000
0.000000
0.000000
0.000000
0.000000
0.000000
0.000000
0.000000
0.000000
0.000000
0.000000
0.000000
0.000000
0.000000
0.000000
0.000000
0.000000
0.000000
0.000000
0.000000
0.000000
0.000000
0.000000
0.000000
0.000000
0.000000
0.000000
0.000000
0.000000
0.000000
0.000000
0.000000
0.000000
0.000000
0.000000
0.000000
0.000000
0.000000
0.000000
0.000000
0.000000
0.000000
0.000000
0.000000
0.000000
0.000000
0.000000
0.000000
0.000000
0.000000
0.000000
0.000000
0.000000
0.000000
0.000000
0.000000
0.000000
0.000000
0.000000
0.000000
0.000000
0.000000
0.000000
0.000000
0.000000
0.000000
0.000000
0.000000
0.000000
0.000000
0.000000
0.000000
0.000000
0.000000
0.000000
0.000000
0.000000
0.000000
0.000000
0.000000
0.000000
0.000000
0.000000
0.000000
0.000000
0.000000
0.000000
0.000000
0.000000
0.000000
0.000000
0.000000
0.000000
0.000000
0.000000
0.000000
