0.000000
0.000000
0.000000
0.000000
0.000000
0.000000
0.000000
0.000000
0.000000
0.000000
0.000000
0.000000
0.000000
0.000000
0.000000
0.000000
0.000000
0.000000
0.000000
0.000000
0.000000
0.000000
0.000000
0.000000
0.000000
0.023925
0.100402
0.188868
0.257324
0.604048
1.275440
2.370239
4.214964
6.285727
10.708523
16.938073
28.923645
44.170324
67.152755
102.954768
151.939610
217.738496
309.742612
436.582294
608.732966
821.178575
1118.344672
1483.875969
1945.397816
2521.878936
3237.636706
4112.284282
5146.143877
6409.193319
7889.465562
9605.355373
11584.865927
13845.831347
16426.565127
19329.845216
22586.870016
26164.858581
30028.140299
34293.487352
38827.699599
43744.577606
48953.356993
54483.403064
60298.325316
66304.782729
72476.165585
78891.904146
85384.338408
92054.035812
98662.738376
105361.861755
111937.967971
118548.471745
125029.765093
131412.787123
137543.570130
143575.781848
149225.335367
154682.351648
159827.454573
164572.152130
169032.784627
173080.288755
176684.165803
179905.626471
182739.873249
185098.704339
186967.887285
188487.664601
189401.141607
190031.293024
190174.579455
189995.844162
189347.666649
188306.046099
186847.197057
185224.600543
183031.128538
180649.944946
177911.377440
174941.465272
171646.137686
168160.442356
164447.374975
160577.555186
156504.921356
152267.730059
147929.564511
143541.301201
138957.710498
134349.930243
129705.690814
125082.204340
120365.643668
115639.317105
110916.282960
106267.185753
101672.057228
97066.915191
92515.001045
88067.968114
83718.955652
79478.215478
75306.491983
71309.897589
67365.351072
63610.865913
59916.438458
56340.164098
52920.068811
49630.051614
46497.393597
43479.935547
40609.691266
37862.479379
35254.535903
32748.196863
30384.292795
28159.967316
26059.239994
24054.537879
22172.240017
20392.474295
18733.234657
17168.092895
15737.758604
14403.109658
13138.215433
11960.498549
10886.794433
9902.042715
8982.069324
8137.485810
7364.383457
6648.854075
5982.904405
5374.513236
4830.542579
4334.915647
3889.859799
3478.618286
3102.134348
2761.625969
2453.706355
2175.178342
1927.998415
1703.355221
1502.961928
1323.247284
1161.000138
1022.129051
895.092279
785.235843
684.174705
596.365811
519.944379
455.064471
396.553132
344.023471
297.220678
256.912553
220.508042
187.159856
160.932026
137.162751
118.481478
101.321150
87.732447
74.881871
64.325023
55.354352
46.829900
40.625076
34.265486
29.170403
24.645806
20.073183
17.415102
14.774738
11.968470
9.926422
8.409114
6.899163
5.675017
4.961255
4.239980
3.548195
3.032803
2.491224
2.041346
1.559775
1.259521
1.091352
1.074536
0.958686
0.833948
0.605394
0.499162
0.486283
0.380792
0.323061
0.249336
0.224967
0.204838
0.172020
0.151610
0.118109
0.112466
0.077595
0.065985
0.055829
0.039809
0.034286
0.039176
0.021366
0.014770
0.012007
0.006974
0.006265
0.000000
0.000000
0.000000
0.000000
0.000000
0.000000
0.000000
0.000000
0.000000
0.000000
0.000000
0.000000
0.000000
0.000000
0.000000
0.000000
0.000000
0.000000
0.000000
0.000000
0.000000
0.000000
0.000000
0.000000
0.000000
0.000000
0.000000
0.000000
0.000000
0.000000
0.000000
0.000000
0.000000
0.000000
0.000000
0.000000
0.000000
0.000000
0.000000
0.000000
0.000000
0.000000
0.000000
0.000000
0.000000
0.000000
0.000000
0.000000
0.000000
0.000000
0.000000
0.000000
0.000000
0.000000
0.000000
0.000000
0.000000
0.000000
0.000000
0.000000
0.000000
0.000000
0.000000
0.000000
0.000000
0.000000
0.000000
0.000000
0.000000
0.000000
0.000000
0.000000
0.000000
0.000000
0.000000
0.000000
0.000000
0.000000
0.000000
0.000000
0.000000
0.000000
0.000000
0.000000
0.000000
0.000000
0.000000
0.000000
0.000000
0.000000
0.000000
0.000000
0.000000
0.000000
0.000000
0.000000
0.000000
0.000000
0.000000
0.000000
0.000000
0.000000
0.000000
0.000000
0.000000
0.000000
0.000000
0.000000
0.000000
0.000000
0.000000
0.000000
0.000000
0.000000
0.000000
0.000000
0.000000
0.000000
0.000000
0.000000
0.000000
0.000000
0.000000
0.000000
0.000000
0.000000
0.000000
0.000000
0.000000
0.000000
0.000000
0.000000
0.000000
0.000000
0.000000
0.000000
0.000000
0.000000
0.000000
0.000000
0.000000
0.000000
0.000000
0.000000
0.000000
0.000000
0.000000
0.000000
0.000000
0.000000
0.000000
0.000000
0.000000
0.000000
0.000000
0.000000
0.000000
0.000000
0.000000
0.000000
0.000000
0.000000
0.000000
0.000000
0.000000
0.000000
0.000000
0.000000
0.000000
0.000000
0.000000
0.000000
0.000000
0.000000
0.000000
0.000000
0.000000
0.000000
0.000000
0.000000
0.000000
0.000000
0.000000
0.000000
0.000000
0.000000
0.000000
0.000000
0.000000
0.000000
0.000000
0.000000
0.000000
0.000000
0.000000
0.000000
0.000000
0.000000
0.000000
0.000000
0.000000
0.000000
0.000000
0.000000
0.000000
0.000000
0.000000
0.000000
0.000000
0.000000
0.000000
0.000000
0.000000
0.000000
0.000000
0.000000
0.000000
0.000000
0.000000
0.000000
0.000000
0.000000
0.000000
0.000000
0.000000
0.000000
0.000000
0.000000
0.000000
0.000000
0.000000
0.000000
0.000000
0.000000
0.000000
0.000000
0.000000
0.000000
0.000000
0.000000
0.000000
0.000000
0.000000
0.000000
0.000000
0.000000
0.000000
0.000000
0.000000
0.000000
0.000000
0.000000
0.000000
0.000000
0.000000
0.000000
0.000000
