0.000000
0.000000
0.000000
0.000000
0.000000
0.000000
0.000000
0.000000
0.000000
0.275528
0.570311
0.893262
2.129635
3.201823
5.295143
8.844059
11.988605
20.772520
32.429273
51.365744
76.555478
107.322107
154.719268
211.575300
298.958618
411.384523
551.085136
726.761403
951.824556
1234.257118
1586.045720
2010.635420
2480.070982
3049.930927
3709.504341
4466.370619
5337.038422
6334.933977
7460.771560
8681.465236
10081.392199
11641.261719
13334.428103
15158.179448
17156.852112
19262.807677
21554.258406
24053.578043
26687.906705
29445.742458
32355.319721
35397.147223
38520.479797
41737.682915
45091.281416
48502.185363
51985.709327
55412.058706
58987.174621
62554.122295
66138.182292
69642.306503
73256.827248
76796.306567
80372.870921
83731.829225
87217.127130
90621.864668
93942.636108
97173.435002
100267.842885
103295.816398
106063.425443
108772.335167
111397.953342
113806.678162
116054.076645
118199.476188
120161.039284
122180.919859
123796.794196
125267.601761
126607.171179
127755.627398
128766.429622
129538.645494
130238.958888
130859.716535
131274.955441
131516.188172
131687.667908
131603.994028
131420.131681
131103.101595
130699.937563
130063.138304
129301.075053
128471.806870
127539.887773
126492.879581
125450.898270
124176.004846
122798.652616
121323.805848
119869.666442
118294.283088
116608.282489
114768.859644
113011.577144
111160.675644
109244.725894
107376.639876
105347.494619
103323.428866
101283.239854
99243.308520
97078.813814
94973.457230
92840.923064
90711.792149
88596.419621
86505.460769
84370.870751
82224.481664
80156.685632
78025.826140
75987.050995
73854.439775
71802.883608
69799.728220
67796.001967
65798.883717
63873.335433
61958.855271
60057.865885
58186.371705
56353.713704
54530.017765
52782.816328
51056.869444
49371.113110
47726.686682
46100.516981
44489.726548
42953.848758
41480.577639
39988.216825
38568.383390
37189.789673
35817.343833
34517.746557
33204.525703
31922.247489
30695.363053
29500.421734
28394.746097
27293.663020
26203.807572
25141.093888
24111.215960
23143.438848
22212.477622
21298.910058
20368.622938
19490.734097
18649.364251
17838.621874
17036.170941
16288.896194
15574.716871
14859.755605
14206.490946
13553.418160
12928.807166
12321.757573
11754.716307
11197.222484
10661.004788
10144.404613
9664.209491
9212.766875
8749.758958
8319.100742
7890.771344
7490.392659
7095.684612
6739.808179
6392.126512
6045.024889
5738.382500
5431.534517
5145.241757
4865.262315
4612.983237
4370.840183
4137.806898
3923.957240
3698.517752
3489.525594
3301.613924
3108.001938
2932.380104
2777.353524
2619.921233
2469.085334
2320.067497
2187.706796
2061.423714
1941.635243
1827.015316
1727.370235
1627.191374
1527.893619
1434.657997
1343.440326
1257.874494
1179.322251
1108.946202
1038.073361
976.785937
919.302375
861.134192
804.136626
748.872361
699.749460
657.249409
615.727992
578.644604
542.339581
504.072370
471.040032
435.026217
405.992515
376.221534
347.930392
325.853887
303.219262
282.441306
262.837669
243.557629
224.397012
208.233707
192.978423
180.294657
167.121375
154.325389
143.654215
133.577172
123.852213
113.194413
104.090330
97.488230
90.204787
83.679069
77.273836
70.536058
65.146186
59.974313
55.904724
51.453495
47.723412
43.112713
40.340828
37.857611
35.543138
32.261098
30.279607
28.500061
26.105769
24.721051
23.143922
21.253121
20.064815
18.242418
17.208234
15.697196
14.360322
12.969713
11.423813
10.841923
10.275253
9.039615
8.337636
7.746384
7.331270
6.731185
5.970606
5.358999
5.276684
4.659463
4.415090
4.134939
3.867982
3.634342
3.213059
3.148057
2.720922
2.544147
2.366464
2.107914
2.133172
2.112949
1.918411
1.665503
1.566719
1.249663
1.148881
0.984843
0.757501
0.642261
0.557971
0.417732
0.344233
0.320390
0.191568
0.131455
0.141920
0.124801
0.112944
0.074204
0.082681
0.070637
0.052420
0.039969
0.051388
0.058573
0.060770
0.044998
0.026556
0.038755
0.029336
0.037867
0.051783
0.053009
0.039485
0.045294
0.043130
0.037141
0.031018
0.016368
0.025829
0.023344
0.018509
0.046436
0.024109
0.040960
0.015687
0.044172
0.045837
0.039990
0.047823
0.037811
0.051445
0.079289
0.074756
0.095067
0.072223
0.029309
0.036093
0.015106
0.022762
0.009770
0.001343
0.000632
0.000000
0.000000
0.000000
0.000000
0.000000
0.000000
0.000000
0.000000
0.000000
0.000000
0.000000
0.000000
0.000000
0.000000
0.000000
0.000000
0.000000
0.000000
0.000000
0.000000
0.000000
0.000000
0.000000
0.000000
0.000000
0.000000
0.000000
0.000000
0.000000
0.000000
0.000000
0.000000
0.000000
0.000000
0.000000
0.000000
0.000000
0.000000
0.000000
0.000000
0.000000
0.000000
0.000000
0.000000
0.000000
0.000000
0.000000
0.000000
0.000000
0.000000
0.000000
0.000000
0.000000
0.000000
0.000000
0.000000
0.000000
0.000000
0.000000
0.000000
0.000000
0.000000
0.000000
0.000000
0.000000
0.000000
0.000000
0.000000
0.000000
0.000000
0.000000
0.000000
0.000000
0.000000
0.000000
0.000000
0.000000
0.000000
0.000000
0.000000
0.000000
0.000000
0.000000
0.000000
0.000000
0.000000
0.000000
0.000000
0.000000
0.000000
0.000000
0.000000
0.000000
0.000000
0.000000
0.000000
0.000000
0.000000
0.000000
0.000000
0.000000
0.000000
0.000000
0.000000
0.000000
0.000000
0.000000
0.000000
0.000000
0.000000
0.000000
0.000000
0.000000
0.000000
0.000000
0.000000
0.000000
0.000000
0.000000
0.000000
0.000000
0.000000
0.000000
0.000000
0.000000
0.000000
0.000000
0.000000
0.000000
0.000000
0.000000
0.000000
0.000000
0.000000
0.000000
0.000000
0.000000
0.000000
0.000000
0.000000
0.000000
0.000000
0.000000
0.000000
0.000000
0.000000
0.000000
0.000000
0.000000
0.000000
0.000000
0.000000
0.000000
0.000000
0.000000
0.000000
0.000000
0.000000
0.000000
0.000000
0.000000
0.000000
0.000000
0.000000
0.000000
0.000000
0.000000
0.000000
0.000000
0.000000
0.000000
0.000000
0.000000
0.000000
0.000000
0.000000
0.000000
0.000000
0.000000
0.000000
0.000000
0.000000
0.000000
0.000000
0.000000
0.000000
0.000000
0.000000
0.000000
0.000000
0.000000
0.000000
0.000000
0.000000
0.000000
0.000000
0.000000
0.000000
0.000000
0.000000
0.000000
0.000000
0.000000
0.000000
0.000000
0.000000
0.000000
0.000000
0.000000
0.000000
0.000000
0.000000
0.000000
0.000000
0.000000
0.000000
0.000000
0.000000
0.000000
0.000000
0.000000
0.000000
0.000000
0.000000
0.000000
0.000000
0.000000
0.000000
0.000000
0.000000
0.000000
0.000000
0.000000
0.000000
0.000000
0.000000
0.000000
0.000000
0.000000
0.000000
0.000000
0.000000
0.000000
0.000000
0.000000
0.000000
0.000000
0.000000
0.000000
0.000000
0.000000
0.000000
0.000000
0.000000
0.000000
0.000000
0.000000
0.000000
0.000000
0.000000
0.000000
0.000000
0.000000
0.000000
0.000000
0.000000
0.000000
0.000000
0.000000
0.000000
0.000000
0.000000
0.000000
0.000000
0.000000
0.000000
0.000000
0.000000
0.000000
0.000000
0.000000
0.000000
0.000000
0.000000
0.000000
0.000000
0.000000
0.000000
0.000000
0.000000
0.000000
0.000000
0.000000
0.000000
0.000000
0.000000
0.000000
0.000000
0.000000
0.000000
0.000000
0.000000
0.000000
0.000000
0.000000
0.000000
0.000000
0.000000
0.000000
0.000000
0.000000
0.000000
0.000000
0.000000
0.000000
0.000000
0.000000
0.000000
0.000000
0.000000
0.000000
0.000000
0.000000
0.000000
0.000000
0.000000
0.000000
0.000000
0.000000
0.000000
0.000000
0.000000
0.000000
0.000000
0.000000
0.000000
0.000000
0.000000
0.000000
0.000000
0.000000
0.000000
0.000000
0.000000
0.000000
0.000000
0.000000
0.000000
0.000000
0.000000
0.000000
0.000000
0.000000
0.000000
0.000000
0.000000
0.000000
0.000000
0.000000
0.000000
0.000000
0.000000
0.000000
0.000000
0.000000
0.000000
0.000000
0.000000
0.000000
0.000000
0.000000
0.000000
0.000000
0.000000
0.000000
0.000000
0.000000
0.000000
0.000000
0.000000
0.000000
0.000000
0.000000
0.000000
0.000000
0.000000
0.000000
0.000000
0.000000
0.000000
0.000000
0.000000
0.000000
0.000000
0.000000
0.000000
0.000000
0.000000
0.000000
0.000000
0.000000
0.000000
0.000000
0.000000
0.000000
0.000000
0.000000
0.000000
0.000000
0.000000
0.000000
0.000000
0.000000
0.000000
0.000000
0.000000
0.000000
0.000000
0.000000
0.000000
0.000000
0.000000
0.000000
0.000000
0.000000
0.000000
0.000000
0.000000
0.000000
0.000000
0.000000
0.000000
0.000000
0.000000
0.000000
0.000000
0.000000
0.000000
0.000000
0.000000
0.000000
0.000000
0.000000
0.000000
0.000000
0.000000
0.000000
0.000000
0.000000
0.000000
0.000000
0.000000
0.000000
0.000000
0.000000
0.000000
0.000000
0.000000
0.000000
0.000000
0.000000
0.000000
0.000000
0.000000
0.000000
0.000000
0.000000
0.000000
0.000000
0.000000
0.000000
0.000000
0.000000
0.000000
0.000000
0.000000
0.000000
0.000000
0.000000
0.000000
0.000000
0.000000
0.000000
0.000000
0.000000
0.000000
0.000000
0.000000
0.000000
0.000000
0.000000
0.000000
0.000000
0.000000
0.000000
0.000000
0.000000
0.000000
0.000000
0.000000
0.000000
0.000000
0.000000
0.000000
0.000000
0.000000
0.000000
0.000000
0.000000
0.000000
0.000000
0.000000
0.000000
0.000000
0.000000
0.000000
0.000000
0.000000
0.000000
0.000000
0.000000
0.000000
0.000000
0.000000
0.000000
0.000000
0.000000
0.000000
0.000000
0.000000
0.000000
0.000000
0.000000
0.000000
0.000000
0.000000
0.000000
0.000000
0.000000
0.000000
0.000000
0.000000
0.000000
0.000000
0.000000
0.000000
0.000000
0.000000
0.000000
0.000000
0.000000
0.000000
0.000000
0.000000
0.000000
0.000000
0.000000
0.000000
0.000000
0.000000
0.000000
0.000000
0.000000
0.000000
0.000000
0.000000
0.000000
0.000000
0.000000
0.000000
0.000000
0.000000
0.000000
0.000000
0.000000
0.000000
0.000000
0.000000
0.000000
0.000000
0.000000
0.000000
0.000000
0.000000
0.000000
0.000000
0.000000
0.000000
0.000000
0.000000
0.000000
0.000000
0.000000
0.000000
0.000000
0.000000
0.000000
0.000000
0.000000
0.000000
0.000000
0.000000
0.000000
0.000000
0.000000
0.000000
0.000000
0.000000
0.000000
0.000000
0.000000
0.000000
0.000000
0.000000
0.000000
0.000000
0.000000
0.000000
0.000000
0.000000
0.000000
0.000000
0.000000
0.000000
0.000000
0.000000
0.000000
0.000000
0.000000
0.000000
0.000000
0.000000
0.000000
0.000000
0.000000
0.000000
0.000000
