127.532105
760.033731
2537.180057
6344.514001
13114.033021
23651.544954
38396.025888
57472.141116
80595.741837
106985.842890
135604.965568
165315.536853
194723.029208
222461.400900
247835.440270
269942.403680
288207.901651
302238.614258
312031.651946
317514.908452
319104.263177
317052.923454
311959.749950
304196.792162
294216.358079
282546.750009
269678.410579
255934.272894
241722.730881
227280.416758
212873.590015
198663.243673
184895.931080
171599.917950
158940.761181
146946.127420
135647.078093
125023.701266
115151.022949
105967.495385
97444.041172
89659.712613
82450.731098
75844.370721
69757.708499
64163.964273
59088.146425
54443.870405
50177.037734
46294.430416
42755.162473
39519.863617
36549.730954
33847.965609
31363.726282
29117.993652
27071.474560
25199.268298
23482.319482
21915.420327
20490.885434
19183.162810
17975.739872
16875.785345
15868.678962
14938.371798
14094.164442
13308.533053
12586.861448
11934.470308
11329.961652
10767.734619
10258.634284
9787.341544
9348.054534
8943.495592
8571.219696
8222.647711
7902.564645
7613.128260
7333.580848
7086.719534
6849.982652
6631.547504
6433.660493
6249.439371
6077.478459
5916.132447
5777.559559
5637.726061
5508.514996
5391.716633
5288.599092
5191.369376
5093.388760
5012.258102
4935.947990
4865.156360
4799.929241
4741.502535
4693.639435
4645.181535
4597.677340
4559.950175
4526.429750
4494.402017
4468.268228
4447.994548
4431.806040
4420.542742
4410.142895
4400.477677
4391.688050
4390.190913
4395.264510
4396.956478
4404.257056
4410.398997
4420.826612
4438.709266
4452.901883
4463.452995
4482.479537
4511.297541
4537.289825
4562.863491
4591.284751
4629.438917
4663.003039
4704.272916
4743.804547
4782.151131
4822.881590
4867.794814
4905.677852
4954.693333
5005.629553
5054.439575
5113.578334
5169.078970
5222.705202
5283.546571
5342.845496
5403.504995
5473.254689
5541.480709
5608.383445
5681.562570
5755.366726
5831.660052
5908.886410
5986.543734
6063.288475
6141.811702
6221.799653
6308.110534
6387.464225
6470.743383
6551.598303
6640.229563
6724.089982
6812.438502
6899.284386
6989.906424
7083.653039
7173.481334
7267.406783
7353.662614
7446.687749
7537.748696
7632.871297
7725.081851
7824.570609
7920.369160
8014.865044
8108.427805
8203.934707
8299.533421
8399.219694
8495.527992
8589.849447
8681.620453
8776.330839
8870.761914
8962.265930
9052.688748
9143.589607
9232.749161
9319.808579
9406.717780
9493.509133
9575.055703
9657.912974
9732.434465
9800.496285
9870.713341
9935.974258
10008.882119
10080.983159
10143.685241
10206.128537
10266.968849
10317.202442
10376.875263
10426.241281
10474.395636
10518.819935
10558.576936
10592.582264
10629.306899
10658.918707
10684.758767
10704.629403
10719.960468
10738.371491
10747.380248
10752.919820
10751.030127
10750.520734
10746.759968
10736.254789
10722.109129
10706.225008
10680.683117
10646.884178
10612.133592
10574.259250
10526.185464
10480.811622
10431.156397
10379.135702
10320.194267
10259.966104
10194.098591
10123.008533
10051.589109
9973.318589
9892.678796
9811.831089
9720.843409
9629.610564
9536.373139
9435.191972
9332.814748
9226.400644
9121.590494
9013.019067
8900.054962
8783.884644
8668.891123
8547.558879
8428.983093
8304.081457
8181.250792
8056.143724
7929.232783
7796.506187
7665.138671
7524.429079
7389.917241
7253.575672
7117.935217
6979.289186
6843.915650
6702.721526
6562.639841
6419.658906
6279.153063
6143.587032
6005.342037
5864.125526
5726.364155
5586.714462
5448.909031
5310.647997
5174.847767
5041.180640
4910.096151
4780.485318
4650.119883
4524.340569
4397.773903
4271.209121
4146.759929
4023.005100
3904.781098
3787.935088
3667.280155
3553.246878
3441.603637
3329.873964
3218.728344
3109.297227
3003.767288
2900.632934
2797.730528
2698.835888
2603.339311
2510.354862
2417.479228
2327.489085
2239.453043
2155.144787
2070.720257
1990.546463
1909.915800
1833.329413
1757.353002
1684.727432
1616.599527
1549.190422
1483.633040
1418.483705
1357.128199
1298.463938
1240.208776
1185.403354
1131.535472
1078.487593
1029.283453
981.720389
935.467241
890.096151
846.827819
806.205720
766.456148
728.214080
691.350438
655.603943
621.631620
589.919476
559.683733
529.874071
501.337316
474.966172
449.633539
425.436986
403.086436
381.327376
360.269238
340.756074
320.514011
301.819948
283.743003
266.637657
250.471489
235.566696
221.656306
208.374429
195.230698
183.495082
171.859865
160.890720
150.759479
141.265565
132.204875
123.395190
115.266453
107.653147
100.749164
93.812183
87.700641
81.822818
76.091991
71.082833
66.386579
62.149823
57.791478
53.764778
49.705046
46.182730
42.753255
39.879075
37.118992
34.367935
31.937832
29.712431
27.530730
25.388622
23.400855
21.657179
20.106402
18.547824
17.198896
15.793538
14.688096
13.714592
12.562664
11.442648
10.682198
9.869461
9.086926
8.333430
7.774433
7.109164
6.576868
6.032711
5.658275
5.155866
4.730875
4.404833
4.050046
3.705478
3.398436
3.177323
2.926439
2.725671
2.443751
2.264994
2.111775
1.922661
1.739124
1.607217
1.452410
1.321102
1.233264
1.061909
0.979714
0.871325
0.778904
0.702716
0.618784
0.570255
0.505844
0.475165
0.420056
0.377198
0.338012
0.309627
0.268008
0.251787
0.217035
0.197925
0.185751
0.170711
0.137320
0.140226
0.117554
0.105927
0.087800
0.081323
0.076830
0.072206
0.080901
0.074097
0.062133
0.053471
0.042783
0.047798
0.040474
0.030098
0.019584
0.015141
0.012229
0.012784
0.011425
0.013017
0.012116
0.006007
0.005768
0.003966
0.001864
0.000795
0.000571
0.000479
0.000000
0.000000
0.000000
0.000000
0.000000
0.000000
0.000000
0.000000
0.000000
0.000000
0.000000
0.000000
0.000000
0.000000
0.000000
0.000000
0.000000
0.000000
0.000000
0.000000
0.000000
0.000000
0.000000
0.000000
0.000000
0.000000
0.000000
0.000000
0.000000
0.000000
0.000000
0.000000
0.000000
0.000000
0.000000
0.000000
0.000000
0.000000
0.000000
0.000000
0.000000
0.000000
0.000000
0.000000
0.000000
0.000000
0.000000
0.000000
0.000000
0.000000
0.000000
0.000000
0.000000
0.000000
0.000000
0.000000
0.000000
0.000000
0.000000
0.000000
0.000000
0.000000
0.000000
0.000000
0.000000
0.000000
0.000000
0.000000
0.000000
0.000000
0.000000
0.000000
0.000000
0.000000
0.000000
0.000000
0.000000
0.000000
0.000000
0.000000
0.000000
0.000000
0.000000
0.000000
0.000000
0.000000
0.000000
0.000000
0.000000
0.000000
0.000000
0.000000
0.000000
0.000000
0.000000
0.000000
0.000000
0.000000
0.000000
0.000000
0.000000
0.000000
0.000000
0.000000
0.000000
0.000000
0.000000
0.000000
0.000000
0.000000
0.000000
0.000000
0.000000
0.000000
0.000000
0.000000
0.000000
0.000000
0.000000
0.000000
0.000000
0.000000
0.000000
0.000000
0.000000
0.000000
0.000000
0.000000
0.000000
0.000000
0.000000
0.000000
0.000000
0.000000
0.000000
0.000000
0.000000
0.000000
0.000000
0.000000
0.000000
0.000000
0.000000
0.000000
0.000000
0.000000
0.000000
0.000000
0.000000
0.000000
0.000000
0.000000
0.000000
0.000000
0.000000
0.000000
0.000000
0.000000
0.000000
0.000000
0.000000
0.000000
0.000000
0.000000
0.000000
0.000000
0.000000
0.000000
0.000000
0.000000
0.000000
0.000000
0.000000
0.000000
0.000000
0.000000
0.000000
0.000000
0.000000
0.000000
0.000000
0.000000
0.000000
0.000000
0.000000
0.000000
0.000000
0.000000
0.000000
0.000000
0.000000
0.000000
0.000000
0.000000
0.000000
0.000000
0.000000
0.000000
0.000000
0.000000
0.000000
0.000000
0.000000
0.000000
0.000000
0.000000
0.000000
0.000000
0.000000
0.000000
0.000000
0.000000
0.000000
0.000000
0.000000
0.000000
0.000000
0.000000
0.000000
0.000000
0.000000
0.000000
0.000000
0.000000
0.000000
0.000000
0.000000
0.000000
0.000000
0.000000
0.000000
0.000000
0.000000
0.000000
0.000000
0.000000
0.000000
0.000000
0.000000
0.000000
0.000000
0.000000
0.000000
0.000000
0.000000
0.000000
0.000000
0.000000
0.000000
0.000000
0.000000
0.000000
0.000000
0.000000
0.000000
0.000000
0.000000
0.000000
0.000000
0.000000
0.000000
0.000000
0.000000
0.000000
0.000000
0.000000
0.000000
0.000000
0.000000
0.000000
0.000000
0.000000
0.000000
0.000000
0.000000
0.000000
0.000000
0.000000
0.000000
0.000000
0.000000
0.000000
0.000000
0.000000
0.000000
0.000000
0.000000
0.000000
0.000000
0.000000
0.000000
0.000000
0.000000
0.000000
0.000000
0.000000
0.000000
0.000000
0.000000
0.000000
0.000000
0.000000
0.000000
0.000000
0.000000
0.000000
0.000000
0.000000
0.000000
0.000000
0.000000
0.000000
0.000000
0.000000
0.000000
0.000000
0.000000
0.000000
0.000000
0.000000
0.000000
0.000000
0.000000
0.000000
0.000000
0.000000
0.000000
0.000000
0.000000
0.000000
0.000000
0.000000
0.000000
0.000000
0.000000
0.000000
0.000000
0.000000
0.000000
0.000000
0.000000
0.000000
0.000000
0.000000
0.000000
0.000000
0.000000
0.000000
0.000000
0.000000
0.000000
0.000000
0.000000
0.000000
0.000000
0.000000
0.000000
0.000000
0.000000
0.000000
0.000000
0.000000
0.000000
0.000000
0.000000
0.000000
0.000000
0.000000
0.000000
0.000000
0.000000
0.000000
0.000000
0.000000
0.000000
0.000000
0.000000
0.000000
0.000000
0.000000
0.000000
0.000000
0.000000
0.000000
0.000000
0.000000
0.000000
0.000000
0.000000
0.000000
0.000000
0.000000
0.000000
0.000000
0.000000
0.000000
0.000000
0.000000
0.000000
0.000000
0.000000
0.000000
0.000000
0.000000
0.000000
0.000000
0.000000
0.000000
0.000000
0.000000
0.000000
0.000000
0.000000
0.000000
0.000000
0.000000
0.000000
0.000000
0.000000
0.000000
0.000000
0.000000
0.000000
0.000000
0.000000
0.000000
0.000000
0.000000
0.000000
0.000000
0.000000
0.000000
0.000000
0.000000
0.000000
0.000000
0.000000
0.000000
0.000000
0.000000
0.000000
0.000000
0.000000
0.000000
0.000000
0.000000
0.000000
0.000000
0.000000
0.000000
0.000000
0.000000
0.000000
0.000000
0.000000
0.000000
0.000000
0.000000
0.000000
0.000000
0.000000
0.000000
0.000000
0.000000
0.000000
0.000000
0.000000
0.000000
0.000000
0.000000
0.000000
0.000000
0.000000
0.000000
0.000000
0.000000
0.000000
0.000000
0.000000
0.000000
0.000000
0.000000
0.000000
0.000000
0.000000
0.000000
0.000000
0.000000
0.000000
0.000000
0.000000
0.000000
0.000000
0.000000
0.000000
0.000000
0.000000
0.000000
0.000000
0.000000
0.000000
0.000000
0.000000
0.000000
0.000000
0.000000
0.000000
0.000000
0.000000
0.000000
0.000000
0.000000
0.000000
0.000000
0.000000
0.000000
0.000000
0.000000
0.000000
0.000000
0.000000
0.000000
0.000000
0.000000
0.000000
0.000000
0.000000
0.000000
0.000000
0.000000
0.000000
0.000000
0.000000
0.000000
0.000000
0.000000
