0.000000
0.000000
0.000000
0.000000
0.000000
0.000000
0.000000
0.000000
0.000000
0.000000
0.149212
2.393551
0.786766
1.859060
8.985866
13.469162
24.113592
46.851885
79.214649
115.742201
181.623716
244.275218
337.716543
503.961998
704.726794
974.461626
1276.280213
1681.382771
2110.503643
2698.308891
3423.628486
4276.382629
5244.117188
6375.208238
7554.516534
9033.384024
10628.253183
12270.007922
14268.882552
16224.774084
18197.975576
20454.597833
23008.906551
25726.999733
28285.063243
31093.658230
33846.502561
36923.678345
39915.848238
42977.054369
46071.116776
49164.160951
52015.922348
54917.695795
57996.567375
61283.225498
64375.242422
67207.054292
70240.214304
73150.071285
75747.741648
78310.359290
81074.507450
83680.281052
85928.784081
88165.828278
90457.464216
92679.560929
94430.063324
96345.160892
98172.484318
99800.848076
101502.204936
102431.693725
103274.154632
104627.120482
105524.222119
106502.368967
107046.152664
107804.355012
108191.054419
108676.892829
109283.384982
109455.911161
109526.775816
109496.538938
109617.720705
109589.449570
109316.837059
108931.060388
108622.667327
108430.415989
108053.105606
107544.281506
106944.093469
106172.041828
105762.425104
105134.680143
104396.797245
103429.981485
102750.802920
101959.924882
100887.811466
99938.115850
98838.860784
97516.855457
96146.492141
94971.790293
93857.878400
92730.794349
91353.104573
90028.164040
88790.445334
87429.663725
86104.942754
84720.111990
83238.371906
82154.751675
80880.998267
79333.742752
78098.612405
76852.603547
75473.125414
74021.421962
72728.241414
71386.948169
70115.434037
68822.170075
67581.697462
66142.614343
64816.056382
63395.983420
62405.665009
61179.568305
59877.380564
58524.523297
57198.603628
56030.727902
54863.962829
53447.581237
52201.173749
51104.166227
49789.275941
48521.848346
47275.288418
46168.930029
45146.414739
44002.279993
43045.276878
41948.427568
40922.788514
39896.749935
38930.427951
37767.898096
36893.506187
35985.257259
35062.929420
34077.007456
33147.007795
32324.399221
31443.980219
30721.336606
29961.540434
29026.339493
28168.920044
27330.318341
26601.203336
25849.374721
25099.961504
24312.886784
23610.589462
22877.833277
22302.425902
21685.105942
21069.672741
20468.207769
19773.295175
19143.445179
18518.634854
17956.711759
17449.636946
16964.741649
16436.227571
16002.916779
15493.704018
15011.868760
14468.327608
13916.763817
13487.845977
12941.100054
12496.053705
12070.372832
11674.656493
11299.197404
10906.510362
10504.120006
10132.387744
9784.599944
9453.913439
9139.626609
8803.400764
8511.151053
8229.064754
7981.032979
7651.910140
7341.828476
7064.372652
6812.691037
6557.195582
6313.585376
6051.250551
5816.738026
5578.798544
5409.443485
5207.963364
5003.608296
4794.607486
4588.881977
4399.767524
4205.439433
4014.008338
3852.327328
3655.550532
3549.646393
3402.463487
3272.423552
3133.064948
3033.065034
2937.361416
2797.686763
2655.324182
2523.813935
2415.394835
2291.281470
2214.186311
2128.875875
2050.401267
1985.226428
1874.272746
1779.331196
1718.837370
1641.531712
1573.692013
1494.836698
1420.668703
1331.705618
1265.201780
1215.788656
1167.966722
1098.142403
1064.872815
1016.582561
977.197727
928.435902
877.232150
833.172382
788.598767
741.012338
707.607286
651.170646
629.202337
605.187265
559.959739
546.143235
522.020607
498.240834
469.951518
440.119580
419.753159
392.716419
369.458878
346.907232
323.365923
306.901109
293.330881
290.993284
274.698004
264.392659
258.211986
235.875243
215.307699
205.185141
197.636842
191.339757
185.385015
178.048483
164.569357
152.955319
148.381760
142.993973
138.525035
125.953299
121.530203
114.955745
103.177542
93.093616
88.650650
80.895756
74.175328
68.526699
66.226109
67.873170
63.650061
62.459247
58.712021
56.435006
54.057231
47.925443
43.425488
41.356903
37.964789
34.134185
32.719820
30.713634
30.628557
29.189730
27.142509
24.399855
22.822850
22.348368
19.279093
17.090113
15.726693
14.865553
13.953874
14.700019
14.264870
13.261923
11.480267
9.291910
8.808136
8.958176
9.454828
8.634951
7.840460
7.372676
6.372767
6.409128
5.371230
5.106248
4.661277
4.230725
3.292117
2.428529
2.944871
2.909665
2.502418
2.271144
2.359128
2.425907
2.143076
2.281271
2.074808
1.746416
1.604122
1.618765
1.105636
0.879289
0.545392
0.864463
0.704681
0.610651
0.632547
0.551285
0.990111
1.063752
1.303748
1.160952
1.342771
1.590455
1.345915
1.247895
1.239497
1.329296
1.640708
1.254621
1.131141
1.057273
0.995800
0.923094
1.019257
1.211247
1.022579
0.706005
0.876392
1.106516
1.128712
0.930656
0.779211
1.128411
1.117202
0.841238
0.698748
0.348054
0.317738
0.392625
0.207452
0.175810
0.240213
0.217120
0.131723
0.270540
0.232225
0.421760
0.234712
0.190956
0.105649
0.057478
0.092923
0.011547
0.000000
0.000000
0.000000
0.000000
0.000000
0.000000
0.000000
0.000000
0.000000
0.000000
0.000000
0.000000
0.000000
0.000000
0.000000
0.000000
0.000000
0.000000
0.000000
0.000000
0.000000
0.000000
0.000000
0.000000
0.000000
0.000000
0.000000
0.000000
0.000000
0.000000
0.000000
0.000000
0.000000
0.000000
0.000000
0.000000
0.000000
0.000000
0.000000
0.000000
0.000000
0.000000
0.000000
0.000000
0.000000
0.000000
0.000000
0.000000
0.000000
0.000000
0.000000
0.000000
0.000000
0.000000
0.000000
0.000000
0.000000
0.000000
0.000000
0.000000
0.000000
0.000000
0.000000
0.000000
0.000000
0.000000
0.000000
0.000000
0.000000
0.000000
0.000000
0.000000
0.000000
0.000000
0.000000
0.000000
0.000000
0.000000
0.000000
0.000000
0.000000
0.000000
0.000000
0.000000
0.000000
0.000000
0.000000
0.000000
0.000000
0.000000
0.000000
0.000000
0.000000
0.000000
0.000000
0.000000
0.000000
0.000000
0.000000
0.000000
0.000000
0.000000
0.000000
0.000000
0.000000
0.000000
0.000000
0.000000
0.000000
0.000000
0.000000
0.000000
0.000000
0.000000
0.000000
0.000000
0.000000
0.000000
0.000000
0.000000
0.000000
0.000000
0.000000
0.000000
0.000000
0.000000
0.000000
0.000000
0.000000
0.000000
0.000000
0.000000
0.000000
0.000000
0.000000
0.000000
0.000000
0.000000
0.000000
0.000000
0.000000
0.000000
0.000000
0.000000
0.000000
0.000000
0.000000
0.000000
0.000000
0.000000
0.000000
0.000000
0.000000
0.000000
0.000000
0.000000
0.000000
0.000000
0.000000
0.000000
0.000000
0.000000
0.000000
0.000000
0.000000
0.000000
0.000000
0.000000
0.000000
0.000000
0.000000
0.000000
0.000000
0.000000
0.000000
0.000000
0.000000
0.000000
0.000000
0.000000
0.000000
0.000000
0.000000
0.000000
0.000000
0.000000
0.000000
0.000000
0.000000
0.000000
0.000000
0.000000
0.000000
0.000000
0.000000
0.000000
0.000000
0.000000
0.000000
0.000000
0.000000
0.000000
0.000000
0.000000
0.000000
0.000000
0.000000
0.000000
0.000000
0.000000
0.000000
0.000000
0.000000
0.000000
0.000000
0.000000
0.000000
0.000000
0.000000
0.000000
0.000000
0.000000
0.000000
0.000000
0.000000
0.000000
0.000000
0.000000
0.000000
0.000000
0.000000
0.000000
0.000000
0.000000
0.000000
0.000000
0.000000
0.000000
0.000000
0.000000
0.000000
0.000000
0.000000
0.000000
0.000000
0.000000
0.000000
0.000000
0.000000
0.000000
0.000000
0.000000
0.000000
0.000000
0.000000
0.000000
0.000000
0.000000
0.000000
0.000000
0.000000
0.000000
0.000000
0.000000
0.000000
0.000000
0.000000
0.000000
0.000000
0.000000
0.000000
0.000000
0.000000
0.000000
0.000000
0.000000
0.000000
0.000000
0.000000
0.000000
0.000000
0.000000
0.000000
0.000000
0.000000
0.000000
0.000000
0.000000
0.000000
0.000000
0.000000
0.000000
0.000000
0.000000
0.000000
0.000000
0.000000
0.000000
0.000000
0.000000
0.000000
0.000000
0.000000
0.000000
0.000000
0.000000
0.000000
0.000000
0.000000
0.000000
0.000000
0.000000
0.000000
0.000000
0.000000
0.000000
0.000000
0.000000
0.000000
0.000000
0.000000
0.000000
0.000000
0.000000
0.000000
0.000000
0.000000
0.000000
0.000000
0.000000
0.000000
0.000000
0.000000
0.000000
0.000000
0.000000
0.000000
0.000000
0.000000
0.000000
0.000000
0.000000
0.000000
0.000000
0.000000
0.000000
0.000000
0.000000
0.000000
0.000000
0.000000
0.000000
0.000000
0.000000
0.000000
0.000000
0.000000
0.000000
0.000000
0.000000
0.000000
0.000000
0.000000
0.000000
0.000000
0.000000
0.000000
0.000000
0.000000
0.000000
0.000000
0.000000
0.000000
0.000000
0.000000
0.000000
0.000000
0.000000
0.000000
0.000000
0.000000
0.000000
0.000000
0.000000
0.000000
0.000000
0.000000
0.000000
0.000000
0.000000
0.000000
0.000000
0.000000
0.000000
0.000000
0.000000
0.000000
0.000000
0.000000
0.000000
0.000000
0.000000
0.000000
0.000000
0.000000
0.000000
0.000000
0.000000
0.000000
0.000000
0.000000
0.000000
0.000000
0.000000
0.000000
0.000000
0.000000
0.000000
0.000000
0.000000
0.000000
0.000000
0.000000
0.000000
0.000000
0.000000
0.000000
0.000000
0.000000
0.000000
0.000000
0.000000
0.000000
0.000000
0.000000
0.000000
0.000000
0.000000
0.000000
0.000000
0.000000
0.000000
0.000000
0.000000
0.000000
0.000000
0.000000
0.000000
0.000000
0.000000
0.000000
0.000000
0.000000
0.000000
0.000000
0.000000
0.000000
0.000000
0.000000
0.000000
0.000000
0.000000
0.000000
0.000000
0.000000
0.000000
0.000000
0.000000
0.000000
0.000000
0.000000
0.000000
0.000000
0.000000
0.000000
0.000000
0.000000
0.000000
0.000000
0.000000
0.000000
0.000000
0.000000
0.000000
0.000000
0.000000
0.000000
0.000000
0.000000
0.000000
0.000000
0.000000
0.000000
0.000000
0.000000
0.000000
0.000000
0.000000
0.000000
0.000000
0.000000
0.000000
0.000000
0.000000
0.000000
0.000000
0.000000
0.000000
0.000000
0.000000
0.000000
0.000000
0.000000
0.000000
0.000000
0.000000
0.000000
0.000000
0.000000
0.000000
0.000000
0.000000
0.000000
0.000000
0.000000
0.000000
0.000000
0.000000
0.000000
0.000000
0.000000
0.000000
0.000000
0.000000
0.000000
0.000000
0.000000
0.000000
0.000000
0.000000
0.000000
0.000000
0.000000
0.000000
0.000000
0.000000
0.000000
0.000000
0.000000
0.000000
0.000000
0.000000
0.000000
0.000000
0.000000
0.000000
0.000000
0.000000
0.000000
0.000000
0.000000
0.000000
0.000000
0.000000
0.000000
0.000000
0.000000
0.000000
0.000000
0.000000
0.000000
0.000000
0.000000
0.000000
0.000000
0.000000
0.000000
0.000000
0.000000
0.000000
0.000000
0.000000
0.000000
0.000000
0.000000
0.000000
0.000000
0.000000
0.000000
0.000000
0.000000
