0.000000
0.000000
0.000000
0.000000
0.000000
0.000000
0.013277
0.072679
0.347441
0.513071
1.148998
2.217894
5.917327
10.562581
18.963093
32.699702
54.634150
93.058832
138.425653
203.934167
288.456552
420.986770
596.362452
825.180878
1122.346879
1507.979206
1980.119089
2549.733941
3262.449277
4074.402715
4995.814796
6090.749234
7328.813400
8764.682483
10361.830534
12108.956921
14040.768148
16134.476520
18306.536191
20715.487216
23209.991930
25754.158341
28418.280138
31192.826344
34114.900754
37024.615436
40096.906306
43171.678326
46316.673220
49509.390935
52621.594740
55817.366845
58925.267612
61904.364728
65030.883131
67982.804073
70984.845506
73863.804189
76700.145511
79493.364390
82199.160867
84680.440483
87220.061629
89593.785136
91850.737305
93910.971258
95898.852867
97693.903164
99537.179568
101189.137764
102666.197350
103939.287502
105197.494335
106336.084387
107302.441182
108254.578541
109030.799950
109644.948075
110200.212921
110601.479823
110881.063327
111122.840708
111154.942883
111121.499558
111019.295536
110854.143010
110640.791603
110264.808581
109817.880817
109285.849775
108782.375156
108331.724846
107676.201576
107062.368723
106284.197723
105515.391258
104764.601827
103925.663214
103034.143456
102044.277497
101189.559837
100236.762871
99142.825921
98046.086518
96855.961970
95678.142177
94559.623937
93363.626387
92176.199152
90931.957760
89726.551309
88480.785710
87156.306875
85878.052400
84632.550879
83310.250185
81999.852368
80689.589611
79376.811580
78091.257578
76774.375888
75395.209216
74031.358321
72685.305650
71379.503944
70031.969800
68699.421859
67362.641410
66015.856750
64672.087047
63329.607644
61938.936924
60665.699011
59322.805168
58016.404361
56679.670785
55357.330631
54107.592056
52823.519132
51583.569554
50388.451965
49140.396288
47936.563543
46766.681880
45581.350104
44392.314352
43280.425109
42125.465732
41009.202423
39927.996512
38888.013465
37838.170169
36805.210927
35805.467630
34831.189324
33874.572858
32881.638477
31952.763861
31038.173735
30129.675945
29274.281049
28388.246145
27551.424077
26751.013867
25954.305961
25173.782035
24401.266875
23684.735608
22962.983916
22214.658952
21497.921533
20791.923556
20119.823523
19481.172939
18810.894419
18163.211866
17554.576012
16955.406984
16352.476344
15769.975484
15213.737721
14679.830408
14183.080757
13677.423502
13199.906475
12707.074906
12235.488634
11794.175756
11348.504805
10923.836270
10492.989008
10123.513622
9738.408622
9348.950735
8973.320097
8596.467617
8254.133660
7917.890719
7595.149492
7285.302566
6975.245067
6679.097651
6392.641173
6121.946497
5851.511574
5599.398617
5362.333229
5115.015599
4884.767664
4661.542687
4455.784312
4250.986294
4043.458127
3861.391986
3675.159303
3505.654665
3349.624707
3198.551206
3047.846442
2903.540125
2769.137772
2631.055000
2498.474781
2376.164892
2258.533144
2146.084317
2043.263228
1939.771330
1836.856000
1738.807742
1648.197160
1557.739782
1472.880990
1395.779047
1321.003539
1246.902701
1175.998734
1105.743292
1042.865304
982.832584
929.787094
872.747096
819.887947
770.286261
720.839906
679.277877
637.489346
601.262965
566.590129
531.454341
501.431548
471.831094
441.179967
414.882860
393.855420
372.635172
350.158126
327.728295
309.147643
292.776995
274.800409
258.733763
241.189716
226.465227
210.850925
197.226311
184.476696
171.733534
160.376626
147.559754
137.413503
129.048239
121.247177
113.012213
106.041337
99.475577
91.821408
85.277956
80.880802
76.375331
70.174416
65.850774
61.518488
56.991349
52.779468
48.692876
43.872376
40.035217
37.060518
34.767652
31.962953
29.818797
27.436072
24.698145
22.589437
20.450391
18.004030
16.226481
15.001789
13.830452
13.016789
12.056107
11.154649
10.441995
9.678598
8.911899
8.254927
7.743392
7.048952
6.551827
5.944108
5.447271
5.092198
4.708063
4.823068
4.476237
4.189793
3.767450
3.532748
3.287211
3.105603
2.908161
2.863237
2.782732
2.466168
2.413996
2.319141
2.042933
2.046390
1.972222
1.778627
1.678983
1.457404
1.343636
1.232498
1.128311
1.086543
0.954037
0.854967
1.000871
0.954039
0.854926
0.960187
0.916171
0.762381
0.763259
0.718628
0.656357
0.563004
0.429091
0.363773
0.359073
0.339947
0.394461
0.363926
0.312284
0.244977
0.170014
0.105932
0.106127
0.113296
0.080524
0.075411
0.090681
0.068886
0.035493
0.021247
0.019448
0.028672
0.010069
0.010686
0.003134
0.003391
0.000000
0.000000
0.000000
0.000000
0.000000
0.000000
0.000000
0.000000
0.000000
0.000000
0.000000
0.000000
0.000000
0.000000
0.000000
0.000000
0.000000
0.000000
0.000000
0.000000
0.000000
0.000000
0.000000
0.000000
0.000000
0.000000
0.000000
0.000000
0.000000
0.000000
0.000000
0.000000
0.000000
0.000000
0.000000
0.000000
0.000000
0.000000
0.000000
0.000000
0.000000
0.000000
0.000000
0.000000
0.000000
0.000000
0.000000
0.000000
0.000000
0.000000
0.000000
0.000000
0.000000
0.000000
0.000000
0.000000
0.000000
0.000000
0.000000
0.000000
0.000000
0.000000
0.000000
0.000000
0.000000
0.000000
0.000000
0.000000
0.000000
0.000000
0.000000
0.000000
0.000000
0.000000
0.000000
0.000000
0.000000
0.000000
0.000000
0.000000
0.000000
0.000000
0.000000
0.000000
0.000000
0.000000
0.000000
0.000000
0.000000
0.000000
0.000000
0.000000
0.000000
0.000000
0.000000
0.000000
0.000000
0.000000
0.000000
0.000000
0.000000
0.000000
0.000000
0.000000
0.000000
0.000000
0.000000
0.000000
0.000000
0.000000
0.000000
0.000000
0.000000
0.000000
0.000000
0.000000
0.000000
0.000000
0.000000
0.000000
0.000000
0.000000
0.000000
0.000000
0.000000
0.000000
0.000000
0.000000
0.000000
0.000000
0.000000
0.000000
0.000000
0.000000
0.000000
0.000000
0.000000
0.000000
0.000000
0.000000
0.000000
0.000000
0.000000
0.000000
0.000000
0.000000
0.000000
0.000000
0.000000
0.000000
0.000000
0.000000
0.000000
0.000000
0.000000
0.000000
0.000000
0.000000
0.000000
0.000000
0.000000
0.000000
0.000000
0.000000
0.000000
0.000000
0.000000
0.000000
0.000000
0.000000
0.000000
0.000000
0.000000
0.000000
0.000000
0.000000
0.000000
0.000000
0.000000
0.000000
0.000000
0.000000
0.000000
0.000000
0.000000
0.000000
0.000000
0.000000
0.000000
0.000000
0.000000
0.000000
0.000000
0.000000
0.000000
0.000000
0.000000
0.000000
0.000000
0.000000
0.000000
0.000000
0.000000
0.000000
0.000000
0.000000
0.000000
0.000000
0.000000
0.000000
0.000000
0.000000
0.000000
0.000000
0.000000
0.000000
0.000000
0.000000
0.000000
0.000000
0.000000
0.000000
0.000000
0.000000
0.000000
0.000000
0.000000
0.000000
0.000000
0.000000
0.000000
0.000000
0.000000
0.000000
0.000000
0.000000
0.000000
0.000000
0.000000
0.000000
0.000000
0.000000
0.000000
0.000000
0.000000
0.000000
0.000000
0.000000
0.000000
0.000000
0.000000
0.000000
0.000000
0.000000
0.000000
0.000000
0.000000
0.000000
0.000000
0.000000
0.000000
0.000000
0.000000
0.000000
0.000000
0.000000
0.000000
0.000000
0.000000
0.000000
0.000000
0.000000
0.000000
0.000000
0.000000
0.000000
0.000000
0.000000
0.000000
0.000000
0.000000
0.000000
0.000000
0.000000
0.000000
0.000000
0.000000
0.000000
0.000000
0.000000
0.000000
0.000000
0.000000
0.000000
0.000000
0.000000
0.000000
0.000000
0.000000
0.000000
0.000000
0.000000
0.000000
0.000000
0.000000
0.000000
0.000000
0.000000
0.000000
0.000000
0.000000
0.000000
0.000000
0.000000
0.000000
0.000000
0.000000
0.000000
0.000000
0.000000
0.000000
0.000000
0.000000
0.000000
0.000000
0.000000
0.000000
0.000000
0.000000
0.000000
0.000000
0.000000
0.000000
0.000000
0.000000
0.000000
0.000000
0.000000
0.000000
0.000000
0.000000
0.000000
0.000000
0.000000
0.000000
0.000000
0.000000
0.000000
0.000000
0.000000
0.000000
0.000000
0.000000
0.000000
0.000000
0.000000
0.000000
0.000000
0.000000
0.000000
0.000000
0.000000
0.000000
0.000000
0.000000
0.000000
0.000000
0.000000
0.000000
0.000000
0.000000
0.000000
0.000000
0.000000
0.000000
0.000000
0.000000
0.000000
0.000000
0.000000
0.000000
0.000000
0.000000
0.000000
0.000000
0.000000
0.000000
0.000000
0.000000
0.000000
0.000000
0.000000
0.000000
0.000000
0.000000
0.000000
0.000000
0.000000
0.000000
0.000000
0.000000
0.000000
0.000000
0.000000
0.000000
0.000000
0.000000
0.000000
0.000000
0.000000
0.000000
0.000000
0.000000
0.000000
0.000000
0.000000
0.000000
0.000000
0.000000
0.000000
0.000000
0.000000
0.000000
0.000000
0.000000
0.000000
0.000000
0.000000
0.000000
0.000000
0.000000
0.000000
0.000000
0.000000
0.000000
0.000000
0.000000
0.000000
0.000000
0.000000
0.000000
0.000000
0.000000
0.000000
0.000000
0.000000
0.000000
0.000000
0.000000
0.000000
0.000000
0.000000
0.000000
0.000000
0.000000
0.000000
0.000000
0.000000
0.000000
0.000000
0.000000
0.000000
0.000000
0.000000
0.000000
0.000000
0.000000
0.000000
0.000000
0.000000
0.000000
0.000000
0.000000
0.000000
0.000000
0.000000
0.000000
0.000000
0.000000
0.000000
0.000000
0.000000
0.000000
0.000000
0.000000
0.000000
0.000000
0.000000
0.000000
0.000000
0.000000
0.000000
0.000000
0.000000
0.000000
0.000000
0.000000
0.000000
0.000000
0.000000
0.000000
0.000000
0.000000
0.000000
0.000000
0.000000
0.000000
0.000000
0.000000
0.000000
0.000000
0.000000
0.000000
0.000000
0.000000
0.000000
0.000000
0.000000
0.000000
0.000000
0.000000
0.000000
0.000000
0.000000
0.000000
0.000000
0.000000
0.000000
0.000000
0.000000
0.000000
0.000000
0.000000
0.000000
0.000000
0.000000
0.000000
0.000000
0.000000
0.000000
0.000000
0.000000
0.000000
0.000000
0.000000
0.000000
0.000000
0.000000
0.000000
0.000000
0.000000
0.000000
0.000000
0.000000
0.000000
0.000000
0.000000
0.000000
0.000000
0.000000
0.000000
0.000000
0.000000
0.000000
0.000000
0.000000
0.000000
0.000000
0.000000
0.000000
0.000000
0.000000
0.000000
0.000000
0.000000
0.000000
0.000000
0.000000
0.000000
0.000000
0.000000
0.000000
0.000000
0.000000
0.000000
0.000000
0.000000
0.000000
0.000000
0.000000
0.000000
0.000000
0.000000
0.000000
0.000000
0.000000
0.000000
0.000000
0.000000
0.000000
0.000000
0.000000
0.000000
0.000000
0.000000
0.000000
0.000000
0.000000
0.000000
0.000000
0.000000
0.000000
0.000000
0.000000
0.000000
0.000000
0.000000
0.000000
0.000000
0.000000
0.000000
0.000000
0.000000
0.000000
0.000000
0.000000
0.000000
0.000000
