0.000000
0.000000
0.000000
0.000000
0.494346
0.755611
4.666267
22.043175
54.043144
87.403041
160.528192
237.742730
384.724612
507.067128
702.199439
1035.506705
1551.972751
2046.706593
2765.750429
3618.636762
4566.128615
5790.125418
6919.081160
8369.617821
9947.957977
11686.271806
13574.376325
15468.755090
17354.854224
19678.384020
22139.275196
24649.678051
27215.867303
30014.437143
32752.895621
35454.628028
38369.474048
41024.852353
43701.976361
46153.690275
48863.596745
51469.942199
53804.570219
56325.591468
58596.967520
61077.434559
63392.770046
65199.573590
67280.371686
69396.889042
71265.635214
73027.675557
74716.341540
76189.589041
77631.460985
79043.367742
79948.257866
80900.609412
81865.376188
82503.094674
83309.617053
84168.511439
84547.815518
85478.034152
86028.020545
86556.918613
86974.065115
87211.115622
87099.248215
87192.773580
87010.136111
87050.991523
86985.377911
87054.834663
86856.909848
86664.339662
86267.237784
86118.900685
85878.153872
85334.871669
84988.826494
84388.877463
83992.112247
83619.965877
82983.838080
82482.324450
82258.782056
81830.954522
81274.771243
80622.924142
79971.723709
79439.370374
78794.475008
78150.467348
77373.154298
76577.324493
75982.410314
75606.423741
75372.783022
74697.591066
73824.953622
73252.131073
72445.710514
71741.648997
70941.962050
70353.579408
69856.121494
69072.370124
68480.495940
68026.401038
67400.224999
66671.767179
65633.635934
65005.606144
64298.734332
63644.269751
62881.892089
62215.340414
61549.025322
60812.095940
60043.753479
59489.789349
58759.537840
58185.314943
57623.532146
56979.051684
56228.116769
55578.151908
55021.866483
54193.802339
53545.281688
52914.101261
52159.615820
51673.028710
50930.478888
50339.144266
49651.007820
49046.095380
48370.382853
47653.531961
46995.552182
46376.766354
45785.020138
45106.606051
44523.745132
43941.314549
43352.690717
42835.654002
42211.362140
41547.235835
40973.638526
40319.434775
39637.762773
39054.661666
38450.338587
37758.739147
37145.607937
36572.215325
35998.518275
35404.506135
34972.576889
34337.321972
33731.142413
33032.649457
32458.900099
31871.048065
31303.163184
30786.257235
30255.163075
29853.145361
29398.156917
28890.018774
28438.369694
27957.738322
27430.746216
26857.430796
26401.150910
25907.754963
25349.931700
24907.300179
24414.595611
23925.339235
23404.891408
23017.575641
22538.477629
22090.249042
21555.325392
21152.326662
20805.678059
20380.584550
19985.858266
19581.693725
19157.257844
18728.579883
18287.433909
17980.022720
17558.016421
17231.100225
16867.564361
16576.031931
16135.822316
15773.475544
15411.558057
15097.294934
14717.643156
14346.056243
14015.932830
13762.924745
13445.537358
13127.671456
12810.738945
12546.654815
12235.364949
11966.646952
11699.333683
11441.111792
11137.088131
10870.722371
10600.961309
10348.052336
10088.795585
9839.927996
9625.369474
9332.260391
9068.831264
8829.888125
8625.727867
8432.445555
8186.845657
7978.430446
7738.940483
7534.271461
7316.911393
7098.908108
6912.038468
6718.213778
6507.009447
6334.052056
6139.011970
5946.411393
5749.595758
5569.999041
5372.870542
5204.982785
5061.737951
4895.007133
4736.900531
4595.541629
4444.766472
4298.186239
4150.143159
4014.356565
3865.223810
3735.645549
3603.052156
3439.044004
3338.541066
3268.315714
3166.359968
3053.504779
2944.003818
2863.811479
2778.084977
2680.641401
2593.563430
2510.954406
2436.399809
2362.068100
2273.429812
2188.263863
2091.732707
2030.171922
1952.756473
1892.732741
1825.197881
1758.195744
1707.667368
1624.417093
1572.896176
1513.446676
1469.530608
1412.288857
1371.951169
1323.334770
1277.162355
1238.974914
1189.107266
1150.925816
1110.701857
1055.383587
1007.959508
964.481032
928.906619
899.141151
856.895322
831.866156
797.446293
766.078371
736.491128
700.215883
667.890171
641.140229
613.404784
590.361802
566.757499
537.689198
508.382126
481.018546
466.611321
445.334296
427.678312
410.995279
395.787004
374.825157
357.441966
341.149592
327.721767
311.327504
303.773190
296.642218
285.745195
272.199279
260.370547
242.920108
237.154396
228.331459
221.151913
212.820659
201.896881
193.706549
182.241903
180.930155
174.149166
164.393773
160.350740
159.212038
150.757105
142.415575
132.099696
130.107716
123.263852
117.221326
109.617188
106.251434
97.669179
91.626964
87.550117
80.356255
77.726894
74.731465
74.809137
69.612577
65.252838
61.306316
58.834589
56.294223
51.708396
48.841412
46.237090
44.426338
42.772022
40.023904
36.567164
34.617874
32.148390
29.772922
29.421399
27.380227
26.101350
26.173752
24.480895
22.659452
24.406926
22.789460
23.398665
20.821952
18.956775
18.350538
16.156340
17.171323
17.015688
14.943954
14.011081
12.900876
12.758180
12.741628
12.350978
12.153681
11.246809
11.057600
11.327684
9.803705
8.087089
8.050422
7.688909
8.229425
8.227066
8.580519
7.822271
6.831793
6.282049
6.193585
6.480640
6.373977
6.131573
5.821951
5.117762
4.508112
4.068732
3.926353
4.069409
3.456719
3.895725
3.538251
3.350791
3.094386
3.037214
2.786323
2.277375
2.467872
1.980623
1.820428
1.475025
1.535489
1.446162
1.828439
1.660872
1.894311
1.765828
1.193879
1.613296
1.731125
1.984442
2.292184
1.657692
1.492072
1.735661
1.718037
1.882388
1.940824
1.858368
1.906110
1.715787
1.588580
1.483649
1.006549
0.921748
1.074277
0.916100
0.693595
0.942009
0.592900
0.503812
0.414624
0.218868
0.208483
0.023404
0.026310
0.022076
0.033457
0.009923
0.004982
0.000000
0.000000
0.000000
0.000000
0.000000
0.000000
0.000000
0.000000
0.000000
0.000000
0.000000
0.000000
0.000000
0.000000
0.000000
0.000000
0.000000
0.000000
0.000000
0.000000
0.000000
0.000000
0.000000
0.000000
0.000000
0.000000
0.000000
0.000000
0.000000
0.000000
0.000000
0.000000
0.000000
0.000000
0.000000
0.000000
0.000000
0.000000
0.000000
0.000000
0.000000
0.000000
0.000000
0.000000
0.000000
0.000000
0.000000
0.000000
0.000000
0.000000
0.000000
0.000000
0.000000
0.000000
0.000000
0.000000
0.000000
0.000000
0.000000
0.000000
0.000000
0.000000
0.000000
0.000000
0.000000
0.000000
0.000000
0.000000
0.000000
0.000000
0.000000
0.000000
0.000000
0.000000
0.000000
0.000000
0.000000
0.000000
0.000000
0.000000
0.000000
0.000000
0.000000
0.000000
0.000000
0.000000
0.000000
0.000000
0.000000
0.000000
0.000000
0.000000
0.000000
0.000000
0.000000
0.000000
0.000000
0.000000
0.000000
0.000000
0.000000
0.000000
0.000000
0.000000
0.000000
0.000000
0.000000
0.000000
0.000000
0.000000
0.000000
0.000000
0.000000
0.000000
0.000000
0.000000
0.000000
0.000000
0.000000
0.000000
0.000000
0.000000
0.000000
0.000000
0.000000
0.000000
0.000000
0.000000
0.000000
0.000000
0.000000
0.000000
0.000000
0.000000
0.000000
0.000000
0.000000
0.000000
0.000000
0.000000
0.000000
0.000000
0.000000
0.000000
0.000000
0.000000
0.000000
0.000000
0.000000
0.000000
0.000000
0.000000
0.000000
0.000000
0.000000
0.000000
0.000000
0.000000
0.000000
0.000000
0.000000
0.000000
0.000000
0.000000
0.000000
0.000000
0.000000
0.000000
0.000000
0.000000
0.000000
0.000000
0.000000
0.000000
0.000000
0.000000
0.000000
0.000000
0.000000
0.000000
0.000000
0.000000
0.000000
0.000000
0.000000
0.000000
0.000000
0.000000
0.000000
0.000000
0.000000
0.000000
0.000000
0.000000
0.000000
0.000000
0.000000
0.000000
0.000000
0.000000
0.000000
0.000000
0.000000
0.000000
0.000000
0.000000
0.000000
0.000000
0.000000
0.000000
0.000000
0.000000
0.000000
0.000000
0.000000
0.000000
0.000000
0.000000
0.000000
0.000000
0.000000
0.000000
0.000000
0.000000
0.000000
0.000000
0.000000
0.000000
0.000000
0.000000
0.000000
0.000000
0.000000
0.000000
0.000000
0.000000
0.000000
0.000000
0.000000
0.000000
0.000000
0.000000
0.000000
0.000000
0.000000
0.000000
0.000000
0.000000
0.000000
0.000000
0.000000
0.000000
0.000000
0.000000
0.000000
0.000000
0.000000
0.000000
0.000000
0.000000
0.000000
0.000000
0.000000
0.000000
0.000000
0.000000
0.000000
0.000000
0.000000
0.000000
0.000000
0.000000
0.000000
0.000000
0.000000
0.000000
0.000000
0.000000
0.000000
0.000000
0.000000
0.000000
0.000000
0.000000
0.000000
0.000000
0.000000
0.000000
0.000000
0.000000
0.000000
0.000000
0.000000
0.000000
0.000000
0.000000
0.000000
0.000000
0.000000
0.000000
0.000000
0.000000
0.000000
0.000000
0.000000
0.000000
0.000000
0.000000
0.000000
0.000000
0.000000
0.000000
0.000000
0.000000
0.000000
0.000000
0.000000
0.000000
0.000000
0.000000
0.000000
0.000000
0.000000
0.000000
0.000000
0.000000
0.000000
0.000000
0.000000
0.000000
0.000000
0.000000
0.000000
0.000000
0.000000
0.000000
0.000000
0.000000
0.000000
0.000000
0.000000
0.000000
0.000000
0.000000
0.000000
0.000000
0.000000
0.000000
0.000000
0.000000
0.000000
0.000000
0.000000
0.000000
0.000000
0.000000
0.000000
0.000000
0.000000
0.000000
0.000000
0.000000
0.000000
0.000000
0.000000
0.000000
0.000000
0.000000
0.000000
0.000000
0.000000
0.000000
0.000000
0.000000
0.000000
0.000000
0.000000
0.000000
0.000000
0.000000
0.000000
0.000000
0.000000
0.000000
0.000000
0.000000
0.000000
0.000000
0.000000
0.000000
0.000000
0.000000
0.000000
0.000000
0.000000
0.000000
0.000000
0.000000
0.000000
0.000000
0.000000
0.000000
0.000000
0.000000
0.000000
0.000000
0.000000
0.000000
0.000000
0.000000
0.000000
0.000000
0.000000
0.000000
0.000000
0.000000
0.000000
0.000000
0.000000
0.000000
0.000000
0.000000
0.000000
0.000000
0.000000
0.000000
0.000000
0.000000
0.000000
0.000000
0.000000
0.000000
0.000000
0.000000
0.000000
0.000000
0.000000
0.000000
0.000000
0.000000
0.000000
0.000000
0.000000
0.000000
0.000000
0.000000
0.000000
0.000000
0.000000
0.000000
0.000000
0.000000
0.000000
0.000000
0.000000
0.000000
0.000000
0.000000
0.000000
0.000000
0.000000
0.000000
0.000000
0.000000
0.000000
0.000000
0.000000
0.000000
0.000000
0.000000
0.000000
0.000000
0.000000
0.000000
0.000000
0.000000
0.000000
0.000000
0.000000
0.000000
0.000000
0.000000
0.000000
0.000000
0.000000
0.000000
0.000000
0.000000
0.000000
0.000000
0.000000
0.000000
0.000000
0.000000
0.000000
0.000000
0.000000
0.000000
0.000000
0.000000
0.000000
0.000000
0.000000
0.000000
0.000000
0.000000
0.000000
0.000000
0.000000
0.000000
0.000000
0.000000
0.000000
0.000000
0.000000
0.000000
0.000000
0.000000
0.000000
0.000000
0.000000
0.000000
0.000000
0.000000
0.000000
0.000000
0.000000
0.000000
0.000000
0.000000
0.000000
0.000000
0.000000
0.000000
0.000000
0.000000
0.000000
0.000000
0.000000
