0.000000
0.028061
0.088036
0.216453
0.974569
3.549063
8.413909
18.162258
35.524194
67.379080
117.276727
194.770992
309.603001
481.597391
711.364456
1019.234444
1426.814521
1937.668460
2581.045871
3366.058949
4284.811326
5384.902114
6659.803606
8126.903756
9774.755860
11594.646402
13595.430780
15775.926958
18120.599077
20609.176652
23252.038597
26014.542065
28866.002864
31820.171362
34827.760086
37872.854123
40969.637729
44073.243047
47173.786076
50264.009130
53323.706797
56363.050230
59272.072967
62143.253752
64916.598223
67576.173765
70129.844995
72569.623830
74885.423175
77051.010481
79143.624257
81084.538895
82896.436460
84591.745067
86182.454456
87633.565628
88923.155907
90128.802783
91178.616623
92153.447877
93007.456719
93731.994731
94350.437424
94885.555763
95313.114883
95634.313714
95872.908204
96006.628201
96058.047010
96095.278025
96037.230991
95909.895234
95703.737595
95464.117730
95153.344857
94769.790460
94394.748690
93947.853262
93458.632038
92942.322706
92381.230702
91815.974985
91225.880258
90597.216675
89933.288408
89259.949671
88565.768532
87864.419027
87161.107093
86452.728946
85702.336662
84960.563696
84200.695062
83424.344911
82654.611031
81875.497479
81095.650419
80312.378465
79549.567468
78763.016091
77984.352161
77180.700258
76395.626239
75581.399268
74774.683669
73975.081248
73179.451694
72388.321450
71592.694963
70789.900487
69982.364978
69174.315340
68370.451833
67570.203291
66760.039799
65941.416866
65138.650138
64334.469730
63526.931871
62712.610475
61901.691155
61100.920172
60291.365324
59507.653935
58724.316238
57936.794557
57148.573570
56349.125092
55570.822889
54771.490427
53971.050116
53185.542784
52397.631608
51621.566380
50845.466910
50090.705200
49322.562689
48561.058004
47798.364096
47026.883101
46273.496492
45523.426952
44761.196964
44008.451129
43266.433817
42518.415061
41762.635054
41021.957431
40300.649504
39585.048958
38867.578798
38149.563650
37434.526166
36726.573301
36027.787516
35339.108362
34653.571461
33966.435964
33273.215253
32598.727349
31944.086918
31275.097101
30611.699658
29976.177784
29329.259539
28691.654251
28062.954345
27436.443564
26807.343113
26199.592691
25594.839518
24988.575775
24396.729324
23796.494723
23222.544984
22642.782929
22077.035963
21506.834550
20940.851462
20394.238719
19859.006049
19329.216890
18807.601297
18300.968985
17792.426964
17292.828014
16801.210629
16323.360156
15853.818482
15386.265654
14926.051190
14484.374783
14045.301195
13614.468852
13192.797943
12774.105700
12372.030268
11978.694474
11586.184265
11211.763539
10842.491709
10479.560106
10122.536169
9774.818584
9437.455237
9105.998464
8780.694026
8466.376258
8154.098236
7853.943243
7563.359869
7280.000771
7007.037231
6743.343009
6484.049383
6234.068968
5993.356112
5757.127049
5525.932236
5302.684841
5087.020434
4876.895962
4674.635502
4477.542432
4287.013608
4106.427570
3926.246666
3756.024776
3590.104808
3430.775607
3277.596104
3130.751895
2991.952940
2856.111669
2727.203827
2600.136156
2475.229629
2358.523548
2248.720465
2141.378478
2038.351890
1940.579888
1846.360522
1753.214510
1664.827658
1579.101047
1497.605852
1421.948587
1348.738467
1277.952598
1208.929380
1144.197565
1083.087894
1025.455836
969.299193
916.154849
864.492855
816.000860
770.273426
727.478196
686.332911
645.850874
608.835794
573.288718
539.755832
507.853533
477.376313
448.522938
421.499611
395.512017
372.044480
348.800617
327.030450
306.528217
286.525461
268.042478
250.394472
234.169053
218.464619
204.337024
190.514698
177.949658
166.223365
155.029403
145.213921
134.846748
125.191861
116.349829
108.201783
100.521504
93.610368
86.824381
80.407651
74.846527
69.556992
64.594573
59.814535
55.553260
51.427854
47.463768
44.108226
40.659769
37.599430
34.739875
32.182143
29.681662
27.249934
25.079556
23.134818
21.496913
19.693927
18.176996
16.690156
15.471329
14.250691
13.315349
12.362814
11.352942
10.467051
9.664996
9.017804
8.412514
7.779636
7.116713
6.606019
6.094913
5.678289
5.216014
4.737849
4.301947
4.051385
3.747853
3.503745
3.192293
2.834250
2.479108
2.293328
2.021542
1.833877
1.672315
1.499554
1.330743
1.231549
1.128448
0.996619
0.902893
0.832827
0.768994
0.688791
0.591830
0.533091
0.517420
0.460120
0.397017
0.372106
0.347525
0.295335
0.264407
0.238420
0.225447
0.201363
0.183859
0.164119
0.160032
0.154599
0.149483
0.136996
0.132131
0.116321
0.106285
0.095122
0.077742
0.067880
0.072907
0.060067
0.062252
0.058109
0.055429
0.045919
0.046100
0.040325
0.032804
0.034443
0.034396
0.029847
0.022473
0.022957
0.018040
0.014492
0.014835
0.013382
0.007722
0.006994
0.007231
0.010597
0.009147
0.011335
0.008892
0.005119
0.003114
0.002557
0.002457
0.002981
0.002338
0.003052
0.001879
0.000625
0.000014
0.000000
0.000000
0.000000
0.000000
0.000000
0.000000
0.000000
0.000000
0.000000
0.000000
0.000000
0.000000
0.000000
0.000000
0.000000
0.000000
0.000000
0.000000
0.000000
0.000000
0.000000
0.000000
0.000000
0.000000
0.000000
0.000000
0.000000
0.000000
0.000000
0.000000
0.000000
0.000000
0.000000
0.000000
0.000000
0.000000
0.000000
0.000000
0.000000
0.000000
0.000000
0.000000
0.000000
0.000000
0.000000
0.000000
0.000000
0.000000
0.000000
0.000000
0.000000
0.000000
0.000000
0.000000
0.000000
0.000000
0.000000
0.000000
0.000000
0.000000
0.000000
0.000000
0.000000
0.000000
0.000000
0.000000
0.000000
0.000000
0.000000
0.000000
0.000000
0.000000
0.000000
0.000000
0.000000
0.000000
0.000000
0.000000
0.000000
0.000000
0.000000
0.000000
0.000000
0.000000
0.000000
0.000000
0.000000
0.000000
0.000000
0.000000
0.000000
0.000000
0.000000
0.000000
0.000000
0.000000
0.000000
0.000000
0.000000
0.000000
0.000000
0.000000
0.000000
0.000000
0.000000
0.000000
0.000000
0.000000
0.000000
0.000000
0.000000
0.000000
0.000000
0.000000
0.000000
0.000000
0.000000
0.000000
0.000000
0.000000
0.000000
0.000000
0.000000
0.000000
0.000000
0.000000
0.000000
0.000000
0.000000
0.000000
0.000000
0.000000
0.000000
0.000000
0.000000
0.000000
0.000000
0.000000
0.000000
0.000000
0.000000
0.000000
0.000000
0.000000
0.000000
0.000000
0.000000
0.000000
0.000000
0.000000
0.000000
0.000000
0.000000
0.000000
0.000000
0.000000
0.000000
0.000000
0.000000
0.000000
0.000000
0.000000
0.000000
0.000000
0.000000
0.000000
0.000000
0.000000
0.000000
0.000000
0.000000
0.000000
0.000000
0.000000
0.000000
0.000000
0.000000
0.000000
0.000000
0.000000
0.000000
0.000000
0.000000
0.000000
0.000000
0.000000
0.000000
0.000000
0.000000
0.000000
0.000000
0.000000
0.000000
0.000000
0.000000
0.000000
0.000000
0.000000
0.000000
0.000000
0.000000
0.000000
0.000000
0.000000
0.000000
0.000000
0.000000
0.000000
0.000000
0.000000
0.000000
0.000000
0.000000
0.000000
0.000000
0.000000
0.000000
0.000000
0.000000
0.000000
0.000000
0.000000
0.000000
0.000000
0.000000
0.000000
0.000000
0.000000
0.000000
0.000000
0.000000
0.000000
0.000000
0.000000
0.000000
0.000000
0.000000
0.000000
0.000000
0.000000
0.000000
0.000000
0.000000
0.000000
0.000000
0.000000
0.000000
0.000000
0.000000
0.000000
0.000000
0.000000
0.000000
0.000000
0.000000
0.000000
0.000000
0.000000
0.000000
0.000000
0.000000
0.000000
0.000000
0.000000
0.000000
0.000000
0.000000
0.000000
0.000000
0.000000
0.000000
0.000000
0.000000
0.000000
0.000000
0.000000
0.000000
0.000000
0.000000
0.000000
0.000000
0.000000
0.000000
0.000000
0.000000
0.000000
0.000000
0.000000
0.000000
0.000000
0.000000
0.000000
0.000000
0.000000
0.000000
0.000000
0.000000
0.000000
0.000000
0.000000
0.000000
0.000000
0.000000
0.000000
0.000000
0.000000
0.000000
0.000000
0.000000
0.000000
0.000000
0.000000
0.000000
0.000000
0.000000
0.000000
0.000000
0.000000
0.000000
0.000000
0.000000
0.000000
0.000000
0.000000
0.000000
0.000000
0.000000
0.000000
0.000000
0.000000
0.000000
0.000000
0.000000
0.000000
0.000000
0.000000
0.000000
0.000000
0.000000
0.000000
0.000000
0.000000
0.000000
0.000000
0.000000
0.000000
0.000000
0.000000
0.000000
0.000000
0.000000
0.000000
0.000000
0.000000
0.000000
0.000000
0.000000
0.000000
0.000000
0.000000
0.000000
0.000000
0.000000
0.000000
0.000000
0.000000
0.000000
0.000000
0.000000
0.000000
0.000000
0.000000
0.000000
0.000000
0.000000
0.000000
0.000000
0.000000
0.000000
0.000000
0.000000
0.000000
0.000000
0.000000
0.000000
0.000000
0.000000
0.000000
0.000000
0.000000
0.000000
0.000000
0.000000
0.000000
0.000000
0.000000
0.000000
0.000000
0.000000
0.000000
0.000000
0.000000
0.000000
0.000000
0.000000
0.000000
0.000000
0.000000
0.000000
0.000000
0.000000
0.000000
0.000000
0.000000
0.000000
0.000000
0.000000
0.000000
0.000000
0.000000
0.000000
0.000000
0.000000
0.000000
0.000000
0.000000
0.000000
0.000000
0.000000
0.000000
0.000000
0.000000
0.000000
0.000000
0.000000
0.000000
0.000000
0.000000
0.000000
0.000000
0.000000
0.000000
0.000000
0.000000
0.000000
0.000000
0.000000
0.000000
0.000000
0.000000
0.000000
0.000000
0.000000
0.000000
0.000000
0.000000
0.000000
0.000000
0.000000
0.000000
0.000000
0.000000
0.000000
0.000000
0.000000
0.000000
0.000000
0.000000
0.000000
0.000000
0.000000
0.000000
0.000000
0.000000
0.000000
0.000000
0.000000
0.000000
0.000000
0.000000
0.000000
0.000000
0.000000
0.000000
0.000000
0.000000
0.000000
0.000000
0.000000
0.000000
0.000000
0.000000
0.000000
0.000000
0.000000
0.000000
0.000000
0.000000
0.000000
0.000000
0.000000
0.000000
0.000000
0.000000
0.000000
0.000000
0.000000
0.000000
0.000000
0.000000
0.000000
0.000000
0.000000
0.000000
0.000000
0.000000
0.000000
0.000000
0.000000
0.000000
0.000000
0.000000
0.000000
0.000000
0.000000
0.000000
0.000000
0.000000
0.000000
0.000000
0.000000
0.000000
0.000000
0.000000
0.000000
0.000000
0.000000
0.000000
0.000000
0.000000
0.000000
0.000000
0.000000
0.000000
0.000000
0.000000
0.000000
0.000000
0.000000
0.000000
0.000000
0.000000
0.000000
0.000000
0.000000
0.000000
0.000000
0.000000
0.000000
0.000000
0.000000
0.000000
0.000000
0.000000
0.000000
0.000000
0.000000
0.000000
0.000000
0.000000
0.000000
0.000000
0.000000
0.000000
0.000000
0.000000
0.000000
0.000000
0.000000
0.000000
0.000000
0.000000
0.000000
0.000000
0.000000
0.000000
0.000000
0.000000
0.000000
0.000000
0.000000
0.000000
0.000000
