0.000000
0.000000
0.000000
0.000000
1.538880
1.624719
2.703890
2.882429
7.810594
8.965346
20.316566
35.069812
54.872590
98.291223
168.714120
260.226238
402.798888
617.101032
819.876261
1085.927990
1497.381143
1955.354702
2502.823600
3224.228455
4152.815344
5111.264671
6198.562860
7425.512555
8829.417510
10333.136817
11898.087091
13811.238940
15947.229973
18086.718088
20147.248872
22463.900835
24879.078485
27350.919239
29830.796339
32604.599185
35585.447189
38265.830958
41074.538377
43895.407348
46568.367500
49041.717667
51707.321059
54727.021914
57240.308450
59749.813686
62196.691781
64482.668729
66667.549679
69247.217337
71608.104547
73819.187148
76025.795362
77831.383491
79534.197476
81011.707615
82481.071749
83588.058493
85043.539619
86187.974994
87191.734171
88246.227172
89350.398393
90440.786523
91259.419720
91913.198397
92669.168965
93218.631366
93518.997450
93857.066119
94055.577005
94069.300782
94266.016264
94408.500947
94313.467495
94308.956476
94186.375875
93803.804910
93899.129479
93590.509697
93242.418840
92874.086762
92318.357795
91814.361522
91354.089947
90924.291380
90260.481508
89587.003461
89018.657204
88433.628017
87824.305288
87219.360002
86659.191775
85961.348766
85459.263795
84682.775343
83796.001686
82955.832366
82335.546900
81497.098672
80518.832784
79696.601024
79034.390476
78362.786088
77734.498625
76864.236011
75963.754321
74998.559181
74272.153746
73413.367981
72662.904068
71830.379784
70779.623297
69846.212601
69117.829544
68253.114203
67398.711427
66373.054232
65292.483097
64567.141220
63410.158293
62473.494457
61678.773720
60910.704629
59988.746537
59091.305700
58239.377669
57269.266407
56457.276002
55609.244985
54660.367251
53704.062515
53035.111675
52262.194612
51420.699341
50491.520769
49668.231845
48773.301758
47909.070790
47167.379063
46378.635511
45657.201751
44881.353096
44043.496731
43245.013359
42575.935342
41811.498948
41044.934523
40230.541177
39545.491333
38824.421615
37984.813571
37221.862884
36515.943193
35785.847119
35176.122592
34574.500776
33840.791123
33215.848122
32539.732443
31853.480371
31239.842196
30607.127002
30090.008329
29456.103390
28781.264978
28196.001655
27675.072746
27036.161784
26474.562410
25947.126311
25374.165162
24809.671430
24215.113662
23712.785775
23220.372329
22700.809378
22139.903297
21596.068688
21108.888646
20555.328779
20125.822484
19722.868134
19229.521610
18765.065684
18275.731181
17786.948852
17430.929868
17017.311860
16574.407937
16159.854638
15809.557897
15397.532627
15039.997619
14617.957807
14210.158537
13821.984998
13467.751626
13044.666999
12705.721138
12401.402758
12121.487797
11714.891620
11387.331800
11050.322693
10759.871792
10487.040427
10162.959883
9912.097339
9651.530707
9383.383297
9071.343937
8826.079515
8516.168386
8291.227742
7996.771491
7705.711249
7466.612718
7273.816430
7042.487404
6823.815054
6602.817580
6424.543255
6228.507886
6015.767806
5823.112335
5627.270109
5459.202924
5281.250847
5132.341428
4969.384986
4801.121272
4640.010433
4486.970782
4328.702002
4202.783745
4049.481222
3920.205458
3804.596656
3660.696049
3520.660217
3387.903730
3250.615955
3141.667497
3011.767829
2921.404724
2812.609220
2699.852334
2587.766120
2462.350885
2359.905884
2280.973938
2186.501117
2086.205074
2013.436223
1933.792891
1841.632224
1781.261003
1693.293138
1610.058701
1562.235861
1497.102099
1440.406810
1367.504579
1311.595806
1277.289336
1235.887753
1192.709491
1142.736547
1107.823196
1045.898000
979.766242
930.018334
883.258606
850.121126
808.154207
777.046051
740.238719
713.158152
678.980582
638.916855
618.716360
595.982047
561.163376
538.540936
517.518458
488.556772
452.190353
433.511696
413.582776
390.987191
371.939490
360.013861
341.040343
327.623104
320.843644
304.873448
292.555679
279.328624
262.589615
253.460406
239.907934
224.527530
214.481572
202.283355
184.941240
173.605189
169.562066
172.298026
159.449925
151.457477
138.679187
129.167287
119.782565
108.575629
100.952191
96.999944
93.261817
87.385065
82.632227
74.759886
71.562091
62.942416
60.772337
61.713896
59.898797
56.230140
55.072706
49.093052
44.174004
39.168121
35.352990
32.861241
32.707782
30.385648
26.966482
24.628752
25.056367
23.300447
21.806203
23.551393
21.157066
19.550085
19.454246
17.603517
17.678225
15.039763
15.281854
14.051414
12.879729
12.181253
11.665022
10.643250
9.168247
8.417337
8.133223
7.882353
7.222415
7.189684
6.747653
5.552776
5.304998
4.942564
4.069645
4.316051
4.049989
4.149134
4.518998
3.756222
3.613833
3.820817
3.850179
3.524987
3.228960
3.881041
3.947545
3.891947
3.759971
3.262130
2.953502
2.865188
2.207276
2.417683
1.844163
2.379341
1.728468
1.521524
1.263622
1.212120
1.009234
0.830679
0.955724
1.203978
0.779361
0.851733
0.615103
0.691718
0.770396
0.626205
0.337189
0.287275
0.276041
0.187946
0.143929
0.097991
0.065046
0.009717
0.000000
0.000000
0.000000
0.000000
0.000000
0.000000
0.000000
0.000000
0.000000
0.000000
0.000000
0.000000
0.000000
0.000000
0.000000
0.000000
0.000000
0.000000
0.000000
0.000000
0.000000
0.000000
0.000000
0.000000
0.000000
0.000000
0.000000
0.000000
0.000000
0.000000
0.000000
0.000000
0.000000
0.000000
0.000000
0.000000
0.000000
0.000000
0.000000
0.000000
0.000000
0.000000
0.000000
0.000000
0.000000
0.000000
0.000000
0.000000
0.000000
0.000000
0.000000
0.000000
0.000000
0.000000
0.000000
0.000000
0.000000
0.000000
0.000000
0.000000
0.000000
0.000000
0.000000
0.000000
0.000000
0.000000
0.000000
0.000000
0.000000
0.000000
0.000000
0.000000
0.000000
0.000000
0.000000
0.000000
0.000000
0.000000
0.000000
0.000000
0.000000
0.000000
0.000000
0.000000
0.000000
0.000000
0.000000
0.000000
0.000000
0.000000
0.000000
0.000000
0.000000
0.000000
0.000000
0.000000
0.000000
0.000000
0.000000
0.000000
0.000000
0.000000
0.000000
0.000000
0.000000
0.000000
0.000000
0.000000
0.000000
0.000000
0.000000
0.000000
0.000000
0.000000
0.000000
0.000000
0.000000
0.000000
0.000000
0.000000
0.000000
0.000000
0.000000
0.000000
0.000000
0.000000
0.000000
0.000000
0.000000
0.000000
0.000000
0.000000
0.000000
0.000000
0.000000
0.000000
0.000000
0.000000
0.000000
0.000000
0.000000
0.000000
0.000000
0.000000
0.000000
0.000000
0.000000
0.000000
0.000000
0.000000
0.000000
0.000000
0.000000
0.000000
0.000000
0.000000
0.000000
0.000000
0.000000
0.000000
0.000000
0.000000
0.000000
0.000000
0.000000
0.000000
0.000000
0.000000
0.000000
0.000000
0.000000
0.000000
0.000000
0.000000
0.000000
0.000000
0.000000
0.000000
0.000000
0.000000
0.000000
0.000000
0.000000
0.000000
0.000000
0.000000
0.000000
0.000000
0.000000
0.000000
0.000000
0.000000
0.000000
0.000000
0.000000
0.000000
0.000000
0.000000
0.000000
0.000000
0.000000
0.000000
0.000000
0.000000
0.000000
0.000000
0.000000
0.000000
0.000000
0.000000
0.000000
0.000000
0.000000
0.000000
0.000000
0.000000
0.000000
0.000000
0.000000
0.000000
0.000000
0.000000
0.000000
0.000000
0.000000
0.000000
0.000000
0.000000
0.000000
0.000000
0.000000
0.000000
0.000000
0.000000
0.000000
0.000000
0.000000
0.000000
0.000000
0.000000
0.000000
0.000000
0.000000
0.000000
0.000000
0.000000
0.000000
0.000000
0.000000
0.000000
0.000000
0.000000
0.000000
0.000000
0.000000
0.000000
0.000000
0.000000
0.000000
0.000000
0.000000
0.000000
0.000000
0.000000
0.000000
0.000000
0.000000
0.000000
0.000000
0.000000
0.000000
0.000000
0.000000
0.000000
0.000000
0.000000
0.000000
0.000000
0.000000
0.000000
0.000000
0.000000
0.000000
0.000000
0.000000
0.000000
0.000000
0.000000
0.000000
0.000000
0.000000
0.000000
0.000000
0.000000
0.000000
0.000000
0.000000
0.000000
0.000000
0.000000
0.000000
0.000000
0.000000
0.000000
0.000000
0.000000
0.000000
0.000000
0.000000
0.000000
0.000000
0.000000
0.000000
0.000000
0.000000
0.000000
0.000000
0.000000
0.000000
0.000000
0.000000
0.000000
0.000000
0.000000
0.000000
0.000000
0.000000
0.000000
0.000000
0.000000
0.000000
0.000000
0.000000
0.000000
0.000000
0.000000
0.000000
0.000000
0.000000
0.000000
0.000000
0.000000
0.000000
0.000000
0.000000
0.000000
0.000000
0.000000
0.000000
0.000000
0.000000
0.000000
0.000000
0.000000
0.000000
0.000000
0.000000
0.000000
0.000000
0.000000
0.000000
0.000000
0.000000
0.000000
0.000000
0.000000
0.000000
0.000000
0.000000
0.000000
0.000000
0.000000
0.000000
0.000000
0.000000
0.000000
0.000000
0.000000
0.000000
0.000000
0.000000
0.000000
0.000000
0.000000
0.000000
0.000000
0.000000
0.000000
0.000000
0.000000
0.000000
0.000000
0.000000
0.000000
0.000000
0.000000
0.000000
0.000000
0.000000
0.000000
0.000000
0.000000
0.000000
0.000000
0.000000
0.000000
0.000000
0.000000
0.000000
0.000000
0.000000
0.000000
0.000000
0.000000
0.000000
0.000000
0.000000
0.000000
0.000000
0.000000
0.000000
0.000000
0.000000
0.000000
0.000000
0.000000
0.000000
0.000000
0.000000
0.000000
0.000000
0.000000
0.000000
0.000000
0.000000
0.000000
0.000000
0.000000
0.000000
0.000000
0.000000
0.000000
0.000000
0.000000
0.000000
0.000000
0.000000
0.000000
0.000000
0.000000
0.000000
0.000000
0.000000
0.000000
0.000000
0.000000
0.000000
0.000000
0.000000
0.000000
0.000000
0.000000
0.000000
0.000000
0.000000
0.000000
0.000000
0.000000
0.000000
0.000000
0.000000
0.000000
0.000000
0.000000
0.000000
0.000000
0.000000
0.000000
0.000000
0.000000
0.000000
0.000000
0.000000
0.000000
0.000000
0.000000
0.000000
0.000000
0.000000
0.000000
0.000000
0.000000
0.000000
0.000000
0.000000
0.000000
0.000000
0.000000
0.000000
0.000000
0.000000
0.000000
0.000000
0.000000
0.000000
0.000000
0.000000
0.000000
0.000000
0.000000
0.000000
0.000000
0.000000
0.000000
0.000000
0.000000
0.000000
0.000000
0.000000
0.000000
0.000000
0.000000
0.000000
0.000000
0.000000
0.000000
0.000000
0.000000
0.000000
0.000000
0.000000
0.000000
0.000000
0.000000
0.000000
0.000000
0.000000
0.000000
0.000000
0.000000
0.000000
0.000000
0.000000
0.000000
0.000000
0.000000
0.000000
0.000000
0.000000
0.000000
0.000000
0.000000
0.000000
0.000000
0.000000
0.000000
0.000000
0.000000
0.000000
0.000000
0.000000
0.000000
0.000000
0.000000
0.000000
0.000000
0.000000
0.000000
0.000000
0.000000
0.000000
0.000000
0.000000
0.000000
0.000000
0.000000
0.000000
0.000000
0.000000
0.000000
0.000000
0.000000
0.000000
0.000000
0.000000
0.000000
0.000000
0.000000
0.000000
0.000000
