0.000000
0.000000
0.000000
0.000000
0.000000
0.000000
0.000000
0.000000
0.000000
0.000000
0.000000
0.000000
0.000000
0.000000
0.000000
0.000000
0.000000
0.006558
0.028891
0.307487
0.364292
1.032331
2.515605
3.888250
6.995075
12.055825
22.328241
36.891012
59.299896
94.957917
146.297197
224.737855
329.311085
479.801181
679.021507
951.845671
1307.919068
1777.404785
2373.416319
3102.980622
4009.645877
5085.456520
6365.630719
7896.848679
9678.119693
11710.890600
13985.507389
16571.302725
19368.500503
22497.762489
25860.450381
29497.325343
33374.004503
37369.769179
41588.920776
45953.233361
50311.723608
54854.717629
59446.621505
64074.723875
68691.177191
73263.269202
77707.435883
82110.225142
86409.752571
90642.082307
94679.081862
98467.640959
102127.903302
105563.964853
108740.149523
111813.364074
114645.438047
117222.371347
119617.322501
121818.771831
123773.129782
125437.685676
126965.500130
128216.467982
129386.092271
130407.582111
131197.263193
131795.060251
132274.034978
132490.008779
132591.923154
132666.747848
132562.381845
132348.433545
132098.741438
131665.548308
131209.015719
130532.964716
129823.254821
128968.244104
128116.028648
127252.862096
126310.332015
125296.515040
124223.624324
123110.610850
121944.504838
120712.223596
119485.657425
118241.378369
116872.847795
115524.656471
114186.845850
112795.712135
111335.452957
109811.912617
108307.314903
106685.918754
105038.637169
103460.201685
101763.075291
100069.859494
98320.184864
96571.959982
94724.623304
92912.677457
91068.218734
89157.659446
87255.440942
85320.976274
83372.940559
81390.951028
79440.349499
77404.236310
75389.212348
73340.824864
71290.307686
69251.930880
67178.757635
65153.207993
63084.903630
60986.799894
58912.557578
56852.211544
54772.700214
52741.856633
50690.114762
48708.476867
46720.735728
44749.674451
42828.147980
40924.393802
39055.392301
37232.839524
35453.834810
33713.982883
31970.583819
30286.503138
28648.935836
27059.677854
25535.718886
24047.275435
22604.818671
21209.302275
19875.794115
18606.507622
17373.837512
16212.861770
15089.789548
14019.960055
13015.285138
12083.830226
11170.500006
10314.242493
9519.934050
8770.240493
8072.317560
7398.777273
6774.195903
6204.191471
5666.990761
5168.918277
4704.659481
4286.438377
3888.084622
3535.056449
3199.517024
2887.795954
2602.556833
2337.942666
2101.661019
1886.335446
1688.712351
1510.335766
1346.284211
1195.495547
1058.725777
940.086185
832.537038
736.804612
648.410869
569.986517
501.732924
441.215150
386.621546
339.329671
296.288309
257.182317
223.039257
193.921850
167.327764
144.200419
124.053916
106.163227
90.971096
77.309116
66.411170
56.197712
48.637203
41.455162
35.145169
29.722972
25.532405
21.338407
17.622165
14.933661
12.822186
10.418621
8.554367
6.829630
5.810054
4.855757
4.096239
3.263439
2.612850
2.228861
1.842743
1.428896
1.250946
1.055303
0.923455
0.730127
0.568372
0.443871
0.333347
0.244964
0.219701
0.189338
0.188339
0.103617
0.083202
0.074620
0.071606
0.043793
0.025543
0.016615
0.018032
0.012939
0.014708
0.005424
0.001890
0.000000
0.000000
0.000000
0.000000
0.000000
0.000000
0.000000
0.000000
0.000000
0.000000
0.000000
0.000000
0.000000
0.000000
0.000000
0.000000
0.000000
0.000000
0.000000
0.000000
0.000000
0.000000
0.000000
0.000000
0.000000
0.000000
0.000000
0.000000
0.000000
0.000000
0.000000
0.000000
0.000000
0.000000
0.000000
0.000000
0.000000
0.000000
0.000000
0.000000
0.000000
0.000000
0.000000
0.000000
0.000000
0.000000
0.000000
0.000000
0.000000
0.000000
0.000000
0.000000
0.000000
0.000000
0.000000
0.000000
0.000000
0.000000
0.000000
0.000000
0.000000
0.000000
0.000000
0.000000
0.000000
0.000000
0.000000
0.000000
0.000000
0.000000
0.000000
0.000000
0.000000
0.000000
0.000000
0.000000
0.000000
0.000000
0.000000
0.000000
0.000000
0.000000
0.000000
0.000000
0.000000
0.000000
0.000000
0.000000
0.000000
0.000000
0.000000
0.000000
0.000000
0.000000
0.000000
0.000000
0.000000
0.000000
0.000000
0.000000
0.000000
0.000000
0.000000
0.000000
0.000000
0.000000
0.000000
0.000000
0.000000
0.000000
0.000000
0.000000
0.000000
0.000000
0.000000
0.000000
0.000000
0.000000
0.000000
0.000000
0.000000
0.000000
0.000000
0.000000
0.000000
0.000000
0.000000
0.000000
0.000000
0.000000
0.000000
0.000000
0.000000
0.000000
0.000000
0.000000
0.000000
0.000000
0.000000
0.000000
0.000000
0.000000
0.000000
0.000000
0.000000
0.000000
0.000000
0.000000
0.000000
0.000000
0.000000
0.000000
0.000000
0.000000
0.000000
0.000000
0.000000
0.000000
0.000000
0.000000
0.000000
0.000000
0.000000
0.000000
0.000000
0.000000
0.000000
0.000000
0.000000
0.000000
0.000000
0.000000
0.000000
0.000000
0.000000
0.000000
0.000000
0.000000
0.000000
0.000000
0.000000
0.000000
0.000000
0.000000
0.000000
0.000000
0.000000
0.000000
0.000000
0.000000
0.000000
0.000000
0.000000
0.000000
0.000000
0.000000
0.000000
0.000000
0.000000
0.000000
0.000000
0.000000
0.000000
0.000000
0.000000
0.000000
0.000000
0.000000
0.000000
0.000000
0.000000
0.000000
0.000000
0.000000
0.000000
0.000000
0.000000
0.000000
0.000000
0.000000
0.000000
0.000000
0.000000
0.000000
0.000000
0.000000
0.000000
0.000000
0.000000
0.000000
0.000000
0.000000
0.000000
0.000000
0.000000
0.000000
0.000000
0.000000
0.000000
0.000000
0.000000
0.000000
0.000000
0.000000
