0.217284
3.011633
19.633795
57.256672
169.491934
367.505535
730.313793
1300.847011
2146.518926
3352.951105
4985.267600
7057.551556
9641.070145
12771.601923
16488.118934
20645.892639
25165.415929
30129.787538
35386.882795
40917.164631
46424.595957
52020.810494
57740.055051
63243.737990
68516.532870
73749.797673
78736.202790
83184.484697
87358.015981
91263.169510
94687.847459
97776.997473
100422.302817
102590.937730
104461.867348
105950.452613
107012.921469
107846.044677
108270.902189
108239.623930
108089.923011
107872.240526
107189.213014
106390.074166
105483.523124
104377.778450
103086.032093
101791.633146
100257.025305
98786.800915
97210.683071
95561.015236
93830.179227
92217.008069
90430.279471
88621.198782
86878.590658
85134.643211
83437.954502
81822.777306
80197.319436
78637.934882
76992.886844
75434.211005
73865.263251
72356.657099
70855.259615
69415.690379
67993.745590
66675.722798
65378.509017
64057.050085
62826.886335
61668.846579
60557.243284
59413.086188
58350.899544
57360.623329
56373.232874
55373.670465
54452.398629
53549.410139
52659.731896
51892.881705
51057.096869
50319.095841
49537.991978
48859.053530
48175.702375
47489.422176
46815.614630
46135.711279
45511.740179
44891.429803
44306.578420
43756.094720
43208.080397
42650.881434
42184.114051
41728.021028
41249.717853
40812.872732
40394.030584
39987.137896
39598.123147
39276.646675
38928.435423
38526.214906
38151.396605
37771.118494
37442.727409
37125.338975
36819.361381
36466.562131
36201.652021
35913.036242
35681.872583
35439.796807
35234.836484
34991.478917
34738.565687
34496.003691
34299.807903
34059.955211
33840.619143
33602.036889
33409.767217
33211.264785
33045.226927
32807.637498
32590.658386
32420.333626
32238.788685
32084.805649
31949.481307
31780.300439
31619.087397
31411.734677
31264.241419
31110.062712
30961.028851
30780.159923
30637.687162
30476.127098
30309.303545
30182.319624
30044.207109
29882.501755
29758.943550
29594.788791
29424.849832
29274.851389
29112.129312
28971.884962
28796.131881
28646.666208
28489.811445
28323.177776
28173.325614
28027.239682
27842.182094
27682.812406
27527.697321
27361.407572
27169.407483
26993.278454
26811.204866
26645.684108
26481.654398
26265.062129
26082.765319
25901.729406
25708.965054
25505.869248
25273.945147
25062.407879
24814.858873
24617.187810
24428.312961
24208.049799
23988.728720
23743.101357
23520.867376
23274.854327
23045.411985
22835.240979
22618.365951
22376.401046
22133.975876
21894.221510
21629.722285
21422.610683
21199.478962
20953.597651
20669.605423
20392.378869
20152.252445
19883.211554
19633.163450
19395.584088
19142.127839
18872.794292
18605.153494
18348.825097
18081.153006
17833.806405
17572.319952
17308.528936
17061.840220
16815.519926
16554.762137
16305.965989
16039.781292
15797.101310
15553.227497
15299.455814
15014.314726
14752.540734
14509.333434
14256.150363
14011.413714
13770.146847
13526.612854
13276.197293
13039.404686
12784.305008
12537.086286
12278.125029
12027.680300
11805.068677
11553.611403
11316.575012
11093.314377
10857.162009
10619.356625
10383.334557
10149.898881
9938.163007
9712.111313
9481.510241
9267.846474
9053.920520
8833.370718
8625.314567
8421.440720
8220.171113
8024.027362
7827.022976
7631.441337
7434.437844
7230.777038
7036.049654
6865.565484
6675.637689
6484.120400
6308.234560
6135.843438
5970.831426
5808.303892
5647.370636
5483.349398
5325.659140
5161.600774
5012.446338
4863.121939
4716.064064
4580.331205
4429.380195
4283.470378
4149.143717
4007.027862
3866.993556
3742.334552
3628.077590
3515.393633
3396.070308
3282.868462
3174.252536
3068.976238
2966.384155
2863.734043
2762.547182
2664.832683
2571.184969
2482.833966
2391.797542
2315.834495
2231.462680
2144.072208
2064.297507
1993.596108
1919.354343
1847.788876
1778.159074
1708.557720
1644.633934
1580.146565
1518.406460
1456.208925
1392.232806
1334.001008
1284.960235
1233.768649
1183.829280
1131.995854
1085.892292
1041.906964
1000.115436
955.377766
915.478608
874.486147
836.431071
804.626199
771.755206
736.362617
702.390012
673.880083
645.396704
615.449801
588.889615
561.581267
536.060271
512.310040
488.529745
467.861117
446.096348
425.193365
404.475337
386.671286
366.311214
348.402938
329.393123
313.302783
296.611677
281.251496
266.564504
252.469870
239.384324
227.576207
217.123986
205.655644
195.699701
186.617504
176.842860
168.004558
157.645755
149.609900
141.978704
133.942576
125.937662
119.220456
112.687763
104.516755
100.019416
94.542115
88.183232
83.068395
78.242466
73.405195
69.029882
64.972161
60.511972
56.535042
52.725190
49.254963
46.409684
43.355662
40.968345
38.874268
37.087853
34.799980
33.005194
31.449895
28.947798
27.177055
26.391495
24.624288
23.504645
21.594277
19.484192
18.131555
16.767991
15.444661
14.400875
13.130784
12.181192
11.625853
10.748124
10.274083
9.743363
8.856326
8.445094
7.383585
7.295153
6.514872
5.792648
5.415155
5.073490
4.657670
4.349126
4.059036
3.718726
3.471434
3.021947
2.657180
2.705834
2.690488
2.396120
2.022041
1.622977
1.487246
1.299122
1.185795
1.225927
0.953766
0.891078
0.790573
0.772246
0.731719
0.651517
0.592144
0.584736
0.551352
0.527295
0.483636
0.508149
0.409110
0.374195
0.307466
0.311781
0.281198
0.271801
0.213597
0.190848
0.177416
0.167054
0.147442
0.173719
0.135568
0.118810
0.108284
0.081378
0.094794
0.070998
0.055001
0.046807
0.044108
0.050777
0.028242
0.036681
0.028363
0.028451
0.022886
0.011937
0.014129
0.009561
0.005407
0.006200
0.009399
0.001784
0.005076
0.006370
0.001135
0.000000
0.000000
0.000000
0.000000
0.000000
0.000000
0.000000
0.000000
0.000000
0.000000
0.000000
0.000000
0.000000
0.000000
0.000000
0.000000
0.000000
0.000000
0.000000
0.000000
0.000000
0.000000
0.000000
0.000000
0.000000
0.000000
0.000000
0.000000
0.000000
0.000000
0.000000
0.000000
0.000000
0.000000
0.000000
0.000000
0.000000
0.000000
0.000000
0.000000
0.000000
0.000000
0.000000
0.000000
0.000000
0.000000
0.000000
0.000000
0.000000
0.000000
0.000000
0.000000
0.000000
0.000000
0.000000
0.000000
0.000000
0.000000
0.000000
0.000000
0.000000
0.000000
0.000000
0.000000
0.000000
0.000000
0.000000
0.000000
0.000000
0.000000
0.000000
0.000000
0.000000
0.000000
0.000000
0.000000
0.000000
0.000000
0.000000
0.000000
0.000000
0.000000
0.000000
0.000000
0.000000
0.000000
0.000000
0.000000
0.000000
0.000000
0.000000
0.000000
0.000000
0.000000
0.000000
0.000000
0.000000
0.000000
0.000000
0.000000
0.000000
0.000000
0.000000
0.000000
0.000000
0.000000
0.000000
0.000000
0.000000
0.000000
0.000000
0.000000
0.000000
0.000000
0.000000
0.000000
0.000000
0.000000
0.000000
0.000000
0.000000
0.000000
0.000000
0.000000
0.000000
0.000000
0.000000
0.000000
0.000000
0.000000
0.000000
0.000000
0.000000
0.000000
0.000000
0.000000
0.000000
0.000000
0.000000
0.000000
0.000000
0.000000
0.000000
0.000000
0.000000
0.000000
0.000000
0.000000
0.000000
0.000000
0.000000
0.000000
0.000000
0.000000
0.000000
0.000000
0.000000
0.000000
0.000000
0.000000
0.000000
0.000000
0.000000
0.000000
0.000000
0.000000
0.000000
0.000000
0.000000
0.000000
0.000000
0.000000
0.000000
0.000000
0.000000
0.000000
0.000000
0.000000
0.000000
0.000000
0.000000
0.000000
0.000000
0.000000
0.000000
0.000000
0.000000
0.000000
0.000000
0.000000
0.000000
0.000000
0.000000
0.000000
0.000000
0.000000
0.000000
0.000000
0.000000
0.000000
0.000000
0.000000
0.000000
0.000000
0.000000
0.000000
0.000000
0.000000
0.000000
0.000000
0.000000
0.000000
0.000000
0.000000
0.000000
0.000000
0.000000
0.000000
0.000000
0.000000
0.000000
0.000000
0.000000
0.000000
0.000000
0.000000
0.000000
0.000000
0.000000
0.000000
0.000000
0.000000
0.000000
0.000000
0.000000
0.000000
0.000000
0.000000
0.000000
0.000000
0.000000
0.000000
0.000000
0.000000
0.000000
0.000000
0.000000
0.000000
0.000000
0.000000
0.000000
0.000000
0.000000
0.000000
0.000000
0.000000
0.000000
0.000000
0.000000
0.000000
0.000000
0.000000
0.000000
0.000000
0.000000
0.000000
0.000000
0.000000
0.000000
0.000000
0.000000
0.000000
0.000000
0.000000
0.000000
0.000000
0.000000
0.000000
0.000000
0.000000
0.000000
0.000000
0.000000
0.000000
0.000000
0.000000
0.000000
0.000000
0.000000
0.000000
0.000000
0.000000
0.000000
0.000000
0.000000
0.000000
0.000000
0.000000
0.000000
0.000000
0.000000
0.000000
0.000000
0.000000
0.000000
0.000000
0.000000
0.000000
0.000000
0.000000
0.000000
0.000000
0.000000
0.000000
0.000000
0.000000
0.000000
0.000000
0.000000
0.000000
0.000000
0.000000
0.000000
0.000000
0.000000
0.000000
0.000000
0.000000
0.000000
0.000000
0.000000
0.000000
0.000000
0.000000
0.000000
0.000000
0.000000
0.000000
0.000000
0.000000
0.000000
0.000000
0.000000
0.000000
0.000000
0.000000
0.000000
0.000000
0.000000
0.000000
0.000000
0.000000
0.000000
0.000000
0.000000
0.000000
0.000000
0.000000
0.000000
0.000000
0.000000
0.000000
0.000000
0.000000
0.000000
0.000000
0.000000
0.000000
0.000000
0.000000
0.000000
0.000000
0.000000
0.000000
0.000000
0.000000
0.000000
0.000000
0.000000
0.000000
0.000000
0.000000
0.000000
0.000000
0.000000
0.000000
0.000000
0.000000
0.000000
0.000000
0.000000
0.000000
0.000000
0.000000
0.000000
0.000000
0.000000
0.000000
0.000000
0.000000
0.000000
0.000000
0.000000
0.000000
0.000000
0.000000
0.000000
0.000000
0.000000
0.000000
0.000000
0.000000
0.000000
0.000000
0.000000
0.000000
0.000000
0.000000
0.000000
0.000000
0.000000
0.000000
0.000000
0.000000
0.000000
0.000000
0.000000
0.000000
0.000000
0.000000
0.000000
0.000000
0.000000
0.000000
0.000000
0.000000
0.000000
0.000000
0.000000
0.000000
0.000000
0.000000
0.000000
0.000000
0.000000
0.000000
0.000000
0.000000
0.000000
0.000000
0.000000
0.000000
0.000000
0.000000
0.000000
0.000000
0.000000
0.000000
0.000000
0.000000
0.000000
0.000000
0.000000
0.000000
0.000000
0.000000
0.000000
0.000000
0.000000
0.000000
0.000000
0.000000
0.000000
0.000000
0.000000
0.000000
0.000000
0.000000
0.000000
0.000000
0.000000
0.000000
0.000000
0.000000
0.000000
0.000000
0.000000
0.000000
0.000000
0.000000
0.000000
0.000000
0.000000
0.000000
0.000000
0.000000
0.000000
0.000000
0.000000
0.000000
0.000000
0.000000
0.000000
0.000000
0.000000
0.000000
0.000000
0.000000
0.000000
0.000000
0.000000
0.000000
0.000000
0.000000
0.000000
0.000000
0.000000
0.000000
0.000000
0.000000
0.000000
0.000000
0.000000
0.000000
0.000000
0.000000
0.000000
0.000000
0.000000
0.000000
0.000000
0.000000
0.000000
0.000000
0.000000
0.000000
0.000000
0.000000
