3.901236
8.721631
26.744892
83.260686
207.070719
385.002858
697.983761
1184.132815
1900.389947
3036.117192
4432.827291
6142.114844
8373.442519
11265.991184
14179.449461
17501.999197
21282.668327
25115.155980
29610.650252
33952.396719
38557.447822
43125.571828
47672.257321
52393.243571
56866.076508
60838.507412
65316.226432
68647.666359
72291.598076
75440.603969
78208.745877
80428.339460
82841.658125
84653.149976
86106.804385
87300.580408
88420.388891
89289.121273
90137.366555
90702.156587
90866.060549
90950.672762
90595.188045
90197.834120
89736.000195
89259.861914
88498.456275
87583.661824
86806.066469
85994.665809
85030.246602
84156.335548
83374.736413
82635.158023
81591.548154
80674.076305
79325.056522
78142.806655
76973.389717
75714.260006
74562.461057
73540.170017
72277.687772
71428.768070
70377.750358
69060.809437
68178.052503
67164.900534
66164.007615
65192.373056
64299.334086
63427.249164
62625.310794
61706.308309
60793.830847
60031.753755
59235.028521
58400.402909
57628.098467
56851.150050
56176.312274
55357.255093
54488.884360
53678.394575
53104.996680
52363.916259
51642.231623
51082.879061
50447.358771
50046.845321
49525.187299
49062.607120
48440.622447
47880.579296
47331.620838
46772.584968
46285.119110
45744.121226
45134.280701
44510.159086
44076.651443
43654.257924
43186.569720
42728.645453
42227.750784
41800.997500
41471.834038
41225.309285
40882.846697
40414.421566
40049.565617
39765.873057
39545.178838
39389.484912
39253.905854
38853.495842
38430.691844
38087.580216
37803.784061
37637.214795
37357.765282
36998.632461
36563.222803
36293.960736
36278.452006
36050.121278
35862.339737
35595.600926
35229.342989
35015.100006
34858.189415
34693.860745
34376.995566
34260.965535
34001.600566
33836.368397
33755.347237
33580.116478
33374.411123
33282.876324
33081.748986
32911.326126
32679.535490
32409.454038
32310.778474
32091.793759
31900.570858
31758.131703
31541.719171
31401.596472
31170.812673
31054.512709
30914.512336
30791.986469
30720.575041
30527.267735
30396.521657
30234.355432
30081.566395
29831.611956
29654.505454
29462.379411
29310.062631
29056.432110
28788.563963
28541.452388
28397.411030
28255.007260
28156.773867
27980.828189
27665.065404
27441.329201
27284.677223
27036.649890
26802.244783
26670.904549
26437.092269
26352.754721
26204.652955
26012.282315
25822.924797
25687.921775
25483.933356
25331.037158
25050.992901
24773.664830
24630.675567
24480.664383
24283.570400
24130.863339
23918.311715
23764.664131
23619.943693
23394.576778
23121.540684
22944.159039
22700.063171
22514.768775
22292.228178
22069.878033
21757.058083
21528.368633
21242.820473
21064.937586
20893.713396
20604.838925
20451.516777
20185.506915
19887.869901
19682.553257
19433.691614
19214.163674
18961.648094
18711.713291
18487.270621
18249.230474
18021.480827
17762.515964
17533.228133
17312.956412
17110.938687
16917.933368
16686.788231
16470.145577
16214.217543
15996.881145
15802.842448
15516.364301
15225.562777
14981.578727
14731.547023
14493.936525
14307.774391
14069.049983
13860.478259
13599.443701
13361.979201
13138.493716
12886.149113
12663.666751
12410.005446
12215.320603
12005.508118
11795.765014
11548.744510
11350.478243
11091.299802
10897.444643
10708.905313
10513.822778
10361.993196
10182.550410
9974.541311
9810.463815
9638.279585
9428.248240
9196.942062
9032.627118
8836.068086
8632.474855
8449.350170
8216.193608
8051.741397
7891.006808
7738.357788
7533.631514
7337.331529
7146.990068
6999.707938
6812.942909
6690.306684
6540.701980
6392.868890
6238.369389
6108.422056
5962.262060
5814.344031
5653.375672
5512.057237
5393.410641
5227.038415
5101.232073
4976.813882
4813.134304
4711.300094
4588.312011
4428.267865
4329.480724
4234.067697
4123.193267
4019.999865
3905.426120
3809.203057
3695.598006
3592.806896
3489.464672
3392.834672
3301.175177
3183.014086
3090.989544
3021.135223
2918.718775
2825.791424
2755.016146
2664.337159
2594.748684
2513.123294
2433.128712
2352.069705
2283.803606
2230.188827
2154.746558
2103.391495
2046.641345
2008.038995
1944.418955
1866.785947
1783.711384
1722.209463
1694.961948
1640.227786
1573.141343
1528.423318
1483.166181
1436.816363
1374.730431
1326.436756
1274.469582
1239.183291
1183.617604
1147.158323
1106.111665
1067.704455
1027.675514
988.696380
956.273285
930.368152
896.224899
859.999047
822.325115
797.841597
774.007001
749.022726
729.996110
704.500996
688.824056
673.557934
642.232186
610.061272
588.024037
560.588660
538.397993
509.455699
500.271460
479.904710
463.570618
445.973289
427.437249
414.826629
396.130022
377.714658
363.499083
346.158670
325.105133
312.940206
308.064923
290.457367
276.303979
261.471832
250.463872
232.149182
225.833220
214.166892
198.601755
186.248079
173.124759
167.139805
152.959950
145.410209
142.083398
129.576581
120.686346
117.871360
109.915274
108.844769
103.359185
100.906766
98.883953
96.379448
93.110780
90.187836
82.559487
76.863973
75.939131
68.495149
67.408057
63.468390
61.217004
57.093950
50.834770
45.356264
42.831578
41.017280
40.299170
35.365099
33.491732
30.199351
30.536948
28.231849
27.385609
26.675234
25.815587
25.891125
24.765148
22.800434
20.078706
18.310953
16.685898
15.699827
14.376369
13.256459
12.421266
10.640296
10.445400
9.233721
8.248946
9.340501
9.090482
8.548384
7.545316
7.089833
6.863700
7.090408
7.442787
6.943611
7.435181
7.128624
5.990263
5.404488
4.247731
4.349493
4.063750
3.660970
4.275404
3.953990
3.419444
3.110615
3.119619
2.967249
3.286562
2.908179
2.558786
2.819268
3.012581
3.137811
3.780651
3.257748
2.773375
2.654339
2.158670
1.991488
1.515881
1.450467
1.089252
0.789327
0.820193
0.474704
0.419274
0.252884
0.204663
0.188202
0.206405
0.315801
0.237809
0.238023
0.182117
0.400180
0.297081
0.157086
0.080736
0.068381
0.028534
0.022545
0.000375
0.000000
0.000000
0.000000
0.000000
0.000000
0.000000
0.000000
0.000000
0.000000
0.000000
0.000000
0.000000
0.000000
0.000000
0.000000
0.000000
0.000000
0.000000
0.000000
0.000000
0.000000
0.000000
0.000000
0.000000
0.000000
0.000000
0.000000
0.000000
0.000000
0.000000
0.000000
0.000000
0.000000
0.000000
0.000000
0.000000
0.000000
0.000000
0.000000
0.000000
0.000000
0.000000
0.000000
0.000000
0.000000
0.000000
0.000000
0.000000
0.000000
0.000000
0.000000
0.000000
0.000000
0.000000
0.000000
0.000000
0.000000
0.000000
0.000000
0.000000
0.000000
0.000000
0.000000
0.000000
0.000000
0.000000
0.000000
0.000000
0.000000
0.000000
0.000000
0.000000
0.000000
0.000000
0.000000
0.000000
0.000000
0.000000
0.000000
0.000000
0.000000
0.000000
0.000000
0.000000
0.000000
0.000000
0.000000
0.000000
0.000000
0.000000
0.000000
0.000000
0.000000
0.000000
0.000000
0.000000
0.000000
0.000000
0.000000
0.000000
0.000000
0.000000
0.000000
0.000000
0.000000
0.000000
0.000000
0.000000
0.000000
0.000000
0.000000
0.000000
0.000000
0.000000
0.000000
0.000000
0.000000
0.000000
0.000000
0.000000
0.000000
0.000000
0.000000
0.000000
0.000000
0.000000
0.000000
0.000000
0.000000
0.000000
0.000000
0.000000
0.000000
0.000000
0.000000
0.000000
0.000000
0.000000
0.000000
0.000000
0.000000
0.000000
0.000000
0.000000
0.000000
0.000000
0.000000
0.000000
0.000000
0.000000
0.000000
0.000000
0.000000
0.000000
0.000000
0.000000
0.000000
0.000000
0.000000
0.000000
0.000000
0.000000
0.000000
0.000000
0.000000
0.000000
0.000000
0.000000
0.000000
0.000000
0.000000
0.000000
0.000000
0.000000
0.000000
0.000000
0.000000
0.000000
0.000000
0.000000
0.000000
0.000000
0.000000
0.000000
0.000000
0.000000
0.000000
0.000000
0.000000
0.000000
0.000000
0.000000
0.000000
0.000000
0.000000
0.000000
0.000000
0.000000
0.000000
0.000000
0.000000
0.000000
0.000000
0.000000
0.000000
0.000000
0.000000
0.000000
0.000000
0.000000
0.000000
0.000000
0.000000
0.000000
0.000000
0.000000
0.000000
0.000000
0.000000
0.000000
0.000000
0.000000
0.000000
0.000000
0.000000
0.000000
0.000000
0.000000
0.000000
0.000000
0.000000
0.000000
0.000000
0.000000
0.000000
0.000000
0.000000
0.000000
0.000000
0.000000
0.000000
0.000000
0.000000
0.000000
0.000000
0.000000
0.000000
0.000000
0.000000
0.000000
0.000000
0.000000
0.000000
0.000000
0.000000
0.000000
0.000000
0.000000
0.000000
0.000000
0.000000
0.000000
0.000000
0.000000
0.000000
0.000000
0.000000
0.000000
0.000000
0.000000
0.000000
0.000000
0.000000
0.000000
0.000000
0.000000
0.000000
0.000000
0.000000
0.000000
0.000000
0.000000
0.000000
0.000000
0.000000
0.000000
0.000000
0.000000
0.000000
0.000000
0.000000
0.000000
0.000000
0.000000
0.000000
0.000000
0.000000
0.000000
0.000000
0.000000
0.000000
0.000000
0.000000
0.000000
0.000000
0.000000
0.000000
0.000000
0.000000
0.000000
0.000000
0.000000
0.000000
0.000000
0.000000
0.000000
0.000000
0.000000
0.000000
0.000000
0.000000
0.000000
0.000000
0.000000
0.000000
0.000000
0.000000
0.000000
0.000000
0.000000
0.000000
0.000000
0.000000
0.000000
0.000000
0.000000
0.000000
0.000000
0.000000
0.000000
0.000000
0.000000
0.000000
0.000000
0.000000
0.000000
0.000000
0.000000
0.000000
0.000000
0.000000
0.000000
0.000000
0.000000
0.000000
0.000000
0.000000
0.000000
0.000000
0.000000
0.000000
0.000000
0.000000
0.000000
0.000000
0.000000
0.000000
0.000000
0.000000
0.000000
0.000000
0.000000
0.000000
0.000000
0.000000
0.000000
0.000000
0.000000
0.000000
0.000000
0.000000
0.000000
0.000000
0.000000
0.000000
0.000000
0.000000
0.000000
0.000000
0.000000
0.000000
0.000000
0.000000
0.000000
0.000000
0.000000
0.000000
0.000000
0.000000
0.000000
0.000000
0.000000
0.000000
0.000000
0.000000
0.000000
0.000000
0.000000
0.000000
0.000000
0.000000
0.000000
0.000000
0.000000
0.000000
0.000000
0.000000
0.000000
0.000000
0.000000
0.000000
0.000000
0.000000
0.000000
0.000000
0.000000
0.000000
0.000000
0.000000
0.000000
0.000000
0.000000
0.000000
0.000000
0.000000
0.000000
0.000000
0.000000
0.000000
0.000000
0.000000
0.000000
0.000000
0.000000
0.000000
0.000000
0.000000
0.000000
0.000000
0.000000
0.000000
0.000000
0.000000
0.000000
0.000000
0.000000
0.000000
0.000000
0.000000
0.000000
0.000000
0.000000
0.000000
0.000000
0.000000
0.000000
0.000000
0.000000
0.000000
0.000000
0.000000
0.000000
0.000000
0.000000
0.000000
0.000000
0.000000
0.000000
0.000000
0.000000
0.000000
0.000000
0.000000
0.000000
0.000000
0.000000
0.000000
0.000000
0.000000
0.000000
0.000000
0.000000
0.000000
0.000000
0.000000
0.000000
0.000000
0.000000
0.000000
0.000000
0.000000
0.000000
0.000000
0.000000
0.000000
0.000000
0.000000
0.000000
0.000000
0.000000
0.000000
0.000000
0.000000
0.000000
0.000000
0.000000
0.000000
