0.000000
0.000000
0.000000
0.000000
0.000000
0.000000
0.000000
0.000000
0.000000
0.000000
0.000000
0.000000
0.000000
0.000000
0.000000
1.376648
2.693081
7.123154
14.903612
21.032446
39.220499
58.686997
96.105455
150.796346
213.769773
299.662292
395.841370
543.397799
723.889216
980.501981
1266.961655
1620.620112
2035.826123
2557.000950
3136.886902
3789.718768
4573.907366
5526.876612
6567.344451
7752.604752
9037.775760
10487.135821
12117.777687
13915.081340
16027.734391
17905.622228
20123.354070
22498.872726
25093.718650
27656.863359
30552.540141
33517.303305
36597.197247
39568.662028
42630.027630
46000.586446
49389.330786
52805.597986
56323.837882
59839.389177
63088.881739
66341.996568
69798.456296
73272.518757
76816.508159
80312.806644
83517.956122
86787.032378
89798.181115
93044.900568
96081.193989
98860.454626
101366.133934
103963.252382
106651.286230
109122.875203
111285.834142
113461.490088
115223.172408
117044.133290
118512.938779
120019.818542
121371.720105
122384.133767
123473.745655
124103.329531
124768.812538
125387.119037
125808.830193
126070.389736
126156.605367
126121.108570
125940.363053
125922.776504
125446.713430
124779.477310
124209.721502
123338.070689
122583.685083
121486.678954
120453.104370
119274.619689
118014.478117
116927.069134
115528.115834
113992.918557
112662.311139
111272.790583
109779.626516
108018.023676
106100.976567
104315.461804
102618.160721
100904.042605
99087.810563
97361.561623
95594.182718
93820.073950
92019.846908
90193.697703
88348.283884
86407.088599
84691.415011
82898.954688
80880.915139
79053.795464
77094.828768
75088.875088
73345.983631
71608.988269
69871.908704
68139.406389
66464.597690
64712.538250
62808.697487
61021.620071
59297.618543
57598.491109
55954.033958
54231.844253
52723.082670
51306.654787
49805.044896
48315.040552
46769.327267
45420.268103
44061.159288
42655.641155
41180.433153
39775.933185
38482.542754
37208.932595
36005.004564
34745.858656
33579.432492
32328.377613
31172.273747
29917.769838
28846.389414
27890.147013
26960.821066
25989.473122
25128.858070
24195.388272
23320.412415
22466.572542
21654.538669
20768.808860
19998.105360
19265.727056
18548.017413
17858.411837
17214.088639
16560.968618
15948.963852
15330.773894
14727.416812
14178.143791
13616.539259
13067.716835
12509.811272
12063.472995
11568.777356
11074.789955
10609.649329
10127.539337
9682.657917
9269.242559
8901.212457
8526.084188
8131.353593
7800.347093
7445.723712
7137.961338
6829.845348
6502.568459
6180.640359
5942.421677
5683.923369
5445.523137
5168.053245
4919.649800
4735.481158
4542.621541
4319.899186
4133.389469
3952.054938
3730.134053
3570.528738
3381.252447
3201.145593
3022.741940
2873.323939
2736.740389
2632.994128
2503.423053
2362.636891
2257.819894
2142.230274
2050.742581
1925.856494
1825.670063
1731.484183
1641.277066
1563.265723
1474.239846
1395.199869
1322.754937
1258.319607
1195.059591
1128.790927
1070.528919
1027.313491
959.903381
900.168200
846.815306
800.475980
755.076343
727.229207
678.189587
645.827129
617.155060
581.208688
554.330896
530.668021
502.510396
474.703931
453.482483
435.003652
417.936488
389.799548
360.499078
329.763670
307.659458
297.348276
284.978504
263.942087
248.567347
231.438601
214.706744
203.485779
192.210393
182.464025
179.370726
160.665959
146.881562
137.000487
128.238539
121.636103
109.723603
105.257900
97.812392
95.517609
92.095243
86.124404
83.082132
76.930765
72.084422
66.823987
61.742489
56.595129
54.951165
53.033176
51.010012
48.154387
43.914612
42.375654
39.353743
39.243083
37.570428
33.819612
32.323903
29.615139
26.604058
27.004263
28.825826
24.645190
22.622491
20.458281
18.201117
16.975859
15.705339
14.198638
14.746430
12.404402
10.752433
8.565570
7.026609
6.010582
5.363889
4.958519
4.388913
4.976488
4.052223
3.791632
3.361455
3.060723
2.953477
2.885557
2.446054
1.876442
2.393494
1.843225
1.766948
1.644786
1.796115
1.836935
2.281167
2.167157
2.073128
2.079904
1.557606
1.349419
1.510954
1.299180
1.187404
1.402043
1.999549
1.789548
1.419216
0.952341
1.031246
0.864141
0.430800
0.417733
0.397080
0.215391
0.146498
0.110511
0.169107
0.588604
0.421895
0.583078
0.455018
0.268586
0.152917
0.270404
0.214396
0.193085
0.380766
0.333223
0.253933
0.111029
0.034956
0.000000
0.000000
0.000000
0.000000
0.000000
0.000000
0.000000
0.000000
0.000000
0.000000
0.000000
0.000000
0.000000
0.000000
0.000000
0.000000
0.000000
0.000000
0.000000
0.000000
0.000000
0.000000
0.000000
0.000000
0.000000
0.000000
0.000000
0.000000
0.000000
0.000000
0.000000
0.000000
0.000000
0.000000
0.000000
0.000000
0.000000
0.000000
0.000000
0.000000
0.000000
0.000000
0.000000
0.000000
0.000000
0.000000
0.000000
0.000000
0.000000
0.000000
0.000000
0.000000
0.000000
0.000000
0.000000
0.000000
0.000000
0.000000
0.000000
0.000000
0.000000
0.000000
0.000000
0.000000
0.000000
0.000000
0.000000
0.000000
0.000000
0.000000
0.000000
0.000000
0.000000
0.000000
0.000000
0.000000
0.000000
0.000000
0.000000
0.000000
0.000000
0.000000
0.000000
0.000000
0.000000
0.000000
0.000000
0.000000
0.000000
0.000000
0.000000
0.000000
0.000000
0.000000
0.000000
0.000000
0.000000
0.000000
0.000000
0.000000
0.000000
0.000000
0.000000
0.000000
0.000000
0.000000
0.000000
0.000000
0.000000
0.000000
0.000000
0.000000
0.000000
0.000000
0.000000
0.000000
0.000000
0.000000
0.000000
0.000000
0.000000
0.000000
0.000000
0.000000
0.000000
0.000000
0.000000
0.000000
0.000000
0.000000
0.000000
0.000000
0.000000
0.000000
0.000000
0.000000
0.000000
0.000000
0.000000
0.000000
0.000000
0.000000
0.000000
0.000000
0.000000
0.000000
0.000000
0.000000
0.000000
0.000000
0.000000
0.000000
0.000000
0.000000
0.000000
0.000000
0.000000
0.000000
0.000000
0.000000
0.000000
0.000000
0.000000
0.000000
0.000000
0.000000
0.000000
0.000000
0.000000
0.000000
0.000000
0.000000
0.000000
0.000000
0.000000
0.000000
0.000000
0.000000
0.000000
0.000000
0.000000
0.000000
0.000000
0.000000
0.000000
0.000000
0.000000
0.000000
0.000000
0.000000
0.000000
0.000000
0.000000
0.000000
0.000000
0.000000
0.000000
0.000000
0.000000
0.000000
0.000000
0.000000
0.000000
0.000000
0.000000
0.000000
0.000000
0.000000
0.000000
0.000000
0.000000
0.000000
0.000000
0.000000
0.000000
0.000000
0.000000
0.000000
0.000000
0.000000
0.000000
0.000000
0.000000
0.000000
0.000000
0.000000
0.000000
0.000000
0.000000
0.000000
0.000000
0.000000
0.000000
0.000000
0.000000
0.000000
0.000000
0.000000
0.000000
0.000000
0.000000
0.000000
0.000000
0.000000
0.000000
0.000000
0.000000
0.000000
0.000000
0.000000
0.000000
0.000000
0.000000
0.000000
0.000000
0.000000
0.000000
0.000000
0.000000
0.000000
0.000000
0.000000
0.000000
0.000000
0.000000
0.000000
0.000000
0.000000
0.000000
0.000000
0.000000
0.000000
0.000000
0.000000
0.000000
0.000000
0.000000
0.000000
0.000000
0.000000
0.000000
0.000000
0.000000
0.000000
0.000000
0.000000
0.000000
0.000000
0.000000
0.000000
0.000000
0.000000
0.000000
0.000000
0.000000
0.000000
0.000000
0.000000
0.000000
0.000000
0.000000
0.000000
0.000000
0.000000
0.000000
0.000000
0.000000
0.000000
0.000000
0.000000
0.000000
0.000000
0.000000
0.000000
0.000000
0.000000
0.000000
0.000000
0.000000
0.000000
0.000000
0.000000
0.000000
0.000000
0.000000
0.000000
0.000000
0.000000
0.000000
0.000000
0.000000
0.000000
0.000000
0.000000
0.000000
0.000000
0.000000
0.000000
0.000000
0.000000
0.000000
0.000000
0.000000
0.000000
0.000000
0.000000
0.000000
0.000000
0.000000
0.000000
0.000000
0.000000
0.000000
0.000000
0.000000
0.000000
0.000000
0.000000
0.000000
0.000000
0.000000
0.000000
0.000000
0.000000
0.000000
0.000000
0.000000
0.000000
0.000000
0.000000
0.000000
0.000000
0.000000
0.000000
0.000000
0.000000
0.000000
0.000000
0.000000
0.000000
0.000000
0.000000
0.000000
0.000000
0.000000
0.000000
0.000000
0.000000
0.000000
0.000000
0.000000
0.000000
0.000000
0.000000
0.000000
0.000000
0.000000
0.000000
0.000000
0.000000
0.000000
0.000000
0.000000
0.000000
0.000000
0.000000
0.000000
0.000000
0.000000
0.000000
0.000000
0.000000
0.000000
0.000000
0.000000
0.000000
0.000000
0.000000
0.000000
0.000000
0.000000
0.000000
0.000000
0.000000
0.000000
0.000000
0.000000
0.000000
0.000000
0.000000
0.000000
0.000000
0.000000
0.000000
0.000000
0.000000
0.000000
0.000000
0.000000
0.000000
0.000000
0.000000
0.000000
0.000000
0.000000
0.000000
0.000000
0.000000
0.000000
0.000000
0.000000
0.000000
0.000000
0.000000
0.000000
0.000000
0.000000
0.000000
0.000000
0.000000
0.000000
0.000000
0.000000
0.000000
0.000000
0.000000
0.000000
0.000000
0.000000
0.000000
0.000000
0.000000
0.000000
0.000000
0.000000
0.000000
0.000000
0.000000
0.000000
0.000000
0.000000
0.000000
0.000000
0.000000
0.000000
0.000000
0.000000
0.000000
0.000000
0.000000
0.000000
0.000000
0.000000
0.000000
0.000000
0.000000
0.000000
0.000000
0.000000
0.000000
0.000000
0.000000
0.000000
0.000000
0.000000
0.000000
0.000000
0.000000
0.000000
0.000000
0.000000
0.000000
0.000000
0.000000
0.000000
0.000000
0.000000
0.000000
0.000000
0.000000
0.000000
0.000000
0.000000
0.000000
0.000000
0.000000
0.000000
0.000000
0.000000
0.000000
0.000000
0.000000
0.000000
0.000000
0.000000
0.000000
0.000000
0.000000
0.000000
0.000000
0.000000
0.000000
0.000000
0.000000
0.000000
0.000000
0.000000
0.000000
0.000000
0.000000
0.000000
0.000000
0.000000
0.000000
0.000000
0.000000
0.000000
0.000000
0.000000
0.000000
0.000000
0.000000
0.000000
0.000000
0.000000
0.000000
0.000000
0.000000
0.000000
0.000000
0.000000
0.000000
0.000000
0.000000
0.000000
0.000000
0.000000
0.000000
0.000000
0.000000
0.000000
0.000000
0.000000
0.000000
0.000000
0.000000
0.000000
0.000000
0.000000
0.000000
0.000000
0.000000
0.000000
0.000000
0.000000
0.000000
0.000000
0.000000
0.000000
0.000000
0.000000
0.000000
0.000000
0.000000
0.000000
0.000000
0.000000
0.000000
0.000000
0.000000
0.000000
0.000000
0.000000
0.000000
0.000000
0.000000
0.000000
0.000000
0.000000
0.000000
0.000000
0.000000
0.000000
0.000000
0.000000
0.000000
0.000000
0.000000
0.000000
0.000000
0.000000
0.000000
0.000000
0.000000
0.000000
0.000000
0.000000
