0.000000
0.000000
0.000000
0.000000
0.263906
0.437558
1.857074
5.539700
15.441614
33.110469
61.094766
110.603736
189.755133
295.757884
460.205161
657.075228
934.895380
1306.206719
1746.560758
2307.681946
2976.883937
3816.586005
4776.843766
5903.297862
7162.950896
8589.359406
10205.057088
11969.995611
13864.911741
15923.722967
18207.343137
20551.711314
23012.716040
25626.282302
28282.222678
31088.279459
33997.574615
36950.439023
39897.039135
42872.083695
45816.803440
48698.648550
51544.178293
54449.611045
57307.432377
59987.385059
62663.512502
65252.555981
67799.508736
70185.120240
72497.282163
74677.775717
76817.380283
78820.549573
80640.771179
82515.956575
84199.022182
85737.835862
87190.817118
88442.551898
89658.245050
90747.927248
91811.109773
92669.865465
93530.869065
94189.693514
94845.517008
95301.799647
95685.334796
96039.370426
96310.350337
96468.220859
96611.998805
96567.502930
96499.182337
96307.565672
96129.690015
95991.114044
95726.193728
95306.022184
94963.364612
94532.599218
94115.576505
93632.057969
93080.020673
92567.109641
91929.652962
91281.970196
90670.774716
89961.443745
89228.426949
88504.282238
87761.858850
86972.588247
86191.166835
85371.133291
84531.803659
83693.531475
83000.078874
82141.611250
81336.749120
80438.149377
79556.159629
78662.684569
77917.114243
76991.514112
76077.211000
75146.209050
74228.473931
73292.144087
72360.256698
71456.628964
70605.591937
69712.855526
68756.568024
67944.324792
67059.180509
66181.132428
65337.319141
64432.046760
63614.502875
62739.396854
61944.869339
61111.575353
60202.460436
59350.609004
58539.641513
57739.735167
56850.160786
55961.574545
55162.975816
54356.651022
53549.658226
52724.231850
51947.384821
51109.152307
50286.556361
49506.635660
48709.249447
47952.865239
47168.835527
46412.800300
45591.833728
44816.704750
44058.113474
43299.482421
42551.302904
41806.216917
41069.925605
40320.674661
39619.701504
38863.847575
38148.477845
37437.718465
36720.829462
36000.612678
35303.758324
34582.714212
33916.825523
33215.568571
32533.504178
31852.692164
31209.761523
30532.137438
29858.143181
29229.417601
28576.058939
27949.917156
27322.192347
26692.008689
26075.509068
25502.661215
24899.380217
24279.343307
23686.161185
23117.442151
22562.611635
21999.761039
21447.970412
20923.538822
20385.583822
19834.479585
19313.049889
18822.924219
18305.354646
17796.033730
17306.958182
16862.559140
16385.929004
15936.167425
15483.790289
15042.795465
14614.082813
14179.366344
13779.666229
13383.083282
12979.997919
12584.132018
12205.858159
11837.027725
11495.019706
11151.242429
10810.013066
10455.053867
10113.133135
9796.324071
9494.289046
9200.080565
8917.849673
8627.638370
8350.682616
8073.536861
7796.300189
7548.105249
7293.582174
7042.755392
6803.329088
6557.179938
6326.931845
6098.634901
5893.375854
5684.503714
5482.310159
5296.033675
5102.176773
4911.521079
4718.634971
4545.235723
4364.117298
4195.836776
4028.568950
3864.525956
3702.760159
3554.452459
3407.477813
3276.845354
3148.335808
3014.134728
2900.747047
2787.320921
2665.572793
2549.832150
2435.668548
2332.131837
2234.719913
2133.998128
2038.133296
1944.940579
1866.855145
1784.774680
1703.357460
1623.132277
1545.856816
1474.871230
1406.064155
1344.402436
1285.953249
1231.304216
1168.084797
1108.405894
1052.985793
1004.525469
957.424455
907.522801
863.033574
825.024953
779.663934
738.928085
702.361368
666.630082
634.227346
603.688449
574.623123
544.128808
516.211478
490.425459
465.892034
440.409177
413.644157
391.351590
369.551621
347.929536
329.108115
311.376425
294.710006
277.940283
260.876411
246.099931
234.155637
219.213215
206.350469
194.598865
182.966053
172.652389
162.046637
151.865105
142.190074
133.492636
125.091619
115.770745
109.631796
102.227641
96.985187
91.134263
84.939741
80.410158
74.411396
69.415759
64.487408
60.249197
56.498202
51.732603
47.555573
44.436559
40.817645
37.074961
35.265103
32.660715
30.782992
28.782951
26.985823
25.255158
23.294471
21.417100
20.382838
18.972903
17.904621
16.355663
15.273455
14.199848
12.869053
12.052839
11.430563
10.940563
9.613289
9.048435
8.169731
7.946578
7.465813
6.651586
6.302547
5.607628
5.226420
4.977292
4.438826
4.112670
3.963330
3.904006
3.657791
3.477837
3.287758
2.904915
2.797956
2.656661
2.513984
2.266388
1.982489
1.656103
1.416808
1.223755
1.124625
0.984709
0.788493
0.757480
0.618013
0.502695
0.461055
0.520570
0.508148
0.450116
0.417910
0.411065
0.361132
0.362106
0.302749
0.218966
0.183689
0.152553
0.186348
0.194980
0.200823
0.237527
0.223876
0.226549
0.224316
0.187502
0.214818
0.197075
0.145510
0.173947
0.148484
0.138735
0.162834
0.166146
0.151319
0.139532
0.084229
0.082472
0.038312
0.029332
0.030860
0.027535
0.046193
0.066270
0.074952
0.081103
0.069435
0.100027
0.101315
0.095013
0.101185
0.104776
0.084320
0.094159
0.082389
0.076167
0.032081
0.031358
0.011750
0.031961
0.033799
0.023234
0.032025
0.023773
0.037301
0.025415
0.026096
0.009114
0.005123
0.001379
0.001469
0.000000
0.000000
0.000000
0.000000
0.000000
0.000000
0.000000
0.000000
0.000000
0.000000
0.000000
0.000000
0.000000
0.000000
0.000000
0.000000
0.000000
0.000000
0.000000
0.000000
0.000000
0.000000
0.000000
0.000000
0.000000
0.000000
0.000000
0.000000
0.000000
0.000000
0.000000
0.000000
0.000000
0.000000
0.000000
0.000000
0.000000
0.000000
0.000000
0.000000
0.000000
0.000000
0.000000
0.000000
0.000000
0.000000
0.000000
0.000000
0.000000
0.000000
0.000000
0.000000
0.000000
0.000000
0.000000
0.000000
0.000000
0.000000
0.000000
0.000000
0.000000
0.000000
0.000000
0.000000
0.000000
0.000000
0.000000
0.000000
0.000000
0.000000
0.000000
0.000000
0.000000
0.000000
0.000000
0.000000
0.000000
0.000000
0.000000
0.000000
0.000000
0.000000
0.000000
0.000000
0.000000
0.000000
0.000000
0.000000
0.000000
0.000000
0.000000
0.000000
0.000000
0.000000
0.000000
0.000000
0.000000
0.000000
0.000000
0.000000
0.000000
0.000000
0.000000
0.000000
0.000000
0.000000
0.000000
0.000000
0.000000
0.000000
0.000000
0.000000
0.000000
0.000000
0.000000
0.000000
0.000000
0.000000
0.000000
0.000000
0.000000
0.000000
0.000000
0.000000
0.000000
0.000000
0.000000
0.000000
0.000000
0.000000
0.000000
0.000000
0.000000
0.000000
0.000000
0.000000
0.000000
0.000000
0.000000
0.000000
0.000000
0.000000
0.000000
0.000000
0.000000
0.000000
0.000000
0.000000
0.000000
0.000000
0.000000
0.000000
0.000000
0.000000
0.000000
0.000000
0.000000
0.000000
0.000000
0.000000
0.000000
0.000000
0.000000
0.000000
0.000000
0.000000
0.000000
0.000000
0.000000
0.000000
0.000000
0.000000
0.000000
0.000000
0.000000
0.000000
0.000000
0.000000
0.000000
0.000000
0.000000
0.000000
0.000000
0.000000
0.000000
0.000000
0.000000
0.000000
0.000000
0.000000
0.000000
0.000000
0.000000
0.000000
0.000000
0.000000
0.000000
0.000000
0.000000
0.000000
0.000000
0.000000
0.000000
0.000000
0.000000
0.000000
0.000000
0.000000
0.000000
0.000000
0.000000
0.000000
0.000000
0.000000
0.000000
0.000000
0.000000
0.000000
0.000000
0.000000
0.000000
0.000000
0.000000
0.000000
0.000000
0.000000
0.000000
0.000000
0.000000
0.000000
0.000000
0.000000
0.000000
0.000000
0.000000
0.000000
0.000000
0.000000
0.000000
0.000000
0.000000
0.000000
0.000000
0.000000
0.000000
0.000000
0.000000
0.000000
0.000000
0.000000
0.000000
0.000000
0.000000
0.000000
0.000000
0.000000
0.000000
0.000000
0.000000
0.000000
0.000000
0.000000
0.000000
0.000000
0.000000
0.000000
0.000000
0.000000
0.000000
0.000000
0.000000
0.000000
0.000000
0.000000
0.000000
0.000000
0.000000
0.000000
0.000000
0.000000
0.000000
0.000000
0.000000
0.000000
0.000000
0.000000
0.000000
0.000000
0.000000
0.000000
0.000000
0.000000
0.000000
0.000000
0.000000
0.000000
0.000000
0.000000
0.000000
0.000000
0.000000
0.000000
0.000000
0.000000
0.000000
0.000000
0.000000
0.000000
0.000000
0.000000
0.000000
0.000000
0.000000
0.000000
0.000000
0.000000
0.000000
0.000000
0.000000
0.000000
0.000000
0.000000
0.000000
0.000000
0.000000
0.000000
0.000000
0.000000
0.000000
0.000000
0.000000
0.000000
0.000000
0.000000
0.000000
0.000000
0.000000
0.000000
0.000000
0.000000
0.000000
0.000000
0.000000
0.000000
0.000000
0.000000
0.000000
0.000000
0.000000
0.000000
0.000000
0.000000
0.000000
0.000000
0.000000
0.000000
0.000000
0.000000
0.000000
0.000000
0.000000
0.000000
0.000000
0.000000
0.000000
0.000000
0.000000
0.000000
0.000000
0.000000
0.000000
0.000000
0.000000
0.000000
0.000000
0.000000
0.000000
0.000000
0.000000
0.000000
0.000000
0.000000
0.000000
0.000000
0.000000
0.000000
0.000000
0.000000
0.000000
0.000000
0.000000
0.000000
0.000000
0.000000
0.000000
0.000000
0.000000
0.000000
0.000000
0.000000
0.000000
0.000000
0.000000
0.000000
0.000000
0.000000
0.000000
0.000000
0.000000
0.000000
0.000000
0.000000
0.000000
0.000000
0.000000
0.000000
0.000000
0.000000
0.000000
0.000000
0.000000
0.000000
0.000000
0.000000
0.000000
0.000000
0.000000
0.000000
0.000000
0.000000
0.000000
0.000000
0.000000
0.000000
0.000000
0.000000
0.000000
0.000000
0.000000
0.000000
0.000000
0.000000
0.000000
0.000000
0.000000
0.000000
0.000000
0.000000
0.000000
0.000000
0.000000
0.000000
0.000000
0.000000
0.000000
0.000000
0.000000
0.000000
0.000000
0.000000
0.000000
0.000000
0.000000
0.000000
0.000000
0.000000
0.000000
0.000000
0.000000
0.000000
0.000000
0.000000
0.000000
0.000000
0.000000
0.000000
0.000000
0.000000
0.000000
0.000000
0.000000
0.000000
0.000000
0.000000
0.000000
0.000000
0.000000
0.000000
0.000000
0.000000
0.000000
0.000000
0.000000
0.000000
0.000000
0.000000
0.000000
0.000000
0.000000
0.000000
0.000000
0.000000
0.000000
0.000000
0.000000
0.000000
0.000000
0.000000
0.000000
0.000000
0.000000
0.000000
0.000000
0.000000
0.000000
0.000000
0.000000
0.000000
0.000000
0.000000
0.000000
0.000000
0.000000
0.000000
0.000000
0.000000
0.000000
0.000000
0.000000
0.000000
0.000000
0.000000
0.000000
0.000000
0.000000
0.000000
0.000000
0.000000
0.000000
0.000000
0.000000
0.000000
0.000000
0.000000
0.000000
0.000000
0.000000
0.000000
0.000000
0.000000
0.000000
0.000000
0.000000
0.000000
0.000000
0.000000
0.000000
0.000000
0.000000
0.000000
0.000000
0.000000
0.000000
0.000000
0.000000
0.000000
0.000000
0.000000
0.000000
0.000000
