0.000000
0.000000
0.000000
0.000000
0.000000
0.210548
0.259859
0.087929
0.399671
1.437132
5.679557
13.353156
35.842204
85.368199
177.939735
351.903425
673.993106
1233.513915
2159.299293
3611.897075
5762.436277
8830.629914
13102.499185
18774.700789
26012.350286
35068.870915
45995.311897
58715.082988
73052.846902
89014.158673
106123.742489
124087.283577
142500.499880
160954.942118
178925.006818
195660.713835
211168.152416
225042.547121
236902.529114
246507.479638
253942.930972
258714.026871
261469.783270
262064.373231
260442.806640
257072.436852
251817.057643
245111.473241
237242.997522
228380.466360
218811.559189
208707.210880
198234.318319
187591.208643
176897.636182
166334.034998
156107.386858
146125.254121
136573.726034
127301.445878
118585.054774
110239.763154
102541.468158
95279.318131
88501.636636
82164.056388
76282.349478
70775.502072
65784.886285
61140.469820
56913.077055
52946.813316
49318.575364
45987.751284
42923.805560
40150.816719
37610.567379
35277.623980
33187.745606
31269.768706
29503.511229
27914.235497
26445.214357
25107.125849
23930.527572
22868.966427
21883.383061
21013.980242
20221.296516
19517.684662
18874.796996
18317.636672
17820.085933
17366.113462
16980.659703
16644.021588
16362.173661
16103.485885
15879.618229
15715.589351
15586.902802
15469.919352
15392.953416
15355.046369
15345.866021
15371.955297
15424.263344
15492.785391
15577.359383
15702.942729
15796.195783
15930.217766
16105.201386
16293.415485
16491.922449
16728.769437
16942.919151
17189.953765
17472.437839
17751.574950
18038.562663
18376.204411
18689.508889
19026.030045
19354.169491
19700.189491
20084.120644
20433.877999
20799.689332
21159.244734
21529.310952
21890.962398
22273.293950
22627.036175
22998.979506
23333.689809
23713.113320
24029.599573
24353.067074
24652.323537
24936.325126
25208.816374
25444.978279
25647.608467
25853.024834
26005.704118
26159.505122
26272.374562
26329.399538
26377.123328
26375.465669
26343.336290
26273.721554
26169.652430
26050.830665
25853.656988
25633.103844
25383.184802
25112.583897
24784.124797
24434.088794
24075.515475
23658.300696
23202.525495
22730.845699
22220.279227
21707.576002
21167.615013
20607.181237
20035.218887
19435.147477
18822.899376
18177.689825
17545.946317
16924.509341
16276.273611
15626.945132
14960.749748
14309.452482
13659.114829
13015.066701
12385.897541
11748.458726
11135.823645
10526.148068
9929.746958
9362.677923
8814.764159
8276.017912
7756.987401
7252.595443
6767.783860
6303.393317
5859.159550
5434.480678
5036.807619
4662.393176
4308.371153
3971.573009
3653.010944
3352.526711
3074.364602
2815.165982
2571.027957
2344.836896
2134.158120
1936.514149
1753.761527
1585.274063
1432.458989
1288.910953
1161.488058
1044.518682
934.337567
838.381868
748.424798
668.582970
595.700401
529.146388
471.847553
416.897274
367.444873
326.088987
288.344028
254.356842
223.875508
196.930876
172.827304
150.948712
133.609134
117.306746
102.912960
88.995756
77.444337
67.119623
58.313203
51.166285
44.482918
37.833213
32.626230
28.349950
24.268086
20.745188
17.452954
14.581255
12.400473
10.395218
8.773049
7.497786
6.432260
5.458821
4.527616
3.952923
3.236493
2.687818
2.336942
1.922170
1.595446
1.292931
1.097698
0.869659
0.729127
0.632749
0.520749
0.361038
0.318593
0.238255
0.219417
0.189086
0.151260
0.126233
0.107624
0.077669
0.044453
0.019698
0.010464
0.016702
0.012327
0.006163
0.001298
0.000847
0.000000
0.000000
0.000000
0.000000
0.000000
0.000000
0.000000
0.000000
0.000000
0.000000
0.000000
0.000000
0.000000
0.000000
0.000000
0.000000
0.000000
0.000000
0.000000
0.000000
0.000000
0.000000
0.000000
0.000000
0.000000
0.000000
0.000000
0.000000
0.000000
0.000000
0.000000
0.000000
0.000000
0.000000
0.000000
0.000000
0.000000
0.000000
0.000000
0.000000
0.000000
0.000000
0.000000
0.000000
0.000000
0.000000
0.000000
0.000000
0.000000
0.000000
0.000000
0.000000
0.000000
0.000000
0.000000
0.000000
0.000000
0.000000
0.000000
0.000000
0.000000
0.000000
0.000000
0.000000
0.000000
0.000000
0.000000
0.000000
0.000000
0.000000
0.000000
0.000000
0.000000
0.000000
0.000000
0.000000
0.000000
0.000000
0.000000
0.000000
0.000000
0.000000
0.000000
0.000000
0.000000
0.000000
0.000000
0.000000
0.000000
0.000000
0.000000
0.000000
0.000000
0.000000
0.000000
0.000000
0.000000
0.000000
0.000000
0.000000
0.000000
0.000000
0.000000
0.000000
0.000000
0.000000
0.000000
0.000000
0.000000
0.000000
0.000000
0.000000
0.000000
0.000000
0.000000
0.000000
0.000000
0.000000
0.000000
0.000000
0.000000
0.000000
0.000000
0.000000
0.000000
0.000000
0.000000
0.000000
0.000000
0.000000
0.000000
0.000000
0.000000
0.000000
0.000000
0.000000
0.000000
0.000000
0.000000
0.000000
0.000000
0.000000
0.000000
0.000000
0.000000
0.000000
0.000000
0.000000
0.000000
0.000000
0.000000
0.000000
0.000000
0.000000
0.000000
0.000000
0.000000
0.000000
0.000000
0.000000
0.000000
0.000000
0.000000
0.000000
0.000000
0.000000
0.000000
0.000000
0.000000
0.000000
0.000000
0.000000
0.000000
0.000000
0.000000
0.000000
0.000000
0.000000
0.000000
0.000000
0.000000
0.000000
0.000000
0.000000
0.000000
0.000000
0.000000
0.000000
0.000000
0.000000
0.000000
0.000000
0.000000
0.000000
0.000000
0.000000
0.000000
0.000000
0.000000
0.000000
0.000000
0.000000
0.000000
0.000000
0.000000
0.000000
0.000000
0.000000
0.000000
0.000000
0.000000
0.000000
0.000000
0.000000
0.000000
0.000000
0.000000
0.000000
0.000000
0.000000
