0.000000
0.000000
0.000000
0.000000
0.000738
0.005206
0.011261
0.079949
0.404864
0.977795
2.375107
5.283718
9.624971
18.615033
33.671370
58.130769
94.711071
152.821113
234.236712
350.580367
512.040980
727.561161
1012.076603
1364.413364
1814.927428
2369.114432
3033.235236
3826.904969
4754.827031
5828.331993
7070.865633
8469.453194
10053.091483
11801.933150
13743.414394
15835.531012
18114.299420
20533.350229
23101.245942
25796.982540
28634.540954
31562.624218
34610.378501
37744.275536
40930.002728
44170.308338
47403.073857
50649.942760
53883.665651
57126.549248
60322.981221
63464.639327
66540.318846
69545.187485
72457.205461
75323.351965
78068.476296
80728.911800
83295.667553
85768.599833
88098.059869
90320.553238
92399.175178
94360.034890
96193.341006
97922.658588
99511.376261
100969.022440
102277.935503
103473.851406
104571.084962
105527.136068
106366.946124
107134.407850
107816.934202
108329.617229
108815.875278
109174.081512
109403.857632
109540.692487
109611.121302
109599.649837
109483.569819
109292.221693
109011.325882
108674.915199
108253.500617
107761.445276
107236.125284
106609.173165
105963.561289
105283.339211
104511.660851
103715.258121
102878.569454
102025.020195
101098.923887
100157.344350
99200.302596
98176.169639
97164.011163
96085.756432
95013.189181
93904.565652
92757.213521
91587.398241
90429.425468
89266.907499
88087.056799
86868.472910
85682.716189
84469.787097
83277.244482
82075.861578
80847.725017
79619.917843
78383.820856
77151.398102
75895.930721
74654.541308
73419.428314
72170.521603
70912.403945
69682.147785
68432.202873
67207.083119
65988.900414
64762.656452
63564.022834
62346.140081
61129.252050
59933.536604
58738.375225
57524.293149
56332.684608
55159.138890
53993.373445
52824.667572
51690.253979
50538.714633
49404.506885
48277.987464
47147.665577
46046.998463
44948.528036
43871.904015
42799.742688
41716.746696
40659.103185
39615.989081
38599.826837
37595.209949
36593.542493
35613.995677
34637.110307
33692.348754
32759.423504
31834.338712
30931.125107
30033.514778
29155.941716
28279.190675
27416.958756
26575.849112
25743.940752
24938.815071
24133.803126
23355.376615
22596.344419
21858.368176
21128.952904
20420.092289
19721.803231
19040.713054
18375.545928
17731.877964
17099.504571
16479.879501
15873.654977
15283.729338
14705.468911
14147.152189
13615.780563
13096.319083
12597.177901
12114.353308
11641.417785
11182.334906
10741.785602
10319.882730
9907.979589
9499.967481
9107.581791
8726.344651
8367.293148
8008.318740
7666.499715
7331.861341
7005.711629
6686.648736
6385.220702
6084.374142
5800.484675
5527.240693
5262.234765
5004.280294
4756.695367
4520.548027
4293.201184
4077.305744
3868.120113
3670.801693
3483.041671
3302.953779
3128.132676
2965.971625
2806.599554
2656.510489
2513.238607
2375.397430
2243.434850
2121.407216
2004.014298
1891.780858
1784.170562
1680.653202
1583.248570
1491.214305
1405.207939
1320.290791
1241.127922
1164.877615
1092.387193
1023.709470
959.382472
898.437651
840.234157
786.153528
735.993331
686.714571
640.339825
597.392766
558.418420
519.719943
483.711842
450.164849
418.833760
390.527732
362.411978
337.497960
313.283912
290.225432
269.413078
249.760000
231.854767
213.950676
197.483828
182.255821
168.856572
155.781533
143.816538
133.273972
123.117389
113.699853
105.438514
97.855994
90.398297
83.357502
77.044499
71.369942
66.382878
61.492900
56.864556
53.021886
48.882155
44.845928
41.317292
37.945335
34.838823
31.992979
29.171654
26.592996
24.473440
22.210476
20.124393
18.111539
16.277082
14.629890
13.163262
11.670917
10.327367
9.082152
7.837275
6.816468
5.988755
5.114037
4.503290
3.927185
3.460065
2.930974
2.593595
2.229604
1.934872
1.670092
1.431927
1.233218
1.064467
0.935071
0.844482
0.693621
0.589918
0.527626
0.492720
0.398208
0.329934
0.282307
0.237369
0.233403
0.196895
0.171582
0.161322
0.150540
0.141015
0.130530
0.112024
0.102865
0.079745
0.075877
0.071638
0.073113
0.063198
0.057636
0.058357
0.053621
0.048115
0.050176
0.044705
0.031749
0.030364
0.019772
0.017906
0.016737
0.012921
0.008045
0.005328
0.002087
0.001147
0.000787
0.000000
0.000000
0.000000
0.000000
0.000000
0.000000
0.000000
0.000000
0.000000
0.000000
0.000000
0.000000
0.000000
0.000000
0.000000
0.000000
0.000000
0.000000
0.000000
0.000000
0.000000
0.000000
0.000000
0.000000
0.000000
0.000000
0.000000
0.000000
0.000000
0.000000
0.000000
0.000000
0.000000
0.000000
0.000000
0.000000
0.000000
0.000000
0.000000
0.000000
0.000000
0.000000
0.000000
0.000000
0.000000
0.000000
0.000000
0.000000
0.000000
0.000000
0.000000
0.000000
0.000000
0.000000
0.000000
0.000000
0.000000
0.000000
0.000000
0.000000
0.000000
0.000000
0.000000
0.000000
0.000000
0.000000
0.000000
0.000000
0.000000
0.000000
0.000000
0.000000
0.000000
0.000000
0.000000
0.000000
0.000000
0.000000
0.000000
0.000000
0.000000
0.000000
0.000000
0.000000
0.000000
0.000000
0.000000
0.000000
0.000000
0.000000
0.000000
0.000000
0.000000
0.000000
0.000000
0.000000
0.000000
0.000000
0.000000
0.000000
0.000000
0.000000
0.000000
0.000000
0.000000
0.000000
0.000000
0.000000
0.000000
0.000000
0.000000
0.000000
0.000000
0.000000
0.000000
0.000000
0.000000
0.000000
0.000000
0.000000
0.000000
0.000000
0.000000
0.000000
0.000000
0.000000
0.000000
0.000000
0.000000
0.000000
0.000000
0.000000
0.000000
0.000000
0.000000
0.000000
0.000000
0.000000
0.000000
0.000000
0.000000
0.000000
0.000000
0.000000
0.000000
0.000000
0.000000
0.000000
0.000000
0.000000
0.000000
0.000000
0.000000
0.000000
0.000000
0.000000
0.000000
0.000000
0.000000
0.000000
0.000000
0.000000
0.000000
0.000000
0.000000
0.000000
0.000000
0.000000
0.000000
0.000000
0.000000
0.000000
0.000000
0.000000
0.000000
0.000000
0.000000
0.000000
0.000000
0.000000
0.000000
0.000000
0.000000
0.000000
0.000000
0.000000
0.000000
0.000000
0.000000
0.000000
0.000000
0.000000
0.000000
0.000000
0.000000
0.000000
0.000000
0.000000
0.000000
0.000000
0.000000
0.000000
0.000000
0.000000
0.000000
0.000000
0.000000
0.000000
0.000000
0.000000
0.000000
0.000000
0.000000
0.000000
0.000000
0.000000
0.000000
0.000000
0.000000
0.000000
0.000000
0.000000
0.000000
0.000000
0.000000
0.000000
0.000000
0.000000
0.000000
0.000000
0.000000
0.000000
0.000000
0.000000
0.000000
0.000000
0.000000
0.000000
0.000000
0.000000
0.000000
0.000000
0.000000
0.000000
0.000000
0.000000
0.000000
0.000000
0.000000
0.000000
0.000000
0.000000
0.000000
0.000000
0.000000
0.000000
0.000000
0.000000
0.000000
0.000000
0.000000
0.000000
0.000000
0.000000
0.000000
0.000000
0.000000
0.000000
0.000000
0.000000
0.000000
0.000000
0.000000
0.000000
0.000000
0.000000
0.000000
0.000000
0.000000
0.000000
0.000000
0.000000
0.000000
0.000000
0.000000
0.000000
0.000000
0.000000
0.000000
0.000000
0.000000
0.000000
0.000000
0.000000
0.000000
0.000000
0.000000
0.000000
0.000000
0.000000
0.000000
0.000000
0.000000
0.000000
0.000000
0.000000
0.000000
0.000000
0.000000
0.000000
0.000000
0.000000
0.000000
0.000000
0.000000
0.000000
0.000000
0.000000
0.000000
0.000000
0.000000
0.000000
0.000000
0.000000
0.000000
0.000000
0.000000
0.000000
0.000000
0.000000
0.000000
0.000000
0.000000
0.000000
0.000000
0.000000
0.000000
0.000000
0.000000
0.000000
0.000000
0.000000
0.000000
0.000000
0.000000
0.000000
0.000000
0.000000
0.000000
0.000000
0.000000
0.000000
0.000000
0.000000
0.000000
0.000000
0.000000
0.000000
0.000000
0.000000
0.000000
0.000000
0.000000
0.000000
0.000000
0.000000
0.000000
0.000000
0.000000
0.000000
0.000000
0.000000
0.000000
0.000000
0.000000
0.000000
0.000000
0.000000
0.000000
0.000000
0.000000
0.000000
0.000000
0.000000
0.000000
0.000000
0.000000
0.000000
0.000000
0.000000
0.000000
0.000000
0.000000
0.000000
0.000000
0.000000
0.000000
0.000000
0.000000
0.000000
0.000000
0.000000
0.000000
0.000000
0.000000
0.000000
0.000000
0.000000
0.000000
0.000000
0.000000
0.000000
0.000000
0.000000
0.000000
0.000000
0.000000
0.000000
0.000000
0.000000
0.000000
0.000000
0.000000
0.000000
0.000000
0.000000
0.000000
0.000000
0.000000
0.000000
0.000000
0.000000
0.000000
0.000000
0.000000
0.000000
0.000000
0.000000
0.000000
0.000000
0.000000
0.000000
0.000000
0.000000
0.000000
0.000000
0.000000
0.000000
0.000000
0.000000
0.000000
0.000000
0.000000
0.000000
0.000000
0.000000
0.000000
0.000000
0.000000
0.000000
0.000000
0.000000
0.000000
0.000000
0.000000
0.000000
0.000000
0.000000
0.000000
0.000000
0.000000
0.000000
0.000000
0.000000
0.000000
0.000000
0.000000
0.000000
0.000000
0.000000
0.000000
0.000000
0.000000
0.000000
0.000000
0.000000
0.000000
0.000000
0.000000
0.000000
0.000000
0.000000
0.000000
0.000000
0.000000
0.000000
0.000000
0.000000
0.000000
0.000000
0.000000
0.000000
0.000000
0.000000
0.000000
0.000000
0.000000
0.000000
0.000000
0.000000
0.000000
0.000000
0.000000
0.000000
0.000000
0.000000
0.000000
0.000000
0.000000
0.000000
0.000000
0.000000
0.000000
0.000000
0.000000
0.000000
0.000000
0.000000
0.000000
0.000000
0.000000
0.000000
0.000000
0.000000
0.000000
0.000000
0.000000
0.000000
0.000000
0.000000
0.000000
0.000000
0.000000
0.000000
0.000000
0.000000
0.000000
0.000000
0.000000
0.000000
0.000000
0.000000
0.000000
0.000000
0.000000
0.000000
0.000000
0.000000
0.000000
0.000000
0.000000
0.000000
0.000000
0.000000
0.000000
0.000000
0.000000
0.000000
0.000000
0.000000
0.000000
0.000000
0.000000
0.000000
0.000000
0.000000
0.000000
0.000000
0.000000
0.000000
0.000000
0.000000
0.000000
0.000000
0.000000
0.000000
0.000000
0.000000
0.000000
0.000000
0.000000
0.000000
0.000000
0.000000
0.000000
0.000000
0.000000
0.000000
0.000000
0.000000
0.000000
0.000000
0.000000
0.000000
0.000000
0.000000
0.000000
0.000000
0.000000
0.000000
0.000000
0.000000
0.000000
0.000000
0.000000
0.000000
0.000000
0.000000
0.000000
0.000000
0.000000
0.000000
0.000000
0.000000
0.000000
0.000000
0.000000
0.000000
0.000000
0.000000
0.000000
0.000000
0.000000
0.000000
0.000000
0.000000
0.000000
0.000000
0.000000
0.000000
0.000000
0.000000
0.000000
0.000000
0.000000
0.000000
0.000000
0.000000
0.000000
0.000000
0.000000
0.000000
0.000000
