0.000000
0.000000
0.000029
0.019491
0.098466
0.274346
1.200811
3.835314
9.748668
21.845400
44.732707
85.682487
154.199987
261.051678
426.401648
673.573990
1019.914134
1484.872614
2101.093944
2880.641721
3858.595016
5055.539437
6507.667302
8196.112483
10129.463368
12309.819790
14745.754344
17416.289432
20297.272359
23383.793560
26649.333257
30030.365083
33530.574380
37148.349521
40771.335480
44423.404558
48104.890362
51773.635843
55348.226681
58804.459353
62167.597707
65408.869049
68542.253174
71502.089501
74325.826366
76950.553716
79397.776015
81695.849138
83807.000714
85776.883045
87526.485871
89083.758906
90477.877762
91713.870888
92824.267514
93788.712598
94614.342491
95269.710327
95786.235225
96205.588213
96511.423590
96743.042017
96849.872878
96848.082465
96741.129301
96549.248768
96315.848178
96015.904955
95606.241227
95149.781760
94634.052694
94098.739425
93527.737296
92891.887378
92232.010338
91536.651082
90810.936840
90079.885483
89342.101955
88565.115934
87800.114560
87002.479725
86231.491239
85406.136622
84590.766588
83759.984843
82965.865339
82141.801528
81311.444049
80455.985642
79623.203616
78780.747813
77973.285616
77176.005765
76359.166027
75569.888951
74798.890240
74025.801716
73258.995551
72507.523858
71746.422918
71005.510273
70223.648518
69483.523464
68734.961184
67996.687168
67255.282771
66506.575069
65766.540218
65038.199819
64317.076404
63590.656074
62889.303476
62182.683454
61462.444744
60781.939461
60083.345467
59417.790687
58738.725869
58057.732967
57398.319318
56718.296740
56045.273361
55384.185504
54733.471013
54088.715841
53454.304946
52820.822981
52172.753022
51550.527653
50916.122499
50283.531971
49668.864203
49034.167375
48423.694781
47790.107284
47184.235265
46569.627627
45944.271890
45339.138707
44736.026946
44119.082824
43523.773556
42912.455877
42318.488664
41726.233338
41118.519736
40535.301343
39933.816967
39341.938995
38737.358471
38143.761592
37545.902374
36945.975123
36352.221080
35759.427565
35182.087652
34586.155784
34010.760593
33441.053737
32860.944104
32281.982018
31683.536163
31098.727559
30522.098298
29936.825188
29353.587675
28759.068813
28181.524280
27603.867162
27016.696758
26451.412342
25872.290319
25310.898611
24744.652801
24188.291577
23637.350827
23087.401743
22535.451490
21994.170992
21463.526940
20928.413480
20401.681356
19883.749056
19376.533540
18866.671448
18371.016571
17886.816840
17408.872106
16938.866823
16475.567060
16018.389715
15570.973375
15130.360600
14695.509063
14267.318284
13847.717664
13432.240766
13024.919168
12625.357587
12226.196308
11831.944777
11445.588907
11062.012922
10688.847153
10325.491821
9972.787658
9623.308007
9284.022863
8951.386065
8632.033395
8312.250443
8007.036510
7711.223701
7422.530293
7144.856192
6871.497670
6606.896126
6347.343069
6091.605033
5847.652140
5612.101330
5383.150558
5158.681457
4939.809868
4729.111030
4523.962553
4323.776278
4129.834647
3940.120138
3762.206367
3590.159780
3424.143593
3264.256304
3108.125242
2957.483611
2813.133173
2674.362935
2541.537974
2414.356863
2291.792096
2174.469627
2060.719315
1953.352881
1852.979268
1756.359214
1665.802781
1579.372569
1494.198106
1413.554137
1337.523855
1263.349905
1193.040028
1126.782545
1062.859811
1002.128881
946.335898
890.631088
838.089449
788.216006
740.783896
696.790299
654.358491
613.488203
575.411462
539.505658
505.088761
472.038005
442.241472
412.719968
384.664028
359.906275
335.581721
312.163764
290.556347
270.528284
251.846766
234.052450
217.414417
201.620834
187.012207
172.748175
159.172672
146.986666
135.542218
124.702957
115.002614
105.442111
96.790173
88.687316
81.041076
73.846889
67.840101
61.919953
56.619543
51.496076
46.950893
42.813279
39.238035
36.191685
33.129987
30.357032
27.689480
25.263340
23.400844
21.355709
19.720982
18.260589
16.880203
15.504783
14.158303
13.022020
12.036822
11.135204
10.309153
9.283283
8.568546
7.929174
7.359953
6.886201
6.196053
5.710733
5.273301
4.831703
4.469275
4.169325
3.807792
3.470399
3.134086
2.802881
2.519634
2.233167
2.007902
1.853128
1.605279
1.441741
1.289395
1.150063
1.038388
0.891549
0.768159
0.673147
0.568127
0.497062
0.408190
0.330546
0.281940
0.246800
0.179824
0.137764
0.121353
0.096431
0.088893
0.072749
0.050931
0.038240
0.028029
0.020230
0.021689
0.015214
0.007159
0.006248
0.004074
0.003626
0.001285
0.001076
0.000429
0.000086
0.000780
0.000449
0.000274
0.000230
0.000000
0.000000
0.000000
0.000000
0.000000
0.000000
0.000000
0.000000
0.000000
0.000000
0.000000
0.000000
0.000000
0.000000
0.000000
0.000000
0.000000
0.000000
0.000000
0.000000
0.000000
0.000000
0.000000
0.000000
0.000000
0.000000
0.000000
0.000000
0.000000
0.000000
0.000000
0.000000
0.000000
0.000000
0.000000
0.000000
0.000000
0.000000
0.000000
0.000000
0.000000
0.000000
0.000000
0.000000
0.000000
0.000000
0.000000
0.000000
0.000000
0.000000
0.000000
0.000000
0.000000
0.000000
0.000000
0.000000
0.000000
0.000000
0.000000
0.000000
0.000000
0.000000
0.000000
0.000000
0.000000
0.000000
0.000000
0.000000
0.000000
0.000000
0.000000
0.000000
0.000000
0.000000
0.000000
0.000000
0.000000
0.000000
0.000000
0.000000
0.000000
0.000000
0.000000
0.000000
0.000000
0.000000
0.000000
0.000000
0.000000
0.000000
0.000000
0.000000
0.000000
0.000000
0.000000
0.000000
0.000000
0.000000
0.000000
0.000000
0.000000
0.000000
0.000000
0.000000
0.000000
0.000000
0.000000
0.000000
0.000000
0.000000
0.000000
0.000000
0.000000
0.000000
0.000000
0.000000
0.000000
0.000000
0.000000
0.000000
0.000000
0.000000
0.000000
0.000000
0.000000
0.000000
0.000000
0.000000
0.000000
0.000000
0.000000
0.000000
0.000000
0.000000
0.000000
0.000000
0.000000
0.000000
0.000000
0.000000
0.000000
0.000000
0.000000
0.000000
0.000000
0.000000
0.000000
0.000000
0.000000
0.000000
0.000000
0.000000
0.000000
0.000000
0.000000
0.000000
0.000000
0.000000
0.000000
0.000000
0.000000
0.000000
0.000000
0.000000
0.000000
0.000000
0.000000
0.000000
0.000000
0.000000
0.000000
0.000000
0.000000
0.000000
0.000000
0.000000
0.000000
0.000000
0.000000
0.000000
0.000000
0.000000
0.000000
0.000000
0.000000
0.000000
0.000000
0.000000
0.000000
0.000000
0.000000
0.000000
0.000000
0.000000
0.000000
0.000000
0.000000
0.000000
0.000000
0.000000
0.000000
0.000000
0.000000
0.000000
0.000000
0.000000
0.000000
0.000000
0.000000
0.000000
0.000000
0.000000
0.000000
0.000000
0.000000
0.000000
0.000000
0.000000
0.000000
0.000000
0.000000
0.000000
0.000000
0.000000
0.000000
0.000000
0.000000
0.000000
0.000000
0.000000
0.000000
0.000000
0.000000
0.000000
0.000000
0.000000
0.000000
0.000000
0.000000
0.000000
0.000000
0.000000
0.000000
0.000000
0.000000
0.000000
0.000000
0.000000
0.000000
0.000000
0.000000
0.000000
0.000000
0.000000
0.000000
0.000000
0.000000
0.000000
0.000000
0.000000
0.000000
0.000000
0.000000
0.000000
0.000000
0.000000
0.000000
0.000000
0.000000
0.000000
0.000000
0.000000
0.000000
0.000000
0.000000
0.000000
0.000000
0.000000
0.000000
0.000000
0.000000
0.000000
0.000000
0.000000
0.000000
0.000000
0.000000
0.000000
0.000000
0.000000
0.000000
0.000000
0.000000
0.000000
0.000000
0.000000
0.000000
0.000000
0.000000
0.000000
0.000000
0.000000
0.000000
0.000000
0.000000
0.000000
0.000000
0.000000
0.000000
0.000000
0.000000
0.000000
0.000000
0.000000
0.000000
0.000000
0.000000
0.000000
0.000000
0.000000
0.000000
0.000000
0.000000
0.000000
0.000000
0.000000
0.000000
0.000000
0.000000
0.000000
0.000000
0.000000
0.000000
0.000000
0.000000
0.000000
0.000000
0.000000
0.000000
0.000000
0.000000
0.000000
0.000000
0.000000
0.000000
0.000000
0.000000
0.000000
0.000000
0.000000
0.000000
0.000000
0.000000
0.000000
0.000000
0.000000
0.000000
0.000000
0.000000
0.000000
0.000000
0.000000
0.000000
0.000000
0.000000
0.000000
0.000000
0.000000
0.000000
0.000000
0.000000
0.000000
0.000000
0.000000
0.000000
0.000000
0.000000
0.000000
0.000000
0.000000
0.000000
0.000000
0.000000
0.000000
0.000000
0.000000
0.000000
0.000000
0.000000
0.000000
0.000000
0.000000
0.000000
0.000000
0.000000
0.000000
0.000000
0.000000
0.000000
0.000000
0.000000
0.000000
0.000000
0.000000
0.000000
0.000000
0.000000
0.000000
0.000000
0.000000
0.000000
0.000000
0.000000
0.000000
0.000000
0.000000
0.000000
0.000000
0.000000
0.000000
0.000000
0.000000
0.000000
0.000000
0.000000
0.000000
0.000000
0.000000
0.000000
0.000000
0.000000
0.000000
0.000000
0.000000
0.000000
0.000000
0.000000
0.000000
0.000000
0.000000
0.000000
0.000000
0.000000
0.000000
0.000000
0.000000
0.000000
0.000000
0.000000
0.000000
0.000000
0.000000
0.000000
0.000000
0.000000
0.000000
0.000000
0.000000
0.000000
0.000000
0.000000
0.000000
0.000000
0.000000
0.000000
0.000000
0.000000
0.000000
0.000000
0.000000
0.000000
0.000000
0.000000
0.000000
0.000000
0.000000
0.000000
0.000000
0.000000
0.000000
0.000000
0.000000
0.000000
0.000000
0.000000
0.000000
0.000000
0.000000
0.000000
0.000000
0.000000
0.000000
0.000000
0.000000
0.000000
0.000000
0.000000
0.000000
0.000000
0.000000
0.000000
0.000000
0.000000
0.000000
0.000000
0.000000
0.000000
0.000000
0.000000
0.000000
0.000000
0.000000
0.000000
0.000000
0.000000
0.000000
0.000000
0.000000
0.000000
0.000000
0.000000
0.000000
0.000000
0.000000
0.000000
0.000000
0.000000
0.000000
0.000000
0.000000
0.000000
0.000000
0.000000
0.000000
0.000000
0.000000
0.000000
0.000000
0.000000
0.000000
0.000000
0.000000
0.000000
0.000000
0.000000
0.000000
0.000000
0.000000
0.000000
0.000000
0.000000
0.000000
0.000000
0.000000
0.000000
0.000000
0.000000
0.000000
0.000000
0.000000
0.000000
0.000000
0.000000
0.000000
0.000000
0.000000
0.000000
0.000000
0.000000
0.000000
0.000000
0.000000
0.000000
0.000000
0.000000
0.000000
0.000000
0.000000
0.000000
0.000000
0.000000
0.000000
0.000000
0.000000
0.000000
0.000000
0.000000
0.000000
0.000000
0.000000
0.000000
0.000000
0.000000
0.000000
0.000000
0.000000
0.000000
0.000000
0.000000
0.000000
0.000000
0.000000
0.000000
0.000000
0.000000
0.000000
0.000000
0.000000
0.000000
0.000000
0.000000
0.000000
0.000000
0.000000
0.000000
0.000000
0.000000
0.000000
0.000000
0.000000
0.000000
0.000000
0.000000
0.000000
0.000000
0.000000
0.000000
0.000000
0.000000
