0.000000
0.000000
0.000000
0.000000
0.000000
0.000000
0.000000
1.172501
2.396034
6.849119
4.521389
16.735336
40.666382
62.619898
113.091529
189.782041
265.602569
362.528621
499.806506
721.225078
969.634375
1327.386488
1690.086689
2237.550876
2877.367553
3676.576498
4544.608832
5554.818075
6736.887316
7979.263075
9376.325726
11102.649880
12826.077186
14490.798942
16542.540504
18753.429635
20938.569116
23339.446915
25706.341690
28309.646302
30983.040250
33769.723449
36510.017076
39408.402311
42320.254983
44907.661998
47636.671509
50300.588263
53129.866832
55787.428054
58491.656880
61055.264435
63455.205235
66007.004342
68449.319903
70637.674550
72882.547136
75039.178211
77051.874848
79028.986261
80669.074149
82643.845617
84129.586731
85564.401281
87020.767536
88074.855776
89401.688047
90539.230170
91475.163932
92438.205813
93362.979603
94343.310595
95029.446705
95816.616298
96189.590173
96696.437860
97120.472526
97309.998802
97831.087003
97838.838057
97543.380595
97622.387442
97609.660729
97474.897190
97228.301778
96981.544586
96743.383101
96384.295189
95939.684497
95420.657475
94943.530070
94429.845592
93706.419926
93084.461219
92485.343188
91682.555544
91048.181026
90369.694790
89452.766184
88835.952339
88209.957803
87505.470944
86687.449770
85989.705480
85034.332177
84306.828295
83210.914608
82434.226923
81397.148797
80288.821403
79324.252500
78354.422880
77471.756348
76419.011172
75352.210160
74470.377694
73477.868402
72518.099844
71679.149918
70686.313538
69775.658725
68798.686492
67697.572356
66767.162212
65684.443632
64643.784689
63691.902416
62606.107588
61574.897987
60615.591240
59841.907947
58881.104535
57871.038262
56939.208943
55967.740553
55088.059595
54099.130526
53146.334173
52278.565145
51375.750152
50473.031816
49691.528693
48831.275814
47848.624519
47026.959613
46112.000193
45209.634183
44386.019617
43598.152526
42825.109609
41952.479603
41280.571656
40525.565698
39674.329178
38960.558705
38278.913970
37483.399457
36746.980478
35950.082934
35293.032136
34443.545594
33775.593710
33114.475830
32503.812222
31777.872940
31058.494107
30265.427946
29507.978101
28940.778865
28229.507139
27558.077104
26945.135576
26355.221690
25665.941326
25029.696741
24395.666385
23818.494171
23224.995886
22682.487052
22073.401070
21602.491712
21081.986265
20530.918619
19985.083024
19436.232109
18946.935695
18510.029239
17992.706870
17481.967906
16973.151954
16483.269276
16077.160063
15635.569723
15241.007400
14823.694988
14455.099760
14076.773504
13643.883001
13290.665123
12901.174981
12544.308808
12247.044601
11907.983497
11550.962107
11233.340108
10874.822745
10563.421880
10270.830428
9964.353425
9708.824927
9468.240994
9163.237470
8856.164195
8595.800554
8287.173318
8027.320429
7742.707763
7462.608538
7212.726227
6972.618106
6759.037893
6504.331103
6292.231451
6116.827530
5968.110468
5795.053622
5574.151841
5367.677953
5177.350259
5009.036211
4855.139968
4722.035715
4564.829972
4414.654764
4262.379292
4093.776216
3955.858183
3829.302167
3687.737223
3527.087134
3405.917086
3301.487225
3201.001476
3082.005112
2969.373005
2826.699338
2733.735323
2619.227079
2517.832485
2422.623490
2315.064305
2230.867038
2133.942897
2059.898214
2010.908306
1965.908983
1867.824635
1789.267125
1719.712566
1649.839641
1576.091931
1487.054323
1419.664710
1355.738883
1282.542857
1236.152346
1171.821680
1119.198448
1069.945170
1027.850727
988.401350
921.701766
882.218293
860.290900
831.193001
789.678532
746.697846
709.608352
668.564255
646.337954
611.591688
583.638685
552.973634
517.234148
500.683008
469.181768
449.651307
421.614718
401.896669
379.543273
367.889175
352.561393
343.045571
326.408761
308.602932
301.012118
294.075402
277.131023
259.012293
240.926300
226.393736
214.910025
207.170773
192.643067
184.367858
172.583875
160.238924
149.433465
140.870955
137.105580
127.011006
120.559400
113.153652
104.394474
99.453815
91.296743
88.370210
84.062212
79.804931
75.999854
70.244364
65.220614
59.100580
58.736250
59.627655
54.424851
51.898087
47.906350
44.874272
39.978359
39.433223
37.220147
33.964876
33.748622
31.013302
27.118405
24.562355
22.881059
21.198025
19.397367
17.147907
16.525597
13.586113
13.339082
13.521948
13.273056
11.310043
9.695786
8.960959
8.545927
7.188954
7.665082
6.239245
5.252661
4.442446
4.222472
4.102813
4.709614
4.104742
3.564467
3.352808
3.097375
2.807367
2.819297
2.765492
2.351504
2.066115
1.672309
1.890490
1.989404
2.170124
2.403093
2.068323
1.439412
1.568351
1.596894
1.798264
1.555316
1.295076
1.166561
1.407719
0.942849
1.172329
1.412702
1.519723
1.208164
0.976565
0.672574
0.710845
0.620921
0.316844
0.399456
0.326948
0.471790
0.307963
0.196410
0.275472
0.158909
0.224263
0.164800
0.319497
0.254907
0.227623
0.324123
0.209619
0.123957
0.109324
0.112005
0.010988
0.000000
0.000000
0.000000
0.000000
0.000000
0.000000
0.000000
0.000000
0.000000
0.000000
0.000000
0.000000
0.000000
0.000000
0.000000
0.000000
0.000000
0.000000
0.000000
0.000000
0.000000
0.000000
0.000000
0.000000
0.000000
0.000000
0.000000
0.000000
0.000000
0.000000
0.000000
0.000000
0.000000
0.000000
0.000000
0.000000
0.000000
0.000000
0.000000
0.000000
0.000000
0.000000
0.000000
0.000000
0.000000
0.000000
0.000000
0.000000
0.000000
0.000000
0.000000
0.000000
0.000000
0.000000
0.000000
0.000000
0.000000
0.000000
0.000000
0.000000
0.000000
0.000000
0.000000
0.000000
0.000000
0.000000
0.000000
0.000000
0.000000
0.000000
0.000000
0.000000
0.000000
0.000000
0.000000
0.000000
0.000000
0.000000
0.000000
0.000000
0.000000
0.000000
0.000000
0.000000
0.000000
0.000000
0.000000
0.000000
0.000000
0.000000
0.000000
0.000000
0.000000
0.000000
0.000000
0.000000
0.000000
0.000000
0.000000
0.000000
0.000000
0.000000
0.000000
0.000000
0.000000
0.000000
0.000000
0.000000
0.000000
0.000000
0.000000
0.000000
0.000000
0.000000
0.000000
0.000000
0.000000
0.000000
0.000000
0.000000
0.000000
0.000000
0.000000
0.000000
0.000000
0.000000
0.000000
0.000000
0.000000
0.000000
0.000000
0.000000
0.000000
0.000000
0.000000
0.000000
0.000000
0.000000
0.000000
0.000000
0.000000
0.000000
0.000000
0.000000
0.000000
0.000000
0.000000
0.000000
0.000000
0.000000
0.000000
0.000000
0.000000
0.000000
0.000000
0.000000
0.000000
0.000000
0.000000
0.000000
0.000000
0.000000
0.000000
0.000000
0.000000
0.000000
0.000000
0.000000
0.000000
0.000000
0.000000
0.000000
0.000000
0.000000
0.000000
0.000000
0.000000
0.000000
0.000000
0.000000
0.000000
0.000000
0.000000
0.000000
0.000000
0.000000
0.000000
0.000000
0.000000
0.000000
0.000000
0.000000
0.000000
0.000000
0.000000
0.000000
0.000000
0.000000
0.000000
0.000000
0.000000
0.000000
0.000000
0.000000
0.000000
0.000000
0.000000
0.000000
0.000000
0.000000
0.000000
0.000000
0.000000
0.000000
0.000000
0.000000
0.000000
0.000000
0.000000
0.000000
0.000000
0.000000
0.000000
0.000000
0.000000
0.000000
0.000000
0.000000
0.000000
0.000000
0.000000
0.000000
0.000000
0.000000
0.000000
0.000000
0.000000
0.000000
0.000000
0.000000
0.000000
0.000000
0.000000
0.000000
0.000000
0.000000
0.000000
0.000000
0.000000
0.000000
0.000000
0.000000
0.000000
0.000000
0.000000
0.000000
0.000000
0.000000
0.000000
0.000000
0.000000
0.000000
0.000000
0.000000
0.000000
0.000000
0.000000
0.000000
0.000000
0.000000
0.000000
0.000000
0.000000
0.000000
0.000000
0.000000
0.000000
0.000000
0.000000
0.000000
0.000000
0.000000
0.000000
0.000000
0.000000
0.000000
0.000000
0.000000
0.000000
0.000000
0.000000
0.000000
0.000000
0.000000
0.000000
0.000000
0.000000
0.000000
0.000000
0.000000
0.000000
0.000000
0.000000
0.000000
0.000000
0.000000
0.000000
0.000000
0.000000
0.000000
0.000000
0.000000
0.000000
0.000000
0.000000
0.000000
0.000000
0.000000
0.000000
0.000000
0.000000
0.000000
0.000000
0.000000
0.000000
0.000000
0.000000
0.000000
0.000000
0.000000
0.000000
0.000000
0.000000
0.000000
0.000000
0.000000
0.000000
0.000000
0.000000
0.000000
0.000000
0.000000
0.000000
0.000000
0.000000
0.000000
0.000000
0.000000
0.000000
0.000000
0.000000
0.000000
0.000000
0.000000
0.000000
0.000000
0.000000
0.000000
0.000000
0.000000
0.000000
0.000000
0.000000
0.000000
0.000000
0.000000
0.000000
0.000000
0.000000
0.000000
0.000000
0.000000
0.000000
0.000000
0.000000
0.000000
0.000000
0.000000
0.000000
0.000000
0.000000
0.000000
0.000000
0.000000
0.000000
0.000000
0.000000
0.000000
0.000000
0.000000
0.000000
0.000000
0.000000
0.000000
0.000000
0.000000
0.000000
0.000000
0.000000
0.000000
0.000000
0.000000
0.000000
0.000000
0.000000
0.000000
0.000000
0.000000
0.000000
0.000000
0.000000
0.000000
0.000000
0.000000
0.000000
0.000000
0.000000
0.000000
0.000000
0.000000
0.000000
0.000000
0.000000
0.000000
0.000000
0.000000
0.000000
0.000000
0.000000
0.000000
0.000000
0.000000
0.000000
0.000000
0.000000
0.000000
0.000000
0.000000
0.000000
0.000000
0.000000
0.000000
0.000000
0.000000
0.000000
0.000000
0.000000
0.000000
0.000000
0.000000
0.000000
0.000000
0.000000
0.000000
0.000000
0.000000
0.000000
0.000000
0.000000
0.000000
0.000000
0.000000
0.000000
0.000000
0.000000
0.000000
0.000000
0.000000
0.000000
0.000000
0.000000
0.000000
0.000000
0.000000
0.000000
0.000000
0.000000
0.000000
0.000000
0.000000
0.000000
0.000000
0.000000
0.000000
0.000000
0.000000
0.000000
0.000000
0.000000
0.000000
0.000000
0.000000
0.000000
0.000000
0.000000
0.000000
0.000000
0.000000
0.000000
0.000000
0.000000
0.000000
0.000000
0.000000
0.000000
0.000000
0.000000
0.000000
0.000000
0.000000
0.000000
0.000000
0.000000
0.000000
0.000000
0.000000
0.000000
0.000000
0.000000
0.000000
0.000000
0.000000
0.000000
0.000000
0.000000
0.000000
0.000000
0.000000
0.000000
0.000000
0.000000
0.000000
0.000000
0.000000
0.000000
0.000000
0.000000
0.000000
0.000000
0.000000
0.000000
0.000000
0.000000
0.000000
0.000000
0.000000
0.000000
0.000000
0.000000
0.000000
0.000000
0.000000
0.000000
0.000000
0.000000
0.000000
0.000000
0.000000
0.000000
0.000000
0.000000
0.000000
0.000000
0.000000
0.000000
0.000000
0.000000
0.000000
0.000000
0.000000
0.000000
0.000000
0.000000
0.000000
0.000000
0.000000
0.000000
0.000000
0.000000
0.000000
0.000000
0.000000
0.000000
0.000000
0.000000
0.000000
0.000000
0.000000
0.000000
0.000000
0.000000
0.000000
