43.772843
287.065517
1035.479883
2719.795121
5924.328326
11167.725858
18959.092410
29655.105130
43283.009838
59705.934196
78611.625584
99268.362586
120992.254897
143046.817406
164575.511287
185137.987880
203897.345200
220398.342602
234246.057607
245384.329956
253589.207495
258915.800781
261525.029782
261716.557990
259607.916642
255510.943204
249733.403441
242592.558251
234338.765955
225197.455681
215444.893692
205292.298427
194967.224613
184577.194012
174280.021706
164142.789308
154310.679221
144843.792357
135762.046944
127138.698592
118899.719273
111115.881269
103750.072620
96841.069936
90352.189274
84324.748334
78692.184308
73472.553447
68594.457091
64054.382088
59852.841330
56016.268005
52406.036245
49094.130047
46041.337587
43189.920421
40544.423901
38124.861911
35867.371068
33806.037669
31890.024320
30105.950623
28460.560311
26934.532333
25522.117925
24215.756965
22990.652437
21847.365963
20802.455495
19821.318217
18930.402589
18089.762618
17312.956304
16593.377232
15912.363811
15288.219993
14695.057802
14149.282461
13644.603791
13173.399690
12732.247217
12314.246201
11930.830615
11578.829963
11243.742744
10927.894935
10641.309742
10372.987233
10124.985891
9899.485137
9675.813676
9477.274184
9291.974278
9123.982341
8967.729447
8830.280818
8695.343408
8572.971289
8465.529656
8363.637498
8276.968652
8186.561418
8110.002963
8047.503067
7987.134799
7933.657556
7883.341280
7840.482518
7807.853177
7778.217709
7755.637003
7733.950336
7720.462298
7711.210157
7701.256518
7699.784126
7708.286077
7715.916389
7728.726220
7739.974055
7763.554333
7781.698936
7813.771763
7849.782998
7884.209656
7921.411190
7961.222532
8006.577182
8056.894594
8102.618713
8158.511443
8210.108478
8273.144689
8334.554917
8402.189403
8465.636845
8536.896969
8609.168560
8686.204219
8759.595626
8835.645562
8916.280230
8999.915300
9084.938349
9169.594802
9257.356322
9348.889310
9440.311486
9533.475905
9628.386753
9723.486931
9818.189808
9913.447353
10013.729955
10120.053479
10225.790127
10326.164478
10425.912969
10532.737578
10639.668796
10744.941500
10846.919183
10948.352567
11051.787415
11159.843736
11273.755263
11379.056137
11481.596444
11588.671500
11690.706461
11794.842120
11893.957428
11996.569986
12101.599878
12203.151171
12297.762316
12394.568262
12489.796149
12577.846373
12674.306856
12763.760996
12847.060188
12929.311711
13010.264125
13090.052312
13165.712675
13239.160458
13309.689045
13376.720889
13438.230714
13504.127150
13566.150968
13617.840275
13671.395171
13717.611038
13759.847879
13802.660418
13832.949315
13865.929489
13888.848831
13916.972213
13939.356992
13952.658665
13964.904604
13966.386195
13965.017115
13970.247375
13960.313827
13945.933801
13931.605463
13911.354925
13881.082335
13851.722045
13815.401586
13780.172338
13732.997737
13682.269323
13632.586895
13575.946252
13510.749455
13444.797945
13368.115838
13289.138642
13207.876726
13120.469883
13026.707073
12938.222862
12837.719215
12735.508184
12628.306004
12523.065991
12399.857664
12275.257481
12145.836664
12024.715984
11885.852067
11747.192728
11610.518708
11470.096709
11323.211692
11176.108524
11027.225996
10877.249947
10723.260197
10565.327840
10404.126623
10243.820316
10078.055297
9909.989922
9741.221688
9571.220914
9396.954263
9221.514232
9050.050286
8878.166952
8698.177542
8522.683256
8345.749472
8172.713947
7998.372852
7820.930047
7646.391768
7472.176821
7302.014635
7129.819365
6952.335953
6778.531368
6607.130281
6439.004671
6269.623797
6101.573787
5938.614040
5775.797416
5614.075533
5454.479081
5296.800964
5144.399314
4992.002867
4841.960882
4695.558328
4546.452336
4399.055062
4253.610816
4115.486448
3980.866623
3845.137336
3713.244825
3583.404950
3458.876684
3332.680224
3211.302792
3096.268337
2982.642903
2870.899055
2761.159732
2653.708315
2551.133686
2451.317341
2352.080256
2257.395394
2166.509362
2076.484989
1990.412555
1907.225583
1824.259017
1747.115745
1669.429585
1595.111398
1524.522197
1454.513171
1389.116695
1325.835631
1264.183095
1204.919056
1147.014101
1092.058016
1037.077751
985.497277
935.958600
888.754431
844.313851
801.987560
759.878461
720.392423
683.342045
647.531117
612.615849
578.845282
547.593891
518.117269
488.694017
461.492278
434.708013
409.695212
386.075802
363.649490
341.428483
320.782350
301.929406
283.170380
267.286082
250.626169
234.829602
220.835798
207.320919
194.652020
182.719267
171.114820
160.414874
149.803353
139.981388
130.903743
122.435341
114.963285
107.477987
100.326023
93.069412
86.722888
80.777809
75.145846
69.788593
64.587997
60.139157
55.664621
51.701406
48.040515
44.566823
41.371075
38.192630
35.412471
32.644282
30.254614
28.184696
26.105424
23.943236
22.033461
20.358459
18.882678
17.489697
16.250389
15.070842
13.817991
12.774897
11.814159
10.916970
10.088703
9.255206
8.490850
7.841472
7.277859
6.633689
6.146631
5.607277
5.076981
4.637086
4.183497
3.832335
3.550474
3.271679
2.990825
2.787476
2.569229
2.350156
2.187109
1.964535
1.817441
1.626787
1.476659
1.348092
1.246583
1.120883
1.004884
0.913056
0.806721
0.723691
0.640584
0.610592
0.515211
0.473670
0.425115
0.386404
0.369679
0.325878
0.299426
0.275375
0.254123
0.223086
0.191820
0.171685
0.151097
0.134702
0.117742
0.106951
0.099778
0.094542
0.079558
0.069166
0.061260
0.052934
0.050306
0.045084
0.041569
0.034133
0.025357
0.024582
0.022751
0.018300
0.015793
0.008425
0.005832
0.005386
0.003973
0.002436
0.001900
0.001149
0.002397
0.001962
0.001636
0.002209
0.001548
0.002107
0.002732
0.003717
0.002520
0.000713
0.000346
0.000120
0.000650
0.000572
0.000718
0.000052
0.000000
0.000000
0.000000
0.000000
0.000000
0.000000
0.000000
0.000000
0.000000
0.000000
0.000000
0.000000
0.000000
0.000000
0.000000
0.000000
0.000000
0.000000
0.000000
0.000000
0.000000
0.000000
0.000000
0.000000
0.000000
0.000000
0.000000
0.000000
0.000000
0.000000
0.000000
0.000000
0.000000
0.000000
0.000000
0.000000
0.000000
0.000000
0.000000
0.000000
0.000000
0.000000
0.000000
0.000000
0.000000
0.000000
0.000000
0.000000
0.000000
0.000000
0.000000
0.000000
0.000000
0.000000
0.000000
0.000000
0.000000
0.000000
0.000000
0.000000
0.000000
0.000000
0.000000
0.000000
0.000000
0.000000
0.000000
0.000000
0.000000
0.000000
0.000000
0.000000
0.000000
0.000000
0.000000
0.000000
0.000000
0.000000
0.000000
0.000000
0.000000
0.000000
0.000000
0.000000
0.000000
0.000000
0.000000
0.000000
0.000000
0.000000
0.000000
0.000000
0.000000
0.000000
0.000000
0.000000
0.000000
0.000000
0.000000
0.000000
0.000000
0.000000
0.000000
0.000000
0.000000
0.000000
0.000000
0.000000
0.000000
0.000000
0.000000
0.000000
0.000000
0.000000
0.000000
0.000000
0.000000
0.000000
0.000000
0.000000
0.000000
0.000000
0.000000
0.000000
0.000000
0.000000
0.000000
0.000000
0.000000
0.000000
0.000000
0.000000
0.000000
0.000000
0.000000
0.000000
0.000000
0.000000
0.000000
0.000000
0.000000
0.000000
0.000000
0.000000
0.000000
0.000000
0.000000
0.000000
0.000000
0.000000
0.000000
0.000000
0.000000
0.000000
0.000000
0.000000
0.000000
0.000000
0.000000
0.000000
0.000000
0.000000
0.000000
0.000000
0.000000
0.000000
0.000000
0.000000
0.000000
0.000000
0.000000
0.000000
0.000000
0.000000
0.000000
0.000000
0.000000
0.000000
0.000000
0.000000
0.000000
0.000000
0.000000
0.000000
0.000000
0.000000
0.000000
0.000000
0.000000
0.000000
0.000000
0.000000
0.000000
0.000000
0.000000
0.000000
0.000000
0.000000
0.000000
0.000000
0.000000
0.000000
0.000000
0.000000
0.000000
0.000000
0.000000
0.000000
0.000000
0.000000
0.000000
0.000000
0.000000
0.000000
0.000000
0.000000
0.000000
0.000000
0.000000
0.000000
0.000000
0.000000
0.000000
0.000000
0.000000
0.000000
0.000000
0.000000
0.000000
0.000000
0.000000
0.000000
0.000000
0.000000
0.000000
0.000000
0.000000
0.000000
0.000000
0.000000
0.000000
0.000000
0.000000
0.000000
0.000000
0.000000
0.000000
0.000000
0.000000
0.000000
0.000000
0.000000
0.000000
0.000000
0.000000
0.000000
0.000000
0.000000
0.000000
0.000000
0.000000
0.000000
0.000000
0.000000
0.000000
0.000000
0.000000
0.000000
0.000000
0.000000
0.000000
0.000000
0.000000
0.000000
0.000000
0.000000
0.000000
0.000000
0.000000
0.000000
0.000000
0.000000
0.000000
0.000000
0.000000
0.000000
0.000000
0.000000
0.000000
0.000000
0.000000
0.000000
0.000000
0.000000
0.000000
0.000000
0.000000
0.000000
0.000000
0.000000
0.000000
0.000000
0.000000
0.000000
0.000000
0.000000
0.000000
0.000000
0.000000
0.000000
0.000000
0.000000
0.000000
0.000000
0.000000
0.000000
0.000000
0.000000
0.000000
0.000000
0.000000
0.000000
0.000000
0.000000
0.000000
0.000000
0.000000
0.000000
0.000000
0.000000
0.000000
0.000000
0.000000
0.000000
0.000000
0.000000
0.000000
0.000000
0.000000
0.000000
0.000000
0.000000
0.000000
0.000000
0.000000
0.000000
0.000000
0.000000
0.000000
0.000000
0.000000
0.000000
0.000000
0.000000
0.000000
0.000000
0.000000
0.000000
0.000000
0.000000
0.000000
0.000000
0.000000
0.000000
0.000000
0.000000
0.000000
0.000000
0.000000
0.000000
0.000000
0.000000
0.000000
0.000000
0.000000
0.000000
0.000000
0.000000
0.000000
0.000000
0.000000
0.000000
0.000000
0.000000
0.000000
0.000000
0.000000
0.000000
0.000000
0.000000
0.000000
0.000000
0.000000
0.000000
0.000000
0.000000
0.000000
0.000000
0.000000
0.000000
0.000000
0.000000
0.000000
0.000000
0.000000
0.000000
0.000000
0.000000
0.000000
0.000000
0.000000
0.000000
0.000000
0.000000
0.000000
0.000000
0.000000
0.000000
0.000000
0.000000
0.000000
0.000000
0.000000
0.000000
0.000000
0.000000
0.000000
0.000000
0.000000
0.000000
0.000000
0.000000
0.000000
0.000000
0.000000
0.000000
0.000000
0.000000
0.000000
0.000000
0.000000
0.000000
0.000000
0.000000
0.000000
0.000000
0.000000
0.000000
0.000000
0.000000
0.000000
0.000000
0.000000
0.000000
0.000000
0.000000
0.000000
0.000000
0.000000
0.000000
0.000000
0.000000
0.000000
0.000000
0.000000
0.000000
0.000000
0.000000
0.000000
0.000000
0.000000
0.000000
0.000000
0.000000
0.000000
0.000000
0.000000
0.000000
0.000000
0.000000
0.000000
0.000000
0.000000
0.000000
0.000000
0.000000
0.000000
0.000000
0.000000
0.000000
0.000000
0.000000
0.000000
0.000000
0.000000
0.000000
0.000000
0.000000
0.000000
0.000000
0.000000
0.000000
0.000000
0.000000
0.000000
0.000000
0.000000
0.000000
0.000000
0.000000
0.000000
0.000000
0.000000
0.000000
0.000000
0.000000
0.000000
0.000000
0.000000
0.000000
0.000000
0.000000
0.000000
0.000000
0.000000
0.000000
0.000000
0.000000
0.000000
0.000000
