0.000000
0.000000
0.000000
0.000000
0.000000
0.000000
0.000000
0.000000
0.000000
0.000000
0.000000
0.000000
0.000000
0.000000
0.000000
0.019558
0.026053
0.087504
0.117803
0.416546
0.712367
1.508508
3.307125
5.669178
10.401875
18.703118
32.465075
54.034056
86.671117
138.238389
214.699028
326.103868
481.919479
704.471454
1002.365760
1402.880301
1922.170587
2599.815274
3447.179457
4515.504349
5808.458621
7378.706667
9243.013284
11415.096604
13924.433168
16787.124858
20031.400661
23593.849580
27563.625222
31866.933173
36469.899439
41412.088895
46539.023685
51958.033428
57508.172768
63168.926665
68916.521251
74690.152260
80389.722314
86065.785056
91545.877486
96887.312645
101986.042034
106853.854526
111385.116459
115680.205642
119580.391587
123103.366531
126325.804339
129133.936064
131614.616227
133754.803572
135520.796367
136923.829192
138115.110123
138870.623481
139438.550950
139688.013293
139767.124832
139584.261396
139232.645297
138687.531638
137988.604891
137176.070371
136224.458277
135174.237179
134062.256654
132896.944753
131619.104281
130334.310041
129016.123286
127674.451674
126308.661758
124949.443037
123571.574668
122184.027016
120840.296554
119475.021844
118135.880098
116793.233979
115475.898953
114170.629780
112872.852824
111574.964163
110329.243134
109024.259157
107792.112748
106509.125148
105252.597043
103967.989336
102710.767479
101410.514619
100098.878388
98770.024577
97431.001844
96048.198552
94631.962143
93202.833845
91689.708957
90176.896201
88584.326103
86970.040654
85268.787974
83517.829266
81736.734157
79891.057404
77990.739113
76033.326637
74037.074974
71963.961750
69875.383091
67736.332390
65537.912176
63329.164474
61058.922976
58799.820252
56488.118560
54204.579394
51873.891323
49580.540419
47259.509914
44977.611254
42701.825121
40468.347394
38246.911803
36081.345044
33954.593481
31886.887157
29872.951673
27909.899423
26024.645546
24203.784798
22455.870824
20778.878826
19184.966739
17670.428867
16228.195594
14873.277540
13592.247786
12388.220790
11263.103212
10209.328073
9233.683298
8325.459590
7485.087237
6713.352363
6006.349350
5355.956226
4764.325867
4227.838997
3739.565711
3298.799774
2900.610045
2546.743690
2226.210378
1942.777516
1687.492135
1464.627935
1265.646771
1092.385233
938.997645
805.874222
688.372862
587.244188
499.018068
422.945913
357.408274
301.272500
253.384313
212.306779
177.551409
147.625920
123.035912
101.732917
83.964121
69.277435
56.530144
46.684398
37.743330
30.946281
24.960121
20.287014
16.288182
13.155999
10.569523
8.325062
6.634731
5.241032
4.177392
3.262627
2.556188
2.013430
1.595004
1.225106
0.979676
0.731178
0.568223
0.409496
0.320833
0.250947
0.196736
0.142622
0.117623
0.087988
0.060841
0.056096
0.037941
0.033256
0.022390
0.014596
0.014638
0.009990
0.007321
0.003993
0.002079
0.004656
0.001390
0.002015
0.000536
0.000358
0.000155
0.000086
0.000000
0.000000
0.000000
0.000000
0.000000
0.000000
0.000000
0.000000
0.000000
0.000000
0.000000
0.000000
0.000000
0.000000
0.000000
0.000000
0.000000
0.000000
0.000000
0.000000
0.000000
0.000000
0.000000
0.000000
0.000000
0.000000
0.000000
0.000000
0.000000
0.000000
0.000000
0.000000
0.000000
0.000000
0.000000
0.000000
0.000000
0.000000
0.000000
0.000000
0.000000
0.000000
0.000000
0.000000
0.000000
0.000000
0.000000
0.000000
0.000000
0.000000
0.000000
0.000000
0.000000
0.000000
0.000000
0.000000
0.000000
0.000000
0.000000
0.000000
0.000000
0.000000
0.000000
0.000000
0.000000
0.000000
0.000000
0.000000
0.000000
0.000000
0.000000
0.000000
0.000000
0.000000
0.000000
0.000000
0.000000
0.000000
0.000000
0.000000
0.000000
0.000000
0.000000
0.000000
0.000000
0.000000
0.000000
0.000000
0.000000
0.000000
0.000000
0.000000
0.000000
0.000000
0.000000
0.000000
0.000000
0.000000
0.000000
0.000000
0.000000
0.000000
0.000000
0.000000
0.000000
0.000000
0.000000
0.000000
0.000000
0.000000
0.000000
0.000000
0.000000
0.000000
0.000000
0.000000
0.000000
0.000000
0.000000
0.000000
0.000000
0.000000
0.000000
0.000000
0.000000
0.000000
0.000000
0.000000
0.000000
0.000000
0.000000
0.000000
0.000000
0.000000
0.000000
0.000000
0.000000
0.000000
0.000000
0.000000
0.000000
0.000000
0.000000
0.000000
0.000000
0.000000
0.000000
0.000000
0.000000
0.000000
0.000000
0.000000
0.000000
0.000000
0.000000
0.000000
0.000000
0.000000
0.000000
0.000000
0.000000
0.000000
0.000000
0.000000
0.000000
0.000000
0.000000
0.000000
0.000000
0.000000
0.000000
0.000000
0.000000
0.000000
0.000000
0.000000
0.000000
0.000000
0.000000
0.000000
0.000000
0.000000
0.000000
0.000000
0.000000
0.000000
0.000000
0.000000
0.000000
0.000000
0.000000
0.000000
0.000000
0.000000
0.000000
0.000000
0.000000
0.000000
0.000000
0.000000
0.000000
0.000000
0.000000
0.000000
0.000000
0.000000
0.000000
0.000000
0.000000
0.000000
0.000000
0.000000
0.000000
0.000000
0.000000
0.000000
0.000000
0.000000
0.000000
0.000000
0.000000
0.000000
0.000000
0.000000
0.000000
0.000000
0.000000
0.000000
0.000000
0.000000
0.000000
0.000000
0.000000
0.000000
0.000000
0.000000
0.000000
0.000000
0.000000
0.000000
0.000000
0.000000
0.000000
0.000000
0.000000
0.000000
0.000000
0.000000
0.000000
0.000000
0.000000
0.000000
0.000000
0.000000
0.000000
0.000000
0.000000
0.000000
0.000000
