0.000000
0.000000
0.000000
0.000000
0.000000
0.000000
0.000000
0.000000
0.000000
0.000000
0.000000
0.000000
0.000000
0.000000
0.000000
0.000000
0.000000
0.000000
0.000000
0.000000
0.000000
0.000000
0.000000
0.000000
0.000000
0.000000
0.019343
0.033774
0.072346
0.338666
0.499810
0.810680
1.383808
2.555851
3.717185
6.367685
10.595423
16.871353
26.775350
40.271409
61.321976
92.920535
133.204553
195.420679
274.988055
382.339729
526.105607
719.861826
969.613056
1301.677964
1718.594281
2236.638206
2902.103732
3697.741435
4681.720219
5853.054016
7259.521359
8925.509109
10854.189666
13089.773572
15685.747363
18612.223606
21907.692207
25590.133854
29705.807410
34209.028670
39154.211105
44489.736714
50241.402626
56370.645770
62890.559550
69697.503464
76838.108027
84232.650897
91858.895826
99648.410944
107646.455824
115664.988530
123799.148928
131797.854574
139658.741541
147434.199621
155004.260191
162292.441313
169346.270438
175965.896591
182225.799258
187984.732123
193266.252882
198001.606882
202262.704813
205879.938754
209007.152015
211357.508005
213259.470972
214453.352996
215102.881252
215124.861656
214545.182154
213363.710988
211658.996430
209271.099673
206494.240951
203238.112073
199548.646788
195398.526859
190872.743066
185991.632537
180858.206189
175420.743280
169776.793941
163883.284241
157865.983061
151714.989583
145436.187104
139184.903303
132878.375191
126571.224319
120349.965623
114086.376521
107981.011689
101933.484426
96028.954830
90331.693251
84730.755899
79351.287484
74160.909504
69114.283184
64315.242036
59717.040119
55306.006208
51116.906038
47176.221332
43416.375717
39888.445207
36559.391439
33443.245817
30531.230722
27817.828783
25272.809181
22932.514422
20750.743272
18731.777223
16887.320968
15176.505411
13602.159994
12174.569399
10877.631438
9685.252590
8608.923016
7643.990345
6756.783381
5978.607776
5266.868016
4639.118634
4066.875377
3564.368610
3121.884478
2719.607688
2364.784308
2050.172873
1773.173162
1532.053583
1320.265876
1136.017473
975.459816
835.439787
716.680469
609.458192
520.321811
441.455646
374.680125
316.168539
266.931292
224.498733
188.394100
158.687468
132.170292
110.048724
91.350379
75.605658
62.544257
51.536039
42.666278
35.059218
28.430854
23.503251
19.168310
15.467289
12.713914
10.271590
8.134444
6.496742
5.058041
3.978644
3.316473
2.534872
2.043108
1.648847
1.451866
1.180712
0.924086
0.696809
0.579634
0.468646
0.411939
0.311379
0.288681
0.210925
0.159708
0.120219
0.083643
0.060848
0.043723
0.043335
0.026942
0.019350
0.012183
0.014884
0.014713
0.009246
0.011291
0.004787
0.007776
0.006925
0.003805
0.004566
0.001247
0.000656
0.000000
0.000000
0.000000
0.000000
0.000000
0.000000
0.000000
0.000000
0.000000
0.000000
0.000000
0.000000
0.000000
0.000000
0.000000
0.000000
0.000000
0.000000
0.000000
0.000000
0.000000
0.000000
0.000000
0.000000
0.000000
0.000000
0.000000
0.000000
0.000000
0.000000
0.000000
0.000000
0.000000
0.000000
0.000000
0.000000
0.000000
0.000000
0.000000
0.000000
0.000000
0.000000
0.000000
0.000000
0.000000
0.000000
0.000000
0.000000
0.000000
0.000000
0.000000
0.000000
0.000000
0.000000
0.000000
0.000000
0.000000
0.000000
0.000000
0.000000
0.000000
0.000000
0.000000
0.000000
0.000000
0.000000
0.000000
0.000000
0.000000
0.000000
0.000000
0.000000
0.000000
0.000000
0.000000
0.000000
0.000000
0.000000
0.000000
0.000000
0.000000
0.000000
0.000000
0.000000
0.000000
0.000000
0.000000
0.000000
0.000000
0.000000
0.000000
0.000000
0.000000
0.000000
0.000000
0.000000
0.000000
0.000000
0.000000
0.000000
0.000000
0.000000
0.000000
0.000000
0.000000
0.000000
0.000000
0.000000
0.000000
0.000000
0.000000
0.000000
0.000000
0.000000
0.000000
0.000000
0.000000
0.000000
0.000000
0.000000
0.000000
0.000000
0.000000
0.000000
0.000000
0.000000
0.000000
0.000000
0.000000
0.000000
0.000000
0.000000
0.000000
0.000000
0.000000
0.000000
0.000000
0.000000
0.000000
0.000000
0.000000
0.000000
0.000000
0.000000
0.000000
0.000000
0.000000
0.000000
0.000000
0.000000
0.000000
0.000000
0.000000
0.000000
0.000000
0.000000
0.000000
0.000000
0.000000
0.000000
0.000000
0.000000
0.000000
0.000000
0.000000
0.000000
0.000000
0.000000
0.000000
0.000000
0.000000
0.000000
0.000000
0.000000
0.000000
0.000000
0.000000
0.000000
0.000000
0.000000
0.000000
0.000000
0.000000
0.000000
0.000000
0.000000
0.000000
0.000000
0.000000
0.000000
0.000000
0.000000
0.000000
0.000000
0.000000
0.000000
0.000000
0.000000
0.000000
0.000000
0.000000
0.000000
0.000000
0.000000
0.000000
0.000000
0.000000
0.000000
0.000000
0.000000
0.000000
0.000000
0.000000
0.000000
0.000000
0.000000
0.000000
0.000000
0.000000
0.000000
0.000000
0.000000
0.000000
0.000000
0.000000
0.000000
0.000000
0.000000
0.000000
0.000000
0.000000
0.000000
0.000000
0.000000
0.000000
0.000000
0.000000
0.000000
0.000000
0.000000
0.000000
0.000000
0.000000
0.000000
0.000000
0.000000
0.000000
0.000000
0.000000
0.000000
0.000000
0.000000
0.000000
0.000000
0.000000
0.000000
0.000000
0.000000
0.000000
0.000000
0.000000
0.000000
0.000000
0.000000
0.000000
0.000000
0.000000
0.000000
0.000000
0.000000
0.000000
0.000000
