0.000000
0.000000
0.000000
0.000000
0.000000
0.000000
0.000000
0.000000
0.000000
0.000000
0.000000
0.000000
0.000000
0.000000
0.000000
0.000000
0.000000
0.000000
0.000000
0.000000
0.000000
0.000000
0.000000
0.011974
0.029715
0.080743
0.203083
0.503965
0.809648
1.383066
2.446059
4.246660
7.320638
12.376920
20.119511
32.109999
50.354188
76.634201
114.084967
166.400421
240.727181
344.392952
483.280419
666.234641
908.896215
1219.068493
1616.832298
2115.074617
2736.030269
3499.120883
4424.664391
5529.927389
6846.074250
8386.867648
10191.341591
12259.030556
14639.233610
17327.497928
20338.562991
23696.338982
27383.729837
31436.091163
35826.100569
40561.300321
45633.398235
51037.915037
56718.646394
62660.052493
68858.544894
75257.778449
81809.285045
88527.277464
95322.335733
102147.237196
109028.091061
115826.327310
122608.240658
129205.537556
135737.498712
141981.372756
148033.335994
153809.158190
159286.883005
164416.903767
169221.344163
173605.924193
177609.696356
181204.309492
184375.421253
187129.159375
189454.843909
191344.533618
192795.013178
193817.063595
194354.045987
194552.294839
194263.460172
193615.399471
192557.213354
191122.274555
189343.990701
187155.373848
184703.373652
181883.781838
178786.852357
175420.426161
171786.591580
167938.637965
163844.032678
159590.012186
155125.563887
150536.244058
145804.823891
140956.054748
136011.067033
131012.832940
125943.003659
120839.740260
115729.365197
110625.551491
105542.990524
100494.216018
95511.999296
90594.051107
85771.661757
81023.045087
76401.367408
71862.415036
67486.224973
63218.459414
59118.050585
55141.068475
51346.487299
47675.626966
44189.592528
40852.736143
37686.741080
34686.301000
31857.456187
29180.037264
26684.018532
24320.449406
22129.095235
20077.338813
18178.400932
16417.084057
14786.990121
13293.744910
11920.054912
10666.598856
9511.408608
8472.949894
7520.991387
6656.379216
5881.169674
5184.552524
4554.088660
3996.164612
3495.793507
3048.934905
2654.701042
2303.633714
1992.268060
1722.903084
1482.566250
1274.461320
1090.782493
934.728958
795.632958
678.247419
575.055598
486.859303
410.345456
345.349575
290.196694
242.698684
203.018854
169.900857
140.823444
117.055831
96.442248
79.883008
65.195333
53.657446
43.857976
35.798642
28.916482
23.503337
18.930139
15.408289
12.179505
9.918304
7.932458
6.268756
5.022056
3.922378
3.145536
2.452916
1.990903
1.551866
1.181952
0.973713
0.727629
0.600775
0.430612
0.356451
0.263933
0.207685
0.156083
0.129677
0.083465
0.068338
0.047846
0.041432
0.032374
0.024267
0.018970
0.012129
0.008448
0.005116
0.004550
0.001516
0.003389
0.000963
0.000855
0.000334
0.000556
0.000282
0.000000
0.000000
0.000000
0.000000
0.000000
0.000000
0.000000
0.000000
0.000000
0.000000
0.000000
0.000000
0.000000
0.000000
0.000000
0.000000
0.000000
0.000000
0.000000
0.000000
0.000000
0.000000
0.000000
0.000000
0.000000
0.000000
0.000000
0.000000
0.000000
0.000000
0.000000
0.000000
0.000000
0.000000
0.000000
0.000000
0.000000
0.000000
0.000000
0.000000
0.000000
0.000000
0.000000
0.000000
0.000000
0.000000
0.000000
0.000000
0.000000
0.000000
0.000000
0.000000
0.000000
0.000000
0.000000
0.000000
0.000000
0.000000
0.000000
0.000000
0.000000
0.000000
0.000000
0.000000
0.000000
0.000000
0.000000
0.000000
0.000000
0.000000
0.000000
0.000000
0.000000
0.000000
0.000000
0.000000
0.000000
0.000000
0.000000
0.000000
0.000000
0.000000
0.000000
0.000000
0.000000
0.000000
0.000000
0.000000
0.000000
0.000000
0.000000
0.000000
0.000000
0.000000
0.000000
0.000000
0.000000
0.000000
0.000000
0.000000
0.000000
0.000000
0.000000
0.000000
0.000000
0.000000
0.000000
0.000000
0.000000
0.000000
0.000000
0.000000
0.000000
0.000000
0.000000
0.000000
0.000000
0.000000
0.000000
0.000000
0.000000
0.000000
0.000000
0.000000
0.000000
0.000000
0.000000
0.000000
0.000000
0.000000
0.000000
0.000000
0.000000
0.000000
0.000000
0.000000
0.000000
0.000000
0.000000
0.000000
0.000000
0.000000
0.000000
0.000000
0.000000
0.000000
0.000000
0.000000
0.000000
0.000000
0.000000
0.000000
0.000000
0.000000
0.000000
0.000000
0.000000
0.000000
0.000000
0.000000
0.000000
0.000000
0.000000
0.000000
0.000000
0.000000
0.000000
0.000000
0.000000
0.000000
0.000000
0.000000
0.000000
0.000000
0.000000
0.000000
0.000000
0.000000
0.000000
0.000000
0.000000
0.000000
0.000000
0.000000
0.000000
0.000000
0.000000
0.000000
0.000000
0.000000
0.000000
0.000000
0.000000
0.000000
0.000000
0.000000
0.000000
0.000000
0.000000
0.000000
0.000000
0.000000
0.000000
0.000000
0.000000
0.000000
0.000000
0.000000
0.000000
0.000000
0.000000
0.000000
0.000000
0.000000
0.000000
0.000000
0.000000
0.000000
0.000000
0.000000
0.000000
0.000000
0.000000
0.000000
0.000000
0.000000
0.000000
0.000000
0.000000
0.000000
0.000000
0.000000
0.000000
0.000000
0.000000
0.000000
0.000000
0.000000
0.000000
0.000000
0.000000
0.000000
0.000000
0.000000
0.000000
0.000000
0.000000
0.000000
0.000000
0.000000
0.000000
0.000000
0.000000
0.000000
0.000000
0.000000
0.000000
0.000000
0.000000
0.000000
0.000000
0.000000
0.000000
0.000000
0.000000
0.000000
0.000000
0.000000
0.000000
0.000000
0.000000
0.000000
0.000000
