0.000000
0.000000
0.000000
0.000000
0.057710
0.284132
0.702045
2.344530
5.448778
10.020615
17.881852
35.575911
61.998819
103.739160
161.162428
238.097164
338.733696
479.637787
676.036661
918.504779
1226.747272
1623.791595
2103.046253
2668.182210
3350.859308
4123.291021
5031.185221
6090.312662
7258.217834
8540.592421
9972.571351
11576.136458
13261.427850
15120.445529
17127.376093
19245.792343
21457.665367
23827.342211
26242.606820
28777.416520
31398.808939
34141.769809
36868.510799
39650.351605
42476.553642
45295.069538
48197.566717
51039.374959
53981.789912
56804.282991
59629.127869
62390.059354
65037.588183
67684.770840
70305.128917
72791.447593
75227.469777
77610.421755
79979.048831
82199.872363
84234.104808
86210.187329
88137.175011
89866.176252
91547.113855
93080.882889
94619.462414
96032.061224
97250.177112
98425.647109
99617.105945
100610.633087
101470.600317
102208.392151
102880.051850
103520.190346
103984.817920
104387.332181
104719.171443
104871.164487
105058.775916
105064.760568
105140.835811
105049.312445
104833.083384
104582.550867
104203.233237
103872.381898
103470.542266
102923.896199
102342.950628
101819.399062
101054.226464
100361.137754
99665.991484
98813.653418
98105.500377
97296.382955
96454.751039
95566.932677
94683.107989
93778.997930
92759.511237
91663.201711
90620.844816
89561.211529
88508.678733
87450.484403
86318.148918
85187.414571
84022.667018
82884.916137
81680.333398
80504.525671
79350.282667
78153.007596
76921.471263
75792.210670
74614.070879
73383.843324
72180.987454
71028.374531
69851.983578
68632.324135
67474.844878
66313.083603
65201.999015
64008.759987
62824.222998
61609.217122
60447.073434
59306.218671
58138.975487
57019.030205
55924.459132
54814.619611
53672.953823
52549.945613
51432.964352
50327.332900
49249.951563
48196.535872
47168.087439
46120.104358
45097.956312
44092.610258
43087.068595
42099.273877
41122.036755
40177.130530
39205.291858
38245.903194
37334.561383
36421.564445
35535.918939
34677.272299
33825.851125
32973.426299
32129.690249
31309.231675
30503.921096
29723.212906
28904.047196
28135.412566
27373.238603
26622.453030
25874.828807
25160.785073
24464.801252
23759.840689
23094.935940
22432.222054
21772.695797
21150.014325
20541.311585
19928.069466
19327.931474
18740.540234
18163.890014
17614.097693
17038.980796
16500.254271
15961.050879
15464.561578
14954.641444
14445.903191
13967.806609
13496.880782
13022.757468
12585.899624
12160.916104
11734.036828
11330.625314
10928.538597
10549.928402
10195.378493
9843.816673
9488.549635
9150.209351
8819.714522
8503.776975
8187.071168
7877.036758
7580.815316
7300.820185
7013.206428
6741.311520
6466.306880
6211.200721
5959.612460
5723.742798
5496.479917
5262.814701
5050.172004
4851.626232
4651.305963
4456.834768
4256.478281
4076.456146
3898.880927
3731.963192
3576.119045
3427.254095
3269.723399
3131.992708
2995.057140
2870.905028
2743.109614
2622.745356
2505.824301
2404.309707
2286.622885
2184.684779
2079.880545
1987.657333
1899.184516
1821.579272
1734.426927
1652.329313
1569.920591
1494.151628
1423.475475
1353.325049
1290.679251
1229.697299
1170.132043
1115.165081
1063.324193
1010.906113
958.532606
915.648607
865.313833
818.818022
778.975010
736.622418
700.735905
659.754392
627.237382
593.195775
561.717115
533.225450
505.256585
481.533491
455.652832
433.634271
410.788984
387.408346
367.502529
346.955910
329.156624
309.583240
290.537507
272.775217
255.824695
241.188765
226.148376
212.246703
200.494511
187.739711
177.505597
169.354422
159.231616
149.869554
139.553516
131.476128
124.676493
116.670926
109.035273
103.250590
96.126476
88.828925
83.807183
78.192103
72.599095
67.479837
62.975415
58.656501
54.942474
51.481562
48.530143
44.332623
41.137982
38.033822
35.505061
32.658690
30.592565
29.332691
28.022205
26.507536
24.829449
23.616136
21.608425
20.242437
18.780520
17.804025
16.630670
15.710526
14.623832
13.517168
12.310280
11.426872
10.469186
10.115259
9.350805
8.291263
7.344481
7.091038
6.891445
6.225462
5.744362
5.329193
4.788251
4.478069
4.217587
3.600482
3.355162
3.194013
2.685372
2.564313
2.425024
2.099268
1.893821
1.805658
1.758034
1.575356
1.376206
1.436034
1.280162
1.190941
0.984745
0.803322
0.768255
0.629161
0.521584
0.416267
0.362018
0.263743
0.217395
0.191557
0.170435
0.151123
0.115742
0.090151
0.105405
0.070753
0.061960
0.076658
0.074883
0.047405
0.026254
0.008643
0.004335
0.014906
0.008983
0.006358
0.002455
0.000137
0.000000
0.000000
0.000000
0.000000
0.000000
0.000000
0.000000
0.000000
0.000000
0.000000
0.000000
0.000000
0.000000
0.000000
0.000000
0.000000
0.000000
0.000000
0.000000
0.000000
0.000000
0.000000
0.000000
0.000000
0.000000
0.000000
0.000000
0.000000
0.000000
0.000000
0.000000
0.000000
0.000000
0.000000
0.000000
0.000000
0.000000
0.000000
0.000000
0.000000
0.000000
0.000000
0.000000
0.000000
0.000000
0.000000
0.000000
0.000000
0.000000
0.000000
0.000000
0.000000
0.000000
0.000000
0.000000
0.000000
0.000000
0.000000
0.000000
0.000000
0.000000
0.000000
0.000000
0.000000
0.000000
0.000000
0.000000
0.000000
0.000000
0.000000
0.000000
0.000000
0.000000
0.000000
0.000000
0.000000
0.000000
0.000000
0.000000
0.000000
0.000000
0.000000
0.000000
0.000000
0.000000
0.000000
0.000000
0.000000
0.000000
0.000000
0.000000
0.000000
0.000000
0.000000
0.000000
0.000000
0.000000
0.000000
0.000000
0.000000
0.000000
0.000000
0.000000
0.000000
0.000000
0.000000
0.000000
0.000000
0.000000
0.000000
0.000000
0.000000
0.000000
0.000000
0.000000
0.000000
0.000000
0.000000
0.000000
0.000000
0.000000
0.000000
0.000000
0.000000
0.000000
0.000000
0.000000
0.000000
0.000000
0.000000
0.000000
0.000000
0.000000
0.000000
0.000000
0.000000
0.000000
0.000000
0.000000
0.000000
0.000000
0.000000
0.000000
0.000000
0.000000
0.000000
0.000000
0.000000
0.000000
0.000000
0.000000
0.000000
0.000000
0.000000
0.000000
0.000000
0.000000
0.000000
0.000000
0.000000
0.000000
0.000000
0.000000
0.000000
0.000000
0.000000
0.000000
0.000000
0.000000
0.000000
0.000000
0.000000
0.000000
0.000000
0.000000
0.000000
0.000000
0.000000
0.000000
0.000000
0.000000
0.000000
0.000000
0.000000
0.000000
0.000000
0.000000
0.000000
0.000000
0.000000
0.000000
0.000000
0.000000
0.000000
0.000000
0.000000
0.000000
0.000000
0.000000
0.000000
0.000000
0.000000
0.000000
0.000000
0.000000
0.000000
0.000000
0.000000
0.000000
0.000000
0.000000
0.000000
0.000000
0.000000
0.000000
0.000000
0.000000
0.000000
0.000000
0.000000
0.000000
0.000000
0.000000
0.000000
0.000000
0.000000
0.000000
0.000000
0.000000
0.000000
0.000000
0.000000
0.000000
0.000000
0.000000
0.000000
0.000000
0.000000
0.000000
0.000000
0.000000
0.000000
0.000000
0.000000
0.000000
0.000000
0.000000
0.000000
0.000000
0.000000
0.000000
0.000000
0.000000
0.000000
0.000000
0.000000
0.000000
0.000000
0.000000
0.000000
0.000000
0.000000
0.000000
0.000000
0.000000
0.000000
0.000000
0.000000
0.000000
0.000000
0.000000
0.000000
0.000000
0.000000
0.000000
0.000000
0.000000
0.000000
0.000000
0.000000
0.000000
0.000000
0.000000
0.000000
0.000000
0.000000
0.000000
0.000000
0.000000
0.000000
0.000000
0.000000
0.000000
0.000000
0.000000
0.000000
0.000000
0.000000
0.000000
0.000000
0.000000
0.000000
0.000000
0.000000
0.000000
0.000000
0.000000
0.000000
0.000000
0.000000
0.000000
0.000000
0.000000
0.000000
0.000000
0.000000
0.000000
0.000000
0.000000
0.000000
0.000000
0.000000
0.000000
0.000000
0.000000
0.000000
0.000000
0.000000
0.000000
0.000000
0.000000
0.000000
0.000000
0.000000
0.000000
0.000000
0.000000
0.000000
0.000000
0.000000
0.000000
0.000000
0.000000
0.000000
0.000000
0.000000
0.000000
0.000000
0.000000
0.000000
0.000000
0.000000
0.000000
0.000000
0.000000
0.000000
0.000000
0.000000
0.000000
0.000000
0.000000
0.000000
0.000000
0.000000
0.000000
0.000000
0.000000
0.000000
0.000000
0.000000
0.000000
0.000000
0.000000
0.000000
0.000000
0.000000
0.000000
0.000000
0.000000
0.000000
0.000000
0.000000
0.000000
0.000000
0.000000
0.000000
0.000000
0.000000
0.000000
0.000000
0.000000
0.000000
0.000000
0.000000
0.000000
0.000000
0.000000
0.000000
0.000000
0.000000
0.000000
0.000000
0.000000
0.000000
0.000000
0.000000
0.000000
0.000000
0.000000
0.000000
0.000000
0.000000
0.000000
0.000000
0.000000
0.000000
0.000000
0.000000
0.000000
0.000000
0.000000
0.000000
0.000000
0.000000
0.000000
0.000000
0.000000
0.000000
0.000000
0.000000
0.000000
0.000000
0.000000
0.000000
0.000000
0.000000
0.000000
0.000000
0.000000
0.000000
0.000000
0.000000
0.000000
0.000000
0.000000
0.000000
0.000000
0.000000
0.000000
0.000000
0.000000
0.000000
0.000000
0.000000
0.000000
0.000000
0.000000
0.000000
0.000000
0.000000
0.000000
0.000000
0.000000
0.000000
0.000000
0.000000
0.000000
0.000000
0.000000
0.000000
0.000000
0.000000
0.000000
0.000000
0.000000
0.000000
0.000000
0.000000
0.000000
0.000000
0.000000
0.000000
0.000000
0.000000
0.000000
0.000000
0.000000
0.000000
0.000000
0.000000
0.000000
0.000000
0.000000
0.000000
0.000000
0.000000
0.000000
0.000000
0.000000
0.000000
0.000000
0.000000
0.000000
0.000000
0.000000
0.000000
0.000000
0.000000
0.000000
0.000000
0.000000
0.000000
0.000000
0.000000
0.000000
0.000000
0.000000
0.000000
0.000000
0.000000
0.000000
0.000000
0.000000
0.000000
0.000000
0.000000
0.000000
0.000000
0.000000
0.000000
0.000000
0.000000
0.000000
0.000000
0.000000
0.000000
0.000000
0.000000
0.000000
0.000000
0.000000
0.000000
0.000000
0.000000
0.000000
0.000000
0.000000
0.000000
0.000000
0.000000
0.000000
0.000000
0.000000
0.000000
0.000000
0.000000
0.000000
0.000000
0.000000
0.000000
0.000000
0.000000
0.000000
0.000000
0.000000
0.000000
0.000000
0.000000
0.000000
0.000000
0.000000
0.000000
0.000000
0.000000
0.000000
0.000000
0.000000
0.000000
0.000000
0.000000
0.000000
0.000000
0.000000
0.000000
0.000000
0.000000
0.000000
0.000000
0.000000
0.000000
0.000000
0.000000
0.000000
0.000000
0.000000
0.000000
0.000000
0.000000
0.000000
0.000000
0.000000
0.000000
0.000000
0.000000
0.000000
0.000000
0.000000
0.000000
0.000000
0.000000
0.000000
0.000000
0.000000
0.000000
0.000000
0.000000
0.000000
0.000000
0.000000
0.000000
0.000000
0.000000
0.000000
0.000000
