0.323558
7.801149
32.981727
100.212697
269.926773
611.439152
1163.803509
2086.773904
3454.974213
5451.638388
8087.528350
11339.166221
15256.147986
19960.860939
25385.876313
31344.319836
37954.200872
44834.347764
51872.951088
59274.115797
66444.138657
73805.658191
80687.618501
87230.081282
93411.760837
99090.350668
104031.945874
108341.567788
112224.489753
115506.343179
118151.093007
120115.257208
121606.830302
122691.449728
123046.002329
123039.855540
122514.913113
121888.676319
120821.439356
119622.595898
118037.386764
116314.866639
114297.637917
112160.018026
109960.751939
107730.660286
105317.802997
102898.142694
100524.745011
98028.534684
95595.597674
93119.502193
90686.536009
88292.181342
86019.123815
83826.561847
81636.430905
79391.486995
77328.736458
75322.522473
73339.101430
71344.863772
69514.168275
67701.645189
65964.538779
64233.518868
62670.181975
61174.938909
59712.695047
58319.166841
56973.044952
55666.356244
54431.222140
53278.491099
52239.902029
51115.551455
50075.821831
49095.941970
48114.312268
47225.820419
46314.989645
45483.700779
44656.802110
43876.790547
43128.626391
42428.230462
41728.336402
41055.997404
40394.535588
39781.567890
39157.911717
38598.663505
38060.515184
37558.811140
37068.813603
36560.717000
36106.852091
35682.233283
35292.479358
34913.103211
34545.712665
34199.770930
33855.864341
33505.572831
33188.339714
32871.041649
32597.490371
32294.398172
32050.503552
31794.621324
31575.221100
31323.822532
31067.927305
30864.850656
30650.716883
30452.868216
30262.116449
30046.786123
29846.948043
29662.148707
29483.303300
29324.355446
29189.067791
29012.463209
28835.930868
28715.099455
28617.895128
28531.884148
28411.439941
28316.931067
28216.164644
28117.894651
28005.733400
27929.684906
27847.157984
27787.961540
27732.907351
27596.872526
27492.903144
27386.178408
27296.314175
27183.399868
27085.705518
26991.008512
26902.848710
26761.437371
26674.610881
26573.816974
26468.329218
26397.305745
26298.231001
26215.688597
26148.552666
26091.382992
26001.903146
25926.363358
25849.658973
25782.683480
25709.194076
25589.254571
25477.789025
25367.072057
25273.794676
25188.274661
25114.553162
25011.517852
24916.731134
24804.445352
24693.286967
24578.858522
24481.142143
24363.660362
24236.887351
24102.785550
23943.776209
23823.917723
23672.994394
23518.797411
23373.780220
23251.066004
23108.043665
22970.291380
22812.386413
22674.933269
22531.670614
22382.063069
22229.195351
22070.575949
21916.145007
21750.933985
21566.687081
21383.061790
21208.555581
21028.037339
20852.167623
20666.274647
20468.843979
20284.584897
20101.156030
19887.893524
19665.470030
19447.510461
19238.332806
19031.159391
18832.575444
18603.650848
18386.946876
18198.925195
17980.143010
17773.335417
17539.289526
17311.716204
17090.953585
16863.327149
16612.239281
16369.613888
16129.853034
15872.806417
15602.782948
15375.420715
15144.491017
14913.163769
14681.749952
14471.989552
14238.261223
14011.305723
13763.452837
13545.241107
13301.781418
13061.943641
12817.027755
12568.603500
12334.331157
12117.591617
11885.227608
11644.355013
11411.249406
11189.559015
10972.336416
10775.326072
10570.809742
10353.370077
10125.838030
9907.472834
9685.154517
9472.270675
9278.911942
9070.248878
8848.889270
8649.553482
8440.303548
8254.077889
8062.616610
7857.753365
7656.123698
7448.887458
7272.152091
7072.652070
6896.380767
6711.742352
6521.383063
6337.080085
6161.984591
5994.337564
5813.961748
5655.840361
5496.318813
5344.788501
5187.068063
5036.647155
4886.893626
4737.981708
4588.648556
4442.348376
4297.633400
4152.417868
4021.796544
3892.844480
3764.188772
3640.657158
3522.413065
3402.180566
3282.780471
3168.691926
3056.861115
2946.121930
2840.177640
2738.732806
2638.649883
2546.642616
2451.473779
2360.830690
2270.434209
2190.993145
2109.257540
2025.726342
1948.480344
1873.845918
1799.486092
1725.684032
1653.501132
1583.948424
1521.118790
1462.150336
1400.677522
1345.124778
1289.142076
1236.008966
1180.799577
1128.284042
1075.848685
1029.737533
986.781537
939.701679
897.531823
853.120261
814.519861
775.326527
738.658870
705.287878
673.070656
642.265059
607.680501
577.148842
549.149077
521.122697
494.383852
471.134734
446.800030
425.148522
404.074270
385.799461
365.669804
345.707083
327.270415
310.426324
293.779878
277.808869
265.041707
251.942948
237.430005
224.268951
211.477450
199.139642
188.509074
177.933744
167.288230
158.477734
148.940073
140.222467
133.231885
126.672080
119.838149
113.428959
105.717527
99.175754
92.571686
87.068934
81.388346
75.140581
70.344496
66.102999
61.678134
57.250355
52.912758
49.162826
45.982007
42.865460
39.771860
37.105203
34.571080
32.317084
31.413638
29.506259
27.498607
25.152141
23.420696
21.836633
20.321158
19.083433
17.799981
16.289903
14.826531
13.830280
13.206326
12.514494
11.332315
10.482178
9.819075
9.377459
9.052763
8.030864
7.452130
6.698567
6.314549
5.962556
5.727818
5.389938
5.015260
4.705433
4.217841
3.826696
3.414027
3.279415
3.021535
2.947127
2.778848
2.496838
2.346876
2.199981
2.023197
1.876128
1.666119
1.619537
1.490055
1.211061
1.071217
1.098536
1.156659
1.084143
0.864305
0.821143
0.785037
0.656116
0.571948
0.592486
0.523007
0.537451
0.436354
0.406555
0.372110
0.304105
0.288756
0.295923
0.340899
0.295036
0.268464
0.206849
0.212760
0.210146
0.232478
0.194243
0.189794
0.181224
0.114178
0.087935
0.078277
0.076205
0.103304
0.101331
0.085822
0.077892
0.082448
0.086757
0.094139
0.071859
0.103002
0.072831
0.058657
0.025557
0.008492
0.010407
0.017807
0.012215
0.010938
0.013606
0.012313
0.020073
0.016315
0.023229
0.036650
0.030879
0.025341
0.011840
0.013244
0.007116
0.004191
0.000000
0.000000
0.000000
0.000000
0.000000
0.000000
0.000000
0.000000
0.000000
0.000000
0.000000
0.000000
0.000000
0.000000
0.000000
0.000000
0.000000
0.000000
0.000000
0.000000
0.000000
0.000000
0.000000
0.000000
0.000000
0.000000
0.000000
0.000000
0.000000
0.000000
0.000000
0.000000
0.000000
0.000000
0.000000
0.000000
0.000000
0.000000
0.000000
0.000000
0.000000
0.000000
0.000000
0.000000
0.000000
0.000000
0.000000
0.000000
0.000000
0.000000
0.000000
0.000000
0.000000
0.000000
0.000000
0.000000
0.000000
0.000000
0.000000
0.000000
0.000000
0.000000
0.000000
0.000000
0.000000
0.000000
0.000000
0.000000
0.000000
0.000000
0.000000
0.000000
0.000000
0.000000
0.000000
0.000000
0.000000
0.000000
0.000000
0.000000
0.000000
0.000000
0.000000
0.000000
0.000000
0.000000
0.000000
0.000000
0.000000
0.000000
0.000000
0.000000
0.000000
0.000000
0.000000
0.000000
0.000000
0.000000
0.000000
0.000000
0.000000
0.000000
0.000000
0.000000
0.000000
0.000000
0.000000
0.000000
0.000000
0.000000
0.000000
0.000000
0.000000
0.000000
0.000000
0.000000
0.000000
0.000000
0.000000
0.000000
0.000000
0.000000
0.000000
0.000000
0.000000
0.000000
0.000000
0.000000
0.000000
0.000000
0.000000
0.000000
0.000000
0.000000
0.000000
0.000000
0.000000
0.000000
0.000000
0.000000
0.000000
0.000000
0.000000
0.000000
0.000000
0.000000
0.000000
0.000000
0.000000
0.000000
0.000000
0.000000
0.000000
0.000000
0.000000
0.000000
0.000000
0.000000
0.000000
0.000000
0.000000
0.000000
0.000000
0.000000
0.000000
0.000000
0.000000
0.000000
0.000000
0.000000
0.000000
0.000000
0.000000
0.000000
0.000000
0.000000
0.000000
0.000000
0.000000
0.000000
0.000000
0.000000
0.000000
0.000000
0.000000
0.000000
0.000000
0.000000
0.000000
0.000000
0.000000
0.000000
0.000000
0.000000
0.000000
0.000000
0.000000
0.000000
0.000000
0.000000
0.000000
0.000000
0.000000
0.000000
0.000000
0.000000
0.000000
0.000000
0.000000
0.000000
0.000000
0.000000
0.000000
0.000000
0.000000
0.000000
0.000000
0.000000
0.000000
0.000000
0.000000
0.000000
0.000000
0.000000
0.000000
0.000000
0.000000
0.000000
0.000000
0.000000
0.000000
0.000000
0.000000
0.000000
0.000000
0.000000
0.000000
0.000000
0.000000
0.000000
0.000000
0.000000
0.000000
0.000000
0.000000
0.000000
0.000000
0.000000
0.000000
0.000000
0.000000
0.000000
0.000000
0.000000
0.000000
0.000000
0.000000
0.000000
0.000000
0.000000
0.000000
0.000000
0.000000
0.000000
0.000000
0.000000
0.000000
0.000000
0.000000
0.000000
0.000000
0.000000
0.000000
0.000000
0.000000
0.000000
0.000000
0.000000
0.000000
0.000000
0.000000
0.000000
0.000000
0.000000
0.000000
0.000000
0.000000
0.000000
0.000000
0.000000
0.000000
0.000000
0.000000
0.000000
0.000000
0.000000
0.000000
0.000000
0.000000
0.000000
0.000000
0.000000
0.000000
0.000000
0.000000
0.000000
0.000000
0.000000
0.000000
0.000000
0.000000
0.000000
0.000000
0.000000
0.000000
0.000000
0.000000
0.000000
0.000000
0.000000
0.000000
0.000000
0.000000
0.000000
0.000000
0.000000
0.000000
0.000000
0.000000
0.000000
0.000000
0.000000
0.000000
0.000000
0.000000
0.000000
0.000000
0.000000
0.000000
0.000000
0.000000
0.000000
0.000000
0.000000
0.000000
0.000000
0.000000
0.000000
0.000000
0.000000
0.000000
0.000000
0.000000
0.000000
0.000000
0.000000
0.000000
0.000000
0.000000
0.000000
0.000000
0.000000
0.000000
0.000000
0.000000
0.000000
0.000000
0.000000
0.000000
0.000000
0.000000
0.000000
0.000000
0.000000
0.000000
0.000000
0.000000
0.000000
0.000000
0.000000
0.000000
0.000000
0.000000
0.000000
0.000000
0.000000
0.000000
0.000000
0.000000
0.000000
0.000000
0.000000
0.000000
0.000000
0.000000
0.000000
0.000000
0.000000
0.000000
0.000000
0.000000
0.000000
0.000000
0.000000
0.000000
0.000000
0.000000
0.000000
0.000000
0.000000
0.000000
0.000000
0.000000
0.000000
0.000000
0.000000
0.000000
0.000000
0.000000
0.000000
0.000000
0.000000
0.000000
0.000000
0.000000
0.000000
0.000000
0.000000
0.000000
0.000000
0.000000
0.000000
0.000000
0.000000
0.000000
0.000000
0.000000
0.000000
0.000000
0.000000
0.000000
0.000000
0.000000
0.000000
0.000000
0.000000
0.000000
0.000000
0.000000
0.000000
0.000000
0.000000
0.000000
0.000000
0.000000
0.000000
0.000000
0.000000
0.000000
0.000000
0.000000
0.000000
0.000000
0.000000
0.000000
0.000000
0.000000
0.000000
0.000000
0.000000
0.000000
0.000000
0.000000
0.000000
0.000000
0.000000
0.000000
0.000000
0.000000
0.000000
0.000000
0.000000
0.000000
0.000000
0.000000
0.000000
0.000000
0.000000
0.000000
0.000000
0.000000
0.000000
0.000000
0.000000
0.000000
0.000000
0.000000
0.000000
0.000000
0.000000
0.000000
0.000000
0.000000
0.000000
0.000000
0.000000
0.000000
0.000000
0.000000
0.000000
0.000000
0.000000
0.000000
0.000000
0.000000
0.000000
0.000000
0.000000
0.000000
0.000000
0.000000
0.000000
0.000000
0.000000
