0.000000
0.000000
0.000000
0.000000
0.000000
0.000672
0.007363
0.008257
0.028304
0.081731
0.290476
0.598722
1.508793
3.164499
5.894503
10.761946
18.715441
31.449958
49.735483
77.842567
120.024496
180.018886
261.127262
372.789290
523.192035
716.643152
964.856939
1281.038434
1675.619121
2165.040051
2759.808131
3461.603163
4289.772292
5249.198012
6352.372400
7596.018056
9000.454439
10569.859391
12278.430842
14148.883811
16173.244692
18345.273634
20656.461635
23163.637047
25777.760460
28539.217668
31423.876720
34414.172288
37487.251987
40669.357363
43904.544810
47212.091063
50540.961961
53939.574391
57350.723810
60751.358996
64117.173604
67460.071037
70774.881192
74051.717516
77232.320424
80408.258117
83488.069635
86522.898689
89445.013410
92253.957620
95025.837407
97675.186043
100180.913345
102591.237339
104851.873369
106979.075074
108991.139811
110840.479178
112578.699713
114132.675114
115563.895490
116866.768130
118010.070133
119015.546378
119878.401135
120637.951927
121256.742296
121729.112923
122090.162280
122280.011804
122346.039083
122347.634102
122215.517699
121963.961476
121632.033533
121200.094571
120657.202089
120027.044794
119334.413880
118527.814203
117637.574850
116653.053651
115618.323217
114534.436066
113378.285100
112193.650271
110901.815172
109558.306368
108162.963327
106726.092173
105255.199701
103747.656558
102249.445057
100711.105605
99124.715455
97554.213866
95949.962414
94331.194281
92703.033045
91027.989659
89354.429096
87682.002115
86023.542721
84354.168184
82670.227727
80983.057096
79266.874956
77575.092596
75883.011871
74198.632714
72502.106092
70832.136807
69138.459969
67467.398872
65796.053858
64133.837314
62482.797886
60843.450527
59228.504355
57629.628647
56042.153959
54475.599585
52935.691286
51406.661783
49888.575558
48396.765148
46930.084620
45487.619058
44062.331341
42688.367130
41333.959484
39996.211707
38698.964827
37418.442013
36174.072297
34964.356707
33761.835688
32597.490807
31461.234876
30350.755031
29264.368375
28200.012198
27154.804052
26141.245194
25151.655098
24189.569247
23253.708461
22351.296800
21470.657919
20612.795368
19780.314211
18969.525033
18191.885276
17430.718716
16693.837155
15984.181862
15298.087619
14626.341176
13989.964301
13368.347859
12775.336185
12192.697512
11638.782556
11096.662737
10578.592401
10078.578789
9599.154997
9141.496222
8690.092947
8264.343270
7853.427774
7458.311012
7082.023150
6717.124349
6366.269772
6035.055768
5718.685900
5416.484431
5126.758328
4847.760044
4579.121543
4326.254906
4084.353235
3852.219087
3633.815186
3422.342297
3225.784203
3039.163100
2860.515202
2692.639186
2531.440969
2380.206198
2236.020636
2098.412982
1969.356168
1845.667647
1730.007903
1621.057319
1519.149920
1423.597510
1330.091713
1243.505802
1165.153491
1089.615266
1018.146724
951.183326
888.995070
830.857504
775.216065
723.708973
675.497643
629.248147
587.594750
547.226725
509.906603
474.837865
442.133774
411.949646
383.817553
356.895541
331.019529
306.878045
284.166752
262.959639
244.009379
226.487575
210.191738
193.637084
178.006436
163.788788
150.377754
138.513288
127.755524
117.943356
108.064130
99.401323
91.209839
84.227380
77.470282
71.241756
65.482751
60.258249
55.186382
50.802860
46.826293
43.138269
39.698442
36.553332
33.733089
31.437601
28.868232
26.604760
24.459361
22.662354
20.710578
18.988909
17.399259
15.895995
14.649201
13.465043
12.230134
11.371763
10.417809
9.537489
8.699652
8.007261
7.256915
6.629597
5.927741
5.232495
4.708305
4.212187
3.799208
3.487236
3.061210
2.714276
2.355527
2.159638
1.939057
1.672873
1.445148
1.226676
1.043096
0.892092
0.750579
0.618074
0.528009
0.416452
0.368832
0.308554
0.252562
0.199329
0.176865
0.153313
0.119853
0.098226
0.069189
0.063404
0.051597
0.036526
0.028568
0.019061
0.012487
0.005302
0.004965
0.003596
0.003737
0.004556
0.001471
0.000304
0.000100
0.000000
0.000000
0.000000
0.000000
0.000000
0.000000
0.000000
0.000000
0.000000
0.000000
0.000000
0.000000
0.000000
0.000000
0.000000
0.000000
0.000000
0.000000
0.000000
0.000000
0.000000
0.000000
0.000000
0.000000
0.000000
0.000000
0.000000
0.000000
0.000000
0.000000
0.000000
0.000000
0.000000
0.000000
0.000000
0.000000
0.000000
0.000000
0.000000
0.000000
0.000000
0.000000
0.000000
0.000000
0.000000
0.000000
0.000000
0.000000
0.000000
0.000000
0.000000
0.000000
0.000000
0.000000
0.000000
0.000000
0.000000
0.000000
0.000000
0.000000
0.000000
0.000000
0.000000
0.000000
0.000000
0.000000
0.000000
0.000000
0.000000
0.000000
0.000000
0.000000
0.000000
0.000000
0.000000
0.000000
0.000000
0.000000
0.000000
0.000000
0.000000
0.000000
0.000000
0.000000
0.000000
0.000000
0.000000
0.000000
0.000000
0.000000
0.000000
0.000000
0.000000
0.000000
0.000000
0.000000
0.000000
0.000000
0.000000
0.000000
0.000000
0.000000
0.000000
0.000000
0.000000
0.000000
0.000000
0.000000
0.000000
0.000000
0.000000
0.000000
0.000000
0.000000
0.000000
0.000000
0.000000
0.000000
0.000000
0.000000
0.000000
0.000000
0.000000
0.000000
0.000000
0.000000
0.000000
0.000000
0.000000
0.000000
0.000000
0.000000
0.000000
0.000000
0.000000
0.000000
0.000000
0.000000
0.000000
0.000000
0.000000
0.000000
0.000000
0.000000
0.000000
0.000000
0.000000
0.000000
0.000000
0.000000
0.000000
0.000000
0.000000
0.000000
0.000000
0.000000
0.000000
0.000000
0.000000
0.000000
0.000000
0.000000
0.000000
0.000000
0.000000
0.000000
0.000000
0.000000
0.000000
0.000000
0.000000
0.000000
0.000000
0.000000
0.000000
0.000000
0.000000
0.000000
0.000000
0.000000
0.000000
0.000000
0.000000
0.000000
0.000000
0.000000
0.000000
0.000000
0.000000
0.000000
0.000000
0.000000
0.000000
0.000000
0.000000
0.000000
0.000000
0.000000
0.000000
0.000000
0.000000
0.000000
0.000000
0.000000
0.000000
0.000000
0.000000
0.000000
0.000000
0.000000
0.000000
0.000000
0.000000
0.000000
0.000000
0.000000
0.000000
0.000000
0.000000
0.000000
0.000000
0.000000
0.000000
0.000000
0.000000
0.000000
0.000000
0.000000
0.000000
0.000000
0.000000
0.000000
0.000000
0.000000
0.000000
0.000000
0.000000
0.000000
0.000000
0.000000
0.000000
0.000000
0.000000
0.000000
0.000000
0.000000
0.000000
0.000000
0.000000
0.000000
0.000000
0.000000
0.000000
0.000000
0.000000
0.000000
0.000000
0.000000
0.000000
0.000000
0.000000
0.000000
0.000000
0.000000
0.000000
0.000000
0.000000
0.000000
0.000000
0.000000
0.000000
0.000000
0.000000
0.000000
0.000000
0.000000
0.000000
0.000000
0.000000
0.000000
0.000000
0.000000
0.000000
0.000000
0.000000
0.000000
0.000000
0.000000
0.000000
0.000000
0.000000
0.000000
0.000000
0.000000
0.000000
0.000000
0.000000
0.000000
0.000000
0.000000
0.000000
0.000000
0.000000
0.000000
0.000000
0.000000
0.000000
0.000000
0.000000
0.000000
0.000000
0.000000
0.000000
0.000000
0.000000
0.000000
0.000000
0.000000
0.000000
0.000000
0.000000
0.000000
0.000000
0.000000
0.000000
0.000000
0.000000
0.000000
0.000000
0.000000
0.000000
0.000000
0.000000
0.000000
0.000000
0.000000
0.000000
0.000000
0.000000
0.000000
0.000000
0.000000
0.000000
0.000000
0.000000
0.000000
0.000000
0.000000
0.000000
0.000000
0.000000
0.000000
0.000000
0.000000
0.000000
0.000000
0.000000
0.000000
0.000000
0.000000
0.000000
0.000000
0.000000
0.000000
0.000000
0.000000
0.000000
0.000000
0.000000
0.000000
0.000000
0.000000
0.000000
0.000000
0.000000
0.000000
0.000000
0.000000
0.000000
0.000000
0.000000
0.000000
0.000000
0.000000
0.000000
0.000000
0.000000
0.000000
0.000000
0.000000
0.000000
0.000000
0.000000
0.000000
0.000000
0.000000
0.000000
0.000000
0.000000
0.000000
0.000000
0.000000
0.000000
0.000000
0.000000
0.000000
0.000000
0.000000
0.000000
0.000000
0.000000
0.000000
0.000000
0.000000
0.000000
0.000000
0.000000
0.000000
0.000000
0.000000
0.000000
0.000000
0.000000
0.000000
0.000000
0.000000
0.000000
0.000000
0.000000
0.000000
0.000000
0.000000
0.000000
0.000000
0.000000
0.000000
0.000000
0.000000
0.000000
0.000000
0.000000
0.000000
0.000000
0.000000
0.000000
0.000000
0.000000
0.000000
0.000000
0.000000
0.000000
0.000000
0.000000
0.000000
0.000000
0.000000
0.000000
0.000000
0.000000
0.000000
0.000000
0.000000
0.000000
0.000000
0.000000
0.000000
0.000000
0.000000
0.000000
0.000000
0.000000
0.000000
0.000000
0.000000
0.000000
0.000000
0.000000
0.000000
0.000000
0.000000
0.000000
0.000000
0.000000
0.000000
0.000000
0.000000
0.000000
0.000000
0.000000
0.000000
0.000000
0.000000
0.000000
0.000000
0.000000
0.000000
0.000000
0.000000
0.000000
0.000000
0.000000
0.000000
0.000000
0.000000
0.000000
0.000000
0.000000
0.000000
0.000000
0.000000
0.000000
0.000000
0.000000
0.000000
0.000000
0.000000
0.000000
0.000000
0.000000
0.000000
0.000000
0.000000
0.000000
0.000000
0.000000
0.000000
0.000000
0.000000
0.000000
0.000000
0.000000
0.000000
0.000000
0.000000
0.000000
0.000000
0.000000
0.000000
0.000000
0.000000
0.000000
0.000000
0.000000
0.000000
0.000000
0.000000
0.000000
0.000000
0.000000
0.000000
0.000000
0.000000
0.000000
0.000000
0.000000
0.000000
0.000000
0.000000
0.000000
0.000000
0.000000
0.000000
0.000000
0.000000
0.000000
0.000000
0.000000
0.000000
0.000000
0.000000
0.000000
0.000000
0.000000
0.000000
0.000000
0.000000
0.000000
0.000000
0.000000
0.000000
0.000000
0.000000
0.000000
0.000000
0.000000
0.000000
0.000000
0.000000
0.000000
0.000000
0.000000
0.000000
0.000000
0.000000
0.000000
0.000000
0.000000
0.000000
0.000000
0.000000
0.000000
0.000000
0.000000
0.000000
0.000000
0.000000
0.000000
0.000000
0.000000
0.000000
0.000000
0.000000
0.000000
0.000000
0.000000
0.000000
0.000000
0.000000
0.000000
0.000000
0.000000
0.000000
0.000000
0.000000
0.000000
0.000000
0.000000
0.000000
0.000000
0.000000
0.000000
0.000000
0.000000
0.000000
0.000000
0.000000
0.000000
0.000000
0.000000
0.000000
0.000000
0.000000
0.000000
0.000000
0.000000
0.000000
0.000000
0.000000
0.000000
0.000000
0.000000
0.000000
0.000000
0.000000
0.000000
0.000000
0.000000
0.000000
0.000000
0.000000
0.000000
0.000000
0.000000
0.000000
0.000000
0.000000
0.000000
0.000000
0.000000
0.000000
0.000000
0.000000
0.000000
0.000000
