0.000000
0.000000
0.000000
0.000000
0.000000
0.000000
0.000000
0.000000
0.000000
0.000000
0.095584
0.218029
0.755478
1.228675
3.329063
5.849955
11.178638
17.228436
27.685293
41.646588
63.047218
96.449981
132.368933
186.138332
260.494534
349.984169
472.322688
625.154716
804.823373
1046.388224
1337.070848
1678.471583
2103.650109
2597.999367
3182.796073
3855.533193
4641.150358
5518.794311
6491.671513
7624.825370
8887.476382
10290.586533
11817.152514
13496.470864
15324.294823
17346.860096
19486.729682
21741.337054
24217.772373
26761.649974
29477.064131
32345.949885
35392.129750
38481.744984
41683.749544
44993.248359
48343.748529
51874.481092
55352.193324
58954.768784
62486.909746
66147.694251
69701.079630
73388.320246
76939.234669
80565.762113
84123.548866
87641.435663
91127.391598
94557.024286
97813.252599
101023.333149
104135.973219
107070.983340
109935.766593
112701.609703
115319.603011
117790.243626
120083.574869
122229.304710
124260.611815
126065.341372
127747.985450
129284.819402
130525.085190
131552.052962
132455.606896
133254.838185
133778.901654
134236.583211
134571.544410
134715.869279
134693.982609
134456.184839
134081.818141
133571.910780
132912.952832
132171.423139
131264.672531
130188.206333
129130.301313
127975.653013
126658.637943
125247.206063
123699.350387
122083.054642
120454.985703
118547.588295
116702.803957
114787.463723
112893.998797
110892.207880
108794.335532
106784.439703
104655.995844
102465.716472
100347.006131
98199.354680
95931.528595
93776.748371
91566.514578
89255.747681
86976.623233
84790.348862
82528.706716
80322.429698
78079.077103
75886.216324
73705.132936
71573.395970
69493.613487
67472.775318
65346.678899
63296.356255
61320.349360
59343.120748
57378.809005
55478.656855
53569.183444
51686.327000
49888.566880
48110.657033
46376.572526
44644.040817
42949.754147
41309.873617
39714.201303
38172.611254
36670.282032
35227.680813
33826.441300
32499.349649
31169.467227
29886.249822
28631.157172
27427.280649
26256.343436
25181.075514
24098.360471
23041.061726
22045.889302
21071.186395
20124.016636
19219.510501
18358.712810
17532.760212
16720.224735
15971.233153
15221.817613
14485.616589
13796.895372
13142.604468
12477.511760
11883.021890
11312.510388
10727.867248
10172.097915
9660.368953
9160.156260
8692.912196
8246.970858
7849.637775
7439.113322
7044.104873
6665.525308
6306.082755
5976.048171
5653.547966
5347.666470
5059.211743
4790.318614
4517.673256
4251.063590
4010.273485
3787.980635
3564.352349
3354.092610
3153.996605
2975.218036
2794.452371
2627.318893
2472.253544
2328.279955
2185.537953
2046.883510
1927.116381
1811.916316
1700.643772
1597.137744
1500.256213
1410.255681
1315.227547
1235.217081
1161.552853
1087.853682
1018.405265
955.811025
891.771535
831.401983
773.157137
726.258103
679.383462
632.408922
587.695914
551.774154
516.062477
481.928453
448.717222
417.193267
390.543119
362.249396
339.431134
314.098718
288.708451
264.479083
244.641845
227.955229
211.078231
193.907000
181.219973
169.173133
156.466438
146.629713
136.778890
127.611762
117.975689
110.233195
101.998468
95.305753
88.216480
80.826170
74.967595
69.201511
63.246104
58.523686
54.333047
51.076611
46.648351
42.966646
39.513346
35.318156
32.718471
30.692099
27.917976
25.950052
24.417654
21.684667
20.579212
19.475913
17.576548
16.530917
15.053262
13.423160
12.245094
11.017350
10.575489
10.147362
9.796967
8.733461
8.102608
7.272105
6.274532
5.671383
5.461666
5.187778
4.836806
4.464817
4.414028
4.234565
3.590279
3.343667
3.290383
2.936660
2.845352
2.609592
2.735802
2.480414
2.504853
2.352524
2.114100
1.824994
1.580451
1.526113
1.413337
1.326226
0.958065
0.744040
0.566349
0.445973
0.418627
0.427869
0.516984
0.395819
0.287179
0.351466
0.266299
0.225298
0.314530
0.340205
0.341247
0.326300
0.298412
0.244841
0.165110
0.127656
0.128455
0.099199
0.076528
0.040234
0.063488
0.034302
0.021944
0.026534
0.037393
0.031750
0.023193
0.029529
0.016931
0.008364
0.011253
0.005775
0.000000
0.000000
0.000000
0.000000
0.000000
0.000000
0.000000
0.000000
0.000000
0.000000
0.000000
0.000000
0.000000
0.000000
0.000000
0.000000
0.000000
0.000000
0.000000
0.000000
0.000000
0.000000
0.000000
0.000000
0.000000
0.000000
0.000000
0.000000
0.000000
0.000000
0.000000
0.000000
0.000000
0.000000
0.000000
0.000000
0.000000
0.000000
0.000000
0.000000
0.000000
0.000000
0.000000
0.000000
0.000000
0.000000
0.000000
0.000000
0.000000
0.000000
0.000000
0.000000
0.000000
0.000000
0.000000
0.000000
0.000000
0.000000
0.000000
0.000000
0.000000
0.000000
0.000000
0.000000
0.000000
0.000000
0.000000
0.000000
0.000000
0.000000
0.000000
0.000000
0.000000
0.000000
0.000000
0.000000
0.000000
0.000000
0.000000
0.000000
0.000000
0.000000
0.000000
0.000000
0.000000
0.000000
0.000000
0.000000
0.000000
0.000000
0.000000
0.000000
0.000000
0.000000
0.000000
0.000000
0.000000
0.000000
0.000000
0.000000
0.000000
0.000000
0.000000
0.000000
0.000000
0.000000
0.000000
0.000000
0.000000
0.000000
0.000000
0.000000
0.000000
0.000000
0.000000
0.000000
0.000000
0.000000
0.000000
0.000000
0.000000
0.000000
0.000000
0.000000
0.000000
0.000000
0.000000
0.000000
0.000000
0.000000
0.000000
0.000000
0.000000
0.000000
0.000000
0.000000
0.000000
0.000000
0.000000
0.000000
0.000000
0.000000
0.000000
0.000000
0.000000
0.000000
0.000000
0.000000
0.000000
0.000000
0.000000
0.000000
0.000000
0.000000
0.000000
0.000000
0.000000
0.000000
0.000000
0.000000
0.000000
0.000000
0.000000
0.000000
0.000000
0.000000
0.000000
0.000000
0.000000
0.000000
0.000000
0.000000
0.000000
0.000000
0.000000
0.000000
0.000000
0.000000
0.000000
0.000000
0.000000
0.000000
0.000000
0.000000
0.000000
0.000000
0.000000
0.000000
0.000000
0.000000
0.000000
0.000000
0.000000
0.000000
0.000000
0.000000
0.000000
0.000000
0.000000
0.000000
0.000000
0.000000
0.000000
0.000000
0.000000
0.000000
0.000000
0.000000
0.000000
0.000000
0.000000
0.000000
0.000000
0.000000
0.000000
0.000000
0.000000
0.000000
0.000000
0.000000
0.000000
0.000000
0.000000
0.000000
0.000000
0.000000
0.000000
0.000000
0.000000
0.000000
0.000000
0.000000
0.000000
0.000000
0.000000
0.000000
0.000000
0.000000
0.000000
0.000000
0.000000
0.000000
0.000000
0.000000
0.000000
0.000000
0.000000
0.000000
0.000000
0.000000
0.000000
0.000000
0.000000
0.000000
0.000000
0.000000
0.000000
0.000000
0.000000
0.000000
0.000000
0.000000
0.000000
0.000000
0.000000
0.000000
0.000000
0.000000
0.000000
0.000000
0.000000
0.000000
0.000000
0.000000
0.000000
0.000000
0.000000
0.000000
0.000000
0.000000
0.000000
0.000000
0.000000
0.000000
0.000000
0.000000
0.000000
0.000000
0.000000
0.000000
0.000000
0.000000
0.000000
0.000000
0.000000
0.000000
0.000000
0.000000
0.000000
0.000000
0.000000
0.000000
0.000000
0.000000
0.000000
0.000000
0.000000
0.000000
0.000000
0.000000
0.000000
0.000000
0.000000
0.000000
0.000000
0.000000
0.000000
0.000000
0.000000
0.000000
0.000000
0.000000
0.000000
0.000000
0.000000
0.000000
0.000000
0.000000
0.000000
0.000000
0.000000
0.000000
0.000000
0.000000
0.000000
0.000000
0.000000
0.000000
0.000000
0.000000
0.000000
0.000000
0.000000
0.000000
0.000000
0.000000
0.000000
0.000000
0.000000
0.000000
0.000000
0.000000
0.000000
0.000000
0.000000
0.000000
0.000000
0.000000
0.000000
0.000000
0.000000
0.000000
0.000000
0.000000
0.000000
0.000000
0.000000
0.000000
0.000000
0.000000
0.000000
0.000000
0.000000
0.000000
0.000000
0.000000
0.000000
0.000000
0.000000
0.000000
0.000000
0.000000
0.000000
0.000000
0.000000
0.000000
0.000000
0.000000
0.000000
0.000000
0.000000
0.000000
0.000000
0.000000
0.000000
0.000000
0.000000
0.000000
0.000000
0.000000
0.000000
0.000000
0.000000
0.000000
0.000000
0.000000
0.000000
0.000000
0.000000
0.000000
0.000000
0.000000
0.000000
0.000000
0.000000
0.000000
0.000000
0.000000
0.000000
0.000000
0.000000
0.000000
0.000000
0.000000
0.000000
0.000000
0.000000
0.000000
0.000000
0.000000
0.000000
0.000000
0.000000
0.000000
0.000000
0.000000
0.000000
0.000000
0.000000
0.000000
0.000000
0.000000
0.000000
0.000000
0.000000
0.000000
0.000000
0.000000
0.000000
0.000000
0.000000
0.000000
0.000000
0.000000
0.000000
0.000000
0.000000
0.000000
0.000000
0.000000
0.000000
0.000000
0.000000
0.000000
0.000000
0.000000
0.000000
0.000000
0.000000
0.000000
0.000000
0.000000
0.000000
0.000000
0.000000
0.000000
0.000000
0.000000
0.000000
0.000000
0.000000
0.000000
0.000000
0.000000
0.000000
0.000000
0.000000
0.000000
0.000000
0.000000
0.000000
0.000000
0.000000
0.000000
0.000000
0.000000
0.000000
0.000000
0.000000
0.000000
0.000000
0.000000
0.000000
0.000000
0.000000
0.000000
0.000000
0.000000
0.000000
0.000000
0.000000
0.000000
0.000000
0.000000
0.000000
0.000000
0.000000
0.000000
0.000000
0.000000
0.000000
0.000000
0.000000
0.000000
0.000000
0.000000
0.000000
0.000000
0.000000
0.000000
0.000000
0.000000
0.000000
0.000000
0.000000
0.000000
0.000000
0.000000
0.000000
0.000000
0.000000
0.000000
0.000000
0.000000
0.000000
0.000000
0.000000
0.000000
0.000000
0.000000
0.000000
0.000000
0.000000
0.000000
0.000000
0.000000
0.000000
0.000000
0.000000
0.000000
0.000000
0.000000
0.000000
0.000000
0.000000
0.000000
0.000000
0.000000
0.000000
0.000000
0.000000
0.000000
0.000000
0.000000
0.000000
0.000000
0.000000
0.000000
0.000000
0.000000
0.000000
0.000000
0.000000
0.000000
0.000000
0.000000
0.000000
0.000000
0.000000
0.000000
0.000000
0.000000
0.000000
0.000000
0.000000
0.000000
0.000000
0.000000
0.000000
0.000000
0.000000
0.000000
0.000000
0.000000
0.000000
0.000000
0.000000
0.000000
0.000000
0.000000
0.000000
0.000000
0.000000
0.000000
0.000000
0.000000
0.000000
0.000000
0.000000
0.000000
0.000000
0.000000
0.000000
0.000000
0.000000
0.000000
0.000000
0.000000
0.000000
0.000000
0.000000
0.000000
0.000000
0.000000
0.000000
0.000000
0.000000
0.000000
0.000000
0.000000
0.000000
0.000000
0.000000
0.000000
0.000000
0.000000
0.000000
0.000000
0.000000
0.000000
0.000000
0.000000
0.000000
0.000000
0.000000
0.000000
0.000000
0.000000
0.000000
0.000000
