0.000000
0.000000
0.000000
0.000000
0.000000
0.000000
0.000000
0.000000
0.000000
0.000000
0.000000
0.000000
0.000000
0.000000
0.000000
0.000000
0.000000
0.000000
0.000000
0.000000
0.000000
0.000000
0.000000
0.000000
0.009681
0.032513
0.130326
0.216250
0.344635
0.653584
1.219979
1.879255
3.314467
5.256342
8.746975
13.520810
22.090701
33.878925
51.679039
76.761035
114.890987
167.184873
240.491951
341.085789
472.312798
655.389764
891.656402
1190.337834
1574.985218
2065.493295
2679.489126
3433.947904
4333.445173
5442.787127
6757.578777
8296.895758
10120.348476
12192.199262
14589.185157
17310.440056
20399.497687
23814.911183
27605.720944
31792.030040
36350.659017
41284.812832
46565.137189
52144.957305
58100.756005
64403.437858
70900.895150
77738.320262
84789.820338
91929.540407
99189.485055
106593.095160
113950.818260
121276.901130
128605.864626
135761.132924
142847.491117
149638.314362
156231.382234
162407.738147
168358.936937
173910.835866
179116.858741
183780.684933
188115.567893
191863.085300
195134.296238
197913.723115
200130.351410
201858.572365
203078.980428
203809.543456
203991.577227
203659.117919
202909.058992
201557.416651
199873.167892
197680.487686
195022.052103
192001.119665
188599.706680
184934.898609
180935.420258
176647.579222
172091.701465
167301.504196
162332.762245
157163.260048
151874.699434
146511.981313
141023.268666
135451.540382
129855.220159
124228.253241
118620.469195
113121.166355
107640.456396
102211.906432
96845.644020
91604.536331
86471.792522
81504.992725
76615.713550
71925.498881
67362.767261
62980.249178
58746.282023
54713.522918
50811.986409
47113.227635
43598.570713
40267.059033
37102.806079
34117.656429
31310.373239
28718.929140
26244.696393
23945.979253
21810.275479
19799.180249
17946.803602
16238.571748
14656.741210
13211.357860
11873.261360
10650.125632
9545.314656
8526.397797
7610.950062
6764.892044
6003.806017
5321.092621
4704.894599
4149.555181
3656.292264
3211.916735
2810.323743
2458.982557
2144.798404
1868.416803
1620.876414
1406.720785
1215.518952
1049.550286
907.231274
778.908016
667.428001
572.817367
488.182062
416.151478
352.198179
299.114304
253.306556
214.159813
179.733134
150.203092
126.156681
106.191806
88.350283
74.067062
60.379926
50.731581
41.616656
34.804954
28.527792
23.471039
19.690042
16.026985
13.193587
10.709883
8.673957
6.855021
5.686672
4.482439
3.717928
2.920717
2.403730
1.965301
1.680924
1.303958
1.057944
0.811269
0.607341
0.484177
0.345897
0.274870
0.190879
0.133211
0.089304
0.062080
0.043332
0.026667
0.027576
0.028942
0.027494
0.006632
0.006779
0.003616
0.000415
0.001163
0.000000
0.000000
0.000000
0.000000
0.000000
0.000000
0.000000
0.000000
0.000000
0.000000
0.000000
0.000000
0.000000
0.000000
0.000000
0.000000
0.000000
0.000000
0.000000
0.000000
0.000000
0.000000
0.000000
0.000000
0.000000
0.000000
0.000000
0.000000
0.000000
0.000000
0.000000
0.000000
0.000000
0.000000
0.000000
0.000000
0.000000
0.000000
0.000000
0.000000
0.000000
0.000000
0.000000
0.000000
0.000000
0.000000
0.000000
0.000000
0.000000
0.000000
0.000000
0.000000
0.000000
0.000000
0.000000
0.000000
0.000000
0.000000
0.000000
0.000000
0.000000
0.000000
0.000000
0.000000
0.000000
0.000000
0.000000
0.000000
0.000000
0.000000
0.000000
0.000000
0.000000
0.000000
0.000000
0.000000
0.000000
0.000000
0.000000
0.000000
0.000000
0.000000
0.000000
0.000000
0.000000
0.000000
0.000000
0.000000
0.000000
0.000000
0.000000
0.000000
0.000000
0.000000
0.000000
0.000000
0.000000
0.000000
0.000000
0.000000
0.000000
0.000000
0.000000
0.000000
0.000000
0.000000
0.000000
0.000000
0.000000
0.000000
0.000000
0.000000
0.000000
0.000000
0.000000
0.000000
0.000000
0.000000
0.000000
0.000000
0.000000
0.000000
0.000000
0.000000
0.000000
0.000000
0.000000
0.000000
0.000000
0.000000
0.000000
0.000000
0.000000
0.000000
0.000000
0.000000
0.000000
0.000000
0.000000
0.000000
0.000000
0.000000
0.000000
0.000000
0.000000
0.000000
0.000000
0.000000
0.000000
0.000000
0.000000
0.000000
0.000000
0.000000
0.000000
0.000000
0.000000
0.000000
0.000000
0.000000
0.000000
0.000000
0.000000
0.000000
0.000000
0.000000
0.000000
0.000000
0.000000
0.000000
0.000000
0.000000
0.000000
0.000000
0.000000
0.000000
0.000000
0.000000
0.000000
0.000000
0.000000
0.000000
0.000000
0.000000
0.000000
0.000000
0.000000
0.000000
0.000000
0.000000
0.000000
0.000000
0.000000
0.000000
0.000000
0.000000
0.000000
0.000000
0.000000
0.000000
0.000000
0.000000
0.000000
0.000000
0.000000
0.000000
0.000000
0.000000
0.000000
0.000000
0.000000
0.000000
0.000000
0.000000
0.000000
0.000000
0.000000
0.000000
0.000000
0.000000
0.000000
0.000000
0.000000
0.000000
0.000000
0.000000
0.000000
0.000000
0.000000
0.000000
0.000000
0.000000
0.000000
0.000000
0.000000
0.000000
0.000000
0.000000
0.000000
0.000000
0.000000
0.000000
0.000000
0.000000
0.000000
0.000000
0.000000
0.000000
0.000000
0.000000
0.000000
0.000000
0.000000
0.000000
0.000000
0.000000
0.000000
0.000000
0.000000
0.000000
0.000000
0.000000
0.000000
0.000000
0.000000
0.000000
0.000000
0.000000
0.000000
0.000000
0.000000
0.000000
0.000000
0.000000
0.000000
0.000000
0.000000
