0.000000
0.000000
0.000000
0.000000
0.000000
0.000000
0.000000
0.000000
0.000000
0.000000
0.000000
0.000000
0.000000
0.000000
0.000000
0.000000
0.000000
0.000000
0.000000
0.000095
0.002420
0.027963
0.039896
0.065539
0.145052
0.234995
0.497644
0.904355
1.732627
2.685945
4.978604
7.709792
13.087150
21.407964
33.935219
52.789459
80.125395
121.270031
179.288556
256.813852
365.318708
510.580396
700.537969
951.927628
1274.980287
1683.985119
2199.931865
2837.225758
3621.065369
4566.383459
5697.388952
7054.552455
8631.214745
10465.057829
12584.826400
14983.291414
17712.982790
20762.626229
24146.686304
27852.981834
31918.036926
36303.731519
41043.250224
46067.629698
51423.595109
57013.728425
62865.872361
68925.904476
75169.109342
81564.867236
88019.409744
94613.894461
101169.474039
107750.142529
114222.477842
120638.325233
126882.562236
132989.954478
138889.644011
144532.345800
149907.112169
155000.545988
159731.607574
164184.995009
168229.619776
171966.298154
175250.096159
178189.905023
180717.118935
182879.935413
184572.703102
185944.583485
186840.668715
187396.925936
187551.354214
187371.909325
186782.997647
185916.827500
184660.358957
183118.794845
181249.096601
179071.119971
176667.035971
173940.606013
171050.750492
167849.991993
164521.964644
160948.324892
157226.831222
153311.651970
149281.942519
145111.559066
140821.963531
136423.938065
131977.628384
127438.473360
122855.634599
118225.505712
113583.835555
108921.074879
104267.425978
99636.838006
95029.727528
90471.045503
85970.196532
81546.560652
77192.442933
72940.859889
68783.969678
64722.330398
60791.254812
56979.769834
53296.156834
49730.841803
46329.862617
43046.721941
39926.170088
36950.925116
34111.849035
31423.243787
28891.847133
26484.961316
24233.107631
22125.745640
20147.647791
18304.957946
16588.004830
14999.377373
13530.618283
12173.260805
10925.660158
9780.910896
8735.219594
7780.371119
6909.395693
6127.953056
5416.925250
4775.343386
4199.817201
3683.374005
3223.395326
2812.666727
2446.937165
2122.764693
1837.345834
1586.157148
1367.138459
1173.822185
1005.485490
858.557143
731.365800
622.377663
526.486258
445.924668
374.710156
315.457170
264.030838
221.051107
183.727614
152.581976
126.522632
104.411471
85.938988
70.677005
57.711281
47.305182
38.320748
31.169652
25.227524
20.444267
16.426421
13.109252
10.498163
8.419563
6.743140
5.232234
4.165374
3.173104
2.526289
1.956786
1.578065
1.208391
0.948894
0.716208
0.575006
0.422979
0.329559
0.242753
0.182895
0.144628
0.114309
0.080037
0.069868
0.046955
0.044555
0.029108
0.020774
0.016752
0.014565
0.005246
0.006229
0.003173
0.002837
0.003166
0.003097
0.001637
0.000597
0.000374
0.000988
0.000240
0.000390
0.000040
0.000000
0.000131
0.000000
0.000000
0.000000
0.000000
0.000000
0.000000
0.000000
0.000000
0.000000
0.000000
0.000000
0.000000
0.000000
0.000000
0.000000
0.000000
0.000000
0.000000
0.000000
0.000000
0.000000
0.000000
0.000000
0.000000
0.000000
0.000000
0.000000
0.000000
0.000000
0.000000
0.000000
0.000000
0.000000
0.000000
0.000000
0.000000
0.000000
0.000000
0.000000
0.000000
0.000000
0.000000
0.000000
0.000000
0.000000
0.000000
0.000000
0.000000
0.000000
0.000000
0.000000
0.000000
0.000000
0.000000
0.000000
0.000000
0.000000
0.000000
0.000000
0.000000
0.000000
0.000000
0.000000
0.000000
0.000000
0.000000
0.000000
0.000000
0.000000
0.000000
0.000000
0.000000
0.000000
0.000000
0.000000
0.000000
0.000000
0.000000
0.000000
0.000000
0.000000
0.000000
0.000000
0.000000
0.000000
0.000000
0.000000
0.000000
0.000000
0.000000
0.000000
0.000000
0.000000
0.000000
0.000000
0.000000
0.000000
0.000000
0.000000
0.000000
0.000000
0.000000
0.000000
0.000000
0.000000
0.000000
0.000000
0.000000
0.000000
0.000000
0.000000
0.000000
0.000000
0.000000
0.000000
0.000000
0.000000
0.000000
0.000000
0.000000
0.000000
0.000000
0.000000
0.000000
0.000000
0.000000
0.000000
0.000000
0.000000
0.000000
0.000000
0.000000
0.000000
0.000000
0.000000
0.000000
0.000000
0.000000
0.000000
0.000000
0.000000
0.000000
0.000000
0.000000
0.000000
0.000000
0.000000
0.000000
0.000000
0.000000
0.000000
0.000000
0.000000
0.000000
0.000000
0.000000
0.000000
0.000000
0.000000
0.000000
0.000000
0.000000
0.000000
0.000000
0.000000
0.000000
0.000000
0.000000
0.000000
0.000000
0.000000
0.000000
0.000000
0.000000
0.000000
0.000000
0.000000
0.000000
0.000000
0.000000
0.000000
0.000000
0.000000
0.000000
0.000000
0.000000
0.000000
0.000000
0.000000
0.000000
0.000000
0.000000
0.000000
0.000000
0.000000
0.000000
0.000000
0.000000
0.000000
0.000000
0.000000
0.000000
0.000000
0.000000
0.000000
0.000000
0.000000
0.000000
0.000000
0.000000
0.000000
0.000000
0.000000
0.000000
0.000000
0.000000
0.000000
0.000000
0.000000
0.000000
0.000000
0.000000
0.000000
0.000000
0.000000
0.000000
0.000000
0.000000
0.000000
0.000000
0.000000
0.000000
0.000000
0.000000
0.000000
0.000000
0.000000
0.000000
0.000000
0.000000
0.000000
0.000000
0.000000
0.000000
0.000000
0.000000
0.000000
0.000000
0.000000
0.000000
0.000000
0.000000
0.000000
0.000000
0.000000
0.000000
0.000000
0.000000
0.000000
0.000000
0.000000
0.000000
0.000000
0.000000
0.000000
0.000000
0.000000
