0.723966
7.945859
44.524607
176.042477
544.017322
1401.067763
3093.971459
6080.132842
10823.285443
17780.842399
27239.898303
39236.698641
53715.026302
70370.424429
88636.365205
107891.590837
127405.998980
146449.691041
164426.266337
180768.244820
195100.843163
207048.674263
216535.756336
223442.923560
228043.259884
230275.642134
230356.634323
228658.355120
225254.992166
220428.101191
214423.756608
207632.070441
200086.543213
192160.679939
183926.597344
175412.618966
166895.043037
158434.262083
150173.219517
142133.468084
134294.740615
126767.393360
119567.215859
112729.275235
106148.307227
99985.000443
94196.222342
88724.606835
83569.668636
78737.350885
74272.675941
70083.159421
66138.210693
62455.952827
59028.346761
55824.024319
52843.992488
50044.953312
47443.139658
45005.345796
42729.716095
40612.371604
38669.682312
36829.253345
35127.529286
33533.456078
32066.042072
30737.957753
29455.051871
28275.142088
27145.290814
26112.702994
25131.648427
24216.344198
23349.812193
22556.233862
21795.603023
21090.751675
20422.419245
19799.556237
19228.206886
18683.761583
18176.379246
17698.328571
17244.747661
16824.246345
16434.226727
16070.468024
15743.145548
15437.365342
15139.903835
14869.984456
14617.466158
14382.875178
14153.670092
13949.960222
13751.524724
13570.307690
13401.633317
13232.101429
13082.094569
12943.607529
12815.411968
12698.107449
12596.906766
12511.160595
12418.772467
12340.862811
12282.809315
12225.526941
12180.203995
12133.180623
12094.884366
12059.733089
12030.734233
12000.278720
11991.088673
11982.313759
11982.434012
11982.224872
11997.464995
12015.633527
12044.090807
12072.930312
12113.520392
12157.202257
12203.052911
12256.030367
12313.886987
12367.720072
12424.613343
12479.148651
12539.703905
12605.321120
12670.939640
12741.979253
12809.133035
12874.129532
12937.804462
13007.105753
13070.818466
13141.061450
13215.248340
13293.566834
13376.837382
13463.974789
13551.276637
13640.991046
13722.679237
13816.127929
13905.102776
13993.115394
14082.308167
14170.751837
14262.193942
14351.669343
14446.610307
14542.462248
14642.448170
14736.678676
14839.382666
14939.916230
15039.367189
15140.309357
15237.014319
15336.058180
15444.597518
15545.713671
15650.572854
15756.288206
15860.457831
15963.460101
16056.647728
16149.293165
16245.884776
16336.475925
16431.741279
16516.473270
16608.692199
16686.377323
16764.016064
16837.823899
16921.528205
16993.613457
17058.906784
17122.726523
17178.182259
17235.093724
17282.564800
17330.408070
17366.962417
17396.682243
17424.514111
17442.225485
17451.741965
17457.923268
17461.743240
17463.024516
17451.629336
17443.995955
17425.445183
17407.574898
17378.085028
17348.272628
17304.271652
17246.748795
17189.763368
17128.457525
17064.349044
16991.235703
16918.227075
16828.409575
16735.424214
16638.359414
16527.778238
16416.138222
16300.445699
16178.557090
16046.429397
15904.653491
15764.828352
15619.043134
15471.862190
15324.490090
15163.958891
14999.141557
14839.206656
14671.756841
14505.209603
14327.824332
14143.505483
13955.685476
13760.026774
13560.427862
13358.294796
13153.053999
12939.406189
12720.956316
12497.854918
12276.731862
12051.812735
11822.088158
11590.339669
11357.502379
11126.470486
10892.442072
10660.587855
10429.009398
10199.016573
9961.613042
9732.314729
9500.768407
9271.211348
9043.398066
8815.608449
8589.677317
8365.448452
8140.502161
7921.306629
7700.536979
7484.637556
7264.235934
7053.623128
6839.816276
6632.498737
6425.929481
6222.755240
6020.479135
5825.801943
5633.825764
5442.828730
5253.560326
5071.952964
4891.820967
4715.503315
4542.547900
4374.934218
4209.599308
4047.137470
3890.334953
3733.512452
3583.820553
3437.385450
3291.369417
3153.913190
3022.512549
2891.748279
2765.904724
2643.601508
2526.292048
2409.669308
2299.742661
2192.570654
2089.910286
1991.609017
1895.066111
1802.441866
1713.781127
1627.555781
1544.720537
1465.992056
1389.268817
1315.866908
1244.395842
1176.656929
1111.993187
1049.642501
991.008143
935.044174
881.173521
831.183935
782.649122
736.442296
692.395947
651.506169
612.799270
576.650285
541.480897
508.798306
477.385932
447.809775
419.724671
393.609428
368.520223
343.780425
320.949692
298.902727
279.136857
260.758695
243.020730
226.561933
211.274150
196.391318
183.137446
169.753669
157.359144
146.087733
135.808811
125.430317
116.133387
107.509259
99.483870
92.359568
85.490483
78.762774
72.807747
67.599501
62.780021
58.238260
54.123615
49.994164
46.548061
43.379087
40.496866
37.660012
34.991654
32.514031
30.048342
27.856136
25.653737
23.631006
21.798003
19.931698
18.215201
16.735282
15.249239
13.798583
12.541940
11.465752
10.463550
9.431985
8.551456
7.595360
6.844307
6.030836
5.382572
4.798701
4.293710
3.913516
3.534983
3.150705
2.767053
2.418545
2.168882
1.887257
1.688092
1.523442
1.346067
1.179436
1.021530
0.909352
0.774985
0.644282
0.530295
0.422612
0.359716
0.301344
0.249160
0.203702
0.160251
0.112921
0.087367
0.066843
0.044691
0.037178
0.030870
0.026782
0.019256
0.012237
0.007569
0.004846
0.002031
0.000526
0.000950
0.000036
0.000000
0.000000
0.000000
0.000000
0.000000
0.000000
0.000000
0.000000
0.000000
0.000000
0.000000
0.000000
0.000000
0.000000
0.000000
0.000000
0.000000
0.000000
0.000000
0.000000
0.000000
0.000000
0.000000
0.000000
0.000000
0.000000
0.000000
0.000000
0.000000
0.000000
0.000000
0.000000
0.000000
0.000000
0.000000
0.000000
0.000000
0.000000
0.000000
0.000000
0.000000
0.000000
0.000000
0.000000
0.000000
0.000000
0.000000
0.000000
0.000000
0.000000
0.000000
0.000000
0.000000
0.000000
0.000000
0.000000
0.000000
0.000000
0.000000
0.000000
0.000000
0.000000
0.000000
0.000000
0.000000
0.000000
0.000000
0.000000
0.000000
0.000000
0.000000
0.000000
0.000000
0.000000
0.000000
0.000000
0.000000
0.000000
0.000000
0.000000
0.000000
0.000000
0.000000
0.000000
0.000000
0.000000
0.000000
0.000000
0.000000
0.000000
0.000000
0.000000
0.000000
0.000000
0.000000
0.000000
0.000000
0.000000
0.000000
0.000000
0.000000
0.000000
0.000000
0.000000
0.000000
0.000000
0.000000
0.000000
0.000000
0.000000
0.000000
0.000000
0.000000
0.000000
0.000000
0.000000
0.000000
0.000000
0.000000
0.000000
0.000000
0.000000
0.000000
0.000000
0.000000
0.000000
0.000000
0.000000
0.000000
0.000000
0.000000
0.000000
0.000000
0.000000
0.000000
0.000000
0.000000
0.000000
0.000000
0.000000
0.000000
0.000000
0.000000
0.000000
0.000000
0.000000
0.000000
0.000000
0.000000
0.000000
0.000000
0.000000
0.000000
0.000000
0.000000
0.000000
0.000000
0.000000
0.000000
0.000000
0.000000
0.000000
0.000000
0.000000
0.000000
0.000000
0.000000
0.000000
0.000000
0.000000
0.000000
0.000000
0.000000
0.000000
0.000000
0.000000
0.000000
0.000000
0.000000
0.000000
0.000000
0.000000
0.000000
0.000000
0.000000
0.000000
0.000000
0.000000
0.000000
0.000000
0.000000
0.000000
0.000000
0.000000
0.000000
0.000000
0.000000
0.000000
0.000000
0.000000
0.000000
0.000000
0.000000
0.000000
0.000000
0.000000
0.000000
0.000000
0.000000
0.000000
0.000000
0.000000
0.000000
0.000000
0.000000
0.000000
0.000000
0.000000
0.000000
0.000000
0.000000
0.000000
0.000000
0.000000
0.000000
0.000000
0.000000
0.000000
0.000000
0.000000
0.000000
0.000000
0.000000
0.000000
0.000000
0.000000
0.000000
0.000000
0.000000
0.000000
0.000000
0.000000
0.000000
0.000000
0.000000
0.000000
0.000000
0.000000
0.000000
0.000000
0.000000
0.000000
0.000000
0.000000
0.000000
0.000000
0.000000
0.000000
0.000000
0.000000
0.000000
0.000000
0.000000
0.000000
0.000000
0.000000
0.000000
0.000000
0.000000
0.000000
0.000000
0.000000
0.000000
0.000000
0.000000
0.000000
0.000000
0.000000
0.000000
0.000000
0.000000
0.000000
0.000000
0.000000
0.000000
0.000000
0.000000
0.000000
0.000000
0.000000
0.000000
0.000000
0.000000
0.000000
0.000000
0.000000
0.000000
0.000000
0.000000
0.000000
0.000000
0.000000
0.000000
0.000000
0.000000
0.000000
0.000000
0.000000
0.000000
0.000000
0.000000
0.000000
0.000000
0.000000
0.000000
0.000000
0.000000
0.000000
0.000000
0.000000
0.000000
0.000000
0.000000
0.000000
0.000000
0.000000
0.000000
0.000000
0.000000
0.000000
0.000000
0.000000
0.000000
0.000000
0.000000
0.000000
0.000000
0.000000
0.000000
0.000000
0.000000
0.000000
0.000000
0.000000
0.000000
0.000000
0.000000
0.000000
0.000000
0.000000
0.000000
0.000000
0.000000
0.000000
0.000000
0.000000
0.000000
0.000000
0.000000
0.000000
0.000000
0.000000
0.000000
0.000000
0.000000
0.000000
0.000000
0.000000
0.000000
0.000000
0.000000
0.000000
0.000000
0.000000
0.000000
0.000000
0.000000
0.000000
0.000000
0.000000
0.000000
0.000000
0.000000
0.000000
0.000000
0.000000
0.000000
0.000000
0.000000
0.000000
0.000000
0.000000
0.000000
0.000000
0.000000
0.000000
0.000000
0.000000
0.000000
0.000000
0.000000
0.000000
0.000000
0.000000
0.000000
0.000000
0.000000
0.000000
0.000000
0.000000
0.000000
0.000000
0.000000
0.000000
0.000000
0.000000
0.000000
0.000000
0.000000
0.000000
0.000000
0.000000
0.000000
0.000000
0.000000
0.000000
0.000000
0.000000
0.000000
0.000000
0.000000
0.000000
0.000000
0.000000
0.000000
0.000000
0.000000
0.000000
0.000000
0.000000
0.000000
0.000000
0.000000
0.000000
0.000000
0.000000
0.000000
0.000000
0.000000
0.000000
0.000000
0.000000
0.000000
0.000000
0.000000
0.000000
0.000000
0.000000
0.000000
0.000000
0.000000
0.000000
0.000000
0.000000
0.000000
0.000000
0.000000
0.000000
0.000000
0.000000
0.000000
0.000000
0.000000
0.000000
0.000000
0.000000
0.000000
0.000000
0.000000
0.000000
0.000000
0.000000
0.000000
0.000000
0.000000
0.000000
0.000000
0.000000
0.000000
0.000000
0.000000
0.000000
0.000000
0.000000
0.000000
0.000000
0.000000
0.000000
0.000000
0.000000
0.000000
0.000000
0.000000
0.000000
0.000000
0.000000
0.000000
0.000000
0.000000
0.000000
0.000000
0.000000
0.000000
0.000000
0.000000
0.000000
0.000000
0.000000
0.000000
0.000000
0.000000
0.000000
0.000000
0.000000
0.000000
0.000000
0.000000
0.000000
0.000000
0.000000
0.000000
0.000000
0.000000
0.000000
0.000000
0.000000
0.000000
0.000000
0.000000
0.000000
0.000000
0.000000
0.000000
0.000000
0.000000
0.000000
0.000000
0.000000
0.000000
0.000000
0.000000
0.000000
0.000000
0.000000
0.000000
0.000000
0.000000
0.000000
0.000000
0.000000
0.000000
0.000000
0.000000
0.000000
0.000000
0.000000
0.000000
0.000000
0.000000
0.000000
0.000000
0.000000
0.000000
0.000000
0.000000
0.000000
0.000000
0.000000
0.000000
0.000000
0.000000
0.000000
0.000000
0.000000
0.000000
0.000000
