0.000000
0.000000
0.000000
0.000000
0.000000
0.000000
0.000000
0.000000
0.000000
0.000000
0.000000
0.000000
0.000000
0.000000
0.000000
0.000000
0.000000
0.000000
0.000000
0.000000
0.000000
0.000000
0.000000
0.011876
0.024469
0.043619
0.111540
0.196978
0.314092
0.608826
0.907276
1.666429
2.888085
4.942915
7.829470
13.007224
20.606635
32.057447
49.048701
74.734430
110.273733
160.286261
230.629566
325.339105
454.860874
628.452682
852.839467
1142.279356
1518.634496
1985.522068
2583.791293
3304.223745
4197.658177
5268.166039
6551.132458
8061.771057
9836.228527
11885.483030
14251.611397
16931.663964
19965.186917
23361.362286
27122.668708
31271.598997
35811.943799
40726.763331
46035.149664
51707.051600
57740.207566
64070.049723
70718.983880
77615.797231
84765.389375
92110.665800
99586.263365
107211.523227
114832.872643
122495.495103
130091.866131
137565.619766
144925.434097
152084.679887
159015.753520
165626.006530
171896.445587
177776.353374
183216.666282
188254.529710
192758.690164
196819.274460
200286.246850
203245.860165
205645.400937
207498.561123
208793.238093
209524.768411
209687.111394
209322.554357
208451.619090
207010.238783
205118.587908
202743.567553
199901.957984
196649.389997
193031.688150
189008.981820
184683.651018
180041.512038
175123.542360
169964.111194
164615.468283
159056.774613
153380.242904
147571.914231
141650.083297
135682.293802
129674.377461
123653.583183
117651.981271
111713.007011
105845.235977
100047.486869
94364.326239
88802.032050
83371.372301
78103.046315
72997.030948
68076.631186
63346.568581
58798.741394
54450.555425
50312.379140
46380.282392
42645.908279
39128.160025
35806.551800
32685.330777
29773.393204
27044.565245
24519.691158
22169.179315
19997.127147
17995.795472
16146.194993
14462.531663
12914.700146
11502.443609
10223.340095
9057.948468
8010.156769
7064.947012
6216.113091
5452.663861
4774.935542
4166.790354
3630.311617
3154.237172
2732.518720
2358.553557
2034.897685
1747.826780
1499.490907
1281.925465
1093.105260
930.353830
789.198451
668.349667
564.217594
476.386900
399.703571
335.671403
280.545187
233.773799
193.913768
161.266721
133.030106
109.947508
90.648547
74.793504
60.918561
49.963271
40.631230
33.181227
26.844061
21.780825
17.587609
14.025786
11.201902
8.940372
7.107925
5.636334
4.491998
3.618102
2.805422
2.294678
1.765267
1.381372
1.049769
0.837692
0.635059
0.498776
0.382347
0.303010
0.223278
0.168332
0.114822
0.089731
0.058068
0.054665
0.033676
0.033081
0.017018
0.017293
0.009572
0.007327
0.003751
0.002870
0.001610
0.002377
0.000109
0.000000
0.000000
0.000000
0.000000
0.000000
0.000000
0.000000
0.000000
0.000000
0.000000
0.000000
0.000000
0.000000
0.000000
0.000000
0.000000
0.000000
0.000000
0.000000
0.000000
0.000000
0.000000
0.000000
0.000000
0.000000
0.000000
0.000000
0.000000
0.000000
0.000000
0.000000
0.000000
0.000000
0.000000
0.000000
0.000000
0.000000
0.000000
0.000000
0.000000
0.000000
0.000000
0.000000
0.000000
0.000000
0.000000
0.000000
0.000000
0.000000
0.000000
0.000000
0.000000
0.000000
0.000000
0.000000
0.000000
0.000000
0.000000
0.000000
0.000000
0.000000
0.000000
0.000000
0.000000
0.000000
0.000000
0.000000
0.000000
0.000000
0.000000
0.000000
0.000000
0.000000
0.000000
0.000000
0.000000
0.000000
0.000000
0.000000
0.000000
0.000000
0.000000
0.000000
0.000000
0.000000
0.000000
0.000000
0.000000
0.000000
0.000000
0.000000
0.000000
0.000000
0.000000
0.000000
0.000000
0.000000
0.000000
0.000000
0.000000
0.000000
0.000000
0.000000
0.000000
0.000000
0.000000
0.000000
0.000000
0.000000
0.000000
0.000000
0.000000
0.000000
0.000000
0.000000
0.000000
0.000000
0.000000
0.000000
0.000000
0.000000
0.000000
0.000000
0.000000
0.000000
0.000000
0.000000
0.000000
0.000000
0.000000
0.000000
0.000000
0.000000
0.000000
0.000000
0.000000
0.000000
0.000000
0.000000
0.000000
0.000000
0.000000
0.000000
0.000000
0.000000
0.000000
0.000000
0.000000
0.000000
0.000000
0.000000
0.000000
0.000000
0.000000
0.000000
0.000000
0.000000
0.000000
0.000000
0.000000
0.000000
0.000000
0.000000
0.000000
0.000000
0.000000
0.000000
0.000000
0.000000
0.000000
0.000000
0.000000
0.000000
0.000000
0.000000
0.000000
0.000000
0.000000
0.000000
0.000000
0.000000
0.000000
0.000000
0.000000
0.000000
0.000000
0.000000
0.000000
0.000000
0.000000
0.000000
0.000000
0.000000
0.000000
0.000000
0.000000
0.000000
0.000000
0.000000
0.000000
0.000000
0.000000
0.000000
0.000000
0.000000
0.000000
0.000000
0.000000
0.000000
0.000000
0.000000
0.000000
0.000000
0.000000
0.000000
0.000000
0.000000
0.000000
0.000000
0.000000
0.000000
0.000000
0.000000
0.000000
0.000000
0.000000
0.000000
0.000000
0.000000
0.000000
0.000000
0.000000
0.000000
0.000000
0.000000
0.000000
0.000000
0.000000
0.000000
0.000000
0.000000
0.000000
0.000000
0.000000
0.000000
0.000000
0.000000
0.000000
0.000000
0.000000
0.000000
0.000000
0.000000
0.000000
0.000000
0.000000
0.000000
0.000000
0.000000
0.000000
0.000000
0.000000
0.000000
0.000000
0.000000
0.000000
0.000000
0.000000
0.000000
0.000000
0.000000
0.000000
0.000000
0.000000
0.000000
0.000000
0.000000
0.000000
0.000000
0.000000
0.000000
