0.000000
0.000000
0.000000
0.000000
0.000000
0.214844
1.362956
2.793717
6.455052
14.703331
24.603997
38.679487
66.454072
107.559204
163.190997
255.973115
380.151062
549.170268
783.871501
1059.955371
1432.438602
1880.925114
2393.901992
3044.558743
3797.604711
4699.328846
5734.450047
6906.572956
8192.730321
9633.689653
11262.199319
13004.220435
14906.280101
16916.063597
19078.894137
21375.442380
23778.216845
26304.746186
28953.983954
31637.337609
34362.457347
37261.404261
40107.345382
43056.005691
45993.274718
48984.595938
51831.153934
54774.942008
57656.505912
60544.959800
63343.270164
65961.399583
68683.157793
71168.261111
73663.743052
76101.992500
78295.106249
80549.252911
82523.918386
84538.531563
86374.070032
88268.106578
89942.070975
91579.638052
93013.453100
94394.165328
95614.849805
96804.721459
97788.186458
98672.642189
99567.021365
100301.798893
100934.452239
101433.548517
101785.944124
102154.400361
102491.404244
102625.026509
102670.885591
102760.567599
102700.775212
102506.136845
102375.261671
102089.697025
101838.894583
101453.626111
101125.951726
100668.713206
100152.669481
99648.095082
98997.148603
98332.322705
97588.634764
96798.259069
95888.872553
95018.817174
94163.160266
93373.865467
92496.738144
91565.294828
90681.313669
89800.081204
88853.042461
87899.595476
86885.187159
85968.899776
84969.879142
83985.966514
82848.605999
81811.310871
80828.084336
79717.744091
78663.604326
77572.829433
76469.312223
75372.269593
74272.874593
73215.115652
72107.558164
71041.324420
69925.207159
68782.269621
67684.851500
66612.667648
65485.347689
64400.954102
63300.099679
62244.031972
61178.330955
60110.593523
59005.996920
57949.533188
56926.272992
55874.132961
54819.190712
53813.086233
52781.687315
51802.128550
50774.025767
49787.554333
48837.447195
47840.239084
46884.993003
45922.826036
44939.689968
44009.556083
43099.097885
42179.573877
41232.391222
40315.262154
39422.077467
38569.483866
37708.999360
36839.296251
36033.022574
35216.368976
34390.045468
33579.737009
32781.310346
31976.313416
31207.433598
30439.099105
29691.547061
28971.708671
28228.105514
27502.708257
26812.024195
26121.325679
25429.005520
24735.080413
24057.854698
23418.120423
22781.345967
22158.503468
21529.518487
20931.553391
20346.338636
19749.872905
19182.572000
18624.813399
18077.041623
17546.092242
17006.769825
16474.334866
15970.610467
15453.781424
14985.637177
14494.206587
14022.355785
13578.237827
13139.601538
12712.904319
12286.156076
11860.195690
11453.266858
11085.141701
10719.041593
10325.177970
9962.830551
9620.555852
9289.433954
8952.441390
8634.670503
8327.884812
8007.876972
7708.500540
7421.395857
7136.301180
6863.682704
6601.892631
6349.362970
6112.988522
5868.595367
5635.854516
5405.373224
5189.620779
4979.721288
4769.429312
4577.083690
4405.153393
4222.311559
4043.819307
3872.575228
3713.819499
3555.916967
3410.923387
3261.933082
3123.903434
2991.222912
2861.829065
2738.172731
2615.746840
2491.824810
2386.645402
2281.971871
2179.226198
2075.600860
1984.947409
1891.681195
1807.701230
1728.844402
1650.736177
1574.646256
1500.768669
1430.077575
1367.406474
1303.100134
1239.687202
1181.084652
1122.954314
1069.590763
1013.707351
965.136479
917.729992
872.503144
830.523285
787.140906
744.600260
703.665502
671.525055
639.785467
603.656829
575.446389
544.377657
517.136040
487.486998
463.513743
438.793420
415.786295
390.248358
367.853808
348.141099
331.120867
311.257413
292.693344
276.034635
257.691237
242.616904
227.675579
214.550344
201.194953
188.261538
179.217865
168.655079
156.031805
146.174731
138.091839
130.573974
123.354055
117.091832
108.999032
102.317227
95.883316
89.778572
84.462452
79.039855
73.722942
68.060775
64.455479
60.809101
56.330187
53.604419
50.254674
46.998341
43.121156
39.948995
37.000033
33.926064
32.225233
29.872157
27.064255
24.976951
22.847060
21.434771
20.634136
19.130991
17.761376
16.592567
15.445850
14.562983
13.584479
13.043401
11.814599
10.722128
9.963460
9.423646
8.538576
8.209697
7.767374
7.324351
6.618389
6.219960
5.586772
5.464242
5.235717
4.786789
4.451227
3.747579
3.548164
3.341529
2.915371
2.741884
2.614441
2.608076
2.384317
2.374158
2.065912
2.017789
1.642194
1.376613
1.232840
1.063796
0.964645
0.833027
0.835027
0.811390
0.841940
0.869787
0.643353
0.545681
0.423033
0.530334
0.441541
0.367347
0.350238
0.334269
0.297555
0.278472
0.245761
0.308141
0.287142
0.289467
0.293617
0.263501
0.225333
0.200499
0.171347
0.205084
0.171182
0.108226
0.098704
0.081208
0.058094
0.071696
0.061602
0.073936
0.028066
0.010000
0.012682
0.004853
0.006237
0.019344
0.011188
0.000494
0.000000
0.000000
0.000000
0.000000
0.000000
0.000000
0.000000
0.000000
0.000000
0.000000
0.000000
0.000000
0.000000
0.000000
0.000000
0.000000
0.000000
0.000000
0.000000
0.000000
0.000000
0.000000
0.000000
0.000000
0.000000
0.000000
0.000000
0.000000
0.000000
0.000000
0.000000
0.000000
0.000000
0.000000
0.000000
0.000000
0.000000
0.000000
0.000000
0.000000
0.000000
0.000000
0.000000
0.000000
0.000000
0.000000
0.000000
0.000000
0.000000
0.000000
0.000000
0.000000
0.000000
0.000000
0.000000
0.000000
0.000000
0.000000
0.000000
0.000000
0.000000
0.000000
0.000000
0.000000
0.000000
0.000000
0.000000
0.000000
0.000000
0.000000
0.000000
0.000000
0.000000
0.000000
0.000000
0.000000
0.000000
0.000000
0.000000
0.000000
0.000000
0.000000
0.000000
0.000000
0.000000
0.000000
0.000000
0.000000
0.000000
0.000000
0.000000
0.000000
0.000000
0.000000
0.000000
0.000000
0.000000
0.000000
0.000000
0.000000
0.000000
0.000000
0.000000
0.000000
0.000000
0.000000
0.000000
0.000000
0.000000
0.000000
0.000000
0.000000
0.000000
0.000000
0.000000
0.000000
0.000000
0.000000
0.000000
0.000000
0.000000
0.000000
0.000000
0.000000
0.000000
0.000000
0.000000
0.000000
0.000000
0.000000
0.000000
0.000000
0.000000
0.000000
0.000000
0.000000
0.000000
0.000000
0.000000
0.000000
0.000000
0.000000
0.000000
0.000000
0.000000
0.000000
0.000000
0.000000
0.000000
0.000000
0.000000
0.000000
0.000000
0.000000
0.000000
0.000000
0.000000
0.000000
0.000000
0.000000
0.000000
0.000000
0.000000
0.000000
0.000000
0.000000
0.000000
0.000000
0.000000
0.000000
0.000000
0.000000
0.000000
0.000000
0.000000
0.000000
0.000000
0.000000
0.000000
0.000000
0.000000
0.000000
0.000000
0.000000
0.000000
0.000000
0.000000
0.000000
0.000000
0.000000
0.000000
0.000000
0.000000
0.000000
0.000000
0.000000
0.000000
0.000000
0.000000
0.000000
0.000000
0.000000
0.000000
0.000000
0.000000
0.000000
0.000000
0.000000
0.000000
0.000000
0.000000
0.000000
0.000000
0.000000
0.000000
0.000000
0.000000
0.000000
0.000000
0.000000
0.000000
0.000000
0.000000
0.000000
0.000000
0.000000
0.000000
0.000000
0.000000
0.000000
0.000000
0.000000
0.000000
0.000000
0.000000
0.000000
0.000000
0.000000
0.000000
0.000000
0.000000
0.000000
0.000000
0.000000
0.000000
0.000000
0.000000
0.000000
0.000000
0.000000
0.000000
0.000000
0.000000
0.000000
0.000000
0.000000
0.000000
0.000000
0.000000
0.000000
0.000000
0.000000
0.000000
0.000000
0.000000
0.000000
0.000000
0.000000
0.000000
0.000000
0.000000
0.000000
0.000000
0.000000
0.000000
0.000000
0.000000
0.000000
0.000000
0.000000
0.000000
0.000000
0.000000
0.000000
0.000000
0.000000
0.000000
0.000000
0.000000
0.000000
0.000000
0.000000
0.000000
0.000000
0.000000
0.000000
0.000000
0.000000
0.000000
0.000000
0.000000
0.000000
0.000000
0.000000
0.000000
0.000000
0.000000
0.000000
0.000000
0.000000
0.000000
0.000000
0.000000
0.000000
0.000000
0.000000
0.000000
0.000000
0.000000
0.000000
0.000000
0.000000
0.000000
0.000000
0.000000
0.000000
0.000000
0.000000
0.000000
0.000000
0.000000
0.000000
0.000000
0.000000
0.000000
0.000000
0.000000
0.000000
0.000000
0.000000
0.000000
0.000000
0.000000
0.000000
0.000000
0.000000
0.000000
0.000000
0.000000
0.000000
0.000000
0.000000
0.000000
0.000000
0.000000
0.000000
0.000000
0.000000
0.000000
0.000000
0.000000
0.000000
0.000000
0.000000
0.000000
0.000000
0.000000
0.000000
0.000000
0.000000
0.000000
0.000000
0.000000
0.000000
0.000000
0.000000
0.000000
0.000000
0.000000
0.000000
0.000000
0.000000
0.000000
0.000000
0.000000
0.000000
0.000000
0.000000
0.000000
0.000000
0.000000
0.000000
0.000000
0.000000
0.000000
0.000000
0.000000
0.000000
0.000000
0.000000
0.000000
0.000000
0.000000
0.000000
0.000000
0.000000
0.000000
0.000000
0.000000
0.000000
0.000000
0.000000
0.000000
0.000000
0.000000
0.000000
0.000000
0.000000
0.000000
0.000000
0.000000
0.000000
0.000000
0.000000
0.000000
0.000000
0.000000
0.000000
0.000000
0.000000
0.000000
0.000000
0.000000
0.000000
0.000000
0.000000
0.000000
0.000000
0.000000
0.000000
0.000000
0.000000
0.000000
0.000000
0.000000
0.000000
0.000000
0.000000
0.000000
0.000000
0.000000
0.000000
0.000000
0.000000
0.000000
0.000000
0.000000
0.000000
0.000000
0.000000
0.000000
0.000000
0.000000
0.000000
0.000000
0.000000
0.000000
0.000000
0.000000
0.000000
0.000000
0.000000
0.000000
0.000000
0.000000
0.000000
0.000000
0.000000
0.000000
0.000000
0.000000
0.000000
0.000000
0.000000
0.000000
0.000000
0.000000
0.000000
0.000000
0.000000
0.000000
0.000000
0.000000
0.000000
0.000000
0.000000
0.000000
0.000000
0.000000
0.000000
0.000000
0.000000
0.000000
0.000000
0.000000
0.000000
0.000000
0.000000
0.000000
0.000000
0.000000
0.000000
0.000000
0.000000
0.000000
0.000000
0.000000
0.000000
0.000000
0.000000
0.000000
0.000000
0.000000
0.000000
0.000000
0.000000
0.000000
0.000000
0.000000
0.000000
0.000000
0.000000
0.000000
0.000000
0.000000
0.000000
0.000000
0.000000
0.000000
0.000000
0.000000
0.000000
0.000000
0.000000
0.000000
0.000000
0.000000
0.000000
0.000000
0.000000
0.000000
0.000000
0.000000
0.000000
0.000000
0.000000
0.000000
0.000000
0.000000
0.000000
0.000000
0.000000
0.000000
0.000000
0.000000
0.000000
0.000000
0.000000
0.000000
0.000000
0.000000
0.000000
0.000000
0.000000
0.000000
0.000000
0.000000
0.000000
0.000000
0.000000
0.000000
0.000000
0.000000
0.000000
0.000000
0.000000
0.000000
0.000000
0.000000
0.000000
0.000000
0.000000
0.000000
0.000000
0.000000
0.000000
0.000000
0.000000
0.000000
0.000000
0.000000
0.000000
0.000000
0.000000
0.000000
0.000000
0.000000
