0.000000
0.000000
0.000000
0.000000
0.000000
0.000000
0.000000
0.000000
0.000000
0.020241
0.076375
0.160555
0.424124
0.807236
1.974568
4.053769
9.603193
22.249963
42.363871
83.304466
151.381167
263.505164
448.840061
724.546053
1153.690977
1787.527084
2659.400573
3846.159851
5460.296955
7564.912177
10235.565407
13563.484319
17622.347171
22410.657387
28041.377891
34466.523209
41696.149593
49660.349637
58211.447325
67330.197649
76881.608981
86612.146441
96427.692495
106302.961782
116024.275230
125309.479631
134141.696680
142169.416973
149449.803559
155901.685191
161463.026832
166080.709796
169601.447262
172204.794439
173853.336733
174538.445487
174328.048544
173363.027573
171699.047918
169338.244476
166476.659855
163066.497139
159211.340752
154970.516023
150467.920136
145866.646570
141079.008088
136161.374848
131233.422812
126286.637868
121406.125708
116623.637442
112028.415679
107538.552078
103177.628693
98955.528108
94925.699340
91085.058643
87413.766969
83903.712593
80602.070091
77475.921601
74552.764314
71766.383895
69183.292998
66756.370422
64455.790341
62360.161076
60371.646907
58552.172997
56864.675501
55267.663467
53838.839017
52506.473324
51295.952745
50155.603719
49211.048491
48293.349077
47531.479434
46818.267448
46227.507767
45690.036956
45240.637580
44881.392436
44586.329908
44332.690253
44154.689208
44073.225312
44049.193934
44039.432348
44077.405557
44197.084389
44313.634721
44463.667773
44648.651548
44884.790092
45114.950609
45383.922000
45649.445002
45949.443983
46259.545605
46552.710702
46865.001405
47148.625282
47446.365094
47708.574108
47969.660749
48193.724876
48399.062349
48548.350364
48698.862340
48796.065848
48847.522343
48869.062733
48824.604860
48745.295803
48600.880077
48373.939873
48097.245580
47773.658188
47371.765867
46901.216205
46387.209629
45817.232207
45137.315864
44401.985132
43617.104209
42764.031051
41847.993044
40874.658056
39857.473695
38801.373090
37714.737563
36539.893292
35370.503670
34150.453533
32907.918501
31630.666388
30349.178191
29066.380721
27786.060245
26487.914660
25203.510778
23920.512172
22653.677645
21393.516140
20179.138082
18971.250311
17805.559380
16669.534943
15575.567246
14512.304564
13486.511973
12516.718062
11575.109573
10679.258817
9831.525654
9029.524734
8275.155833
7568.452157
6905.368142
6279.657549
5699.520639
5162.199866
4667.366709
4199.477854
3770.720021
3385.880926
3027.708199
2698.873632
2400.920779
2128.903883
1883.988143
1662.599136
1464.430256
1287.970567
1129.733600
986.207761
860.248772
748.920195
650.085760
563.672204
486.403555
418.618395
358.490475
308.411660
263.093851
226.073505
191.408008
162.923646
137.283549
115.971741
97.660978
81.320488
68.170273
56.542617
47.065604
38.881443
32.375533
26.880542
22.051584
18.128907
14.852954
12.190486
10.103631
8.267229
6.778440
5.255067
4.329711
3.416597
2.885986
2.174913
1.794549
1.341769
1.083465
0.867362
0.651598
0.546032
0.428989
0.356513
0.258767
0.226079
0.191524
0.140180
0.127597
0.102547
0.080154
0.065502
0.044193
0.033614
0.020305
0.016909
0.013296
0.005000
0.001903
0.000575
0.000000
0.000000
0.000000
0.000000
0.000000
0.000000
0.000000
0.000000
0.000000
0.000000
0.000000
0.000000
0.000000
0.000000
0.000000
0.000000
0.000000
0.000000
0.000000
0.000000
0.000000
0.000000
0.000000
0.000000
0.000000
0.000000
0.000000
0.000000
0.000000
0.000000
0.000000
0.000000
0.000000
0.000000
0.000000
0.000000
0.000000
0.000000
0.000000
0.000000
0.000000
0.000000
0.000000
0.000000
0.000000
0.000000
0.000000
0.000000
0.000000
0.000000
0.000000
0.000000
0.000000
0.000000
0.000000
0.000000
0.000000
0.000000
0.000000
0.000000
0.000000
0.000000
0.000000
0.000000
0.000000
0.000000
0.000000
0.000000
0.000000
0.000000
0.000000
0.000000
0.000000
0.000000
0.000000
0.000000
0.000000
0.000000
0.000000
0.000000
0.000000
0.000000
0.000000
0.000000
0.000000
0.000000
0.000000
0.000000
0.000000
0.000000
0.000000
0.000000
0.000000
0.000000
0.000000
0.000000
0.000000
0.000000
0.000000
0.000000
0.000000
0.000000
0.000000
0.000000
0.000000
0.000000
0.000000
0.000000
0.000000
0.000000
0.000000
0.000000
0.000000
0.000000
0.000000
0.000000
0.000000
0.000000
0.000000
0.000000
0.000000
0.000000
0.000000
0.000000
0.000000
0.000000
0.000000
0.000000
0.000000
0.000000
0.000000
0.000000
0.000000
0.000000
0.000000
0.000000
0.000000
0.000000
0.000000
0.000000
0.000000
0.000000
0.000000
0.000000
0.000000
0.000000
0.000000
0.000000
0.000000
0.000000
0.000000
0.000000
0.000000
0.000000
0.000000
0.000000
0.000000
0.000000
0.000000
0.000000
0.000000
0.000000
0.000000
0.000000
0.000000
0.000000
0.000000
0.000000
0.000000
0.000000
0.000000
0.000000
0.000000
0.000000
0.000000
0.000000
0.000000
0.000000
0.000000
0.000000
0.000000
0.000000
0.000000
0.000000
0.000000
0.000000
0.000000
0.000000
0.000000
0.000000
0.000000
0.000000
0.000000
0.000000
0.000000
0.000000
0.000000
0.000000
0.000000
0.000000
0.000000
0.000000
0.000000
0.000000
0.000000
0.000000
0.000000
0.000000
0.000000
0.000000
0.000000
0.000000
0.000000
0.000000
0.000000
0.000000
0.000000
0.000000
0.000000
0.000000
0.000000
0.000000
0.000000
0.000000
0.000000
0.000000
0.000000
0.000000
0.000000
0.000000
0.000000
0.000000
0.000000
0.000000
0.000000
0.000000
0.000000
0.000000
0.000000
0.000000
0.000000
0.000000
0.000000
0.000000
0.000000
