0.000000
0.000000
0.000000
0.000000
0.000000
0.000000
0.004892
0.019945
0.059241
0.154589
0.333010
0.633660
1.040229
1.814994
3.431108
5.676351
9.516243
15.214302
23.762333
36.005116
53.195877
78.748861
113.020128
160.171906
222.297955
307.378556
415.578435
553.325103
725.660902
934.473401
1196.492711
1520.473552
1904.991886
2356.753443
2890.857732
3520.320546
4251.994150
5086.342157
6026.043374
7091.985157
8287.150807
9622.241878
11114.405033
12751.992551
14529.600633
16471.903056
18573.118759
20819.739166
23214.921649
25778.856157
28490.535326
31341.891473
34349.663975
37459.415718
40721.833827
44079.077472
47550.638681
51104.159999
54757.333755
58486.951744
62252.528509
66054.685396
69881.351450
73739.353596
77579.666330
81410.198105
85202.170779
88933.556153
92612.152051
96234.241683
99754.186875
103171.757130
106492.575463
109662.040800
112750.933615
115683.917514
118440.747659
121049.317298
123521.757438
125825.461994
127953.106935
129908.817192
131685.909789
133311.160529
134713.981439
135944.494137
136986.682068
137850.507304
138516.729147
139017.318685
139325.719107
139483.408934
139428.190482
139225.290524
138837.303739
138317.313378
137667.108198
136855.584663
135869.586402
134775.009813
133534.645459
132172.642062
130716.296439
129143.502400
127474.783815
125729.445528
123886.056074
121914.424710
119914.222091
117838.071994
115716.117257
113508.981523
111260.895786
108972.494342
106659.096341
104290.018009
101920.819984
99525.242602
97075.854136
94628.549141
92185.235780
89738.703423
87299.120916
84871.750579
82435.113028
80057.450857
77664.621551
75300.717839
72945.749132
70624.194581
68335.992496
66095.932609
63877.857871
61696.592973
59556.738738
57460.460142
55385.781728
53375.266651
51403.634597
49459.393117
47578.579675
45735.553627
43952.777523
42193.113729
40485.402388
38835.056129
37209.996765
35643.960018
34130.569441
32652.214551
31229.612818
29843.431428
28504.276091
27217.320971
25986.046761
24770.910529
23617.936512
22500.949684
21429.919331
20392.528005
19402.709952
18446.974165
17534.281644
16655.549239
15815.966115
15008.380790
14229.694278
13483.358615
12780.408145
12108.207760
11465.679875
10849.341888
10257.027436
9693.223277
9160.128566
8646.068490
8162.244286
7696.982479
7250.163069
6833.940146
6441.103950
6062.936888
5703.767272
5365.219142
5041.761695
4735.515489
4445.237046
4175.658629
3921.416752
3677.148009
3449.298789
3233.099727
3027.031033
2834.392061
2652.835323
2482.797959
2321.051450
2168.826882
2028.680449
1896.716829
1770.344327
1650.546327
1537.776353
1431.860991
1333.381740
1241.498050
1153.331020
1072.317964
995.708230
924.779674
858.602511
795.821231
739.133053
686.034860
635.653316
589.234442
545.716548
503.554553
465.484238
430.010392
396.316532
366.314157
338.271646
312.041496
287.897789
265.216537
244.602769
225.322165
207.070945
190.887713
175.647883
161.769752
148.643325
137.243948
126.006757
115.860858
106.717895
98.283903
90.179654
82.673971
76.277326
69.846722
63.721763
58.437374
53.286700
49.087439
45.107421
41.466426
38.208017
34.866671
32.149241
29.497312
27.242482
25.255424
23.184540
21.312330
19.473636
17.817355
16.366819
14.978709
13.834388
12.636154
11.642430
10.720936
9.800555
8.981642
8.184120
7.422078
6.761284
6.122068
5.719707
5.169172
4.688519
4.331135
3.974121
3.665658
3.305311
2.995481
2.707514
2.450410
2.174394
2.022619
1.845562
1.667019
1.520875
1.270111
1.124808
1.022302
0.896832
0.803831
0.709689
0.631532
0.614492
0.564072
0.481279
0.463373
0.442453
0.413276
0.399529
0.363638
0.331897
0.320795
0.266147
0.257469
0.233557
0.226574
0.203622
0.196925
0.188278
0.178150
0.163314
0.139542
0.113736
0.101304
0.090980
0.086392
0.080138
0.074635
0.059562
0.050363
0.042367
0.038415
0.033146
0.028283
0.030401
0.024279
0.020557
0.011002
0.008573
0.004338
0.004253
0.002684
0.002202
0.001057
0.002823
0.003026
0.003433
0.003755
0.002390
0.002306
0.000895
0.001205
0.000872
0.001188
0.000000
0.000000
0.000000
0.000000
0.000000
0.000000
0.000000
0.000000
0.000000
0.000000
0.000000
0.000000
0.000000
0.000000
0.000000
0.000000
0.000000
0.000000
0.000000
0.000000
0.000000
0.000000
0.000000
0.000000
0.000000
0.000000
0.000000
0.000000
0.000000
0.000000
0.000000
0.000000
0.000000
0.000000
0.000000
0.000000
0.000000
0.000000
0.000000
0.000000
0.000000
0.000000
0.000000
0.000000
0.000000
0.000000
0.000000
0.000000
0.000000
0.000000
0.000000
0.000000
0.000000
0.000000
0.000000
0.000000
0.000000
0.000000
0.000000
0.000000
0.000000
0.000000
0.000000
0.000000
0.000000
0.000000
0.000000
0.000000
0.000000
0.000000
0.000000
0.000000
0.000000
0.000000
0.000000
0.000000
0.000000
0.000000
0.000000
0.000000
0.000000
0.000000
0.000000
0.000000
0.000000
0.000000
0.000000
0.000000
0.000000
0.000000
0.000000
0.000000
0.000000
0.000000
0.000000
0.000000
0.000000
0.000000
0.000000
0.000000
0.000000
0.000000
0.000000
0.000000
0.000000
0.000000
0.000000
0.000000
0.000000
0.000000
0.000000
0.000000
0.000000
0.000000
0.000000
0.000000
0.000000
0.000000
0.000000
0.000000
0.000000
0.000000
0.000000
0.000000
0.000000
0.000000
0.000000
0.000000
0.000000
0.000000
0.000000
0.000000
0.000000
0.000000
0.000000
0.000000
0.000000
0.000000
0.000000
0.000000
0.000000
0.000000
0.000000
0.000000
0.000000
0.000000
0.000000
0.000000
0.000000
0.000000
0.000000
0.000000
0.000000
0.000000
0.000000
0.000000
0.000000
0.000000
0.000000
0.000000
0.000000
0.000000
0.000000
0.000000
0.000000
0.000000
0.000000
0.000000
0.000000
0.000000
0.000000
0.000000
0.000000
0.000000
0.000000
0.000000
0.000000
0.000000
0.000000
0.000000
0.000000
0.000000
0.000000
0.000000
0.000000
0.000000
0.000000
0.000000
0.000000
0.000000
0.000000
0.000000
0.000000
0.000000
0.000000
0.000000
0.000000
0.000000
0.000000
0.000000
0.000000
0.000000
0.000000
0.000000
0.000000
0.000000
0.000000
0.000000
0.000000
0.000000
0.000000
0.000000
0.000000
0.000000
0.000000
0.000000
0.000000
0.000000
0.000000
0.000000
0.000000
0.000000
0.000000
0.000000
0.000000
0.000000
0.000000
0.000000
0.000000
0.000000
0.000000
0.000000
0.000000
0.000000
0.000000
0.000000
0.000000
0.000000
0.000000
0.000000
0.000000
0.000000
0.000000
0.000000
0.000000
0.000000
0.000000
0.000000
0.000000
0.000000
0.000000
0.000000
0.000000
0.000000
0.000000
0.000000
0.000000
0.000000
0.000000
0.000000
0.000000
0.000000
0.000000
0.000000
0.000000
0.000000
0.000000
0.000000
0.000000
0.000000
0.000000
0.000000
0.000000
0.000000
0.000000
0.000000
0.000000
0.000000
0.000000
0.000000
0.000000
0.000000
0.000000
0.000000
0.000000
0.000000
0.000000
0.000000
0.000000
0.000000
0.000000
0.000000
0.000000
0.000000
0.000000
0.000000
0.000000
0.000000
0.000000
0.000000
0.000000
0.000000
0.000000
0.000000
0.000000
0.000000
0.000000
0.000000
0.000000
0.000000
0.000000
0.000000
0.000000
0.000000
0.000000
0.000000
0.000000
0.000000
0.000000
0.000000
0.000000
0.000000
0.000000
0.000000
0.000000
0.000000
0.000000
0.000000
0.000000
0.000000
0.000000
0.000000
0.000000
0.000000
0.000000
0.000000
0.000000
0.000000
0.000000
0.000000
0.000000
0.000000
0.000000
0.000000
0.000000
0.000000
0.000000
0.000000
0.000000
0.000000
0.000000
0.000000
0.000000
0.000000
0.000000
0.000000
0.000000
0.000000
0.000000
0.000000
0.000000
0.000000
0.000000
0.000000
0.000000
0.000000
0.000000
0.000000
0.000000
0.000000
0.000000
0.000000
0.000000
0.000000
0.000000
0.000000
0.000000
0.000000
0.000000
0.000000
0.000000
0.000000
0.000000
0.000000
0.000000
0.000000
0.000000
0.000000
0.000000
0.000000
0.000000
0.000000
0.000000
0.000000
0.000000
0.000000
0.000000
0.000000
0.000000
0.000000
0.000000
0.000000
0.000000
0.000000
0.000000
0.000000
0.000000
0.000000
0.000000
0.000000
0.000000
0.000000
0.000000
0.000000
0.000000
0.000000
0.000000
0.000000
0.000000
0.000000
0.000000
0.000000
0.000000
0.000000
0.000000
0.000000
0.000000
0.000000
0.000000
0.000000
0.000000
0.000000
0.000000
0.000000
0.000000
0.000000
0.000000
0.000000
0.000000
0.000000
0.000000
0.000000
0.000000
0.000000
0.000000
0.000000
0.000000
0.000000
0.000000
0.000000
0.000000
0.000000
0.000000
0.000000
0.000000
0.000000
0.000000
0.000000
0.000000
0.000000
0.000000
0.000000
0.000000
0.000000
0.000000
0.000000
0.000000
0.000000
0.000000
0.000000
0.000000
0.000000
0.000000
0.000000
0.000000
0.000000
0.000000
0.000000
0.000000
0.000000
0.000000
0.000000
0.000000
0.000000
0.000000
0.000000
0.000000
0.000000
0.000000
0.000000
0.000000
0.000000
0.000000
0.000000
0.000000
0.000000
0.000000
0.000000
0.000000
0.000000
0.000000
0.000000
0.000000
0.000000
0.000000
0.000000
0.000000
0.000000
0.000000
0.000000
0.000000
0.000000
0.000000
0.000000
0.000000
0.000000
0.000000
0.000000
0.000000
0.000000
0.000000
0.000000
0.000000
0.000000
0.000000
0.000000
0.000000
0.000000
0.000000
0.000000
0.000000
0.000000
0.000000
0.000000
0.000000
0.000000
0.000000
0.000000
0.000000
0.000000
0.000000
0.000000
0.000000
0.000000
0.000000
0.000000
0.000000
0.000000
0.000000
0.000000
0.000000
0.000000
0.000000
0.000000
0.000000
0.000000
0.000000
0.000000
0.000000
0.000000
0.000000
0.000000
0.000000
0.000000
0.000000
0.000000
0.000000
0.000000
0.000000
0.000000
0.000000
0.000000
0.000000
0.000000
0.000000
0.000000
0.000000
0.000000
0.000000
0.000000
0.000000
0.000000
0.000000
0.000000
0.000000
0.000000
0.000000
0.000000
0.000000
0.000000
0.000000
0.000000
0.000000
0.000000
0.000000
0.000000
0.000000
0.000000
0.000000
0.000000
0.000000
0.000000
0.000000
0.000000
0.000000
0.000000
0.000000
0.000000
0.000000
0.000000
0.000000
0.000000
0.000000
0.000000
0.000000
0.000000
0.000000
0.000000
0.000000
0.000000
0.000000
0.000000
0.000000
0.000000
0.000000
0.000000
0.000000
0.000000
0.000000
0.000000
0.000000
0.000000
0.000000
0.000000
0.000000
0.000000
0.000000
0.000000
0.000000
0.000000
0.000000
0.000000
0.000000
0.000000
0.000000
0.000000
0.000000
0.000000
0.000000
0.000000
0.000000
0.000000
0.000000
0.000000
0.000000
0.000000
0.000000
