0.000000
0.000000
0.000000
0.000000
0.000000
0.000000
0.000000
0.000000
0.000000
0.000000
0.000000
0.000000
0.000000
0.000000
0.000000
0.000000
0.000000
0.000000
0.000000
0.000000
0.000000
0.000000
0.000000
0.000000
0.000000
0.071121
0.200969
0.437483
0.792969
1.559820
2.176251
3.681519
6.793884
10.062256
16.441983
26.507186
42.084873
63.040294
96.356368
139.711052
204.377608
293.185306
418.495381
589.295515
817.406771
1095.161241
1451.034078
1901.015371
2459.703773
3156.804212
4007.643030
5029.516244
6245.619271
7671.126629
9337.922346
11248.402532
13451.382545
15938.520465
18712.535021
21805.252149
25230.945408
28972.736162
33059.351334
37422.978253
42176.561964
47119.179556
52345.286843
57876.438769
63638.691382
69571.210924
75636.480950
81875.439556
88247.452219
94622.518572
101061.860338
107482.331680
113883.073830
120131.284236
126284.616833
132247.371411
138028.687105
143511.785962
148739.097089
153678.548015
158329.270352
162635.308122
166546.847584
170130.231201
173311.097346
176156.165298
178620.469190
180676.133904
182348.450276
183606.461179
184431.353206
184867.820314
184957.396303
184660.754875
183987.040736
182947.985129
181600.206988
179868.270865
177831.641297
175600.300373
173009.781016
170251.773592
167231.496958
163951.668454
160457.517241
156816.839589
153064.835904
149092.613616
145036.592606
140926.598847
136631.050873
132306.456950
127936.076167
123556.172479
119129.400640
114671.896981
110249.767863
105818.618046
101481.564727
97141.270314
92926.191559
88639.548666
84497.442709
80424.591986
76432.471128
72595.878500
68826.069184
65157.740912
61551.291742
58122.253254
54760.186557
51582.229672
48490.065471
45499.054143
42637.351860
39885.839065
37241.525398
34784.282084
32420.810101
30139.221727
27966.495213
25929.691245
23995.781001
22164.633276
20468.956650
18851.927620
17307.850293
15866.948433
14528.539656
13307.433215
12170.254446
11108.987996
10120.865461
9215.091066
8362.424594
7578.612917
6858.706689
6200.000930
5582.428717
5025.984449
4514.434067
4055.478912
3636.746759
3254.068521
2894.816349
2572.124930
2294.318728
2046.025377
1816.323160
1612.245059
1424.199362
1254.014279
1099.642419
962.769063
847.058348
740.247870
645.115041
565.763523
494.218407
432.172537
374.023888
323.957985
279.411664
242.022900
210.512900
181.385512
156.063887
134.562047
114.779821
97.037672
82.887479
70.008362
59.827430
50.726628
42.831432
36.372183
30.893563
26.727529
22.061386
18.760855
15.702233
13.299446
11.136200
9.412124
7.847106
6.361397
5.622659
4.478091
3.731731
3.202833
2.658139
2.136253
1.788774
1.504411
1.226773
0.938238
0.756978
0.589308
0.406391
0.335476
0.267277
0.182532
0.136556
0.098139
0.068196
0.043531
0.052077
0.048475
0.039979
0.039280
0.033986
0.033713
0.022193
0.025236
0.008611
0.006889
0.006995
0.008733
0.002590
0.000000
0.000000
0.000000
0.000000
0.000000
0.000000
0.000000
0.000000
0.000000
0.000000
0.000000
0.000000
0.000000
0.000000
0.000000
0.000000
0.000000
0.000000
0.000000
0.000000
0.000000
0.000000
0.000000
0.000000
0.000000
0.000000
0.000000
0.000000
0.000000
0.000000
0.000000
0.000000
0.000000
0.000000
0.000000
0.000000
0.000000
0.000000
0.000000
0.000000
0.000000
0.000000
0.000000
0.000000
0.000000
0.000000
0.000000
0.000000
0.000000
0.000000
0.000000
0.000000
0.000000
0.000000
0.000000
0.000000
0.000000
0.000000
0.000000
0.000000
0.000000
0.000000
0.000000
0.000000
0.000000
0.000000
0.000000
0.000000
0.000000
0.000000
0.000000
0.000000
0.000000
0.000000
0.000000
0.000000
0.000000
0.000000
0.000000
0.000000
0.000000
0.000000
0.000000
0.000000
0.000000
0.000000
0.000000
0.000000
0.000000
0.000000
0.000000
0.000000
0.000000
0.000000
0.000000
0.000000
0.000000
0.000000
0.000000
0.000000
0.000000
0.000000
0.000000
0.000000
0.000000
0.000000
0.000000
0.000000
0.000000
0.000000
0.000000
0.000000
0.000000
0.000000
0.000000
0.000000
0.000000
0.000000
0.000000
0.000000
0.000000
0.000000
0.000000
0.000000
0.000000
0.000000
0.000000
0.000000
0.000000
0.000000
0.000000
0.000000
0.000000
0.000000
0.000000
0.000000
0.000000
0.000000
0.000000
0.000000
0.000000
0.000000
0.000000
0.000000
0.000000
0.000000
0.000000
0.000000
0.000000
0.000000
0.000000
0.000000
0.000000
0.000000
0.000000
0.000000
0.000000
0.000000
0.000000
0.000000
0.000000
0.000000
0.000000
0.000000
0.000000
0.000000
0.000000
0.000000
0.000000
0.000000
0.000000
0.000000
0.000000
0.000000
0.000000
0.000000
0.000000
0.000000
0.000000
0.000000
0.000000
0.000000
0.000000
0.000000
0.000000
0.000000
0.000000
0.000000
0.000000
0.000000
0.000000
0.000000
0.000000
0.000000
0.000000
0.000000
0.000000
0.000000
0.000000
0.000000
0.000000
0.000000
0.000000
0.000000
0.000000
0.000000
0.000000
0.000000
0.000000
0.000000
0.000000
0.000000
0.000000
0.000000
0.000000
0.000000
0.000000
0.000000
0.000000
0.000000
0.000000
0.000000
0.000000
0.000000
0.000000
0.000000
0.000000
0.000000
0.000000
0.000000
0.000000
0.000000
0.000000
0.000000
0.000000
0.000000
0.000000
0.000000
0.000000
0.000000
0.000000
0.000000
0.000000
0.000000
0.000000
0.000000
0.000000
0.000000
0.000000
0.000000
0.000000
0.000000
0.000000
0.000000
0.000000
0.000000
0.000000
0.000000
