0.000000
0.000000
0.000000
0.000000
0.000000
0.000000
0.000000
0.000000
0.000000
0.000000
0.000000
0.000000
0.000000
0.005262
1.105739
2.313251
3.036423
6.507974
13.775421
26.966446
50.012211
84.508976
123.455935
165.050958
235.985471
308.625906
439.769078
594.907188
800.593191
1058.453600
1413.095866
1813.299386
2306.147676
2879.801409
3614.335871
4417.624973
5440.836050
6598.503933
7850.346827
9266.845529
10753.190051
12549.564654
14397.309652
16422.804690
18547.968655
20800.649718
23362.001803
25936.423042
28485.644802
31423.438076
34466.778559
37503.907486
40604.832403
43920.398017
47272.526830
50667.534056
54229.526970
57644.132144
61217.361176
64842.796933
68173.266377
71776.589149
75086.121620
78575.046553
81529.571110
84783.392424
87678.563140
90595.150650
93631.797826
96312.901850
98922.268234
101298.377091
103128.751603
105510.833011
107613.343926
109779.053510
111361.336455
112610.623924
114118.627987
115802.337768
117345.892836
118614.321393
119443.624222
120150.340389
120772.119036
121408.729163
121759.286316
121916.413673
122078.930828
122011.418133
122004.718505
121769.330655
121363.175858
120932.293989
120629.413347
120084.948993
119341.429246
118482.978561
117785.210647
116711.940431
115484.705963
114373.149598
113135.010799
111876.903676
110438.704855
108906.746634
107580.811073
106180.657744
104637.937035
103086.203708
101581.821493
100023.191934
98527.592391
96772.398295
94939.055309
93514.722448
92147.310378
90409.037489
88645.160218
86717.992565
84833.730119
83122.528514
81230.326333
79659.714272
77953.856354
76196.005790
74490.544638
72847.058442
71198.946825
69511.567575
67984.293946
66200.002835
64564.410385
63001.148373
61418.020602
59779.776673
58287.069350
56727.473993
55380.238202
53775.912250
52098.882636
50766.261169
49410.130157
48156.658409
46842.356743
45430.771105
44083.866001
42680.002790
41450.048845
40202.025330
38912.935924
37703.705823
36564.469334
35387.043993
34220.338042
33077.826469
31932.802322
30835.996561
29785.839797
28678.869838
27709.045331
26780.752686
25910.373269
25027.322384
24235.797557
23470.860909
22733.129690
21984.327487
21230.715470
20540.011056
19815.603345
18991.540616
18258.371883
17624.226742
16981.007765
16402.829723
15805.186425
15237.631577
14670.307726
14122.441455
13621.571974
13160.268462
12661.654622
12182.404287
11738.137235
11355.497605
10947.494892
10556.727114
10121.310633
9753.125662
9341.991276
8911.014739
8507.698003
8159.585872
7824.461541
7456.062871
7142.505919
6833.830458
6519.637087
6270.350834
6001.163570
5752.417205
5513.873236
5277.940349
5021.453860
4806.788843
4626.273618
4417.390313
4205.012601
4037.801286
3851.062808
3659.418393
3469.232755
3303.943651
3144.763561
2992.460496
2850.311544
2735.270028
2589.224954
2467.985301
2341.819641
2255.978002
2170.683683
2039.747019
1938.802038
1846.714823
1756.793729
1657.670852
1573.191087
1498.716906
1434.493090
1354.115060
1291.062366
1212.096760
1164.398764
1103.873014
1035.069706
966.564502
931.714141
886.449323
824.168012
785.374112
740.686320
705.765467
679.134522
642.729207
594.454875
564.954013
537.504251
505.742988
474.863528
451.878898
428.780039
406.272038
388.353372
366.826477
349.863186
337.720239
319.005252
303.117328
284.455157
263.761265
252.759196
244.473055
229.483441
217.833539
204.707203
195.577545
178.744807
168.263160
161.577353
154.366579
144.976777
142.535248
132.219350
130.167146
119.130861
109.179753
104.832724
97.277770
90.804823
84.650644
82.267506
78.980051
71.176853
66.772146
64.896434
63.380674
59.767257
56.754819
54.245536
50.898686
46.545947
42.618197
36.980222
32.187545
31.447074
29.628578
29.579002
25.933713
24.124604
22.880945
19.478137
16.752692
14.930321
14.470216
13.089325
11.714125
12.410940
13.191760
13.130517
12.770936
11.064018
8.981742
7.424101
8.032107
6.603364
7.154289
7.070371
6.149601
5.255407
4.451580
4.834139
4.246990
3.562121
3.724986
2.940054
3.544584
2.848364
3.025909
2.775080
2.325379
2.161840
2.785644
3.242427
3.014015
3.562496
3.396449
3.503123
3.602305
2.985887
2.964780
2.877514
3.140628
3.152557
2.960996
2.384863
1.646451
1.688603
1.340625
1.403106
1.090880
0.741983
0.713287
0.645932
0.544395
0.396943
0.544889
0.570540
0.689362
0.576449
0.418805
0.204611
0.184911
0.176152
0.099477
0.176402
0.080841
0.041575
0.000000
0.000000
0.000000
0.000000
0.000000
0.000000
0.000000
0.000000
0.000000
0.000000
0.000000
0.000000
0.000000
0.000000
0.000000
0.000000
0.000000
0.000000
0.000000
0.000000
0.000000
0.000000
0.000000
0.000000
0.000000
0.000000
0.000000
0.000000
0.000000
0.000000
0.000000
0.000000
0.000000
0.000000
0.000000
0.000000
0.000000
0.000000
0.000000
0.000000
0.000000
0.000000
0.000000
0.000000
0.000000
0.000000
0.000000
0.000000
0.000000
0.000000
0.000000
0.000000
0.000000
0.000000
0.000000
0.000000
0.000000
0.000000
0.000000
0.000000
0.000000
0.000000
0.000000
0.000000
0.000000
0.000000
0.000000
0.000000
0.000000
0.000000
0.000000
0.000000
0.000000
0.000000
0.000000
0.000000
0.000000
0.000000
0.000000
0.000000
0.000000
0.000000
0.000000
0.000000
0.000000
0.000000
0.000000
0.000000
0.000000
0.000000
0.000000
0.000000
0.000000
0.000000
0.000000
0.000000
0.000000
0.000000
0.000000
0.000000
0.000000
0.000000
0.000000
0.000000
0.000000
0.000000
0.000000
0.000000
0.000000
0.000000
0.000000
0.000000
0.000000
0.000000
0.000000
0.000000
0.000000
0.000000
0.000000
0.000000
0.000000
0.000000
0.000000
0.000000
0.000000
0.000000
0.000000
0.000000
0.000000
0.000000
0.000000
0.000000
0.000000
0.000000
0.000000
0.000000
0.000000
0.000000
0.000000
0.000000
0.000000
0.000000
0.000000
0.000000
0.000000
0.000000
0.000000
0.000000
0.000000
0.000000
0.000000
0.000000
0.000000
0.000000
0.000000
0.000000
0.000000
0.000000
0.000000
0.000000
0.000000
0.000000
0.000000
0.000000
0.000000
0.000000
0.000000
0.000000
0.000000
0.000000
0.000000
0.000000
0.000000
0.000000
0.000000
0.000000
0.000000
0.000000
0.000000
0.000000
0.000000
0.000000
0.000000
0.000000
0.000000
0.000000
0.000000
0.000000
0.000000
0.000000
0.000000
0.000000
0.000000
0.000000
0.000000
0.000000
0.000000
0.000000
0.000000
0.000000
0.000000
0.000000
0.000000
0.000000
0.000000
0.000000
0.000000
0.000000
0.000000
0.000000
0.000000
0.000000
0.000000
0.000000
0.000000
0.000000
0.000000
0.000000
0.000000
0.000000
0.000000
0.000000
0.000000
0.000000
0.000000
0.000000
0.000000
0.000000
0.000000
0.000000
0.000000
0.000000
0.000000
0.000000
0.000000
0.000000
0.000000
0.000000
0.000000
0.000000
0.000000
0.000000
0.000000
0.000000
0.000000
0.000000
0.000000
0.000000
0.000000
0.000000
0.000000
0.000000
0.000000
0.000000
0.000000
0.000000
0.000000
0.000000
0.000000
0.000000
0.000000
0.000000
0.000000
0.000000
0.000000
0.000000
0.000000
0.000000
0.000000
0.000000
0.000000
0.000000
0.000000
0.000000
0.000000
0.000000
0.000000
0.000000
0.000000
0.000000
0.000000
0.000000
0.000000
0.000000
0.000000
0.000000
0.000000
0.000000
0.000000
0.000000
0.000000
0.000000
0.000000
0.000000
0.000000
0.000000
0.000000
0.000000
0.000000
0.000000
0.000000
0.000000
0.000000
0.000000
0.000000
0.000000
0.000000
0.000000
0.000000
0.000000
0.000000
0.000000
0.000000
0.000000
0.000000
0.000000
0.000000
0.000000
0.000000
0.000000
0.000000
0.000000
0.000000
0.000000
0.000000
0.000000
0.000000
0.000000
0.000000
0.000000
0.000000
0.000000
0.000000
0.000000
0.000000
0.000000
0.000000
0.000000
0.000000
0.000000
0.000000
0.000000
0.000000
0.000000
0.000000
0.000000
0.000000
0.000000
0.000000
0.000000
0.000000
0.000000
0.000000
0.000000
0.000000
0.000000
0.000000
0.000000
0.000000
0.000000
0.000000
0.000000
0.000000
0.000000
0.000000
0.000000
0.000000
0.000000
0.000000
0.000000
0.000000
0.000000
0.000000
0.000000
0.000000
0.000000
0.000000
0.000000
0.000000
0.000000
0.000000
0.000000
0.000000
0.000000
0.000000
0.000000
0.000000
0.000000
0.000000
0.000000
0.000000
0.000000
0.000000
0.000000
0.000000
0.000000
0.000000
0.000000
0.000000
0.000000
0.000000
0.000000
0.000000
0.000000
0.000000
0.000000
0.000000
0.000000
0.000000
0.000000
0.000000
0.000000
0.000000
0.000000
0.000000
0.000000
0.000000
0.000000
0.000000
0.000000
0.000000
0.000000
0.000000
0.000000
0.000000
0.000000
0.000000
0.000000
0.000000
0.000000
0.000000
0.000000
0.000000
0.000000
0.000000
0.000000
0.000000
0.000000
0.000000
0.000000
0.000000
0.000000
0.000000
0.000000
0.000000
0.000000
0.000000
0.000000
0.000000
0.000000
0.000000
0.000000
0.000000
0.000000
0.000000
0.000000
0.000000
0.000000
0.000000
0.000000
0.000000
0.000000
0.000000
0.000000
0.000000
0.000000
0.000000
0.000000
0.000000
0.000000
0.000000
0.000000
0.000000
0.000000
0.000000
0.000000
0.000000
0.000000
0.000000
0.000000
0.000000
0.000000
0.000000
0.000000
0.000000
0.000000
0.000000
0.000000
0.000000
0.000000
0.000000
0.000000
0.000000
0.000000
0.000000
0.000000
0.000000
0.000000
0.000000
0.000000
0.000000
0.000000
0.000000
0.000000
0.000000
0.000000
0.000000
0.000000
0.000000
0.000000
0.000000
0.000000
0.000000
0.000000
0.000000
0.000000
0.000000
0.000000
0.000000
0.000000
0.000000
0.000000
0.000000
0.000000
0.000000
0.000000
0.000000
0.000000
0.000000
0.000000
0.000000
0.000000
0.000000
0.000000
0.000000
0.000000
0.000000
0.000000
0.000000
0.000000
0.000000
0.000000
0.000000
0.000000
0.000000
0.000000
0.000000
0.000000
0.000000
0.000000
0.000000
0.000000
0.000000
0.000000
0.000000
0.000000
0.000000
0.000000
0.000000
0.000000
0.000000
0.000000
0.000000
0.000000
0.000000
0.000000
0.000000
0.000000
0.000000
0.000000
0.000000
0.000000
0.000000
0.000000
0.000000
0.000000
0.000000
0.000000
0.000000
0.000000
0.000000
0.000000
0.000000
0.000000
0.000000
0.000000
0.000000
0.000000
0.000000
0.000000
0.000000
0.000000
0.000000
0.000000
0.000000
0.000000
0.000000
0.000000
0.000000
0.000000
0.000000
0.000000
0.000000
0.000000
0.000000
0.000000
0.000000
0.000000
0.000000
0.000000
0.000000
0.000000
0.000000
0.000000
0.000000
0.000000
0.000000
0.000000
0.000000
0.000000
0.000000
0.000000
0.000000
0.000000
0.000000
0.000000
0.000000
0.000000
0.000000
0.000000
0.000000
0.000000
