0.000000
0.000000
0.000000
0.000000
0.000000
0.000000
0.000000
0.000000
0.000000
0.004207
0.028768
0.097053
0.024690
0.074378
0.133540
0.376521
0.616738
0.977078
2.429450
4.261932
8.180475
15.384673
30.440306
54.713729
101.073659
169.451363
275.588758
430.932724
653.082919
973.798135
1419.082900
2026.135988
2825.589060
3837.358814
5137.588353
6747.146486
8709.408448
11043.408851
13826.919026
17018.289164
20667.751138
24736.084619
29310.204776
34256.170120
39602.576518
45339.874986
51294.411793
57506.159039
63847.095046
70214.166577
76716.364390
83093.752408
89312.552833
95400.801996
101161.927042
106638.801785
111728.394041
116315.398698
120523.567857
124191.470637
127417.482635
130176.760582
132447.479120
134208.015987
135592.070245
136506.831978
137033.811700
137173.027051
136906.888391
136402.473077
135532.883324
134359.136924
132976.232176
131458.753203
129755.020899
127859.406858
125816.356606
123773.061368
121591.507487
119447.656018
117258.951200
115082.250463
112896.489383
110757.943464
108634.054631
106608.676073
104591.095472
102614.879529
100734.726131
98933.303107
97175.573702
95514.043463
93961.556477
92418.326186
90994.702394
89621.457820
88331.477861
87090.421178
85973.229101
84867.424648
83853.106542
82875.634873
81976.623296
81137.209599
80339.470090
79626.915921
78929.672254
78264.255478
77657.436925
77074.094884
76534.183045
76033.446526
75526.256191
75072.295848
74597.945009
74156.946310
73698.958912
73227.655927
72765.138212
72275.707671
71788.104239
71266.063868
70707.046277
70151.177542
69512.455932
68894.294487
68176.921203
67407.326569
66649.785243
65787.454818
64867.294291
63902.412768
62892.789192
61832.530250
60696.449287
59515.691328
58279.948080
56982.032074
55656.038865
54283.075457
52851.628193
51365.348522
49879.538204
48336.061842
46760.662886
45159.509731
43562.123526
41924.205334
40298.581356
38638.010464
36986.716777
35358.208950
33720.386057
32109.607519
30505.402471
28937.967658
27379.601826
25856.849780
24367.989383
22909.748796
21503.631511
20141.322400
18823.401507
17548.199749
16332.228313
15156.272154
14041.295070
12988.108742
11981.493399
11019.528429
10118.895599
9273.222444
8483.111084
7728.968847
7038.872822
6393.093374
5784.285328
5228.291543
4713.484680
4240.770146
3802.848219
3407.829289
3040.868925
2707.804726
2406.796571
2133.389621
1888.045317
1669.053384
1466.522149
1289.564197
1130.051506
988.126958
863.873828
752.280320
651.337760
564.172081
487.202985
421.274329
361.302429
310.237302
265.306766
225.742168
192.775015
162.374065
138.427446
115.941295
98.111712
81.849115
68.315833
56.906043
47.699546
39.562171
32.829554
26.834303
22.208333
18.352021
15.432076
12.301980
10.227879
8.413528
6.888483
5.592335
4.326041
3.507896
2.838732
2.240892
1.831618
1.509437
1.193603
0.897270
0.680539
0.556593
0.393119
0.328886
0.232968
0.185526
0.131643
0.104770
0.086677
0.066457
0.050889
0.035975
0.027063
0.014260
0.016678
0.004803
0.006276
0.003297
0.003030
0.004294
0.003428
0.001037
0.005444
0.000275
0.001550
0.001195
0.001076
0.000000
0.000000
0.000000
0.000000
0.000000
0.000000
0.000000
0.000000
0.000000
0.000000
0.000000
0.000000
0.000000
0.000000
0.000000
0.000000
0.000000
0.000000
0.000000
0.000000
0.000000
0.000000
0.000000
0.000000
0.000000
0.000000
0.000000
0.000000
0.000000
0.000000
0.000000
0.000000
0.000000
0.000000
0.000000
0.000000
0.000000
0.000000
0.000000
0.000000
0.000000
0.000000
0.000000
0.000000
0.000000
0.000000
0.000000
0.000000
0.000000
0.000000
0.000000
0.000000
0.000000
0.000000
0.000000
0.000000
0.000000
0.000000
0.000000
0.000000
0.000000
0.000000
0.000000
0.000000
0.000000
0.000000
0.000000
0.000000
0.000000
0.000000
0.000000
0.000000
0.000000
0.000000
0.000000
0.000000
0.000000
0.000000
0.000000
0.000000
0.000000
0.000000
0.000000
0.000000
0.000000
0.000000
0.000000
0.000000
0.000000
0.000000
0.000000
0.000000
0.000000
0.000000
0.000000
0.000000
0.000000
0.000000
0.000000
0.000000
0.000000
0.000000
0.000000
0.000000
0.000000
0.000000
0.000000
0.000000
0.000000
0.000000
0.000000
0.000000
0.000000
0.000000
0.000000
0.000000
0.000000
0.000000
0.000000
0.000000
0.000000
0.000000
0.000000
0.000000
0.000000
0.000000
0.000000
0.000000
0.000000
0.000000
0.000000
0.000000
0.000000
0.000000
0.000000
0.000000
0.000000
0.000000
0.000000
0.000000
0.000000
0.000000
0.000000
0.000000
0.000000
0.000000
0.000000
0.000000
0.000000
0.000000
0.000000
0.000000
0.000000
0.000000
0.000000
0.000000
0.000000
0.000000
0.000000
0.000000
0.000000
0.000000
0.000000
0.000000
0.000000
0.000000
0.000000
0.000000
0.000000
0.000000
0.000000
0.000000
0.000000
0.000000
0.000000
0.000000
0.000000
0.000000
0.000000
0.000000
0.000000
0.000000
0.000000
0.000000
0.000000
0.000000
0.000000
0.000000
0.000000
0.000000
0.000000
0.000000
0.000000
0.000000
0.000000
0.000000
0.000000
0.000000
0.000000
0.000000
0.000000
0.000000
0.000000
0.000000
0.000000
0.000000
0.000000
0.000000
0.000000
0.000000
0.000000
0.000000
0.000000
0.000000
0.000000
0.000000
0.000000
0.000000
0.000000
0.000000
0.000000
0.000000
0.000000
0.000000
0.000000
0.000000
0.000000
0.000000
0.000000
0.000000
0.000000
0.000000
0.000000
0.000000
0.000000
0.000000
0.000000
0.000000
0.000000
0.000000
0.000000
0.000000
0.000000
0.000000
