0.000000
0.000000
0.000000
0.000000
0.000000
0.000000
0.000000
0.000000
0.000000
0.000000
0.000000
0.000000
0.000000
0.000000
0.000000
0.000000
0.000000
0.000000
0.000000
0.000000
0.000000
0.000000
0.000000
0.009122
0.095622
0.347636
0.300080
0.772177
2.294956
4.274315
7.777941
11.923835
18.676779
29.540896
47.078277
73.531731
113.313479
165.444442
241.949767
336.841104
473.346848
650.953276
888.339759
1208.779040
1601.053862
2102.085717
2711.165331
3458.643283
4359.179782
5459.385677
6775.187347
8298.622205
10052.858573
12054.291346
14308.616449
16869.618882
19676.107144
22800.462075
26233.630808
29944.243134
33947.564643
38237.876157
42790.867753
47570.068618
52562.499179
57803.057167
63129.873767
68633.320127
74259.757946
79944.816142
85672.761301
91375.797501
97091.416952
102645.748698
108208.131432
113645.413475
118872.482719
123976.273298
128854.688910
133467.629287
137851.120880
142071.984866
145912.368296
149487.908727
152753.005926
155848.499891
158547.357921
160926.828138
163078.655229
164872.552395
166320.450053
167498.677981
168330.843493
168870.194992
169110.002930
169079.649540
168871.271951
168317.013228
167543.960340
166377.229973
164986.858920
163524.519814
161964.505225
159995.895969
157839.663565
155578.304469
153083.536154
150512.454925
147794.900728
144972.737883
141928.669365
138855.794222
135729.626771
132449.474761
129108.606207
125691.572739
122225.826990
118762.947349
115202.454781
111580.546451
108063.261920
104459.109077
100841.981609
97226.820162
93651.455118
90036.060000
86525.546553
83015.472199
79571.388067
76205.137875
72858.743035
69541.648333
66349.606481
63170.860989
60119.816148
57121.412316
54205.743735
51315.240806
48556.603885
45867.935489
43260.383070
40775.439199
38360.710813
36021.383737
33794.474036
31632.107908
29601.652951
27647.771309
25788.437525
24009.522956
22333.443303
20764.448591
19261.542439
17839.650257
16475.661899
15222.917134
14028.071332
12925.328851
11895.345062
10901.689084
9980.264311
9119.325171
8324.613409
7592.342754
6909.405917
6270.486205
5698.880821
5151.458922
4649.866204
4198.154304
3780.594345
3402.213447
3050.285526
2735.489125
2447.293314
2185.816258
1948.162275
1728.161096
1533.349770
1356.997013
1205.422612
1071.837627
943.879418
830.939137
731.838487
642.690627
561.488090
490.928511
426.979855
372.623381
323.923382
283.415665
244.691811
210.883200
179.941282
154.750930
133.324232
114.103314
97.678041
84.362690
71.626636
60.884463
51.354725
43.614736
37.282943
31.126304
26.604730
22.326207
19.159331
16.345012
13.509003
11.272458
9.302430
7.873729
6.618379
5.505506
4.640625
3.641408
3.150370
2.460029
2.073737
1.726858
1.375089
1.096893
0.775682
0.664427
0.504699
0.347367
0.276309
0.207486
0.188952
0.153427
0.099901
0.081808
0.062146
0.040591
0.027045
0.017560
0.018481
0.009647
0.005935
0.010102
0.003219
0.000000
0.000000
0.000000
0.000000
0.000000
0.000000
0.000000
0.000000
0.000000
0.000000
0.000000
0.000000
0.000000
0.000000
0.000000
0.000000
0.000000
0.000000
0.000000
0.000000
0.000000
0.000000
0.000000
0.000000
0.000000
0.000000
0.000000
0.000000
0.000000
0.000000
0.000000
0.000000
0.000000
0.000000
0.000000
0.000000
0.000000
0.000000
0.000000
0.000000
0.000000
0.000000
0.000000
0.000000
0.000000
0.000000
0.000000
0.000000
0.000000
0.000000
0.000000
0.000000
0.000000
0.000000
0.000000
0.000000
0.000000
0.000000
0.000000
0.000000
0.000000
0.000000
0.000000
0.000000
0.000000
0.000000
0.000000
0.000000
0.000000
0.000000
0.000000
0.000000
0.000000
0.000000
0.000000
0.000000
0.000000
0.000000
0.000000
0.000000
0.000000
0.000000
0.000000
0.000000
0.000000
0.000000
0.000000
0.000000
0.000000
0.000000
0.000000
0.000000
0.000000
0.000000
0.000000
0.000000
0.000000
0.000000
0.000000
0.000000
0.000000
0.000000
0.000000
0.000000
0.000000
0.000000
0.000000
0.000000
0.000000
0.000000
0.000000
0.000000
0.000000
0.000000
0.000000
0.000000
0.000000
0.000000
0.000000
0.000000
0.000000
0.000000
0.000000
0.000000
0.000000
0.000000
0.000000
0.000000
0.000000
0.000000
0.000000
0.000000
0.000000
0.000000
0.000000
0.000000
0.000000
0.000000
0.000000
0.000000
0.000000
0.000000
0.000000
0.000000
0.000000
0.000000
0.000000
0.000000
0.000000
0.000000
0.000000
0.000000
0.000000
0.000000
0.000000
0.000000
0.000000
0.000000
0.000000
0.000000
0.000000
0.000000
0.000000
0.000000
0.000000
0.000000
0.000000
0.000000
0.000000
0.000000
0.000000
0.000000
0.000000
0.000000
0.000000
0.000000
0.000000
0.000000
0.000000
0.000000
0.000000
0.000000
0.000000
0.000000
0.000000
0.000000
0.000000
0.000000
0.000000
0.000000
0.000000
0.000000
0.000000
0.000000
0.000000
0.000000
0.000000
0.000000
0.000000
0.000000
0.000000
0.000000
0.000000
0.000000
0.000000
0.000000
0.000000
0.000000
0.000000
0.000000
0.000000
0.000000
0.000000
0.000000
0.000000
0.000000
0.000000
0.000000
0.000000
0.000000
0.000000
0.000000
0.000000
0.000000
0.000000
0.000000
0.000000
0.000000
0.000000
0.000000
0.000000
0.000000
0.000000
0.000000
0.000000
0.000000
0.000000
0.000000
0.000000
0.000000
0.000000
0.000000
0.000000
0.000000
0.000000
0.000000
0.000000
0.000000
0.000000
0.000000
0.000000
0.000000
0.000000
0.000000
0.000000
0.000000
0.000000
0.000000
