0.000000
0.000000
0.000000
0.000000
0.000000
0.000000
0.000000
0.000000
0.000000
0.000000
0.343266
0.678541
1.276278
5.750589
9.129799
15.529410
18.622187
28.614515
51.243693
88.906773
133.158640
208.617583
293.538083
418.025941
579.581560
768.732567
1117.446929
1489.078615
1882.147213
2381.148276
3010.530476
3654.462509
4443.741688
5397.885420
6381.920869
7571.590172
8839.251629
10323.643176
11846.835735
13488.401872
15360.939450
17237.762319
19444.013406
21710.429561
24166.432968
26684.811979
29341.217584
32390.870771
35101.461578
38247.563793
41114.858329
44401.947911
47531.585233
50558.706105
53497.854085
56552.740538
59676.954068
62823.769337
65903.733935
68500.636856
71598.414766
74490.019940
77505.977064
80273.364451
82906.039347
85237.444877
87706.738316
89786.868550
91951.800358
94108.098356
96422.903908
98242.984649
100000.686537
101713.589400
103517.759103
104810.129650
106187.785903
107519.085894
108785.880682
110172.094963
111369.301218
112005.332746
112535.941052
113177.404968
113625.891034
113810.888525
114138.869562
114123.697772
114310.072682
114220.528327
114026.045181
113703.720488
113314.538828
112948.361042
112462.441127
111875.443369
111355.460683
110692.115484
109736.888079
108694.554705
107541.745417
106445.972325
105595.332887
104421.762258
103179.786855
102043.436785
101010.199749
99662.511434
98420.584796
97073.776381
95824.206944
94429.837644
93028.849142
91615.600380
90389.856056
88808.924521
87295.962055
85695.188388
84257.645975
82616.022330
81232.700717
79899.602707
78410.810955
76812.300953
75444.744169
74034.224106
72620.465444
71243.421384
69985.927277
68461.930848
66942.183367
65626.057586
64321.200024
62849.800661
61531.984344
60181.624682
58860.714189
57560.828569
56241.605682
54977.877156
53642.528843
52404.769664
51229.281145
49810.187597
48594.442299
47351.437438
45944.597551
44801.477003
43579.444348
42414.034788
41300.268208
40056.264927
38947.127859
37829.050126
36840.389906
35762.770247
34630.438874
33586.518490
32628.426640
31733.652864
30846.030306
29962.590366
29093.196628
28170.447016
27276.237615
26524.966304
25665.676690
24953.950820
24185.567051
23405.553958
22640.469778
21959.832144
21236.593204
20540.517277
19839.195545
19136.776255
18384.355298
17748.722085
17199.250985
16621.609322
16040.349829
15458.602598
14874.761901
14282.293624
13790.715736
13304.383795
12764.426177
12397.117968
11897.910191
11406.798388
11045.254899
10649.539271
10272.113030
9830.426282
9504.797038
9126.457329
8767.263057
8429.875119
8093.128265
7761.056346
7440.068662
7115.098347
6829.299546
6556.458028
6283.889909
6006.327979
5761.785151
5529.412552
5313.323592
5074.794396
4832.262021
4626.453667
4424.164939
4265.762948
4060.084187
3851.825207
3688.437886
3527.180250
3391.840476
3246.571247
3123.699999
2971.672048
2824.689140
2724.447940
2599.100378
2491.438877
2389.737787
2276.821282
2144.944548
2015.125265
1933.113137
1837.208867
1737.614921
1644.010241
1562.861087
1489.779937
1416.017543
1376.228552
1300.886258
1240.454919
1204.549617
1155.632791
1087.274665
1024.362710
976.284938
921.049945
882.114326
843.598030
786.199027
745.781066
706.456673
665.681494
623.283554
586.112994
553.836797
523.349863
496.925516
473.348394
455.599197
425.721991
412.796342
392.363235
373.264018
351.344391
332.394514
310.627856
288.428612
264.787549
247.595695
228.894930
224.678748
213.351718
206.517827
197.475303
196.129780
183.588889
166.482698
158.389253
153.870983
150.257293
146.152306
132.627156
122.886197
113.915263
109.794275
106.366198
103.765355
96.296804
86.080376
82.002588
76.220702
69.684459
63.495047
58.105567
57.523202
53.670678
49.592991
46.385289
43.118111
40.914222
37.893681
35.470603
33.486421
31.645539
29.803711
26.871261
26.376773
23.797260
21.454116
20.778090
19.139082
17.394438
15.881404
14.078246
13.560572
13.239665
13.002525
12.801261
13.730830
11.530925
11.322716
11.932911
10.005071
8.966363
8.558532
8.585237
8.019045
8.691069
8.026631
8.371877
8.425667
7.942767
7.530232
6.772921
7.214268
7.499706
6.238851
5.892476
5.441103
6.636437
6.075452
5.758041
5.088846
4.478786
3.954024
2.933239
2.371728
2.431527
2.964874
2.717331
3.016444
2.837168
2.029251
1.562550
1.413558
1.787928
1.540264
1.248709
1.390763
1.174862
2.190901
1.948106
2.200370
1.902720
2.066166
1.872050
1.615044
1.124069
1.134250
1.190837
0.940087
0.900757
0.778000
0.924182
0.635905
0.560896
0.629727
0.768740
0.728800
0.727328
0.654442
0.532648
0.688982
0.814880
0.617297
0.464466
0.328913
0.544800
0.526866
0.569576
0.597509
0.526025
0.628865
0.665207
0.721352
0.701806
0.626166
0.540352
0.445039
0.226446
0.230424
0.248750
0.136960
0.238056
0.291844
0.301567
0.283250
0.215449
0.176096
0.098442
0.159150
0.166674
0.094615
0.023095
0.000000
0.000000
0.000000
0.000000
0.000000
0.000000
0.000000
0.000000
0.000000
0.000000
0.000000
0.000000
0.000000
0.000000
0.000000
0.000000
0.000000
0.000000
0.000000
0.000000
0.000000
0.000000
0.000000
0.000000
0.000000
0.000000
0.000000
0.000000
0.000000
0.000000
0.000000
0.000000
0.000000
0.000000
0.000000
0.000000
0.000000
0.000000
0.000000
0.000000
0.000000
0.000000
0.000000
0.000000
0.000000
0.000000
0.000000
0.000000
0.000000
0.000000
0.000000
0.000000
0.000000
0.000000
0.000000
0.000000
0.000000
0.000000
0.000000
0.000000
0.000000
0.000000
0.000000
0.000000
0.000000
0.000000
0.000000
0.000000
0.000000
0.000000
0.000000
0.000000
0.000000
0.000000
0.000000
0.000000
0.000000
0.000000
0.000000
0.000000
0.000000
0.000000
0.000000
0.000000
0.000000
0.000000
0.000000
0.000000
0.000000
0.000000
0.000000
0.000000
0.000000
0.000000
0.000000
0.000000
0.000000
0.000000
0.000000
0.000000
0.000000
0.000000
0.000000
0.000000
0.000000
0.000000
0.000000
0.000000
0.000000
0.000000
0.000000
0.000000
0.000000
0.000000
0.000000
0.000000
0.000000
0.000000
0.000000
0.000000
0.000000
0.000000
0.000000
0.000000
0.000000
0.000000
0.000000
0.000000
0.000000
0.000000
0.000000
0.000000
0.000000
0.000000
0.000000
0.000000
0.000000
0.000000
0.000000
0.000000
0.000000
0.000000
0.000000
0.000000
0.000000
0.000000
0.000000
0.000000
0.000000
0.000000
0.000000
0.000000
0.000000
0.000000
0.000000
0.000000
0.000000
0.000000
0.000000
0.000000
0.000000
0.000000
0.000000
0.000000
0.000000
0.000000
0.000000
0.000000
0.000000
0.000000
0.000000
0.000000
0.000000
0.000000
0.000000
0.000000
0.000000
0.000000
0.000000
0.000000
0.000000
0.000000
0.000000
0.000000
0.000000
0.000000
0.000000
0.000000
0.000000
0.000000
0.000000
0.000000
0.000000
0.000000
0.000000
0.000000
0.000000
0.000000
0.000000
0.000000
0.000000
0.000000
0.000000
0.000000
0.000000
0.000000
0.000000
0.000000
0.000000
0.000000
0.000000
0.000000
0.000000
0.000000
0.000000
0.000000
0.000000
0.000000
0.000000
0.000000
0.000000
0.000000
0.000000
0.000000
0.000000
0.000000
0.000000
0.000000
0.000000
0.000000
0.000000
0.000000
0.000000
0.000000
0.000000
0.000000
0.000000
0.000000
0.000000
0.000000
0.000000
0.000000
0.000000
0.000000
0.000000
0.000000
0.000000
0.000000
0.000000
0.000000
0.000000
0.000000
0.000000
0.000000
0.000000
0.000000
0.000000
0.000000
0.000000
0.000000
0.000000
0.000000
0.000000
0.000000
0.000000
0.000000
0.000000
0.000000
0.000000
0.000000
0.000000
0.000000
0.000000
0.000000
0.000000
0.000000
0.000000
0.000000
0.000000
0.000000
0.000000
0.000000
0.000000
0.000000
0.000000
0.000000
0.000000
0.000000
0.000000
0.000000
0.000000
0.000000
0.000000
0.000000
0.000000
0.000000
0.000000
0.000000
0.000000
0.000000
0.000000
0.000000
0.000000
0.000000
0.000000
0.000000
0.000000
0.000000
0.000000
0.000000
0.000000
0.000000
0.000000
0.000000
0.000000
0.000000
0.000000
0.000000
0.000000
0.000000
0.000000
0.000000
0.000000
0.000000
0.000000
0.000000
0.000000
0.000000
0.000000
0.000000
0.000000
0.000000
0.000000
0.000000
0.000000
0.000000
0.000000
0.000000
0.000000
0.000000
0.000000
0.000000
0.000000
0.000000
0.000000
0.000000
0.000000
0.000000
0.000000
0.000000
0.000000
0.000000
0.000000
0.000000
0.000000
0.000000
0.000000
0.000000
0.000000
0.000000
0.000000
0.000000
0.000000
0.000000
0.000000
0.000000
0.000000
0.000000
0.000000
0.000000
0.000000
0.000000
0.000000
0.000000
0.000000
0.000000
0.000000
0.000000
0.000000
0.000000
0.000000
0.000000
0.000000
0.000000
0.000000
0.000000
0.000000
0.000000
0.000000
0.000000
0.000000
0.000000
0.000000
0.000000
0.000000
0.000000
0.000000
0.000000
0.000000
0.000000
0.000000
0.000000
0.000000
0.000000
0.000000
0.000000
0.000000
0.000000
0.000000
0.000000
0.000000
0.000000
0.000000
0.000000
0.000000
0.000000
0.000000
0.000000
0.000000
0.000000
0.000000
0.000000
0.000000
0.000000
0.000000
0.000000
0.000000
0.000000
0.000000
0.000000
0.000000
0.000000
0.000000
0.000000
0.000000
0.000000
0.000000
0.000000
0.000000
0.000000
0.000000
0.000000
0.000000
0.000000
0.000000
0.000000
0.000000
0.000000
0.000000
0.000000
0.000000
0.000000
0.000000
0.000000
0.000000
0.000000
0.000000
0.000000
0.000000
0.000000
0.000000
0.000000
0.000000
0.000000
0.000000
0.000000
0.000000
0.000000
0.000000
0.000000
0.000000
0.000000
0.000000
0.000000
0.000000
0.000000
0.000000
0.000000
0.000000
0.000000
0.000000
0.000000
0.000000
0.000000
0.000000
0.000000
0.000000
0.000000
0.000000
0.000000
0.000000
0.000000
0.000000
0.000000
0.000000
0.000000
0.000000
0.000000
0.000000
0.000000
0.000000
0.000000
0.000000
0.000000
0.000000
0.000000
0.000000
0.000000
0.000000
0.000000
0.000000
0.000000
0.000000
0.000000
0.000000
0.000000
0.000000
0.000000
0.000000
0.000000
0.000000
0.000000
0.000000
0.000000
0.000000
0.000000
0.000000
0.000000
0.000000
0.000000
0.000000
0.000000
0.000000
0.000000
0.000000
0.000000
0.000000
0.000000
0.000000
0.000000
0.000000
0.000000
0.000000
0.000000
0.000000
0.000000
0.000000
0.000000
0.000000
0.000000
0.000000
0.000000
0.000000
0.000000
0.000000
0.000000
0.000000
0.000000
0.000000
0.000000
0.000000
0.000000
0.000000
0.000000
0.000000
0.000000
0.000000
0.000000
0.000000
0.000000
0.000000
0.000000
0.000000
0.000000
0.000000
0.000000
0.000000
0.000000
0.000000
0.000000
0.000000
0.000000
0.000000
0.000000
0.000000
0.000000
0.000000
