0.000000
0.000000
0.000000
0.000000
0.000000
0.000000
0.000000
0.000000
0.000000
0.000000
0.012563
0.024354
0.034087
0.210795
0.380259
0.773550
1.391744
2.411870
4.354307
7.198108
10.998094
17.761398
27.997617
41.847366
61.794177
89.176803
125.106087
173.457545
239.868396
324.359314
436.217705
575.656751
751.758180
973.688487
1241.951450
1564.124045
1955.244075
2424.294670
2968.542493
3610.528035
4347.467492
5199.269547
6171.885873
7274.209240
8523.971838
9925.972670
11473.862467
13183.429161
15072.698287
17138.449807
19364.825796
21782.097764
24370.202287
27136.554213
30080.886499
33184.014355
36495.278171
39961.195622
43557.366105
47313.942461
51214.455908
55228.408470
59366.824030
63589.736740
67875.515856
72213.535023
76607.055161
81014.597138
85445.939270
89837.975979
94206.065337
98555.002994
102848.896668
107029.345477
111104.735545
115041.781838
118860.702288
122510.940436
126009.700771
129340.482820
132461.605905
135399.719178
138166.886832
140709.531305
143010.450979
145088.375235
146936.145171
148580.322464
149964.948549
151082.608523
151962.901998
152610.468021
153052.866063
153284.490030
153228.393259
152991.870595
152526.205563
151844.546571
150964.608527
149866.557524
148591.705825
147177.137155
145570.806680
143797.524287
141872.270876
139802.192339
137597.838858
135297.774147
132843.571007
130305.400963
127663.714898
124957.571767
122195.224413
119362.361402
116441.839482
113499.715664
110511.898393
107476.201727
104451.930307
101420.635017
98367.291240
95321.185489
92285.187085
89258.004385
86277.841338
83320.876133
80396.817405
77508.826616
74678.922069
71879.301191
69115.810182
66412.427889
63781.573895
61199.765991
58648.686406
56189.354760
53776.083246
51432.828054
49152.678362
46942.694772
44801.194638
42721.661616
40703.017776
38768.510795
36889.252999
35072.939506
33323.643158
31633.714018
30018.780598
28469.955647
26971.600719
25535.492349
24159.292542
22856.044884
21602.724486
20401.523296
19243.656338
18156.126032
17107.121835
16112.826746
15176.076463
14273.651397
13413.629821
12595.433172
11823.772084
11090.902972
10395.748333
9741.062876
9123.470928
8541.296729
7986.913788
7470.018096
6980.362710
6517.946321
6081.833056
5671.725486
5285.511324
4925.444234
4584.082369
4266.964198
3968.190095
3688.960110
3430.254260
3186.323760
2953.838978
2738.197860
2537.943968
2348.146416
2174.849711
2012.333666
1859.607187
1717.402658
1585.683217
1464.643761
1351.758604
1245.956190
1146.819988
1055.211008
971.780124
895.908721
824.268811
758.425245
698.176516
640.414486
587.842197
538.146254
492.482517
452.233284
414.122621
378.261463
345.349302
315.190016
288.206479
262.786320
238.859140
217.653513
198.563815
181.377098
165.422234
149.988241
136.706095
124.165015
113.234242
103.041201
93.394294
84.736876
76.766075
69.609922
63.157468
57.186833
51.856482
46.676898
42.289564
38.023118
34.217456
31.051706
28.228810
25.335076
22.523241
20.003154
17.931869
16.083440
14.282007
12.437772
11.140613
9.830245
8.785615
7.707107
6.847731
6.053388
5.391379
4.857701
4.203301
3.661788
3.249779
2.798004
2.491965
2.217461
1.875174
1.599124
1.359599
1.188993
1.046365
0.879406
0.754491
0.669401
0.580880
0.564386
0.480428
0.405161
0.360219
0.306378
0.269906
0.229851
0.181408
0.165694
0.146589
0.132608
0.112956
0.093167
0.074075
0.065894
0.061006
0.056886
0.052268
0.040373
0.027612
0.021056
0.018491
0.017309
0.012687
0.012610
0.008955
0.008056
0.007296
0.005287
0.004586
0.002663
0.000804
0.002080
0.000842
0.000133
0.000141
0.000000
0.000000
0.000000
0.000000
0.000000
0.000000
0.000000
0.000000
0.000000
0.000000
0.000000
0.000000
0.000000
0.000000
0.000000
0.000000
0.000000
0.000000
0.000000
0.000000
0.000000
0.000000
0.000000
0.000000
0.000000
0.000000
0.000000
0.000000
0.000000
0.000000
0.000000
0.000000
0.000000
0.000000
0.000000
0.000000
0.000000
0.000000
0.000000
0.000000
0.000000
0.000000
0.000000
0.000000
0.000000
0.000000
0.000000
0.000000
0.000000
0.000000
0.000000
0.000000
0.000000
0.000000
0.000000
0.000000
0.000000
0.000000
0.000000
0.000000
0.000000
0.000000
0.000000
0.000000
0.000000
0.000000
0.000000
0.000000
0.000000
0.000000
0.000000
0.000000
0.000000
0.000000
0.000000
0.000000
0.000000
0.000000
0.000000
0.000000
0.000000
0.000000
0.000000
0.000000
0.000000
0.000000
0.000000
0.000000
0.000000
0.000000
0.000000
0.000000
0.000000
0.000000
0.000000
0.000000
0.000000
0.000000
0.000000
0.000000
0.000000
0.000000
0.000000
0.000000
0.000000
0.000000
0.000000
0.000000
0.000000
0.000000
0.000000
0.000000
0.000000
0.000000
0.000000
0.000000
0.000000
0.000000
0.000000
0.000000
0.000000
0.000000
0.000000
0.000000
0.000000
0.000000
0.000000
0.000000
0.000000
0.000000
0.000000
0.000000
0.000000
0.000000
0.000000
0.000000
0.000000
0.000000
0.000000
0.000000
0.000000
0.000000
0.000000
0.000000
0.000000
0.000000
0.000000
0.000000
0.000000
0.000000
0.000000
0.000000
0.000000
0.000000
0.000000
0.000000
0.000000
0.000000
0.000000
0.000000
0.000000
0.000000
0.000000
0.000000
0.000000
0.000000
0.000000
0.000000
0.000000
0.000000
0.000000
0.000000
0.000000
0.000000
0.000000
0.000000
0.000000
0.000000
0.000000
0.000000
0.000000
0.000000
0.000000
0.000000
0.000000
0.000000
0.000000
0.000000
0.000000
0.000000
0.000000
0.000000
0.000000
0.000000
0.000000
0.000000
0.000000
0.000000
0.000000
0.000000
0.000000
0.000000
0.000000
0.000000
0.000000
0.000000
0.000000
0.000000
0.000000
0.000000
0.000000
0.000000
0.000000
0.000000
0.000000
0.000000
0.000000
0.000000
0.000000
0.000000
0.000000
0.000000
0.000000
0.000000
0.000000
0.000000
0.000000
0.000000
0.000000
0.000000
0.000000
0.000000
0.000000
0.000000
0.000000
0.000000
0.000000
0.000000
0.000000
0.000000
0.000000
0.000000
0.000000
0.000000
0.000000
0.000000
0.000000
0.000000
0.000000
0.000000
0.000000
0.000000
0.000000
0.000000
0.000000
0.000000
0.000000
0.000000
0.000000
0.000000
0.000000
0.000000
0.000000
0.000000
0.000000
0.000000
0.000000
0.000000
0.000000
0.000000
0.000000
0.000000
0.000000
0.000000
0.000000
0.000000
0.000000
0.000000
0.000000
0.000000
0.000000
0.000000
0.000000
0.000000
0.000000
0.000000
0.000000
0.000000
0.000000
0.000000
0.000000
0.000000
0.000000
0.000000
0.000000
0.000000
0.000000
0.000000
0.000000
0.000000
0.000000
0.000000
0.000000
0.000000
0.000000
0.000000
0.000000
0.000000
0.000000
0.000000
0.000000
0.000000
0.000000
0.000000
0.000000
0.000000
0.000000
0.000000
0.000000
0.000000
0.000000
0.000000
0.000000
0.000000
0.000000
0.000000
0.000000
0.000000
0.000000
0.000000
0.000000
0.000000
0.000000
0.000000
0.000000
0.000000
0.000000
0.000000
0.000000
0.000000
0.000000
0.000000
0.000000
0.000000
0.000000
0.000000
0.000000
0.000000
0.000000
0.000000
0.000000
0.000000
0.000000
0.000000
0.000000
0.000000
0.000000
0.000000
0.000000
0.000000
0.000000
0.000000
0.000000
0.000000
0.000000
0.000000
0.000000
0.000000
0.000000
0.000000
0.000000
0.000000
0.000000
0.000000
0.000000
0.000000
0.000000
0.000000
0.000000
0.000000
0.000000
0.000000
0.000000
0.000000
0.000000
0.000000
0.000000
0.000000
0.000000
0.000000
0.000000
0.000000
0.000000
0.000000
0.000000
0.000000
0.000000
0.000000
0.000000
0.000000
0.000000
0.000000
0.000000
0.000000
0.000000
0.000000
0.000000
0.000000
0.000000
0.000000
0.000000
0.000000
0.000000
0.000000
0.000000
0.000000
0.000000
0.000000
0.000000
0.000000
0.000000
0.000000
0.000000
0.000000
0.000000
0.000000
0.000000
0.000000
0.000000
0.000000
0.000000
0.000000
0.000000
0.000000
0.000000
0.000000
0.000000
0.000000
0.000000
0.000000
0.000000
0.000000
0.000000
0.000000
0.000000
0.000000
0.000000
0.000000
0.000000
0.000000
0.000000
0.000000
0.000000
0.000000
0.000000
0.000000
0.000000
0.000000
0.000000
0.000000
0.000000
0.000000
0.000000
0.000000
0.000000
0.000000
0.000000
0.000000
0.000000
0.000000
0.000000
0.000000
0.000000
0.000000
0.000000
0.000000
0.000000
0.000000
0.000000
0.000000
0.000000
0.000000
0.000000
0.000000
0.000000
0.000000
0.000000
0.000000
0.000000
0.000000
0.000000
0.000000
0.000000
0.000000
0.000000
0.000000
0.000000
0.000000
0.000000
0.000000
0.000000
0.000000
0.000000
0.000000
0.000000
0.000000
0.000000
0.000000
0.000000
0.000000
0.000000
0.000000
0.000000
0.000000
0.000000
0.000000
0.000000
0.000000
0.000000
0.000000
0.000000
0.000000
0.000000
0.000000
0.000000
0.000000
0.000000
0.000000
0.000000
0.000000
0.000000
0.000000
0.000000
0.000000
0.000000
0.000000
0.000000
0.000000
0.000000
0.000000
0.000000
0.000000
0.000000
0.000000
0.000000
0.000000
0.000000
0.000000
0.000000
0.000000
0.000000
0.000000
0.000000
0.000000
0.000000
0.000000
0.000000
0.000000
0.000000
0.000000
0.000000
0.000000
0.000000
0.000000
0.000000
0.000000
0.000000
0.000000
0.000000
0.000000
0.000000
0.000000
0.000000
0.000000
0.000000
0.000000
0.000000
0.000000
0.000000
0.000000
0.000000
0.000000
0.000000
0.000000
0.000000
0.000000
0.000000
0.000000
0.000000
0.000000
0.000000
0.000000
0.000000
0.000000
0.000000
0.000000
0.000000
0.000000
0.000000
0.000000
0.000000
0.000000
0.000000
0.000000
0.000000
0.000000
0.000000
0.000000
0.000000
0.000000
0.000000
0.000000
0.000000
0.000000
0.000000
0.000000
0.000000
0.000000
0.000000
0.000000
0.000000
0.000000
0.000000
0.000000
0.000000
0.000000
0.000000
0.000000
0.000000
0.000000
0.000000
0.000000
0.000000
0.000000
0.000000
0.000000
0.000000
0.000000
0.000000
0.000000
0.000000
0.000000
0.000000
0.000000
0.000000
0.000000
0.000000
0.000000
0.000000
0.000000
0.000000
0.000000
0.000000
0.000000
0.000000
0.000000
0.000000
0.000000
0.000000
0.000000
0.000000
0.000000
0.000000
0.000000
0.000000
0.000000
0.000000
0.000000
0.000000
0.000000
0.000000
0.000000
0.000000
0.000000
0.000000
0.000000
0.000000
0.000000
0.000000
0.000000
0.000000
0.000000
0.000000
0.000000
0.000000
0.000000
0.000000
0.000000
0.000000
0.000000
0.000000
0.000000
0.000000
0.000000
0.000000
0.000000
0.000000
0.000000
