0.000000
0.098926
0.290280
1.093973
3.728875
10.759233
27.229669
63.989977
136.144462
271.454748
497.673632
864.763084
1411.057580
2196.056553
3287.022322
4742.304181
6585.815464
8877.410423
11621.580932
14855.837912
18533.020709
22664.950259
27194.333612
32051.515179
37166.685996
42488.474609
47923.751444
53386.087165
58750.138586
64093.440577
69203.614796
74163.938069
78788.387508
83123.422241
87106.372980
90737.469076
93981.930675
96826.433779
99333.485183
101463.023750
103192.733847
104596.700077
105649.644609
106393.626513
106817.740588
107061.916264
107009.763031
106698.077703
106226.481517
105595.186204
104784.550324
103827.410973
102796.039480
101623.868085
100356.257937
99006.949032
97607.549474
96149.325167
94663.410443
93126.699932
91529.706991
89977.746666
88424.079833
86863.044833
85318.412470
83766.695973
82239.541570
80730.191829
79234.536087
77764.568363
76361.430133
75001.549907
73667.966877
72401.894219
71164.687231
69977.819966
68826.382159
67707.344573
66632.318552
65604.242880
64595.903716
63615.637446
62668.459947
61749.390357
60845.902125
59969.629201
59099.894480
58290.244974
57469.041336
56677.615556
55911.416842
55159.036660
54427.240545
53712.854786
53010.242763
52334.301525
51658.625968
51039.240885
50436.617601
49855.578890
49295.018973
48773.366558
48245.835234
47749.535512
47288.219715
46821.323406
46376.009347
45946.785268
45538.390637
45138.484589
44741.151213
44364.341321
43998.859836
43649.947954
43284.334931
42936.987290
42593.826321
42271.641272
41939.174955
41624.077720
41305.835852
41014.059332
40731.998695
40452.484401
40176.922749
39920.389750
39648.450547
39385.835054
39150.526952
38894.377877
38641.984394
38414.116079
38191.577408
37966.456259
37749.987603
37537.038363
37328.931383
37105.928695
36891.075661
36684.010301
36466.512602
36245.385854
36027.719127
35798.832101
35569.145892
35330.155882
35101.996169
34879.232688
34622.244184
34372.898864
34137.250882
33877.399148
33611.770331
33354.531179
33095.916603
32828.130249
32563.639984
32281.760811
31996.958504
31716.301305
31433.205868
31130.357481
30831.376009
30513.352249
30221.762723
29916.505532
29611.937677
29304.899181
29001.664443
28696.223710
28387.897112
28085.708753
27777.097632
27464.468410
27141.282934
26820.485014
26505.683371
26196.398549
25871.856579
25541.447848
25203.077766
24856.608837
24516.664253
24167.152807
23819.401395
23464.256229
23103.849827
22745.588572
22388.072471
22017.210937
21643.254487
21269.043827
20892.358350
20513.537845
20130.488184
19746.703512
19361.270603
18979.929580
18595.749638
18206.157302
17815.500601
17432.684595
17049.384193
16667.171168
16287.165600
15912.684451
15537.139948
15170.308769
14802.909773
14436.857945
14078.570804
13728.175926
13379.811670
13032.536635
12689.246411
12348.774808
12021.146356
11684.223484
11357.025521
11031.977367
10710.967610
10387.397267
10071.018259
9761.184262
9455.901390
9154.161279
8862.773279
8572.072119
8290.062036
8012.702750
7743.157023
7479.536818
7220.167667
6962.506940
6712.858398
6474.462222
6235.472912
6000.908504
5770.858381
5545.866891
5332.624121
5121.496530
4914.720436
4718.686056
4525.513160
4338.791694
4151.872604
3976.709677
3804.133758
3638.231936
3478.937110
3327.868448
3179.684898
3040.392577
2904.398021
2772.968125
2649.507627
2528.184196
2409.849281
2298.911829
2189.515818
2086.109624
1983.046218
1884.228718
1788.176204
1698.277992
1608.472211
1523.915322
1441.889388
1363.000473
1288.368149
1217.334839
1147.712481
1082.995204
1020.755685
961.629471
906.816796
853.149821
802.053432
752.742187
707.226306
663.482176
622.877235
583.980668
547.506051
512.138174
480.118666
449.850131
421.616962
395.461807
369.862745
346.298554
324.574466
303.982829
284.367959
265.143469
248.030991
230.558486
214.678821
198.925209
184.454243
170.552987
157.395461
145.428393
133.888207
122.883354
112.752926
103.678412
95.235843
87.020031
79.969809
72.872155
66.532297
60.852023
55.578211
50.729892
46.414100
42.521733
38.651314
35.132702
31.884420
28.699803
26.133829
23.694990
21.360297
19.002344
16.909219
15.201652
13.564872
12.237996
10.831499
9.583691
8.548815
7.558202
6.746730
5.888654
5.267667
4.758004
4.307719
3.879323
3.475953
3.104308
2.784817
2.457477
2.200667
1.944444
1.720415
1.538327
1.370605
1.241064
1.093199
0.952258
0.824944
0.731038
0.631702
0.552045
0.453366
0.368570
0.318443
0.251708
0.213256
0.169263
0.132901
0.098363
0.066609
0.053250
0.042326
0.028691
0.019973
0.011152
0.008797
0.005613
0.008088
0.007405
0.002821
0.000857
0.000000
0.000000
0.000000
0.000000
0.000000
0.000000
0.000000
0.000000
0.000000
0.000000
0.000000
0.000000
0.000000
0.000000
0.000000
0.000000
0.000000
0.000000
0.000000
0.000000
0.000000
0.000000
0.000000
0.000000
0.000000
0.000000
0.000000
0.000000
0.000000
0.000000
0.000000
0.000000
0.000000
0.000000
0.000000
0.000000
0.000000
0.000000
0.000000
0.000000
0.000000
0.000000
0.000000
0.000000
0.000000
0.000000
0.000000
0.000000
0.000000
0.000000
0.000000
0.000000
0.000000
0.000000
0.000000
0.000000
0.000000
0.000000
0.000000
0.000000
0.000000
0.000000
0.000000
0.000000
0.000000
0.000000
0.000000
0.000000
0.000000
0.000000
0.000000
0.000000
0.000000
0.000000
0.000000
0.000000
0.000000
0.000000
0.000000
0.000000
0.000000
0.000000
0.000000
0.000000
0.000000
0.000000
0.000000
0.000000
0.000000
0.000000
0.000000
0.000000
0.000000
0.000000
0.000000
0.000000
0.000000
0.000000
0.000000
0.000000
0.000000
0.000000
0.000000
0.000000
0.000000
0.000000
0.000000
0.000000
0.000000
0.000000
0.000000
0.000000
0.000000
0.000000
0.000000
0.000000
0.000000
0.000000
0.000000
0.000000
0.000000
0.000000
0.000000
0.000000
0.000000
0.000000
0.000000
0.000000
0.000000
0.000000
0.000000
0.000000
0.000000
0.000000
0.000000
0.000000
0.000000
0.000000
0.000000
0.000000
0.000000
0.000000
0.000000
0.000000
0.000000
0.000000
0.000000
0.000000
0.000000
0.000000
0.000000
0.000000
0.000000
0.000000
0.000000
0.000000
0.000000
0.000000
0.000000
0.000000
0.000000
0.000000
0.000000
0.000000
0.000000
0.000000
0.000000
0.000000
0.000000
0.000000
0.000000
0.000000
0.000000
0.000000
0.000000
0.000000
0.000000
0.000000
0.000000
0.000000
0.000000
0.000000
0.000000
0.000000
0.000000
0.000000
0.000000
0.000000
0.000000
0.000000
0.000000
0.000000
0.000000
0.000000
0.000000
0.000000
0.000000
0.000000
0.000000
0.000000
0.000000
0.000000
0.000000
0.000000
0.000000
0.000000
0.000000
0.000000
0.000000
0.000000
0.000000
0.000000
0.000000
0.000000
0.000000
0.000000
0.000000
0.000000
0.000000
0.000000
0.000000
0.000000
0.000000
0.000000
0.000000
0.000000
0.000000
0.000000
0.000000
0.000000
0.000000
0.000000
0.000000
0.000000
0.000000
0.000000
0.000000
0.000000
0.000000
0.000000
0.000000
0.000000
0.000000
0.000000
0.000000
0.000000
0.000000
0.000000
0.000000
0.000000
0.000000
0.000000
0.000000
0.000000
0.000000
0.000000
0.000000
0.000000
0.000000
0.000000
0.000000
0.000000
0.000000
0.000000
0.000000
0.000000
0.000000
0.000000
0.000000
0.000000
0.000000
0.000000
0.000000
0.000000
0.000000
0.000000
0.000000
0.000000
0.000000
0.000000
0.000000
0.000000
0.000000
0.000000
0.000000
0.000000
0.000000
0.000000
0.000000
0.000000
0.000000
0.000000
0.000000
0.000000
0.000000
0.000000
0.000000
0.000000
0.000000
0.000000
0.000000
0.000000
0.000000
0.000000
0.000000
0.000000
0.000000
0.000000
0.000000
0.000000
0.000000
0.000000
0.000000
0.000000
0.000000
0.000000
0.000000
0.000000
0.000000
0.000000
0.000000
0.000000
0.000000
0.000000
0.000000
0.000000
0.000000
0.000000
0.000000
0.000000
0.000000
0.000000
0.000000
0.000000
0.000000
0.000000
0.000000
0.000000
0.000000
0.000000
0.000000
0.000000
0.000000
0.000000
0.000000
0.000000
0.000000
0.000000
0.000000
0.000000
0.000000
0.000000
0.000000
0.000000
0.000000
0.000000
0.000000
0.000000
0.000000
0.000000
0.000000
0.000000
0.000000
0.000000
0.000000
0.000000
0.000000
0.000000
0.000000
0.000000
0.000000
0.000000
0.000000
0.000000
0.000000
0.000000
0.000000
0.000000
0.000000
0.000000
0.000000
0.000000
0.000000
0.000000
0.000000
0.000000
0.000000
0.000000
0.000000
0.000000
0.000000
0.000000
0.000000
0.000000
0.000000
0.000000
0.000000
0.000000
0.000000
0.000000
0.000000
0.000000
0.000000
0.000000
0.000000
0.000000
0.000000
0.000000
0.000000
0.000000
0.000000
0.000000
0.000000
0.000000
0.000000
0.000000
0.000000
0.000000
0.000000
0.000000
0.000000
0.000000
0.000000
0.000000
0.000000
0.000000
0.000000
0.000000
0.000000
0.000000
0.000000
0.000000
0.000000
0.000000
0.000000
0.000000
0.000000
0.000000
0.000000
0.000000
0.000000
0.000000
0.000000
0.000000
0.000000
0.000000
0.000000
0.000000
0.000000
0.000000
0.000000
0.000000
0.000000
0.000000
0.000000
0.000000
0.000000
0.000000
0.000000
0.000000
0.000000
0.000000
0.000000
0.000000
0.000000
0.000000
0.000000
0.000000
0.000000
0.000000
0.000000
0.000000
0.000000
0.000000
0.000000
0.000000
0.000000
0.000000
0.000000
0.000000
0.000000
0.000000
0.000000
0.000000
0.000000
0.000000
0.000000
0.000000
0.000000
0.000000
0.000000
0.000000
0.000000
0.000000
0.000000
0.000000
0.000000
0.000000
0.000000
0.000000
0.000000
0.000000
0.000000
0.000000
0.000000
0.000000
0.000000
0.000000
0.000000
0.000000
0.000000
0.000000
0.000000
0.000000
0.000000
0.000000
0.000000
0.000000
0.000000
0.000000
0.000000
0.000000
0.000000
0.000000
0.000000
0.000000
0.000000
0.000000
0.000000
0.000000
0.000000
0.000000
0.000000
0.000000
0.000000
0.000000
0.000000
0.000000
0.000000
0.000000
0.000000
0.000000
0.000000
0.000000
0.000000
0.000000
0.000000
0.000000
0.000000
0.000000
0.000000
0.000000
0.000000
0.000000
0.000000
0.000000
0.000000
0.000000
0.000000
0.000000
0.000000
0.000000
0.000000
0.000000
0.000000
0.000000
0.000000
0.000000
0.000000
0.000000
0.000000
0.000000
0.000000
0.000000
0.000000
0.000000
0.000000
0.000000
0.000000
0.000000
0.000000
0.000000
0.000000
0.000000
0.000000
0.000000
0.000000
0.000000
0.000000
0.000000
0.000000
0.000000
0.000000
0.000000
0.000000
0.000000
0.000000
0.000000
0.000000
0.000000
0.000000
0.000000
0.000000
0.000000
0.000000
0.000000
0.000000
0.000000
0.000000
0.000000
0.000000
0.000000
0.000000
0.000000
0.000000
0.000000
0.000000
0.000000
0.000000
0.000000
0.000000
0.000000
0.000000
0.000000
0.000000
