0.829514
10.539709
52.875328
175.201950
396.329084
835.444419
1545.484183
2657.764445
4252.995573
6403.171912
9236.716093
12778.329552
17051.528490
21970.076161
27472.586737
33546.045546
40110.037633
47038.612967
54185.472093
61287.286125
68321.334565
75215.302806
81833.796901
88101.115345
93756.961685
99055.541152
103931.426456
108011.052432
111446.746391
114502.418685
116920.065325
118927.765513
120289.652493
121279.129602
121698.200691
121671.269641
121289.296982
120392.283280
119344.373627
118181.591926
116551.644662
114821.215777
113034.426790
111010.834898
108918.119482
106662.141849
104275.820861
101958.012560
99664.264319
97206.716273
94844.894397
92530.104942
90228.813643
87839.015675
85588.817718
83394.743431
81315.219442
79239.111137
77184.871573
75121.281093
73151.886960
71275.212579
69481.008198
67722.827484
65973.204428
64338.946050
62758.908987
61296.903001
59882.148858
58425.951746
57112.366048
55789.177122
54606.688655
53438.640376
52353.277859
51262.223237
50192.433456
49160.938330
48222.752797
47307.402115
46449.878481
45613.537537
44774.025125
44013.445048
43247.191188
42568.838303
41879.864362
41158.109048
40544.212031
39930.569683
39278.995234
38729.295443
38248.305825
37735.933113
37276.506432
36786.403255
36331.295332
35871.100433
35454.220580
35041.217611
34682.406030
34361.487535
34049.674152
33694.631493
33331.671235
33060.669536
32726.607098
32425.701481
32138.358188
31906.296262
31641.452807
31382.936356
31156.170181
30944.433674
30716.037864
30501.709820
30297.994635
30080.695959
29883.758704
29698.436771
29527.568464
29368.083832
29258.295536
29093.735643
28950.845942
28831.447197
28671.779734
28568.869501
28444.467048
28279.329676
28191.940592
28044.422024
27974.897528
27896.720461
27787.428538
27661.355511
27601.757477
27524.645771
27414.600968
27360.655743
27278.752507
27218.975154
27143.889801
27055.099279
26930.408052
26838.922521
26730.667867
26631.896876
26543.395841
26446.689767
26365.756170
26250.350885
26151.482226
26042.236328
25966.330237
25867.353601
25773.946682
25683.959414
25621.217972
25508.348356
25378.068890
25244.371670
25146.394622
25024.689506
24916.138401
24808.211039
24714.281631
24579.231761
24481.051879
24372.501003
24290.314621
24183.889503
24080.649191
23978.000990
23855.170605
23727.074063
23579.121541
23439.407809
23300.452604
23157.322716
23017.411815
22859.713794
22715.817918
22556.232312
22379.512354
22198.595461
22020.006542
21834.596634
21682.958238
21514.881496
21347.916053
21180.234160
21008.360959
20821.270506
20643.361175
20445.533509
20242.712254
20039.394045
19819.935831
19601.428479
19399.071828
19186.003714
18963.695790
18788.729808
18591.344622
18391.396109
18171.583726
17964.340522
17736.593704
17518.656373
17287.543327
17060.186839
16838.901100
16601.043932
16370.962931
16136.659015
15924.951074
15699.657370
15467.338502
15240.107172
14998.952928
14758.759201
14526.466359
14287.599244
14058.238835
13834.765351
13602.774120
13388.764768
13178.402816
12953.912129
12734.477203
12511.439463
12276.174083
12041.364786
11828.854547
11600.688985
11398.737772
11176.331101
10945.215409
10730.537823
10523.488580
10312.719035
10098.745612
9892.853213
9684.106669
9471.260554
9265.010343
9053.935366
8866.982890
8675.966959
8480.303281
8271.451986
8072.948022
7882.545649
7691.021051
7502.044203
7323.887577
7148.324228
6959.229520
6783.517284
6616.249152
6432.170289
6263.775826
6104.817768
5932.131992
5767.908330
5611.746857
5451.501710
5308.205251
5162.862656
5007.731625
4853.501160
4709.490012
4575.764903
4438.401974
4305.392466
4161.377454
4021.087874
3894.722981
3769.809036
3646.529947
3524.013745
3409.166716
3296.879741
3183.557711
3074.465868
2971.936025
2874.688623
2783.131551
2685.366543
2592.732564
2505.641689
2418.743304
2327.090699
2242.261994
2148.730392
2069.062243
1996.114725
1918.650333
1844.640646
1768.741089
1702.977246
1636.034628
1569.716350
1505.801668
1443.433195
1387.535984
1330.500044
1277.786745
1220.367473
1170.892853
1120.732554
1071.960554
1026.491775
979.124072
933.885923
895.497749
859.425868
822.933855
783.961801
748.034700
712.451312
678.955414
647.591704
621.348087
590.788432
562.349994
535.924460
509.437264
487.563392
464.070024
440.057476
421.261291
401.286820
381.838753
362.783256
345.030439
326.812209
309.494757
295.215977
280.090641
264.157096
250.749970
238.114503
225.467545
214.182562
204.929236
195.066036
185.142507
175.609056
165.070384
157.385845
148.855556
141.492363
133.694332
125.423487
118.137033
111.368421
104.425189
98.200625
91.879435
86.413669
81.375657
75.643179
70.312844
65.603422
62.050116
58.021814
54.037932
51.979532
49.811429
46.906089
44.615044
42.486145
39.981429
38.199946
35.939913
33.333304
31.374987
29.670485
27.411443
24.755526
23.314389
22.359243
20.763816
19.178098
18.196676
17.122379
15.537159
13.927991
12.747060
11.601200
10.579897
9.960321
9.102988
8.625169
7.933956
7.299796
6.677533
6.200370
5.997607
5.291945
4.823674
4.617462
4.187212
3.845865
3.606332
3.312982
2.746034
2.545211
2.283237
2.034272
1.897382
1.756699
1.638786
1.484291
1.430980
1.395957
1.391122
1.216321
1.222462
1.033509
0.877490
0.841661
0.739230
0.684631
0.537494
0.520482
0.395220
0.307475
0.239146
0.233409
0.218869
0.243747
0.207883
0.193187
0.203736
0.185220
0.163124
0.142351
0.175851
0.195904
0.271543
0.215922
0.243410
0.199417
0.231138
0.265416
0.250902
0.193009
0.228507
0.228164
0.213407
0.204181
0.189597
0.146817
0.147715
0.130932
0.142574
0.164385
0.155418
0.176620
0.149980
0.112129
0.098515
0.071889
0.078507
0.073721
0.078975
0.059502
0.046890
0.028775
0.053817
0.053696
0.064366
0.123243
0.145603
0.137577
0.114066
0.121873
0.110913
0.072430
0.069405
0.061571
0.039900
0.035697
0.035458
0.033406
0.045773
0.041950
0.039256
0.023565
0.017284
0.008591
0.005349
0.006039
0.005180
0.005290
0.004657
0.004810
0.004567
0.000341
0.000000
0.000000
0.000000
0.000000
0.000000
0.000000
0.000000
0.000000
0.000000
0.000000
0.000000
0.000000
0.000000
0.000000
0.000000
0.000000
0.000000
0.000000
0.000000
0.000000
0.000000
0.000000
0.000000
0.000000
0.000000
0.000000
0.000000
0.000000
0.000000
0.000000
0.000000
0.000000
0.000000
0.000000
0.000000
0.000000
0.000000
0.000000
0.000000
0.000000
0.000000
0.000000
0.000000
0.000000
0.000000
0.000000
0.000000
0.000000
0.000000
0.000000
0.000000
0.000000
0.000000
0.000000
0.000000
0.000000
0.000000
0.000000
0.000000
0.000000
0.000000
0.000000
0.000000
0.000000
0.000000
0.000000
0.000000
0.000000
0.000000
0.000000
0.000000
0.000000
0.000000
0.000000
0.000000
0.000000
0.000000
0.000000
0.000000
0.000000
0.000000
0.000000
0.000000
0.000000
0.000000
0.000000
0.000000
0.000000
0.000000
0.000000
0.000000
0.000000
0.000000
0.000000
0.000000
0.000000
0.000000
0.000000
0.000000
0.000000
0.000000
0.000000
0.000000
0.000000
0.000000
0.000000
0.000000
0.000000
0.000000
0.000000
0.000000
0.000000
0.000000
0.000000
0.000000
0.000000
0.000000
0.000000
0.000000
0.000000
0.000000
0.000000
0.000000
0.000000
0.000000
0.000000
0.000000
0.000000
0.000000
0.000000
0.000000
0.000000
0.000000
0.000000
0.000000
0.000000
0.000000
0.000000
0.000000
0.000000
0.000000
0.000000
0.000000
0.000000
0.000000
0.000000
0.000000
0.000000
0.000000
0.000000
0.000000
0.000000
0.000000
0.000000
0.000000
0.000000
0.000000
0.000000
0.000000
0.000000
0.000000
0.000000
0.000000
0.000000
0.000000
0.000000
0.000000
0.000000
0.000000
0.000000
0.000000
0.000000
0.000000
0.000000
0.000000
0.000000
0.000000
0.000000
0.000000
0.000000
0.000000
0.000000
0.000000
0.000000
0.000000
0.000000
0.000000
0.000000
0.000000
0.000000
0.000000
0.000000
0.000000
0.000000
0.000000
0.000000
0.000000
0.000000
0.000000
0.000000
0.000000
0.000000
0.000000
0.000000
0.000000
0.000000
0.000000
0.000000
0.000000
0.000000
0.000000
0.000000
0.000000
0.000000
0.000000
0.000000
0.000000
0.000000
0.000000
0.000000
0.000000
0.000000
0.000000
0.000000
0.000000
0.000000
0.000000
0.000000
0.000000
0.000000
0.000000
0.000000
0.000000
0.000000
0.000000
0.000000
0.000000
0.000000
0.000000
0.000000
0.000000
0.000000
0.000000
0.000000
0.000000
0.000000
0.000000
0.000000
0.000000
0.000000
0.000000
0.000000
0.000000
0.000000
0.000000
0.000000
0.000000
0.000000
0.000000
0.000000
0.000000
0.000000
0.000000
0.000000
0.000000
0.000000
0.000000
0.000000
0.000000
0.000000
0.000000
0.000000
0.000000
0.000000
0.000000
0.000000
0.000000
0.000000
0.000000
0.000000
0.000000
0.000000
0.000000
0.000000
0.000000
0.000000
0.000000
0.000000
0.000000
0.000000
0.000000
0.000000
0.000000
0.000000
0.000000
0.000000
0.000000
0.000000
0.000000
0.000000
0.000000
0.000000
0.000000
0.000000
0.000000
0.000000
0.000000
0.000000
0.000000
0.000000
0.000000
0.000000
0.000000
0.000000
0.000000
0.000000
0.000000
0.000000
0.000000
0.000000
0.000000
0.000000
0.000000
0.000000
0.000000
0.000000
0.000000
0.000000
0.000000
0.000000
0.000000
0.000000
0.000000
0.000000
0.000000
0.000000
0.000000
0.000000
0.000000
0.000000
0.000000
0.000000
0.000000
0.000000
0.000000
0.000000
0.000000
0.000000
0.000000
0.000000
0.000000
0.000000
0.000000
0.000000
0.000000
0.000000
0.000000
0.000000
0.000000
0.000000
0.000000
0.000000
0.000000
0.000000
0.000000
0.000000
0.000000
0.000000
0.000000
0.000000
0.000000
0.000000
0.000000
0.000000
0.000000
0.000000
0.000000
0.000000
0.000000
0.000000
0.000000
0.000000
0.000000
0.000000
0.000000
0.000000
0.000000
0.000000
0.000000
0.000000
0.000000
0.000000
0.000000
0.000000
0.000000
0.000000
0.000000
0.000000
0.000000
0.000000
0.000000
0.000000
0.000000
0.000000
0.000000
0.000000
0.000000
0.000000
0.000000
0.000000
0.000000
0.000000
0.000000
0.000000
0.000000
0.000000
0.000000
0.000000
0.000000
0.000000
0.000000
0.000000
0.000000
0.000000
0.000000
0.000000
0.000000
0.000000
0.000000
0.000000
0.000000
0.000000
0.000000
0.000000
0.000000
0.000000
0.000000
0.000000
0.000000
0.000000
0.000000
0.000000
0.000000
0.000000
0.000000
0.000000
0.000000
0.000000
0.000000
0.000000
0.000000
0.000000
0.000000
0.000000
0.000000
0.000000
0.000000
0.000000
0.000000
0.000000
0.000000
0.000000
0.000000
0.000000
0.000000
0.000000
0.000000
0.000000
0.000000
0.000000
0.000000
0.000000
0.000000
0.000000
0.000000
0.000000
0.000000
0.000000
0.000000
0.000000
0.000000
0.000000
0.000000
0.000000
0.000000
0.000000
0.000000
0.000000
0.000000
0.000000
0.000000
0.000000
0.000000
0.000000
0.000000
0.000000
0.000000
0.000000
0.000000
