0.000000
0.003852
0.190195
1.075222
2.751549
7.252356
17.281857
35.840996
67.628552
124.702886
214.153029
348.643001
541.610568
814.638007
1183.298493
1667.370623
2290.730106
3067.981771
4007.061400
5136.778941
6455.305354
7989.567131
9737.116567
11695.259288
13880.265589
16226.255454
18778.071668
21515.027087
24387.879287
27396.231460
30525.270431
33719.046289
37000.422889
40353.901156
43690.364451
47024.470867
50345.399037
53614.210103
56801.102370
59933.407173
62973.897147
65862.236331
68617.965477
71232.835858
73756.148830
76147.916851
78341.945836
80407.099085
82352.986550
84109.973031
85722.500366
87202.906088
88516.871396
89746.557549
90785.021730
91685.373760
92465.276303
93115.740451
93646.269198
94059.584141
94355.330443
94565.210001
94666.610363
94708.200303
94667.546487
94556.658050
94362.664422
94118.920948
93807.607754
93428.416911
92978.570312
92509.719038
91997.084245
91451.014846
90853.596559
90210.797941
89582.420637
88912.003470
88225.265381
87554.552310
86815.106495
86066.669501
85306.578972
84544.366071
83745.271493
82969.576599
82208.878836
81446.981385
80648.751330
79850.787767
79038.543269
78251.206177
77449.448336
76655.467990
75891.934013
75092.653121
74313.379766
73561.343864
72792.032968
72026.723552
71271.611480
70522.141517
69777.082320
69049.391706
68291.964184
67551.211162
66806.624853
66076.158330
65339.550392
64637.586529
63896.682252
63195.925580
62498.378830
61812.172745
61121.103814
60439.664479
59745.482489
59054.555655
58383.607893
57715.807353
57041.079397
56363.942575
55710.268209
55054.891307
54386.447679
53741.040431
53087.944872
52436.423598
51785.718808
51147.814594
50504.957670
49881.460213
49253.866510
48625.288791
48015.024564
47390.560516
46777.262719
46171.251458
45550.440747
44926.792519
44316.279564
43700.510704
43098.309476
42481.939292
41883.865858
41294.684045
40682.571573
40086.946291
39480.387516
38876.343732
38266.650324
37667.876335
37084.476111
36494.295228
35920.781046
35334.178513
34752.583681
34170.266449
33590.699244
33013.577489
32427.276549
31845.562559
31285.862453
30714.221906
30134.081096
29568.907003
29003.007012
28437.444528
27870.344346
27313.670997
26764.039319
26211.864850
25666.688781
25116.949924
24583.896836
24046.464197
23511.243724
22980.554950
22465.916285
21948.350973
21439.255381
20933.461451
20426.720901
19924.352980
19433.879569
18953.419796
18480.081973
18003.187079
17540.949007
17076.656781
16621.577636
16176.660330
15742.112703
15307.906335
14879.561321
14460.216517
14049.586668
13644.909635
13248.643957
12854.674085
12473.529391
12095.600381
11723.063135
11359.973134
11003.170067
10652.596035
10313.831569
9979.245754
9651.836354
9332.494499
9018.310769
8713.618688
8414.947807
8123.855913
7838.233660
7559.347630
7289.810426
7026.371158
6768.571763
6516.937716
6271.965604
6036.616249
5804.493556
5581.724632
5362.974238
5152.731977
4945.355469
4744.337211
4555.051612
4368.857492
4186.441458
4009.567605
3839.780848
3675.027242
3520.130776
3366.832273
3218.040711
3076.517151
2941.397566
2808.559496
2681.738024
2559.542926
2440.429792
2325.538580
2215.675147
2108.666196
2006.472825
1907.710887
1814.191363
1725.118434
1639.533216
1555.323846
1477.874626
1402.319566
1331.226143
1262.413400
1196.255586
1133.421810
1073.774129
1018.935415
964.691058
912.239774
861.290338
813.010352
767.774794
725.912795
684.815501
645.911820
610.695409
576.589479
543.670424
512.683037
482.779863
454.288547
427.688989
401.047783
375.940826
352.742769
330.843525
310.015402
289.751819
271.710360
254.123781
237.186674
222.132835
207.719268
193.898088
180.531826
168.265793
156.713132
145.930979
135.734960
126.498405
117.824171
109.071707
101.493120
94.567428
87.682716
81.600474
75.325833
69.918532
64.770581
59.873418
55.308346
51.265235
47.380645
43.794254
40.766553
37.900917
35.064276
32.394983
30.137207
27.739213
25.600868
23.643815
21.819664
20.357646
18.730028
17.229029
15.889298
14.845876
13.834603
12.769388
11.825528
11.040677
10.339835
9.577479
8.777741
8.152814
7.425784
6.818339
6.234623
5.700607
5.134738
4.747793
4.401247
4.009321
3.679621
3.297651
2.950672
2.634369
2.468200
2.254629
2.092022
1.866342
1.742121
1.571957
1.432064
1.296229
1.191719
1.112789
0.992111
0.937804
0.811084
0.750726
0.683344
0.660642
0.580424
0.547878
0.493642
0.455387
0.409933
0.363456
0.316570
0.275438
0.224584
0.204160
0.177544
0.139622
0.111767
0.091372
0.084345
0.058861
0.063181
0.054545
0.048804
0.037900
0.032525
0.024455
0.020006
0.020503
0.016200
0.016574
0.013202
0.010739
0.009717
0.006681
0.003819
0.002500
0.000175
0.000000
0.000000
0.000000
0.000000
0.000000
0.000000
0.000000
0.000000
0.000000
0.000000
0.000000
0.000000
0.000000
0.000000
0.000000
0.000000
0.000000
0.000000
0.000000
0.000000
0.000000
0.000000
0.000000
0.000000
0.000000
0.000000
0.000000
0.000000
0.000000
0.000000
0.000000
0.000000
0.000000
0.000000
0.000000
0.000000
0.000000
0.000000
0.000000
0.000000
0.000000
0.000000
0.000000
0.000000
0.000000
0.000000
0.000000
0.000000
0.000000
0.000000
0.000000
0.000000
0.000000
0.000000
0.000000
0.000000
0.000000
0.000000
0.000000
0.000000
0.000000
0.000000
0.000000
0.000000
0.000000
0.000000
0.000000
0.000000
0.000000
0.000000
0.000000
0.000000
0.000000
0.000000
0.000000
0.000000
0.000000
0.000000
0.000000
0.000000
0.000000
0.000000
0.000000
0.000000
0.000000
0.000000
0.000000
0.000000
0.000000
0.000000
0.000000
0.000000
0.000000
0.000000
0.000000
0.000000
0.000000
0.000000
0.000000
0.000000
0.000000
0.000000
0.000000
0.000000
0.000000
0.000000
0.000000
0.000000
0.000000
0.000000
0.000000
0.000000
0.000000
0.000000
0.000000
0.000000
0.000000
0.000000
0.000000
0.000000
0.000000
0.000000
0.000000
0.000000
0.000000
0.000000
0.000000
0.000000
0.000000
0.000000
0.000000
0.000000
0.000000
0.000000
0.000000
0.000000
0.000000
0.000000
0.000000
0.000000
0.000000
0.000000
0.000000
0.000000
0.000000
0.000000
0.000000
0.000000
0.000000
0.000000
0.000000
0.000000
0.000000
0.000000
0.000000
0.000000
0.000000
0.000000
0.000000
0.000000
0.000000
0.000000
0.000000
0.000000
0.000000
0.000000
0.000000
0.000000
0.000000
0.000000
0.000000
0.000000
0.000000
0.000000
0.000000
0.000000
0.000000
0.000000
0.000000
0.000000
0.000000
0.000000
0.000000
0.000000
0.000000
0.000000
0.000000
0.000000
0.000000
0.000000
0.000000
0.000000
0.000000
0.000000
0.000000
0.000000
0.000000
0.000000
0.000000
0.000000
0.000000
0.000000
0.000000
0.000000
0.000000
0.000000
0.000000
0.000000
0.000000
0.000000
0.000000
0.000000
0.000000
0.000000
0.000000
0.000000
0.000000
0.000000
0.000000
0.000000
0.000000
0.000000
0.000000
0.000000
0.000000
0.000000
0.000000
0.000000
0.000000
0.000000
0.000000
0.000000
0.000000
0.000000
0.000000
0.000000
0.000000
0.000000
0.000000
0.000000
0.000000
0.000000
0.000000
0.000000
0.000000
0.000000
0.000000
0.000000
0.000000
0.000000
0.000000
0.000000
0.000000
0.000000
0.000000
0.000000
0.000000
0.000000
0.000000
0.000000
0.000000
0.000000
0.000000
0.000000
0.000000
0.000000
0.000000
0.000000
0.000000
0.000000
0.000000
0.000000
0.000000
0.000000
0.000000
0.000000
0.000000
0.000000
0.000000
0.000000
0.000000
0.000000
0.000000
0.000000
0.000000
0.000000
0.000000
0.000000
0.000000
0.000000
0.000000
0.000000
0.000000
0.000000
0.000000
0.000000
0.000000
0.000000
0.000000
0.000000
0.000000
0.000000
0.000000
0.000000
0.000000
0.000000
0.000000
0.000000
0.000000
0.000000
0.000000
0.000000
0.000000
0.000000
0.000000
0.000000
0.000000
0.000000
0.000000
0.000000
0.000000
0.000000
0.000000
0.000000
0.000000
0.000000
0.000000
0.000000
0.000000
0.000000
0.000000
0.000000
0.000000
0.000000
0.000000
0.000000
0.000000
0.000000
0.000000
0.000000
0.000000
0.000000
0.000000
0.000000
0.000000
0.000000
0.000000
0.000000
0.000000
0.000000
0.000000
0.000000
0.000000
0.000000
0.000000
0.000000
0.000000
0.000000
0.000000
0.000000
0.000000
0.000000
0.000000
0.000000
0.000000
0.000000
0.000000
0.000000
0.000000
0.000000
0.000000
0.000000
0.000000
0.000000
0.000000
0.000000
0.000000
0.000000
0.000000
0.000000
0.000000
0.000000
0.000000
0.000000
0.000000
0.000000
0.000000
0.000000
0.000000
0.000000
0.000000
0.000000
0.000000
0.000000
0.000000
0.000000
0.000000
0.000000
0.000000
0.000000
0.000000
0.000000
0.000000
0.000000
0.000000
0.000000
0.000000
0.000000
0.000000
0.000000
0.000000
0.000000
0.000000
0.000000
0.000000
0.000000
0.000000
0.000000
0.000000
0.000000
0.000000
0.000000
0.000000
0.000000
0.000000
0.000000
0.000000
0.000000
0.000000
0.000000
0.000000
0.000000
0.000000
0.000000
0.000000
0.000000
0.000000
0.000000
0.000000
0.000000
0.000000
0.000000
0.000000
0.000000
0.000000
0.000000
0.000000
0.000000
0.000000
0.000000
0.000000
0.000000
0.000000
0.000000
0.000000
0.000000
0.000000
0.000000
0.000000
0.000000
0.000000
0.000000
0.000000
0.000000
0.000000
0.000000
0.000000
0.000000
0.000000
0.000000
0.000000
0.000000
0.000000
0.000000
0.000000
0.000000
0.000000
0.000000
0.000000
0.000000
0.000000
0.000000
0.000000
0.000000
0.000000
0.000000
0.000000
0.000000
0.000000
0.000000
0.000000
0.000000
0.000000
0.000000
0.000000
0.000000
0.000000
0.000000
0.000000
0.000000
0.000000
0.000000
0.000000
0.000000
0.000000
0.000000
0.000000
0.000000
0.000000
0.000000
0.000000
0.000000
0.000000
0.000000
0.000000
0.000000
0.000000
0.000000
0.000000
0.000000
0.000000
0.000000
0.000000
0.000000
0.000000
0.000000
0.000000
0.000000
0.000000
0.000000
0.000000
0.000000
0.000000
0.000000
0.000000
0.000000
0.000000
0.000000
0.000000
0.000000
0.000000
0.000000
0.000000
0.000000
0.000000
0.000000
0.000000
0.000000
0.000000
0.000000
0.000000
0.000000
0.000000
0.000000
0.000000
0.000000
0.000000
0.000000
0.000000
0.000000
0.000000
0.000000
0.000000
0.000000
0.000000
0.000000
0.000000
0.000000
0.000000
0.000000
0.000000
0.000000
0.000000
0.000000
0.000000
0.000000
0.000000
0.000000
0.000000
0.000000
0.000000
0.000000
0.000000
0.000000
0.000000
0.000000
0.000000
0.000000
0.000000
0.000000
0.000000
0.000000
0.000000
0.000000
0.000000
0.000000
0.000000
0.000000
0.000000
0.000000
0.000000
0.000000
0.000000
0.000000
0.000000
0.000000
0.000000
0.000000
0.000000
0.000000
0.000000
