0.000000
0.000000
0.000000
0.000000
0.000000
0.000000
1.127707
5.751798
8.143570
19.027841
28.978440
48.874056
88.013431
123.428162
243.460640
374.429154
597.426663
839.611225
1190.153137
1583.792675
2153.349321
2825.534517
3649.300735
4671.477340
5702.941404
6899.963622
8247.597484
9827.488078
11578.391082
13413.334525
15396.353265
17485.732640
19944.342775
22460.619195
24903.267587
27541.015800
30050.659438
32656.910609
35378.186301
38015.883700
40895.071824
43414.605377
46239.749087
48958.231713
51662.397283
54675.241204
57269.435902
59877.085867
62235.772110
64420.571308
66686.376744
68938.283523
71088.041311
73466.301317
75328.198338
77187.489609
78849.158592
80211.769519
81721.210640
83219.527490
84488.749560
85772.399162
86794.227038
87540.613818
88706.245153
89671.558267
90008.775031
90325.816237
90750.910560
90938.748527
91371.799376
91599.723863
91819.582157
91718.693454
91646.802865
92014.956111
91925.687978
91520.720494
91307.604296
91018.956389
90941.246762
90558.785265
90213.057252
89877.062860
89542.776838
89145.592355
88283.830249
87785.776276
87450.514592
87069.306566
86502.733810
86050.795803
85467.764368
84806.806968
84141.481632
83581.981757
82861.483799
82233.630961
81403.457303
80599.406914
79543.490091
78698.323068
78131.780822
77632.345148
76841.775960
75948.133778
75264.799414
74275.982361
73678.250173
72835.595291
72015.897796
71376.970557
70584.390313
69905.829267
69276.571990
68346.768958
67704.262737
66854.642667
66048.684535
65352.557144
64527.160326
63663.995999
62802.284223
61873.001044
61059.079250
60216.410461
59511.408110
58727.419051
57952.224599
57130.279126
56481.439964
55752.267021
54851.761920
54034.050411
53248.144899
52493.809171
51764.455390
51065.088755
50311.584014
49528.663161
48970.509888
48225.942863
47537.513936
46756.935423
46039.312248
45239.810556
44593.022896
43898.744932
43055.066544
42307.477575
41531.470886
40685.565273
40177.036897
39514.579117
38870.434954
38193.206003
37391.913616
36812.024894
36191.146107
35488.958119
34726.916485
34097.638389
33453.932894
32764.015535
32200.338703
31624.341791
31016.210608
30391.482631
29722.791390
29072.581149
28540.795595
27974.805860
27392.325331
26804.383206
26366.423617
25926.455978
25395.552089
24951.490641
24367.430270
23950.671490
23403.776105
22883.969167
22345.442037
21816.497881
21357.018002
20892.151546
20443.195735
19856.579397
19342.832215
18887.229526
18452.295114
18009.323110
17514.951372
17126.144016
16697.401594
16244.929212
15863.696451
15465.170964
15082.155714
14667.698076
14252.867039
13838.315795
13495.437612
13152.628657
12841.591498
12492.473758
12183.639296
11825.383936
11472.218025
11235.237957
10911.747371
10611.308611
10346.745508
10109.391635
9878.991651
9639.307422
9373.990574
9096.746751
8799.423579
8518.730761
8279.779778
8032.467651
7814.209882
7606.959464
7362.890653
7143.485067
6961.326367
6680.237263
6483.909361
6279.636679
6085.412699
5871.709282
5649.720143
5477.330071
5299.440074
5155.943296
4983.925812
4804.848053
4670.001996
4487.153340
4347.400986
4192.153521
4036.641031
3877.427991
3772.165438
3630.341214
3493.697660
3364.589756
3240.364323
3142.350320
3033.590861
2940.587955
2808.734884
2705.567071
2635.709447
2550.044866
2457.768908
2348.937187
2247.260199
2157.440490
2071.486331
1988.234494
1910.462727
1814.778224
1746.472630
1666.194963
1609.320410
1550.783543
1495.184561
1425.604306
1361.497060
1309.817038
1285.590574
1248.706697
1197.425773
1152.040423
1101.882585
1063.358433
1008.926385
949.633115
902.256328
863.909048
816.762014
789.705798
756.656721
724.188025
684.581756
662.656944
629.443310
603.902292
575.917693
555.919165
531.186285
505.292747
485.723101
469.502813
450.279844
431.725625
408.784826
381.240814
369.428811
351.498922
325.633448
308.742011
293.571622
276.310151
262.162350
244.349564
231.432438
220.299489
201.505101
190.704514
180.548949
171.978477
164.363935
157.828687
154.960417
145.459982
138.488937
133.788147
130.099665
125.382139
119.527199
115.992941
114.382563
109.272580
103.197060
99.732255
95.916558
90.713178
82.351724
78.631368
73.771025
65.780188
63.633333
58.496293
55.160165
50.910832
46.926237
44.861604
43.838706
41.362083
39.853302
37.704549
35.047715
30.226655
28.318432
27.785684
25.911238
25.585258
24.783504
24.467973
23.916675
22.009741
21.212504
19.403583
19.166833
18.794831
16.370146
16.519587
14.498746
13.445970
11.773999
11.316892
8.958805
8.542714
7.897786
7.641775
7.572059
7.498224
6.389230
5.864413
5.667014
5.054159
5.567585
5.427892
4.764493
4.384061
3.494964
3.332871
2.990131
2.791720
2.461944
2.476853
2.218284
1.806415
1.445634
1.841062
1.857026
1.579242
1.193745
1.611095
1.505647
1.722584
1.700012
1.655247
1.521968
1.302783
1.007717
0.987321
0.816480
0.561844
0.280969
0.424537
0.596568
0.377971
0.460181
0.298943
0.109122
0.150146
0.206406
0.072636
0.000585
0.000000
0.000000
0.000000
0.000000
0.000000
0.000000
0.000000
0.000000
0.000000
0.000000
0.000000
0.000000
0.000000
0.000000
0.000000
0.000000
0.000000
0.000000
0.000000
0.000000
0.000000
0.000000
0.000000
0.000000
0.000000
0.000000
0.000000
0.000000
0.000000
0.000000
0.000000
0.000000
0.000000
0.000000
0.000000
0.000000
0.000000
0.000000
0.000000
0.000000
0.000000
0.000000
0.000000
0.000000
0.000000
0.000000
0.000000
0.000000
0.000000
0.000000
0.000000
0.000000
0.000000
0.000000
0.000000
0.000000
0.000000
0.000000
0.000000
0.000000
0.000000
0.000000
0.000000
0.000000
0.000000
0.000000
0.000000
0.000000
0.000000
0.000000
0.000000
0.000000
0.000000
0.000000
0.000000
0.000000
0.000000
0.000000
0.000000
0.000000
0.000000
0.000000
0.000000
0.000000
0.000000
0.000000
0.000000
0.000000
0.000000
0.000000
0.000000
0.000000
0.000000
0.000000
0.000000
0.000000
0.000000
0.000000
0.000000
0.000000
0.000000
0.000000
0.000000
0.000000
0.000000
0.000000
0.000000
0.000000
0.000000
0.000000
0.000000
0.000000
0.000000
0.000000
0.000000
0.000000
0.000000
0.000000
0.000000
0.000000
0.000000
0.000000
0.000000
0.000000
0.000000
0.000000
0.000000
0.000000
0.000000
0.000000
0.000000
0.000000
0.000000
0.000000
0.000000
0.000000
0.000000
0.000000
0.000000
0.000000
0.000000
0.000000
0.000000
0.000000
0.000000
0.000000
0.000000
0.000000
0.000000
0.000000
0.000000
0.000000
0.000000
0.000000
0.000000
0.000000
0.000000
0.000000
0.000000
0.000000
0.000000
0.000000
0.000000
0.000000
0.000000
0.000000
0.000000
0.000000
0.000000
0.000000
0.000000
0.000000
0.000000
0.000000
0.000000
0.000000
0.000000
0.000000
0.000000
0.000000
0.000000
0.000000
0.000000
0.000000
0.000000
0.000000
0.000000
0.000000
0.000000
0.000000
0.000000
0.000000
0.000000
0.000000
0.000000
0.000000
0.000000
0.000000
0.000000
0.000000
0.000000
0.000000
0.000000
0.000000
0.000000
0.000000
0.000000
0.000000
0.000000
0.000000
0.000000
0.000000
0.000000
0.000000
0.000000
0.000000
0.000000
0.000000
0.000000
0.000000
0.000000
0.000000
0.000000
0.000000
0.000000
0.000000
0.000000
0.000000
0.000000
0.000000
0.000000
0.000000
0.000000
0.000000
0.000000
0.000000
0.000000
0.000000
0.000000
0.000000
0.000000
0.000000
0.000000
0.000000
0.000000
0.000000
0.000000
0.000000
0.000000
0.000000
0.000000
0.000000
0.000000
0.000000
0.000000
0.000000
0.000000
0.000000
0.000000
0.000000
0.000000
0.000000
0.000000
0.000000
0.000000
0.000000
0.000000
0.000000
0.000000
0.000000
0.000000
0.000000
0.000000
0.000000
0.000000
0.000000
0.000000
0.000000
0.000000
0.000000
0.000000
0.000000
0.000000
0.000000
0.000000
0.000000
0.000000
0.000000
0.000000
0.000000
0.000000
0.000000
0.000000
0.000000
0.000000
0.000000
0.000000
0.000000
0.000000
0.000000
0.000000
0.000000
0.000000
0.000000
0.000000
0.000000
0.000000
0.000000
0.000000
0.000000
0.000000
0.000000
0.000000
0.000000
0.000000
0.000000
0.000000
0.000000
0.000000
0.000000
0.000000
0.000000
0.000000
0.000000
0.000000
0.000000
0.000000
0.000000
0.000000
0.000000
0.000000
0.000000
0.000000
0.000000
0.000000
0.000000
0.000000
0.000000
0.000000
0.000000
0.000000
0.000000
0.000000
0.000000
0.000000
0.000000
0.000000
0.000000
0.000000
0.000000
0.000000
0.000000
0.000000
0.000000
0.000000
0.000000
0.000000
0.000000
0.000000
0.000000
0.000000
0.000000
0.000000
0.000000
0.000000
0.000000
0.000000
0.000000
0.000000
0.000000
0.000000
0.000000
0.000000
0.000000
0.000000
0.000000
0.000000
0.000000
0.000000
0.000000
0.000000
0.000000
0.000000
0.000000
0.000000
0.000000
0.000000
0.000000
0.000000
0.000000
0.000000
0.000000
0.000000
0.000000
0.000000
0.000000
0.000000
0.000000
0.000000
0.000000
0.000000
0.000000
0.000000
0.000000
0.000000
0.000000
0.000000
0.000000
0.000000
0.000000
0.000000
0.000000
0.000000
0.000000
0.000000
0.000000
0.000000
0.000000
0.000000
0.000000
0.000000
0.000000
0.000000
0.000000
0.000000
0.000000
0.000000
0.000000
0.000000
0.000000
0.000000
0.000000
0.000000
0.000000
0.000000
0.000000
0.000000
0.000000
0.000000
0.000000
0.000000
0.000000
0.000000
0.000000
0.000000
0.000000
0.000000
0.000000
0.000000
0.000000
0.000000
0.000000
0.000000
0.000000
0.000000
0.000000
0.000000
0.000000
0.000000
0.000000
0.000000
0.000000
0.000000
0.000000
0.000000
0.000000
0.000000
0.000000
0.000000
0.000000
0.000000
0.000000
0.000000
0.000000
0.000000
0.000000
0.000000
0.000000
0.000000
0.000000
0.000000
0.000000
0.000000
0.000000
0.000000
0.000000
0.000000
0.000000
0.000000
0.000000
0.000000
0.000000
0.000000
0.000000
0.000000
0.000000
0.000000
0.000000
0.000000
0.000000
0.000000
0.000000
0.000000
0.000000
0.000000
0.000000
0.000000
0.000000
0.000000
0.000000
0.000000
0.000000
0.000000
0.000000
0.000000
0.000000
0.000000
0.000000
0.000000
0.000000
0.000000
0.000000
0.000000
0.000000
0.000000
0.000000
0.000000
0.000000
0.000000
0.000000
0.000000
0.000000
0.000000
0.000000
0.000000
0.000000
0.000000
0.000000
0.000000
0.000000
0.000000
0.000000
0.000000
0.000000
0.000000
0.000000
0.000000
0.000000
0.000000
0.000000
0.000000
0.000000
0.000000
0.000000
0.000000
0.000000
0.000000
0.000000
0.000000
0.000000
0.000000
0.000000
0.000000
0.000000
0.000000
0.000000
0.000000
0.000000
0.000000
0.000000
0.000000
0.000000
0.000000
0.000000
0.000000
0.000000
0.000000
0.000000
0.000000
0.000000
0.000000
0.000000
0.000000
0.000000
0.000000
0.000000
0.000000
0.000000
