0.000000
0.043096
0.122064
0.319207
0.636845
1.863806
4.371885
9.597154
19.743535
36.768992
65.533091
111.291927
179.038052
275.829205
420.494676
614.539307
871.487802
1210.049517
1636.625943
2158.564050
2807.809811
3581.296411
4498.311475
5564.859964
6789.999666
8172.358488
9738.031070
11438.020344
13321.720249
15372.008854
17551.652602
19893.381589
22382.808511
24985.564788
27695.062875
30485.520695
33348.774047
36270.930753
39231.793684
42231.341676
45239.787025
48256.949712
51243.821552
54169.439483
57075.705604
59931.885296
62719.853635
65421.563103
68030.965090
70559.765352
72965.603878
75257.240397
77431.308926
79517.687430
81510.303871
83408.731583
85128.293037
86742.106034
88227.052077
89642.865750
90950.314420
92151.573431
93222.419692
94193.910631
95095.703593
95851.782164
96502.618249
97060.300352
97562.139227
97983.039224
98319.329378
98578.456616
98751.753341
98827.825082
98847.306021
98798.240564
98687.402784
98503.469617
98275.944935
98011.155724
97679.507009
97261.115152
96823.164739
96372.958203
95848.693740
95292.478098
94680.588174
94035.688418
93373.562399
92699.714775
92013.350492
91264.411673
90495.109536
89723.855569
88964.158194
88166.984607
87325.388366
86482.872446
85616.758061
84744.596031
83881.668840
83026.880484
82134.536180
81254.574658
80347.596164
79450.463753
78547.960913
77647.745550
76736.600490
75824.269303
74911.145161
73985.738053
73083.657403
72174.353172
71258.149781
70352.420593
69418.776066
68474.283253
67569.455881
66631.241885
65701.448988
64771.769832
63853.338731
62927.574163
62007.726913
61093.632535
60192.319704
59280.432964
58378.379909
57467.499973
56554.389125
55648.962482
54752.457492
53857.043287
52977.333886
52089.468302
51193.728971
50317.881305
49434.793874
48576.308275
47704.956602
46840.823321
45967.514143
45108.114594
44269.503826
43422.863566
42579.103375
41751.985006
40935.677431
40118.107407
39290.912809
38474.507485
37658.019247
36865.955443
36089.393526
35307.299547
34539.634623
33764.971631
33013.190453
32263.576060
31509.381943
30778.531236
30058.832488
29337.337774
28630.810588
27930.625808
27237.936292
26561.593704
25886.316284
25225.772087
24573.708474
23940.842851
23303.857371
22681.579716
22064.808033
21455.222935
20859.117820
20273.687623
19690.741986
19132.188868
18576.075185
18028.185695
17495.765123
16965.949627
16452.311319
15945.497931
15449.794363
14962.225981
14482.578132
14017.379588
13564.091164
13119.334529
12685.268280
12261.942794
11848.532310
11440.374609
11042.027761
10657.570185
10280.354008
9904.975742
9545.635592
9191.689350
8849.414173
8521.179064
8206.259760
7889.608918
7582.865392
7286.066207
6995.936478
6717.938776
6447.156714
6182.468081
5928.426209
5677.552892
5441.550969
5212.406924
4987.460988
4770.637378
4560.036583
4360.600074
4168.968735
3983.445491
3803.453390
3631.377729
3465.864290
3307.690486
3153.039707
3004.753533
2860.823004
2724.354663
2592.945490
2467.008320
2345.792068
2230.767737
2121.056214
2013.307686
1911.875715
1812.143650
1718.735324
1629.047871
1545.331454
1463.168704
1384.110948
1311.574289
1241.651756
1172.949249
1107.251091
1047.107676
990.676504
934.985714
882.516179
832.261599
785.415374
740.247538
697.011342
655.261598
616.221734
579.319970
543.528440
509.763064
478.932475
449.719254
421.361061
395.160006
370.845997
348.209795
325.410127
304.598792
284.696048
266.420184
248.494760
231.676448
216.346860
201.210448
188.374073
175.432104
162.822890
151.595125
141.087689
130.934497
121.469548
113.141037
105.138017
97.563267
89.798318
83.396632
77.298666
71.815442
66.474386
61.567457
56.727054
52.386036
48.445810
44.931324
41.489832
38.091973
35.090137
32.334097
29.666027
27.218370
25.110165
23.131684
21.322039
19.733865
18.138199
16.821819
15.526639
14.160332
12.916884
11.814687
11.049946
10.111251
9.342124
8.607871
7.888001
7.376843
6.663138
6.126313
5.616230
5.162892
4.643825
4.216749
3.865649
3.492086
3.215894
2.853436
2.589079
2.341946
2.145306
1.937999
1.790956
1.642194
1.456507
1.302830
1.173041
1.023485
0.934240
0.873484
0.793093
0.704940
0.639122
0.557703
0.494155
0.436002
0.389482
0.341725
0.309053
0.289672
0.232513
0.189402
0.165241
0.155754
0.128235
0.122310
0.103931
0.083278
0.078121
0.063326
0.056869
0.047897
0.039042
0.034310
0.036236
0.031085
0.028688
0.023343
0.018186
0.017891
0.013215
0.012953
0.011257
0.011993
0.011094
0.011128
0.007499
0.004480
0.004640
0.004409
0.005880
0.006315
0.005859
0.006696
0.005511
0.004161
0.003193
0.003004
0.002777
0.003270
0.002292
0.002292
0.003972
0.004772
0.004420
0.004432
0.004243
0.005227
0.004936
0.005372
0.004205
0.005064
0.005309
0.003800
0.004664
0.005533
0.003776
0.003032
0.001351
0.000013
0.000000
0.000000
0.000000
0.000000
0.000000
0.000000
0.000000
0.000000
0.000000
0.000000
0.000000
0.000000
0.000000
0.000000
0.000000
0.000000
0.000000
0.000000
0.000000
0.000000
0.000000
0.000000
0.000000
0.000000
0.000000
0.000000
0.000000
0.000000
0.000000
0.000000
0.000000
0.000000
0.000000
0.000000
0.000000
0.000000
0.000000
0.000000
0.000000
0.000000
0.000000
0.000000
0.000000
0.000000
0.000000
0.000000
0.000000
0.000000
0.000000
0.000000
0.000000
0.000000
0.000000
0.000000
0.000000
0.000000
0.000000
0.000000
0.000000
0.000000
0.000000
0.000000
0.000000
0.000000
0.000000
0.000000
0.000000
0.000000
0.000000
0.000000
0.000000
0.000000
0.000000
0.000000
0.000000
0.000000
0.000000
0.000000
0.000000
0.000000
0.000000
0.000000
0.000000
0.000000
0.000000
0.000000
0.000000
0.000000
0.000000
0.000000
0.000000
0.000000
0.000000
0.000000
0.000000
0.000000
0.000000
0.000000
0.000000
0.000000
0.000000
0.000000
0.000000
0.000000
0.000000
0.000000
0.000000
0.000000
0.000000
0.000000
0.000000
0.000000
0.000000
0.000000
0.000000
0.000000
0.000000
0.000000
0.000000
0.000000
0.000000
0.000000
0.000000
0.000000
0.000000
0.000000
0.000000
0.000000
0.000000
0.000000
0.000000
0.000000
0.000000
0.000000
0.000000
0.000000
0.000000
0.000000
0.000000
0.000000
0.000000
0.000000
0.000000
0.000000
0.000000
0.000000
0.000000
0.000000
0.000000
0.000000
0.000000
0.000000
0.000000
0.000000
0.000000
0.000000
0.000000
0.000000
0.000000
0.000000
0.000000
0.000000
0.000000
0.000000
0.000000
0.000000
0.000000
0.000000
0.000000
0.000000
0.000000
0.000000
0.000000
0.000000
0.000000
0.000000
0.000000
0.000000
0.000000
0.000000
0.000000
0.000000
0.000000
0.000000
0.000000
0.000000
0.000000
0.000000
0.000000
0.000000
0.000000
0.000000
0.000000
0.000000
0.000000
0.000000
0.000000
0.000000
0.000000
0.000000
0.000000
0.000000
0.000000
0.000000
0.000000
0.000000
0.000000
0.000000
0.000000
0.000000
0.000000
0.000000
0.000000
0.000000
0.000000
0.000000
0.000000
0.000000
0.000000
0.000000
0.000000
0.000000
0.000000
0.000000
0.000000
0.000000
0.000000
0.000000
0.000000
0.000000
0.000000
0.000000
0.000000
0.000000
0.000000
0.000000
0.000000
0.000000
0.000000
0.000000
0.000000
0.000000
0.000000
0.000000
0.000000
0.000000
0.000000
0.000000
0.000000
0.000000
0.000000
0.000000
0.000000
0.000000
0.000000
0.000000
0.000000
0.000000
0.000000
0.000000
0.000000
0.000000
0.000000
0.000000
0.000000
0.000000
0.000000
0.000000
0.000000
0.000000
0.000000
0.000000
0.000000
0.000000
0.000000
0.000000
0.000000
0.000000
0.000000
0.000000
0.000000
0.000000
0.000000
0.000000
0.000000
0.000000
0.000000
0.000000
0.000000
0.000000
0.000000
0.000000
0.000000
0.000000
0.000000
0.000000
0.000000
0.000000
0.000000
0.000000
0.000000
0.000000
0.000000
0.000000
0.000000
0.000000
0.000000
0.000000
0.000000
0.000000
0.000000
0.000000
0.000000
0.000000
0.000000
0.000000
0.000000
0.000000
0.000000
0.000000
0.000000
0.000000
0.000000
0.000000
0.000000
0.000000
0.000000
0.000000
0.000000
0.000000
0.000000
0.000000
0.000000
0.000000
0.000000
0.000000
0.000000
0.000000
0.000000
0.000000
0.000000
0.000000
0.000000
0.000000
0.000000
0.000000
0.000000
0.000000
0.000000
0.000000
0.000000
0.000000
0.000000
0.000000
0.000000
0.000000
0.000000
0.000000
0.000000
0.000000
0.000000
0.000000
0.000000
0.000000
0.000000
0.000000
0.000000
0.000000
0.000000
0.000000
0.000000
0.000000
0.000000
0.000000
0.000000
0.000000
0.000000
0.000000
0.000000
0.000000
0.000000
0.000000
0.000000
0.000000
0.000000
0.000000
0.000000
0.000000
0.000000
0.000000
0.000000
0.000000
0.000000
0.000000
0.000000
0.000000
0.000000
0.000000
0.000000
0.000000
0.000000
0.000000
0.000000
0.000000
0.000000
0.000000
0.000000
0.000000
0.000000
0.000000
0.000000
0.000000
0.000000
0.000000
0.000000
0.000000
0.000000
0.000000
0.000000
0.000000
0.000000
0.000000
0.000000
0.000000
0.000000
0.000000
0.000000
0.000000
0.000000
0.000000
0.000000
0.000000
0.000000
0.000000
0.000000
0.000000
0.000000
0.000000
0.000000
0.000000
0.000000
0.000000
0.000000
0.000000
0.000000
0.000000
0.000000
0.000000
0.000000
0.000000
0.000000
0.000000
0.000000
0.000000
0.000000
0.000000
0.000000
0.000000
0.000000
0.000000
0.000000
0.000000
0.000000
0.000000
0.000000
0.000000
0.000000
0.000000
0.000000
0.000000
0.000000
0.000000
0.000000
0.000000
0.000000
0.000000
0.000000
0.000000
0.000000
0.000000
0.000000
0.000000
0.000000
0.000000
0.000000
0.000000
0.000000
0.000000
0.000000
0.000000
0.000000
0.000000
0.000000
0.000000
0.000000
0.000000
0.000000
0.000000
0.000000
0.000000
0.000000
0.000000
0.000000
0.000000
0.000000
0.000000
0.000000
0.000000
0.000000
0.000000
0.000000
0.000000
0.000000
0.000000
0.000000
0.000000
0.000000
0.000000
0.000000
0.000000
0.000000
0.000000
0.000000
0.000000
0.000000
0.000000
0.000000
0.000000
0.000000
0.000000
0.000000
0.000000
0.000000
0.000000
0.000000
0.000000
0.000000
0.000000
0.000000
0.000000
0.000000
0.000000
0.000000
0.000000
0.000000
0.000000
0.000000
0.000000
0.000000
0.000000
0.000000
0.000000
0.000000
0.000000
0.000000
0.000000
0.000000
0.000000
0.000000
0.000000
0.000000
0.000000
0.000000
0.000000
0.000000
0.000000
0.000000
0.000000
0.000000
0.000000
0.000000
0.000000
0.000000
0.000000
0.000000
0.000000
0.000000
0.000000
0.000000
0.000000
0.000000
0.000000
0.000000
0.000000
0.000000
0.000000
0.000000
0.000000
0.000000
0.000000
0.000000
0.000000
0.000000
