0.000000
0.000000
0.000000
0.000000
0.000000
0.000000
0.000000
0.000000
0.000000
0.000000
0.000000
0.000000
0.019034
0.275414
0.416477
0.531398
1.012847
3.048641
5.685231
9.729083
18.859875
36.059309
65.304475
112.658533
191.320393
311.203401
489.926047
743.000203
1098.987453
1594.506678
2251.436855
3103.989057
4221.478370
5591.322429
7299.631879
9363.532586
11786.679104
14607.983807
17832.559894
21460.372764
25604.631132
30079.029141
34896.240799
39989.439060
45322.478964
50855.632354
56558.276116
62314.863105
67984.865307
73582.912476
79135.550145
84494.956612
89543.339459
94289.569951
98715.780683
102782.310861
106499.539818
109742.049236
112648.161421
115155.780933
117179.860712
118887.023830
120273.267062
121191.896060
121761.314592
122116.006002
122187.363336
121904.956740
121437.956009
120793.240355
119834.689649
118780.540973
117611.629946
116382.023027
114978.533526
113487.872536
111963.689566
110435.068029
108852.121751
107227.654550
105589.911710
103962.030553
102319.651610
100705.405885
99138.054991
97563.038976
96111.108287
94690.762608
93303.000283
91993.179442
90706.075183
89467.690083
88272.116238
87113.610928
85998.142250
84949.854273
83921.170336
82993.320251
82128.250279
81273.534938
80481.780989
79715.811645
79009.677391
78323.661313
77652.554488
77083.975006
76506.007821
75997.046899
75462.849096
75051.272439
74655.297021
74225.732120
73872.112450
73478.510388
73146.170346
72803.754422
72442.393885
72086.076572
71792.261408
71416.453206
71091.378222
70722.048381
70303.849454
69861.951633
69420.241784
68911.776416
68431.045876
67865.057914
67308.656583
66718.002135
66064.405766
65408.077818
64751.799011
64022.250594
63230.191168
62382.620222
61553.517558
60672.249760
59668.738374
58662.398293
57627.326930
56581.705283
55460.664780
54311.866582
53125.939537
51924.965032
50624.169867
49323.812564
47998.880229
46647.432498
45250.028700
43875.552474
42483.009422
41097.989650
39674.675146
38226.436670
36771.962172
35339.038339
33932.087597
32492.859108
31096.144013
29714.637056
28359.869701
27018.773024
25698.690312
24406.845248
23124.116114
21872.005883
20666.872568
19507.983665
18384.312401
17287.491584
16248.448975
15228.518643
14235.166226
13299.527643
12394.901495
11539.018872
10715.125520
9933.927581
9198.623409
8504.536966
7850.224070
7231.594006
6659.306261
6100.058831
5588.633512
5114.446371
4669.849435
4249.744383
3868.634724
3517.297288
3187.284317
2889.080462
2606.417516
2349.925097
2115.994129
1903.650028
1712.310110
1531.785291
1368.316962
1227.696305
1091.788607
969.076066
858.137562
759.218038
671.200770
588.635907
522.763764
461.922208
405.249080
353.880845
307.380469
269.833751
235.143697
205.058392
176.662346
152.471366
131.301193
113.800766
98.562582
83.961759
72.847472
62.503256
52.183929
43.610540
37.232873
31.702259
26.197163
22.408429
19.188992
15.840258
13.476860
11.081627
9.139031
7.559026
6.446154
5.242593
4.218293
3.496484
3.050084
2.480464
2.028230
1.533560
1.153748
0.984659
0.719876
0.529768
0.462857
0.332642
0.250514
0.177666
0.140794
0.128243
0.066743
0.039857
0.031265
0.030051
0.020121
0.005594
0.008335
0.000000
0.000000
0.000000
0.000000
0.000000
0.000000
0.000000
0.000000
0.000000
0.000000
0.000000
0.000000
0.000000
0.000000
0.000000
0.000000
0.000000
0.000000
0.000000
0.000000
0.000000
0.000000
0.000000
0.000000
0.000000
0.000000
0.000000
0.000000
0.000000
0.000000
0.000000
0.000000
0.000000
0.000000
0.000000
0.000000
0.000000
0.000000
0.000000
0.000000
0.000000
0.000000
0.000000
0.000000
0.000000
0.000000
0.000000
0.000000
0.000000
0.000000
0.000000
0.000000
0.000000
0.000000
0.000000
0.000000
0.000000
0.000000
0.000000
0.000000
0.000000
0.000000
0.000000
0.000000
0.000000
0.000000
0.000000
0.000000
0.000000
0.000000
0.000000
0.000000
0.000000
0.000000
0.000000
0.000000
0.000000
0.000000
0.000000
0.000000
0.000000
0.000000
0.000000
0.000000
0.000000
0.000000
0.000000
0.000000
0.000000
0.000000
0.000000
0.000000
0.000000
0.000000
0.000000
0.000000
0.000000
0.000000
0.000000
0.000000
0.000000
0.000000
0.000000
0.000000
0.000000
0.000000
0.000000
0.000000
0.000000
0.000000
0.000000
0.000000
0.000000
0.000000
0.000000
0.000000
0.000000
0.000000
0.000000
0.000000
0.000000
0.000000
0.000000
0.000000
0.000000
0.000000
0.000000
0.000000
0.000000
0.000000
0.000000
0.000000
0.000000
0.000000
0.000000
0.000000
0.000000
0.000000
0.000000
0.000000
0.000000
0.000000
0.000000
0.000000
0.000000
0.000000
0.000000
0.000000
0.000000
0.000000
0.000000
0.000000
0.000000
0.000000
0.000000
0.000000
0.000000
0.000000
0.000000
0.000000
0.000000
0.000000
0.000000
0.000000
0.000000
0.000000
0.000000
0.000000
0.000000
0.000000
0.000000
0.000000
0.000000
0.000000
0.000000
0.000000
0.000000
0.000000
0.000000
0.000000
0.000000
0.000000
0.000000
0.000000
0.000000
0.000000
0.000000
0.000000
0.000000
0.000000
0.000000
0.000000
0.000000
0.000000
0.000000
0.000000
0.000000
0.000000
0.000000
0.000000
0.000000
0.000000
0.000000
0.000000
0.000000
0.000000
0.000000
0.000000
0.000000
0.000000
0.000000
0.000000
0.000000
0.000000
0.000000
0.000000
0.000000
0.000000
0.000000
0.000000
0.000000
0.000000
0.000000
0.000000
0.000000
0.000000
0.000000
0.000000
0.000000
0.000000
0.000000
0.000000
0.000000
0.000000
0.000000
0.000000
0.000000
0.000000
0.000000
0.000000
