0.000000
0.000000
0.000000
0.000000
0.048481
0.086295
0.115278
0.547045
1.989549
2.871397
6.659290
10.898424
15.934046
30.477277
45.884921
72.216554
116.330596
173.121855
246.303548
357.523956
494.308251
669.448102
905.844236
1199.684724
1570.874644
2018.102607
2547.657861
3168.419178
3911.379930
4767.943378
5736.652699
6841.108545
8084.883345
9463.142811
10978.425273
12668.154922
14454.298533
16362.281714
18399.488343
20646.820006
22981.053668
25470.168712
28011.427196
30637.491204
33374.434755
36112.060132
39089.565104
42033.955056
45102.231281
48156.038842
51230.373213
54319.351916
57313.321764
60426.720314
63455.442572
66431.661920
69409.533052
72297.476769
75127.959794
77874.016327
80609.225068
83212.555063
85716.629684
88085.636365
90421.750024
92622.379038
94609.027264
96586.353593
98416.503643
100114.697034
101684.215783
103128.390301
104570.337332
105793.433170
106988.800687
107981.062117
108869.689961
109732.609721
110400.637219
110924.920539
111454.815387
111845.037895
112083.458200
112322.473079
112427.734225
112424.664025
112353.435027
112067.740917
111860.496249
111539.252593
111119.646816
110632.790608
109982.421228
109349.217608
108684.330358
107956.403606
107006.032473
106191.918599
105275.425375
104312.206904
103274.976646
102335.171710
101223.016235
100042.928998
98873.159282
97651.740184
96390.699332
95193.239096
93978.260563
92722.809825
91383.774695
90076.365255
88716.637363
87414.225715
86033.092073
84621.406685
83259.700861
81769.810656
80368.747813
78953.337388
77578.756933
76164.551097
74769.292047
73303.023806
71928.589569
70474.947062
69062.113899
67609.550554
66207.114905
64826.543280
63416.814758
61988.423355
60601.283121
59220.262237
57864.680251
56575.737762
55255.801918
53928.367786
52659.377123
51423.075748
50174.196877
48941.563922
47723.731451
46527.624973
45309.022486
44127.561576
42963.803282
41837.386700
40686.979739
39587.371247
38531.131707
37471.285471
36407.081043
35384.583816
34337.520375
33364.373018
32384.011698
31415.956464
30457.922834
29542.352872
28631.347944
27756.371994
26872.208206
26016.516716
25199.796554
24378.669061
23593.340865
22830.092439
22063.256081
21345.168413
20633.155645
19956.728462
19257.075204
18570.069326
17950.021070
17321.846433
16734.797003
16165.366397
15602.451600
15050.688850
14504.662425
13960.105521
13426.282597
12937.325457
12445.303147
11990.402112
11536.322296
11106.552839
10694.834916
10298.629648
9902.030469
9506.174211
9141.306653
8769.076384
8431.964486
8079.056341
7757.196500
7426.979131
7111.082282
6825.172964
6550.382825
6277.965554
5992.718683
5731.026927
5486.796846
5258.915675
5022.491755
4782.263611
4557.768530
4356.125574
4143.134953
3949.003464
3762.419541
3591.148446
3422.285998
3265.044007
3103.990930
2959.843258
2829.048777
2693.308480
2557.505251
2433.012435
2312.262665
2197.306955
2098.784403
1998.646082
1898.797060
1801.582698
1707.012271
1624.087739
1541.390081
1465.751649
1391.960116
1315.268564
1252.151501
1189.359859
1131.866348
1073.486888
1017.159897
956.174792
900.335341
850.105742
804.957231
759.810847
718.512635
677.780803
635.546921
600.504943
566.801232
531.387831
500.530334
470.998963
441.701650
416.150452
392.105037
367.656527
349.716722
328.354407
308.579258
291.523295
273.156932
254.403522
237.439957
222.560504
207.988888
192.427648
179.249205
167.626862
156.836505
146.227789
139.443058
130.078148
120.333364
112.373623
105.106348
98.587742
92.513988
86.384811
81.738203
75.773472
70.251389
65.014094
61.646970
57.137379
53.040463
49.662417
45.465688
42.805513
40.477260
37.664910
34.721653
32.222750
29.884170
27.666853
25.677403
23.667247
21.682099
19.805084
18.994382
17.993322
17.140215
16.199219
15.185623
14.265611
12.937130
12.230562
11.653265
11.089279
10.701801
9.545532
9.065994
8.434569
7.851357
7.181342
6.576243
6.156603
5.615520
5.232039
4.775931
4.469507
4.278276
4.192787
3.870553
3.722822
3.707361
3.489343
2.953096
2.629035
2.437279
2.263351
2.136938
1.932355
1.849485
1.665110
1.500894
1.403808
1.208309
1.016457
0.906122
0.881338
0.846420
0.708356
0.600428
0.546028
0.466534
0.423509
0.512093
0.505999
0.482529
0.425589
0.466647
0.339472
0.289990
0.319424
0.260395
0.235365
0.210775
0.253877
0.223125
0.124804
0.108149
0.073676
0.059773
0.054544
0.036782
0.050101
0.043530
0.024245
0.017492
0.012558
0.013533
0.004979
0.001424
0.000000
0.000000
0.000000
0.000000
0.000000
0.000000
0.000000
0.000000
0.000000
0.000000
0.000000
0.000000
0.000000
0.000000
0.000000
0.000000
0.000000
0.000000
0.000000
0.000000
0.000000
0.000000
0.000000
0.000000
0.000000
0.000000
0.000000
0.000000
0.000000
0.000000
0.000000
0.000000
0.000000
0.000000
0.000000
0.000000
0.000000
0.000000
0.000000
0.000000
0.000000
0.000000
0.000000
0.000000
0.000000
0.000000
0.000000
0.000000
0.000000
0.000000
0.000000
0.000000
0.000000
0.000000
0.000000
0.000000
0.000000
0.000000
0.000000
0.000000
0.000000
0.000000
0.000000
0.000000
0.000000
0.000000
0.000000
0.000000
0.000000
0.000000
0.000000
0.000000
0.000000
0.000000
0.000000
0.000000
0.000000
0.000000
0.000000
0.000000
0.000000
0.000000
0.000000
0.000000
0.000000
0.000000
0.000000
0.000000
0.000000
0.000000
0.000000
0.000000
0.000000
0.000000
0.000000
0.000000
0.000000
0.000000
0.000000
0.000000
0.000000
0.000000
0.000000
0.000000
0.000000
0.000000
0.000000
0.000000
0.000000
0.000000
0.000000
0.000000
0.000000
0.000000
0.000000
0.000000
0.000000
0.000000
0.000000
0.000000
0.000000
0.000000
0.000000
0.000000
0.000000
0.000000
0.000000
0.000000
0.000000
0.000000
0.000000
0.000000
0.000000
0.000000
0.000000
0.000000
0.000000
0.000000
0.000000
0.000000
0.000000
0.000000
0.000000
0.000000
0.000000
0.000000
0.000000
0.000000
0.000000
0.000000
0.000000
0.000000
0.000000
0.000000
0.000000
0.000000
0.000000
0.000000
0.000000
0.000000
0.000000
0.000000
0.000000
0.000000
0.000000
0.000000
0.000000
0.000000
0.000000
0.000000
0.000000
0.000000
0.000000
0.000000
0.000000
0.000000
0.000000
0.000000
0.000000
0.000000
0.000000
0.000000
0.000000
0.000000
0.000000
0.000000
0.000000
0.000000
0.000000
0.000000
0.000000
0.000000
0.000000
0.000000
0.000000
0.000000
0.000000
0.000000
0.000000
0.000000
0.000000
0.000000
0.000000
0.000000
0.000000
0.000000
0.000000
0.000000
0.000000
0.000000
0.000000
0.000000
0.000000
0.000000
0.000000
0.000000
0.000000
0.000000
0.000000
0.000000
0.000000
0.000000
0.000000
0.000000
0.000000
0.000000
0.000000
0.000000
0.000000
0.000000
0.000000
0.000000
0.000000
0.000000
0.000000
0.000000
0.000000
0.000000
0.000000
0.000000
0.000000
0.000000
0.000000
0.000000
0.000000
0.000000
0.000000
0.000000
0.000000
0.000000
0.000000
0.000000
0.000000
0.000000
0.000000
0.000000
0.000000
0.000000
0.000000
0.000000
0.000000
0.000000
0.000000
0.000000
0.000000
0.000000
0.000000
0.000000
0.000000
0.000000
0.000000
0.000000
0.000000
0.000000
0.000000
0.000000
0.000000
0.000000
0.000000
0.000000
0.000000
0.000000
0.000000
0.000000
0.000000
0.000000
0.000000
0.000000
0.000000
0.000000
0.000000
0.000000
0.000000
0.000000
0.000000
0.000000
0.000000
0.000000
0.000000
0.000000
0.000000
0.000000
0.000000
0.000000
0.000000
0.000000
0.000000
0.000000
0.000000
0.000000
0.000000
0.000000
0.000000
0.000000
0.000000
0.000000
0.000000
0.000000
0.000000
0.000000
0.000000
0.000000
0.000000
0.000000
0.000000
0.000000
0.000000
0.000000
0.000000
0.000000
0.000000
0.000000
0.000000
0.000000
0.000000
0.000000
0.000000
0.000000
0.000000
0.000000
0.000000
0.000000
0.000000
0.000000
0.000000
0.000000
0.000000
0.000000
0.000000
0.000000
0.000000
0.000000
0.000000
0.000000
0.000000
0.000000
0.000000
0.000000
0.000000
0.000000
0.000000
0.000000
0.000000
0.000000
0.000000
0.000000
0.000000
0.000000
0.000000
0.000000
0.000000
0.000000
0.000000
0.000000
0.000000
0.000000
0.000000
0.000000
0.000000
0.000000
0.000000
0.000000
0.000000
0.000000
0.000000
0.000000
0.000000
0.000000
0.000000
0.000000
0.000000
0.000000
0.000000
0.000000
0.000000
0.000000
0.000000
0.000000
0.000000
0.000000
0.000000
0.000000
0.000000
0.000000
0.000000
0.000000
0.000000
0.000000
0.000000
0.000000
0.000000
0.000000
0.000000
0.000000
0.000000
0.000000
0.000000
0.000000
0.000000
0.000000
0.000000
0.000000
0.000000
0.000000
0.000000
0.000000
0.000000
0.000000
0.000000
0.000000
0.000000
0.000000
0.000000
0.000000
0.000000
0.000000
0.000000
0.000000
0.000000
0.000000
0.000000
0.000000
0.000000
0.000000
0.000000
0.000000
0.000000
0.000000
0.000000
0.000000
0.000000
0.000000
0.000000
0.000000
0.000000
0.000000
0.000000
0.000000
0.000000
0.000000
0.000000
0.000000
0.000000
0.000000
0.000000
0.000000
0.000000
0.000000
0.000000
0.000000
0.000000
0.000000
0.000000
0.000000
0.000000
0.000000
0.000000
0.000000
0.000000
0.000000
0.000000
0.000000
0.000000
0.000000
0.000000
0.000000
0.000000
0.000000
0.000000
0.000000
0.000000
0.000000
0.000000
0.000000
0.000000
0.000000
0.000000
0.000000
0.000000
0.000000
0.000000
0.000000
0.000000
0.000000
0.000000
0.000000
0.000000
0.000000
0.000000
0.000000
0.000000
0.000000
0.000000
0.000000
0.000000
0.000000
0.000000
0.000000
0.000000
0.000000
0.000000
0.000000
0.000000
0.000000
0.000000
0.000000
0.000000
0.000000
0.000000
0.000000
0.000000
0.000000
0.000000
0.000000
0.000000
0.000000
0.000000
0.000000
0.000000
0.000000
0.000000
0.000000
0.000000
0.000000
0.000000
0.000000
0.000000
0.000000
0.000000
0.000000
0.000000
0.000000
0.000000
0.000000
0.000000
0.000000
0.000000
0.000000
0.000000
0.000000
0.000000
0.000000
0.000000
0.000000
0.000000
0.000000
0.000000
0.000000
0.000000
0.000000
0.000000
0.000000
0.000000
0.000000
0.000000
0.000000
0.000000
0.000000
0.000000
0.000000
0.000000
0.000000
0.000000
0.000000
0.000000
0.000000
0.000000
0.000000
0.000000
0.000000
0.000000
0.000000
0.000000
0.000000
0.000000
0.000000
0.000000
0.000000
0.000000
0.000000
0.000000
0.000000
0.000000
0.000000
0.000000
0.000000
0.000000
0.000000
0.000000
0.000000
0.000000
0.000000
0.000000
0.000000
0.000000
0.000000
0.000000
0.000000
0.000000
0.000000
0.000000
0.000000
0.000000
0.000000
0.000000
0.000000
0.000000
0.000000
