0.000000
0.000000
0.000000
0.000000
0.000000
0.000000
0.000000
0.000000
0.000000
0.000000
0.000000
0.000000
0.000000
0.000000
0.000000
0.000000
0.000000
0.000000
0.000000
0.000000
0.000000
0.000000
0.000000
0.000000
0.002411
0.001001
0.014646
0.011432
0.036228
0.075679
0.132896
0.261547
0.430544
0.675244
0.997822
1.784525
3.049468
5.180947
8.021421
12.735376
20.022286
30.921544
46.581681
69.901847
102.121127
147.926804
211.536005
300.434440
420.731230
580.266033
794.320812
1069.983565
1433.170344
1889.095780
2462.074196
3180.724638
4067.612929
5149.753162
6454.570764
8026.776485
9872.585381
12058.372479
14584.055532
17511.599436
20838.486718
24626.880376
28874.434505
33612.088315
38859.454512
44600.978342
50851.477912
57584.950883
64825.330296
72511.237768
80600.552882
89077.392579
97874.582244
106950.017769
116276.973767
125708.769418
135254.657921
144763.164862
154237.090681
163498.973522
172567.792549
181253.290946
189589.246221
197416.280970
204727.030110
211413.406428
217463.693734
222800.314928
227375.295001
231173.202625
234148.687749
236282.725346
237606.465685
238101.566869
237752.984530
236605.669225
234654.265559
231974.874008
228569.465705
224539.398679
219812.511921
214529.612619
208744.822333
202450.444278
195793.348987
188774.138532
181458.393770
173939.022621
166237.181329
158405.971350
150515.709708
142590.787074
134755.441537
126902.798830
119263.383676
111707.073783
104397.527162
97238.236739
90372.799164
83718.474100
77354.869563
71281.450858
65503.800902
60029.286857
54872.389079
49987.612289
45448.060884
41195.497699
37244.644722
33581.384541
30201.499687
27079.275023
24217.168368
21602.822495
19214.268930
17050.676020
15076.218085
13310.663416
11708.251802
10274.985509
8990.166264
7850.119090
6826.583727
5933.439067
5137.367868
4435.061486
3819.456986
3280.332196
2810.209228
2399.699727
2046.447695
1736.875765
1472.551784
1244.927916
1049.359507
882.696895
741.063984
619.038600
516.927710
429.749519
357.384547
295.521204
244.068921
200.585279
165.121444
134.947528
110.700304
90.060034
73.660971
59.206947
48.423930
38.812821
31.507402
25.188856
20.328700
16.191673
13.009429
10.338184
8.299242
6.449516
5.159619
3.988260
3.240982
2.545016
1.996320
1.577498
1.202280
0.948050
0.727410
0.576593
0.439238
0.346334
0.264315
0.204838
0.149687
0.127198
0.094689
0.074424
0.056501
0.043818
0.033909
0.030846
0.019923
0.022443
0.009066
0.013614
0.004602
0.007162
0.001505
0.002139
0.000811
0.000709
0.000213
0.000155
0.000000
0.000000
0.000000
0.000000
0.000000
0.000000
0.000000
0.000000
0.000000
0.000000
0.000000
0.000000
0.000000
0.000000
0.000000
0.000000
0.000000
0.000000
0.000000
0.000000
0.000000
0.000000
0.000000
0.000000
0.000000
0.000000
0.000000
0.000000
0.000000
0.000000
0.000000
0.000000
0.000000
0.000000
0.000000
0.000000
0.000000
0.000000
0.000000
0.000000
0.000000
0.000000
0.000000
0.000000
0.000000
0.000000
0.000000
0.000000
0.000000
0.000000
0.000000
0.000000
0.000000
0.000000
0.000000
0.000000
0.000000
0.000000
0.000000
0.000000
0.000000
0.000000
0.000000
0.000000
0.000000
0.000000
0.000000
0.000000
0.000000
0.000000
0.000000
0.000000
0.000000
0.000000
0.000000
0.000000
0.000000
0.000000
0.000000
0.000000
0.000000
0.000000
0.000000
0.000000
0.000000
0.000000
0.000000
0.000000
0.000000
0.000000
0.000000
0.000000
0.000000
0.000000
0.000000
0.000000
0.000000
0.000000
0.000000
0.000000
0.000000
0.000000
0.000000
0.000000
0.000000
0.000000
0.000000
0.000000
0.000000
0.000000
0.000000
0.000000
0.000000
0.000000
0.000000
0.000000
0.000000
0.000000
0.000000
0.000000
0.000000
0.000000
0.000000
0.000000
0.000000
0.000000
0.000000
0.000000
0.000000
0.000000
0.000000
0.000000
0.000000
0.000000
0.000000
0.000000
0.000000
0.000000
0.000000
0.000000
0.000000
0.000000
0.000000
0.000000
0.000000
0.000000
0.000000
0.000000
0.000000
0.000000
0.000000
0.000000
0.000000
0.000000
0.000000
0.000000
0.000000
0.000000
0.000000
0.000000
0.000000
0.000000
0.000000
0.000000
0.000000
0.000000
0.000000
0.000000
0.000000
0.000000
0.000000
0.000000
0.000000
0.000000
0.000000
0.000000
0.000000
0.000000
0.000000
0.000000
0.000000
0.000000
0.000000
0.000000
0.000000
0.000000
0.000000
0.000000
0.000000
0.000000
0.000000
0.000000
0.000000
0.000000
0.000000
0.000000
0.000000
0.000000
0.000000
0.000000
0.000000
0.000000
0.000000
0.000000
0.000000
0.000000
0.000000
0.000000
0.000000
0.000000
0.000000
0.000000
0.000000
0.000000
0.000000
0.000000
0.000000
0.000000
0.000000
0.000000
0.000000
0.000000
0.000000
0.000000
0.000000
0.000000
0.000000
0.000000
0.000000
0.000000
0.000000
0.000000
0.000000
0.000000
0.000000
0.000000
0.000000
0.000000
0.000000
0.000000
0.000000
0.000000
0.000000
0.000000
0.000000
0.000000
0.000000
0.000000
0.000000
0.000000
0.000000
0.000000
0.000000
0.000000
0.000000
0.000000
0.000000
0.000000
0.000000
0.000000
0.000000
0.000000
0.000000
0.000000
0.000000
0.000000
0.000000
0.000000
0.000000
0.000000
0.000000
0.000000
0.000000
0.000000
0.000000
0.000000
0.000000
0.000000
0.000000
0.000000
0.000000
0.000000
0.000000
