0.000000
0.000000
0.000000
0.000000
0.000000
0.000000
0.000000
0.000000
0.000000
0.000000
0.000000
0.000000
0.000000
0.000000
0.000000
0.000000
0.004837
0.000905
0.034459
0.033146
0.118948
0.288594
0.483165
1.056638
2.133724
3.848477
6.702435
12.473073
20.823515
34.571981
55.384894
87.667382
134.870054
206.141949
302.367985
439.359933
628.534059
879.053677
1204.372680
1636.141886
2182.145575
2866.028876
3710.571754
4756.272524
6002.041933
7499.633338
9233.573562
11280.233967
13591.878213
16249.596582
19200.027530
22484.170333
26084.050083
30030.522646
34240.271319
38766.971114
43532.716493
48529.522186
53729.977012
59088.476069
64582.072908
70121.630761
75727.785890
81345.110126
86916.327286
92410.343341
97773.010799
103013.784070
108059.880150
112931.032289
117517.136879
121873.390840
125959.112304
129730.605282
133232.759077
136447.748293
139337.243750
141919.522542
144221.270421
146202.168822
147925.809212
149320.636399
150530.562904
151402.986791
152069.779622
152485.421266
152699.741075
152701.318056
152559.472901
152174.576161
151682.699272
151013.398651
150241.463325
149278.663217
148250.511542
147091.400350
145855.285226
144487.912852
143077.850109
141573.089331
140000.900822
138354.399266
136639.646356
134879.738693
133068.579930
131195.498462
129237.861656
127253.223270
125175.535126
123100.345798
120925.139108
118706.006609
116460.001612
114155.560695
111785.976281
109384.989346
106918.994062
104420.753883
101870.772944
99246.067699
96611.624361
93900.938358
91197.069799
88412.390675
85635.610865
82799.212380
79938.231412
77081.010658
74187.663298
71303.883581
68418.266960
65531.311566
62656.070292
59808.371472
56965.477870
54179.801647
51403.637454
48711.631355
46029.929737
43425.288283
40868.856725
38390.392024
35989.893880
33655.156294
31414.841605
29250.259706
27168.188589
25176.202139
23285.672771
21469.328513
19765.111233
18143.911044
16617.347890
15178.441271
13836.648005
12572.995218
11405.088034
10312.836357
9303.931229
8368.933202
7511.570733
6722.741617
6000.747130
5341.631149
4747.110582
4201.242758
3712.787689
3268.123563
2870.552734
2517.041021
2197.052591
1915.823136
1662.667162
1443.468345
1245.352815
1074.553514
923.192510
791.335070
675.630965
576.830167
488.870153
415.750099
350.391521
296.306855
247.873405
208.634552
173.874685
144.918187
120.307616
99.670807
82.280612
67.992368
55.690115
45.780870
37.205403
30.296422
24.627278
19.828125
16.201563
12.960172
10.427368
8.398527
6.609250
5.302362
4.208178
3.348036
2.624020
1.996808
1.584508
1.271637
0.954238
0.770527
0.582741
0.463019
0.356421
0.280332
0.207905
0.160350
0.112762
0.080752
0.061739
0.046160
0.025066
0.022661
0.015083
0.015540
0.008377
0.011006
0.005134
0.004787
0.005310
0.002885
0.003228
0.001947
0.001819
0.000165
0.000937
0.000000
0.000245
0.000000
0.000000
0.000000
0.000000
0.000000
0.000000
0.000000
0.000000
0.000000
0.000000
0.000000
0.000000
0.000000
0.000000
0.000000
0.000000
0.000000
0.000000
0.000000
0.000000
0.000000
0.000000
0.000000
0.000000
0.000000
0.000000
0.000000
0.000000
0.000000
0.000000
0.000000
0.000000
0.000000
0.000000
0.000000
0.000000
0.000000
0.000000
0.000000
0.000000
0.000000
0.000000
0.000000
0.000000
0.000000
0.000000
0.000000
0.000000
0.000000
0.000000
0.000000
0.000000
0.000000
0.000000
0.000000
0.000000
0.000000
0.000000
0.000000
0.000000
0.000000
0.000000
0.000000
0.000000
0.000000
0.000000
0.000000
0.000000
0.000000
0.000000
0.000000
0.000000
0.000000
0.000000
0.000000
0.000000
0.000000
0.000000
0.000000
0.000000
0.000000
0.000000
0.000000
0.000000
0.000000
0.000000
0.000000
0.000000
0.000000
0.000000
0.000000
0.000000
0.000000
0.000000
0.000000
0.000000
0.000000
0.000000
0.000000
0.000000
0.000000
0.000000
0.000000
0.000000
0.000000
0.000000
0.000000
0.000000
0.000000
0.000000
0.000000
0.000000
0.000000
0.000000
0.000000
0.000000
0.000000
0.000000
0.000000
0.000000
0.000000
0.000000
0.000000
0.000000
0.000000
0.000000
0.000000
0.000000
0.000000
0.000000
0.000000
0.000000
0.000000
0.000000
0.000000
0.000000
0.000000
0.000000
0.000000
0.000000
0.000000
0.000000
0.000000
0.000000
0.000000
0.000000
0.000000
0.000000
0.000000
0.000000
0.000000
0.000000
0.000000
0.000000
0.000000
0.000000
0.000000
0.000000
0.000000
0.000000
0.000000
0.000000
0.000000
0.000000
0.000000
0.000000
0.000000
0.000000
0.000000
0.000000
0.000000
0.000000
0.000000
0.000000
0.000000
0.000000
0.000000
0.000000
0.000000
0.000000
0.000000
0.000000
0.000000
0.000000
0.000000
0.000000
0.000000
0.000000
0.000000
0.000000
0.000000
0.000000
0.000000
0.000000
0.000000
0.000000
0.000000
0.000000
0.000000
0.000000
0.000000
0.000000
0.000000
0.000000
0.000000
0.000000
0.000000
0.000000
0.000000
0.000000
0.000000
0.000000
0.000000
0.000000
0.000000
0.000000
0.000000
0.000000
0.000000
0.000000
0.000000
0.000000
0.000000
0.000000
0.000000
0.000000
0.000000
0.000000
0.000000
0.000000
0.000000
0.000000
0.000000
0.000000
0.000000
0.000000
0.000000
0.000000
0.000000
0.000000
0.000000
0.000000
0.000000
0.000000
0.000000
0.000000
0.000000
0.000000
0.000000
0.000000
0.000000
0.000000
0.000000
0.000000
0.000000
0.000000
0.000000
0.000000
0.000000
0.000000
0.000000
0.000000
