0.000000
0.000000
0.000000
0.000000
0.000000
0.000000
0.000000
0.000000
0.000000
0.000000
0.000000
0.138879
0.308500
0.162684
0.588132
1.850956
3.148568
4.525279
7.315385
12.741334
21.966827
32.939882
49.063648
75.821944
112.102216
165.042694
226.157783
320.018594
436.404793
597.889015
788.065671
1034.374081
1343.209593
1724.451613
2189.126703
2740.373571
3395.027745
4181.143605
5104.581404
6140.945176
7337.706575
8632.828145
10096.087128
11774.360217
13583.946317
15552.179321
17764.777117
20102.979508
22634.421103
25340.537618
28158.574647
31160.731978
34324.840110
37613.010848
41055.200469
44647.180452
48342.208355
52033.663518
55787.617485
59693.907538
63606.831264
67494.275454
71429.180026
75328.707260
79075.004152
82861.369224
86617.919542
90276.163823
93846.421977
97381.786062
100762.364795
104077.613278
107212.126694
110201.882803
113042.508003
115846.054002
118447.954583
120843.306439
123065.251471
125178.565483
127137.099828
128982.454171
130548.006324
131807.485323
133013.731907
133938.076555
134628.888889
135329.478620
135819.629013
136204.129396
136294.655664
136209.353975
135967.490482
135580.701005
135053.846115
134422.200236
133595.608361
132777.446965
131766.678836
130609.593600
129388.531847
128031.383862
126601.308070
125054.607779
123366.348394
121687.548610
119845.820053
118009.834428
116047.162070
114058.801311
112010.326357
109903.998937
107772.273940
105593.303606
103448.829200
101292.748035
99063.204110
96863.939229
94553.918041
92256.336207
89923.887297
87622.889857
85262.378335
83007.814871
80768.849600
78517.807337
76345.866120
74220.677216
72073.087010
69966.428645
67846.093072
65829.884143
63761.887511
61742.877656
59776.914918
57855.338573
55954.047298
54058.113010
52232.179880
50471.583316
48672.103032
46975.082242
45318.451526
43727.313870
42181.954049
40633.785982
39124.955585
37682.709997
36219.948827
34787.127673
33438.040029
32188.950265
30911.509376
29694.952636
28492.971095
27330.653305
26216.790458
25129.381671
24094.197525
23073.953019
22094.665901
21138.077079
20240.051076
19349.565523
18505.638620
17696.808031
16918.507816
16148.630802
15408.179064
14708.083621
14009.591952
13345.395863
12720.688681
12091.902683
11493.700910
10895.828536
10348.725118
9805.490916
9299.069043
8821.861169
8359.783686
7929.709614
7503.173576
7092.709031
6726.173971
6350.887043
5989.111421
5670.328487
5354.568799
5052.124751
4765.604754
4487.260868
4247.983752
4007.746577
3777.279829
3560.242131
3354.013885
3163.883857
2975.681217
2813.827221
2654.082039
2505.033899
2358.108861
2214.328340
2077.395087
1956.708008
1832.184595
1719.430345
1613.051905
1509.018538
1416.511869
1329.392400
1245.202932
1162.293817
1085.215656
1014.414172
947.536749
887.178104
823.085545
767.181159
713.157395
667.395623
621.589089
576.402228
537.814676
500.988969
467.371453
437.332105
405.805606
380.469988
354.322398
331.975308
309.456008
288.152271
268.888063
250.538113
233.480467
214.041732
197.287855
181.558354
169.934851
156.709001
144.353992
133.323565
121.523892
110.591820
101.764860
93.787458
87.564056
80.111763
74.419915
68.186666
64.035911
60.139520
55.373569
51.646697
46.856282
42.193325
38.384830
34.916943
31.402582
27.586221
25.834474
23.852991
22.109612
20.823445
19.822589
18.091171
17.126781
15.656094
14.200544
12.804216
11.840478
10.961485
9.712041
8.821764
8.188484
7.065135
6.968832
5.681510
5.146313
4.591794
4.245975
4.053530
3.829123
3.529932
3.406150
3.194521
2.971147
2.672464
2.396714
2.242425
2.144683
1.913024
1.562770
1.243081
1.091506
1.013265
0.779982
0.583502
0.455628
0.431328
0.388123
0.363309
0.284970
0.199374
0.195013
0.210878
0.208133
0.148210
0.090602
0.073684
0.033052
0.030879
0.015662
0.026300
0.045964
0.046982
0.044384
0.016606
0.013847
0.001739
0.006675
0.000725
0.000000
0.000000
0.000000
0.000000
0.000000
0.000000
0.000000
0.000000
0.000000
0.000000
0.000000
0.000000
0.000000
0.000000
0.000000
0.000000
0.000000
0.000000
0.000000
0.000000
0.000000
0.000000
0.000000
0.000000
0.000000
0.000000
0.000000
0.000000
0.000000
0.000000
0.000000
0.000000
0.000000
0.000000
0.000000
0.000000
0.000000
0.000000
0.000000
0.000000
0.000000
0.000000
0.000000
0.000000
0.000000
0.000000
0.000000
0.000000
0.000000
0.000000
0.000000
0.000000
0.000000
0.000000
0.000000
0.000000
0.000000
0.000000
0.000000
0.000000
0.000000
0.000000
0.000000
0.000000
0.000000
0.000000
0.000000
0.000000
0.000000
0.000000
0.000000
0.000000
0.000000
0.000000
0.000000
0.000000
0.000000
0.000000
0.000000
0.000000
0.000000
0.000000
0.000000
0.000000
0.000000
0.000000
0.000000
0.000000
0.000000
0.000000
0.000000
0.000000
0.000000
0.000000
0.000000
0.000000
0.000000
0.000000
0.000000
0.000000
0.000000
0.000000
0.000000
0.000000
0.000000
0.000000
0.000000
0.000000
0.000000
0.000000
0.000000
0.000000
0.000000
0.000000
0.000000
0.000000
0.000000
0.000000
0.000000
0.000000
0.000000
0.000000
0.000000
0.000000
0.000000
0.000000
0.000000
0.000000
0.000000
0.000000
0.000000
0.000000
0.000000
0.000000
0.000000
0.000000
0.000000
0.000000
0.000000
0.000000
0.000000
0.000000
0.000000
0.000000
0.000000
0.000000
0.000000
0.000000
0.000000
0.000000
0.000000
0.000000
0.000000
0.000000
0.000000
0.000000
0.000000
0.000000
0.000000
0.000000
0.000000
0.000000
0.000000
0.000000
0.000000
0.000000
0.000000
0.000000
0.000000
0.000000
0.000000
0.000000
0.000000
0.000000
0.000000
0.000000
0.000000
0.000000
0.000000
0.000000
0.000000
0.000000
0.000000
0.000000
0.000000
0.000000
0.000000
0.000000
0.000000
0.000000
0.000000
0.000000
0.000000
0.000000
0.000000
0.000000
0.000000
0.000000
0.000000
0.000000
0.000000
0.000000
0.000000
0.000000
0.000000
0.000000
0.000000
0.000000
0.000000
0.000000
0.000000
0.000000
0.000000
0.000000
0.000000
0.000000
0.000000
0.000000
0.000000
0.000000
0.000000
0.000000
0.000000
0.000000
0.000000
0.000000
0.000000
0.000000
0.000000
0.000000
0.000000
0.000000
0.000000
0.000000
0.000000
0.000000
0.000000
0.000000
0.000000
0.000000
0.000000
0.000000
0.000000
0.000000
0.000000
0.000000
0.000000
0.000000
0.000000
0.000000
0.000000
0.000000
0.000000
0.000000
0.000000
0.000000
0.000000
0.000000
0.000000
0.000000
0.000000
0.000000
0.000000
0.000000
0.000000
0.000000
0.000000
0.000000
0.000000
0.000000
0.000000
0.000000
0.000000
0.000000
0.000000
0.000000
0.000000
0.000000
0.000000
0.000000
0.000000
0.000000
0.000000
0.000000
0.000000
0.000000
0.000000
0.000000
0.000000
0.000000
0.000000
0.000000
0.000000
0.000000
0.000000
0.000000
0.000000
0.000000
0.000000
0.000000
0.000000
0.000000
0.000000
0.000000
0.000000
0.000000
0.000000
0.000000
0.000000
0.000000
0.000000
0.000000
0.000000
0.000000
0.000000
0.000000
0.000000
0.000000
0.000000
0.000000
0.000000
0.000000
0.000000
0.000000
0.000000
0.000000
0.000000
0.000000
0.000000
0.000000
0.000000
0.000000
0.000000
0.000000
0.000000
0.000000
0.000000
0.000000
0.000000
0.000000
0.000000
0.000000
0.000000
0.000000
0.000000
0.000000
0.000000
0.000000
0.000000
0.000000
0.000000
0.000000
0.000000
0.000000
0.000000
0.000000
0.000000
0.000000
0.000000
0.000000
0.000000
0.000000
0.000000
0.000000
0.000000
0.000000
0.000000
0.000000
0.000000
0.000000
0.000000
0.000000
0.000000
0.000000
0.000000
0.000000
0.000000
0.000000
0.000000
0.000000
0.000000
0.000000
0.000000
0.000000
0.000000
0.000000
0.000000
0.000000
0.000000
0.000000
0.000000
0.000000
0.000000
0.000000
0.000000
0.000000
0.000000
0.000000
0.000000
0.000000
0.000000
0.000000
0.000000
0.000000
0.000000
0.000000
0.000000
0.000000
0.000000
0.000000
0.000000
0.000000
0.000000
0.000000
0.000000
0.000000
0.000000
0.000000
0.000000
0.000000
0.000000
0.000000
0.000000
0.000000
0.000000
0.000000
0.000000
0.000000
0.000000
0.000000
0.000000
0.000000
0.000000
0.000000
0.000000
0.000000
0.000000
0.000000
0.000000
0.000000
0.000000
0.000000
0.000000
0.000000
0.000000
0.000000
0.000000
0.000000
0.000000
0.000000
0.000000
0.000000
0.000000
0.000000
0.000000
0.000000
0.000000
0.000000
0.000000
0.000000
0.000000
0.000000
0.000000
0.000000
0.000000
0.000000
0.000000
0.000000
0.000000
0.000000
0.000000
0.000000
0.000000
0.000000
0.000000
0.000000
0.000000
0.000000
0.000000
0.000000
0.000000
0.000000
0.000000
0.000000
0.000000
0.000000
0.000000
0.000000
0.000000
0.000000
0.000000
0.000000
0.000000
0.000000
0.000000
0.000000
0.000000
0.000000
0.000000
0.000000
0.000000
0.000000
0.000000
0.000000
0.000000
0.000000
0.000000
0.000000
0.000000
0.000000
0.000000
0.000000
0.000000
0.000000
0.000000
0.000000
0.000000
0.000000
0.000000
0.000000
0.000000
0.000000
0.000000
0.000000
0.000000
0.000000
0.000000
0.000000
0.000000
0.000000
0.000000
0.000000
0.000000
0.000000
0.000000
0.000000
0.000000
0.000000
0.000000
0.000000
0.000000
0.000000
0.000000
0.000000
0.000000
0.000000
0.000000
0.000000
0.000000
0.000000
0.000000
0.000000
0.000000
0.000000
0.000000
0.000000
0.000000
0.000000
0.000000
0.000000
0.000000
0.000000
0.000000
0.000000
0.000000
0.000000
0.000000
0.000000
0.000000
0.000000
0.000000
0.000000
0.000000
0.000000
0.000000
0.000000
0.000000
0.000000
0.000000
0.000000
0.000000
0.000000
0.000000
0.000000
0.000000
0.000000
0.000000
0.000000
0.000000
0.000000
0.000000
0.000000
0.000000
0.000000
0.000000
0.000000
0.000000
0.000000
0.000000
0.000000
0.000000
0.000000
0.000000
0.000000
0.000000
0.000000
0.000000
0.000000
0.000000
0.000000
0.000000
0.000000
0.000000
0.000000
0.000000
0.000000
0.000000
0.000000
0.000000
0.000000
0.000000
0.000000
0.000000
0.000000
0.000000
0.000000
0.000000
0.000000
0.000000
0.000000
0.000000
0.000000
0.000000
0.000000
0.000000
0.000000
0.000000
0.000000
0.000000
0.000000
0.000000
0.000000
0.000000
0.000000
0.000000
0.000000
0.000000
0.000000
0.000000
0.000000
0.000000
0.000000
0.000000
0.000000
0.000000
0.000000
0.000000
0.000000
0.000000
0.000000
0.000000
0.000000
0.000000
0.000000
0.000000
0.000000
0.000000
0.000000
0.000000
0.000000
0.000000
0.000000
0.000000
0.000000
0.000000
0.000000
0.000000
