0.000000
0.000000
0.000000
0.000000
0.000000
0.000000
0.000000
0.000000
0.000000
0.000000
0.000000
0.276458
0.891351
2.166229
5.894417
14.123958
27.811386
58.179436
110.988086
209.907827
372.538303
637.597040
1055.661020
1683.519273
2602.392739
3886.340300
5669.933221
8052.121803
11138.402033
15020.533914
19826.102297
25540.149115
32317.469555
40091.094816
48962.813816
58655.388259
69265.529084
80448.799118
92196.325477
104230.572576
116281.373176
128218.487564
139735.894685
150712.841907
161014.716626
170167.462760
178315.121476
185226.532690
190921.439026
195487.386874
198577.985078
200363.028288
200962.380922
200399.126134
198842.391287
196226.077493
192607.416406
188432.382451
183719.476704
178208.579247
172477.145140
166445.547329
160137.420930
153616.457573
147096.593530
140562.886859
133942.086706
127615.759923
121376.081360
115380.275155
109545.083392
103961.228540
98636.568754
93532.687807
88672.274104
84129.295947
79780.532863
75770.825824
72024.465832
68466.763259
65161.566416
62184.723205
59295.199334
56699.580245
54233.553787
52001.587626
49963.876621
48025.710145
46295.041709
44702.420432
43288.952997
41959.597931
40725.757507
39635.656117
38615.170945
37725.062803
36960.134069
36223.249572
35619.135289
35076.408724
34597.770160
34197.832984
33869.584317
33588.125378
33387.391517
33213.501176
33109.947140
33078.781698
33085.107906
33118.051366
33221.197578
33331.336926
33486.897358
33680.048873
33914.981595
34176.092546
34466.033872
34796.513885
35155.147031
35525.607119
35902.972579
36287.399322
36678.608064
37086.503306
37485.939983
37888.119766
38265.625846
38648.423350
39028.239746
39394.693608
39718.931620
40022.049673
40296.108161
40515.727779
40723.234254
40868.344610
40984.527272
41049.856628
41054.841694
41028.495082
40902.628072
40711.169598
40464.039189
40175.103498
39806.815067
39412.376005
38921.836369
38382.953293
37776.452174
37106.886868
36395.512872
35616.959918
34800.104574
33930.604027
33020.673988
32072.816364
31065.518150
30051.082751
28995.693693
27914.506874
26818.136271
25690.862260
24584.432536
23460.697094
22335.694662
21212.836585
20116.588877
19021.946272
17940.850014
16888.077526
15860.900791
14861.905498
13887.209465
12950.865146
12043.076172
11171.275578
10348.230615
9562.578836
8818.674612
8110.829954
7434.999189
6802.122682
6208.025742
5654.064228
5135.321076
4652.367755
4205.921239
3789.898752
3405.015280
3050.464701
2727.020479
2434.391639
2170.711883
1928.250391
1709.738085
1508.871393
1331.604646
1169.685522
1027.278517
898.228652
784.417384
680.974174
590.896233
513.873405
443.289584
383.604455
329.269398
282.953759
242.013893
206.082949
176.001404
149.172050
125.880479
107.128029
90.098250
76.184179
63.684459
53.825012
44.420460
37.475446
31.002725
25.642875
21.078945
17.723146
14.203046
11.750156
9.478079
7.711153
6.251627
5.172796
4.168523
3.407252
2.709660
2.193432
1.782976
1.359347
1.088813
0.904201
0.641981
0.570309
0.434244
0.368779
0.249330
0.210983
0.162633
0.121341
0.102614
0.068770
0.061085
0.046829
0.042352
0.028916
0.023280
0.012768
0.004255
0.002545
0.002120
0.001601
0.001801
0.000638
0.000344
0.000000
0.000000
0.000000
0.000000
0.000000
0.000000
0.000000
0.000000
0.000000
0.000000
0.000000
0.000000
0.000000
0.000000
0.000000
0.000000
0.000000
0.000000
0.000000
0.000000
0.000000
0.000000
0.000000
0.000000
0.000000
0.000000
0.000000
0.000000
0.000000
0.000000
0.000000
0.000000
0.000000
0.000000
0.000000
0.000000
0.000000
0.000000
0.000000
0.000000
0.000000
0.000000
0.000000
0.000000
0.000000
0.000000
0.000000
0.000000
0.000000
0.000000
0.000000
0.000000
0.000000
0.000000
0.000000
0.000000
0.000000
0.000000
0.000000
0.000000
0.000000
0.000000
0.000000
0.000000
0.000000
0.000000
0.000000
0.000000
0.000000
0.000000
0.000000
0.000000
0.000000
0.000000
0.000000
0.000000
0.000000
0.000000
0.000000
0.000000
0.000000
0.000000
0.000000
0.000000
0.000000
0.000000
0.000000
0.000000
0.000000
0.000000
0.000000
0.000000
0.000000
0.000000
0.000000
0.000000
0.000000
0.000000
0.000000
0.000000
0.000000
0.000000
0.000000
0.000000
0.000000
0.000000
0.000000
0.000000
0.000000
0.000000
0.000000
0.000000
0.000000
0.000000
0.000000
0.000000
0.000000
0.000000
0.000000
0.000000
0.000000
0.000000
0.000000
0.000000
0.000000
0.000000
0.000000
0.000000
0.000000
0.000000
0.000000
0.000000
0.000000
0.000000
0.000000
0.000000
0.000000
0.000000
0.000000
0.000000
0.000000
0.000000
0.000000
0.000000
0.000000
0.000000
0.000000
0.000000
0.000000
0.000000
0.000000
0.000000
0.000000
0.000000
0.000000
0.000000
0.000000
0.000000
0.000000
0.000000
0.000000
0.000000
0.000000
0.000000
0.000000
0.000000
0.000000
0.000000
0.000000
0.000000
0.000000
0.000000
0.000000
0.000000
0.000000
0.000000
0.000000
0.000000
0.000000
0.000000
0.000000
0.000000
0.000000
0.000000
0.000000
0.000000
0.000000
0.000000
0.000000
0.000000
0.000000
0.000000
0.000000
0.000000
0.000000
0.000000
0.000000
0.000000
0.000000
0.000000
0.000000
0.000000
0.000000
0.000000
0.000000
0.000000
0.000000
0.000000
0.000000
0.000000
0.000000
0.000000
0.000000
0.000000
0.000000
0.000000
0.000000
0.000000
0.000000
0.000000
0.000000
0.000000
0.000000
0.000000
0.000000
0.000000
0.000000
0.000000
0.000000
0.000000
0.000000
0.000000
0.000000
0.000000
0.000000
0.000000
0.000000
0.000000
0.000000
0.000000
