11.668803
43.488957
110.867025
273.012974
710.580333
1396.037742
2571.457459
4129.955379
6394.783851
9152.148352
12903.323816
17076.436293
22124.281366
27259.316846
33144.935000
39247.360065
45621.218372
51941.332606
58373.345974
64300.187667
70269.610534
75970.051928
81057.296283
86050.043980
90386.967297
94086.980674
97287.154545
100263.297277
102515.345696
104421.889554
106029.787619
107175.048858
107749.854853
108168.839199
107720.974934
106936.046835
105751.681056
104718.396043
103600.676076
102347.676092
100888.399719
99357.666685
97760.751219
96044.637020
94450.489953
92981.903428
91037.653258
89036.976306
87183.148827
85266.679861
83390.598071
81462.475983
80063.756744
78543.482785
76650.200737
75102.376060
73334.934662
71752.839576
70283.277042
68498.992369
66966.801136
65492.730168
64000.432308
62558.617688
61181.321695
59867.804756
58349.255467
57011.957953
55984.810167
54737.991292
53719.074240
52471.576512
51482.495013
50631.410952
49762.152234
48856.214182
47944.593797
47073.852629
46279.369857
45392.756011
44617.499994
43884.544841
43107.764328
42547.958314
41803.644523
41167.771404
40620.574649
39984.926672
39571.651008
38983.609483
38365.304929
38010.601990
37676.666295
37340.052242
36915.745652
36548.082330
36236.025346
35926.832743
35467.345090
35094.052391
34826.121155
34530.090469
34098.274273
33834.334696
33481.002939
33206.111970
32954.958242
32647.053707
32568.187824
32348.747073
32206.314956
31959.864738
31700.532485
31394.473425
31295.135304
31028.734581
30933.084502
30716.032528
30522.021419
30217.057628
30015.689776
29769.893841
29616.048457
29502.538654
29333.325847
29236.856270
29066.212709
28890.297023
28659.933256
28468.278355
28426.521420
28298.784761
28156.847539
28115.038809
27997.393639
27979.536940
27885.879248
27682.738355
27595.508134
27423.787915
27314.543980
27202.736727
27134.985864
26966.336069
26794.542429
26700.125990
26608.434347
26546.749654
26454.192552
26359.039925
26208.012979
26108.035469
26052.150883
25935.829524
25824.643392
25769.283842
25801.492539
25744.568499
25551.689478
25475.259635
25497.984205
25411.547209
25361.905560
25235.584923
25118.070715
24989.934713
25051.576780
25047.859305
24975.947894
24914.009745
24865.065826
24745.009425
24732.611416
24574.013608
24441.668452
24316.080124
24210.436369
24099.573478
24006.703402
23970.465995
23734.250351
23665.039324
23529.144258
23330.196849
23253.745233
23076.844085
22902.476885
22751.351587
22637.315955
22506.666972
22438.522555
22249.641834
22153.801982
21983.210871
21883.181069
21732.802308
21609.127341
21458.394908
21322.558931
21186.112721
21099.698177
20917.235578
20764.046597
20617.200311
20451.212936
20304.916435
20157.213395
19954.929769
19827.572241
19669.051330
19491.919195
19291.864566
19067.914725
18881.826359
18760.043302
18519.358317
18360.009238
18155.846557
17969.800876
17811.248022
17633.972698
17450.516157
17264.966402
17120.049225
16952.520665
16744.277304
16576.481322
16368.927802
16117.212327
15983.332494
15769.235219
15594.380401
15408.778846
15253.892657
14999.719846
14768.629831
14538.770406
14351.224059
14140.854920
13974.928226
13786.135669
13586.869294
13369.093270
13149.237282
13010.681921
12903.524685
12707.670415
12551.983392
12415.049489
12231.499594
12077.032380
11836.134025
11681.294969
11540.013507
11335.417220
11137.859671
10975.139746
10784.990792
10641.421394
10461.608393
10267.313245
10099.714690
9905.685533
9751.589319
9587.521244
9440.931078
9217.061801
9050.718189
8867.145488
8604.947925
8414.704712
8237.575939
8022.028981
7881.380226
7763.626066
7630.652136
7450.035151
7311.504497
7128.557933
7002.929119
6841.606329
6675.873761
6540.963045
6388.882721
6283.097581
6126.340198
6014.323600
5875.704313
5763.064621
5635.305812
5495.300105
5377.092943
5251.302563
5125.089630
4995.133474
4892.249504
4766.785544
4639.113038
4545.690813
4450.842669
4335.693753
4255.483043
4177.640643
4067.005530
3973.988595
3870.708364
3760.138346
3674.624461
3579.522073
3502.509522
3382.170501
3294.764162
3194.949233
3084.118352
3005.337148
2927.638833
2852.531031
2755.004739
2663.907519
2593.813888
2530.851858
2449.603645
2390.607479
2334.426846
2259.801444
2177.476045
2113.843879
2050.838366
1983.158118
1913.920961
1856.370078
1797.448882
1735.418376
1683.767815
1619.477813
1582.554259
1530.645667
1480.809643
1437.688644
1394.600898
1362.476590
1327.851816
1279.702516
1223.806998
1180.574133
1125.835865
1076.563199
1030.584539
1001.905622
978.335218
933.459416
908.629193
882.750739
845.155278
812.067989
769.872616
739.354037
707.873212
681.385028
661.842025
638.796826
619.706750
594.990382
565.040740
546.406384
523.270895
498.818938
475.129581
453.938043
434.612567
416.426460
399.840925
376.388870
362.270299
346.821666
329.650178
319.229875
305.614245
283.897183
271.138143
256.192511
244.238272
232.427758
223.966483
213.250342
205.908185
196.543012
187.411286
175.449109
169.600681
162.756987
157.589920
150.058999
147.858546
138.424833
128.156144
121.607422
115.539519
111.286912
106.571220
101.582355
96.672337
91.214047
88.689812
84.747314
81.446683
78.936897
76.301299
73.061765
72.626663
67.153564
65.808142
62.183274
62.388528
59.127244
54.855229
52.840955
49.814527
49.186098
47.595257
45.677665
42.260287
39.519821
38.993238
37.186277
34.781604
33.112912
31.830609
31.952051
29.471499
29.113796
28.312476
28.287550
26.460465
25.447955
23.438666
22.407994
20.007076
17.717098
16.787534
16.650945
14.737815
14.039003
14.512237
13.697966
13.452820
13.062699
11.070434
10.792634
9.380992
9.261391
8.000535
7.769024
7.536394
7.532585
7.648096
6.522890
5.832053
5.569236
4.824471
3.972283
3.829211
4.012794
3.882720
2.910917
2.994598
2.964095
2.373357
2.790095
2.747252
2.396011
1.909442
1.572663
1.387881
1.209693
0.941089
1.023142
0.742071
0.462715
0.358156
0.439651
0.349045
0.231435
0.280499
0.223364
0.112828
0.204159
0.094391
0.178271
0.033095
0.039888
0.013779
0.027460
0.031761
0.075047
0.074943
0.071383
0.015294
0.000000
0.000000
0.000000
0.000000
0.000000
0.000000
0.000000
0.000000
0.000000
0.000000
0.000000
0.000000
0.000000
0.000000
0.000000
0.000000
0.000000
0.000000
0.000000
0.000000
0.000000
0.000000
0.000000
0.000000
0.000000
0.000000
0.000000
0.000000
0.000000
0.000000
0.000000
0.000000
0.000000
0.000000
0.000000
0.000000
0.000000
0.000000
0.000000
0.000000
0.000000
0.000000
0.000000
0.000000
0.000000
0.000000
0.000000
0.000000
0.000000
0.000000
0.000000
0.000000
0.000000
0.000000
0.000000
0.000000
0.000000
0.000000
0.000000
0.000000
0.000000
0.000000
0.000000
0.000000
0.000000
0.000000
0.000000
0.000000
0.000000
0.000000
0.000000
0.000000
0.000000
0.000000
0.000000
0.000000
0.000000
0.000000
0.000000
0.000000
0.000000
0.000000
0.000000
0.000000
0.000000
0.000000
0.000000
0.000000
0.000000
0.000000
0.000000
0.000000
0.000000
0.000000
0.000000
0.000000
0.000000
0.000000
0.000000
0.000000
0.000000
0.000000
0.000000
0.000000
0.000000
0.000000
0.000000
0.000000
0.000000
0.000000
0.000000
0.000000
0.000000
0.000000
0.000000
0.000000
0.000000
0.000000
0.000000
0.000000
0.000000
0.000000
0.000000
0.000000
0.000000
0.000000
0.000000
0.000000
0.000000
0.000000
0.000000
0.000000
0.000000
0.000000
0.000000
0.000000
0.000000
0.000000
0.000000
0.000000
0.000000
0.000000
0.000000
0.000000
0.000000
0.000000
0.000000
0.000000
0.000000
0.000000
0.000000
0.000000
0.000000
0.000000
0.000000
0.000000
0.000000
0.000000
0.000000
0.000000
0.000000
0.000000
0.000000
0.000000
0.000000
0.000000
0.000000
0.000000
0.000000
0.000000
0.000000
0.000000
0.000000
0.000000
0.000000
0.000000
0.000000
0.000000
0.000000
0.000000
0.000000
0.000000
0.000000
0.000000
0.000000
0.000000
0.000000
0.000000
0.000000
0.000000
0.000000
0.000000
0.000000
0.000000
0.000000
0.000000
0.000000
0.000000
0.000000
0.000000
0.000000
0.000000
0.000000
0.000000
0.000000
0.000000
0.000000
0.000000
0.000000
0.000000
0.000000
0.000000
0.000000
0.000000
0.000000
0.000000
0.000000
0.000000
0.000000
0.000000
0.000000
0.000000
0.000000
0.000000
0.000000
0.000000
0.000000
0.000000
0.000000
0.000000
0.000000
0.000000
0.000000
0.000000
0.000000
0.000000
0.000000
0.000000
0.000000
0.000000
0.000000
0.000000
0.000000
0.000000
0.000000
0.000000
0.000000
0.000000
0.000000
0.000000
0.000000
0.000000
0.000000
0.000000
0.000000
0.000000
0.000000
0.000000
0.000000
0.000000
0.000000
0.000000
0.000000
0.000000
0.000000
0.000000
0.000000
0.000000
0.000000
0.000000
0.000000
0.000000
0.000000
0.000000
0.000000
0.000000
0.000000
0.000000
0.000000
0.000000
0.000000
0.000000
0.000000
0.000000
0.000000
0.000000
0.000000
0.000000
0.000000
0.000000
0.000000
0.000000
0.000000
0.000000
0.000000
0.000000
0.000000
0.000000
0.000000
0.000000
0.000000
0.000000
0.000000
0.000000
0.000000
0.000000
0.000000
0.000000
0.000000
0.000000
0.000000
0.000000
0.000000
0.000000
0.000000
0.000000
0.000000
0.000000
0.000000
0.000000
0.000000
0.000000
0.000000
0.000000
0.000000
0.000000
0.000000
0.000000
0.000000
0.000000
0.000000
0.000000
0.000000
0.000000
0.000000
0.000000
0.000000
0.000000
0.000000
0.000000
0.000000
0.000000
0.000000
0.000000
0.000000
0.000000
0.000000
0.000000
0.000000
0.000000
0.000000
0.000000
0.000000
0.000000
0.000000
0.000000
0.000000
0.000000
0.000000
0.000000
0.000000
0.000000
0.000000
0.000000
0.000000
0.000000
0.000000
0.000000
0.000000
0.000000
0.000000
0.000000
0.000000
0.000000
0.000000
0.000000
0.000000
0.000000
0.000000
0.000000
0.000000
0.000000
0.000000
0.000000
0.000000
0.000000
0.000000
0.000000
0.000000
0.000000
0.000000
0.000000
0.000000
0.000000
0.000000
0.000000
0.000000
0.000000
0.000000
0.000000
0.000000
0.000000
0.000000
0.000000
0.000000
0.000000
0.000000
0.000000
0.000000
0.000000
0.000000
0.000000
0.000000
0.000000
0.000000
0.000000
0.000000
0.000000
0.000000
0.000000
0.000000
0.000000
0.000000
0.000000
0.000000
0.000000
0.000000
0.000000
0.000000
0.000000
0.000000
0.000000
0.000000
0.000000
0.000000
0.000000
0.000000
0.000000
0.000000
0.000000
0.000000
0.000000
0.000000
0.000000
0.000000
0.000000
0.000000
0.000000
0.000000
0.000000
0.000000
0.000000
0.000000
0.000000
0.000000
0.000000
0.000000
0.000000
0.000000
0.000000
0.000000
0.000000
0.000000
0.000000
0.000000
0.000000
0.000000
0.000000
0.000000
0.000000
0.000000
0.000000
0.000000
0.000000
0.000000
0.000000
0.000000
0.000000
0.000000
0.000000
0.000000
0.000000
0.000000
0.000000
0.000000
0.000000
0.000000
0.000000
0.000000
0.000000
0.000000
0.000000
0.000000
0.000000
0.000000
0.000000
0.000000
0.000000
0.000000
0.000000
0.000000
0.000000
0.000000
