0.000000
0.000000
0.000000
0.000000
0.000000
0.000000
0.000000
0.005369
0.011774
0.062820
0.102670
0.180683
0.240582
0.489244
0.831285
1.730175
3.155708
5.570029
9.304777
15.228572
22.947257
35.017418
51.735317
75.781009
107.582821
150.517287
205.792805
279.058929
374.955411
496.638356
649.078226
839.432240
1075.526295
1365.172196
1712.313747
2123.552002
2611.293477
3184.248165
3855.592975
4626.401885
5508.929708
6513.105087
7647.663180
8911.343671
10337.433802
11910.613626
13625.462556
15529.309087
17587.654827
19833.749282
22210.175794
24775.332689
27506.132575
30409.168211
33483.973892
36699.631667
40088.987637
43599.632205
47242.523856
51012.500763
54892.336583
58855.254475
62908.915202
67023.295940
71190.285880
75362.258908
79568.920929
83777.922435
87985.417198
92146.491236
96252.851617
100266.432067
104231.415434
108092.272595
111830.510952
115432.272034
118903.715454
122236.450226
125389.367407
128369.862802
131161.966262
133723.673824
136123.915165
138324.842568
140316.888687
142060.090672
143612.675192
144944.817351
146049.556661
146956.050785
147667.644611
148104.572665
148342.445025
148403.572708
148265.812925
147916.595524
147347.314412
146611.369103
145687.793160
144589.401849
143335.394931
141912.066807
140336.468848
138636.150117
136822.980818
134833.380035
132756.724824
130564.539925
128280.462273
125898.830862
123439.765368
120918.759144
118317.672893
115670.761442
112986.733879
110234.635808
107461.674056
104694.337513
101877.765175
99070.973808
96275.582484
93472.319437
90652.990609
87820.832688
85048.073117
82282.584560
79556.969022
76880.236088
74214.774733
71599.463780
69010.344301
66463.900782
63962.843073
61524.389881
59134.707678
56790.058612
54512.754746
52279.254787
50105.139484
47980.552117
45938.776060
43930.566497
42000.775919
40130.196130
38309.260429
36541.908051
34838.137193
33195.370711
31600.053392
30084.301528
28602.956824
27189.773881
25831.455288
24531.278786
23266.350037
22054.974324
20903.639055
19798.657245
18740.598948
17731.282068
16755.613644
15830.661664
14949.359080
14109.565245
13308.285461
12540.032422
11811.396723
11119.258978
10465.360945
9836.637728
9249.611705
8690.361928
8159.396596
7653.389118
7173.025529
6720.991064
6295.394839
5890.108119
5502.268405
5143.103904
4808.304416
4492.524961
4192.566470
3913.829477
3654.264314
3403.530545
3169.703999
2954.088532
2747.516771
2553.393220
2374.902317
2205.487772
2047.510588
1899.578063
1760.513993
1632.502484
1508.944911
1398.005820
1294.638746
1195.592657
1103.955514
1018.510677
939.457472
866.820699
799.470907
735.949555
678.507190
625.546450
575.650988
528.743020
485.210004
444.776148
408.356779
374.933787
344.033605
314.826629
287.905169
263.664607
241.354702
220.822874
201.728910
184.648005
168.933210
153.624667
140.055415
127.808236
116.700268
106.654238
97.731187
89.028979
80.903038
73.564134
67.228018
61.130375
55.248738
50.467408
45.704231
41.375389
37.187746
33.541044
30.518043
27.412001
24.910348
22.586209
20.373835
18.436868
16.576917
15.022807
13.597366
12.446577
11.077088
9.916947
8.889043
8.021459
7.313786
6.581832
5.957662
5.349029
4.875210
4.410008
3.980674
3.694860
3.287482
3.074771
2.759014
2.476754
2.235696
2.073954
1.877501
1.662435
1.501741
1.346882
1.294410
1.218921
1.109254
0.997908
0.937817
0.833544
0.782106
0.703447
0.622904
0.575295
0.540563
0.486075
0.442954
0.396133
0.361590
0.329730
0.291043
0.268469
0.243013
0.217282
0.191795
0.183370
0.163468
0.149449
0.149287
0.143283
0.127375
0.118922
0.101179
0.095293
0.077208
0.072936
0.061148
0.043378
0.028924
0.018163
0.012324
0.011703
0.005754
0.007893
0.010588
0.010024
0.008810
0.006152
0.007781
0.004099
0.003881
0.003454
0.001912
0.001335
0.001423
0.002145
0.002182
0.000768
0.002560
0.001975
0.000694
0.000040
0.000000
0.000000
0.000000
0.000000
0.000000
0.000000
0.000000
0.000000
0.000000
0.000000
0.000000
0.000000
0.000000
0.000000
0.000000
0.000000
0.000000
0.000000
0.000000
0.000000
0.000000
0.000000
0.000000
0.000000
0.000000
0.000000
0.000000
0.000000
0.000000
0.000000
0.000000
0.000000
0.000000
0.000000
0.000000
0.000000
0.000000
0.000000
0.000000
0.000000
0.000000
0.000000
0.000000
0.000000
0.000000
0.000000
0.000000
0.000000
0.000000
0.000000
0.000000
0.000000
0.000000
0.000000
0.000000
0.000000
0.000000
0.000000
0.000000
0.000000
0.000000
0.000000
0.000000
0.000000
0.000000
0.000000
0.000000
0.000000
0.000000
0.000000
0.000000
0.000000
0.000000
0.000000
0.000000
0.000000
0.000000
0.000000
0.000000
0.000000
0.000000
0.000000
0.000000
0.000000
0.000000
0.000000
0.000000
0.000000
0.000000
0.000000
0.000000
0.000000
0.000000
0.000000
0.000000
0.000000
0.000000
0.000000
0.000000
0.000000
0.000000
0.000000
0.000000
0.000000
0.000000
0.000000
0.000000
0.000000
0.000000
0.000000
0.000000
0.000000
0.000000
0.000000
0.000000
0.000000
0.000000
0.000000
0.000000
0.000000
0.000000
0.000000
0.000000
0.000000
0.000000
0.000000
0.000000
0.000000
0.000000
0.000000
0.000000
0.000000
0.000000
0.000000
0.000000
0.000000
0.000000
0.000000
0.000000
0.000000
0.000000
0.000000
0.000000
0.000000
0.000000
0.000000
0.000000
0.000000
0.000000
0.000000
0.000000
0.000000
0.000000
0.000000
0.000000
0.000000
0.000000
0.000000
0.000000
0.000000
0.000000
0.000000
0.000000
0.000000
0.000000
0.000000
0.000000
0.000000
0.000000
0.000000
0.000000
0.000000
0.000000
0.000000
0.000000
0.000000
0.000000
0.000000
0.000000
0.000000
0.000000
0.000000
0.000000
0.000000
0.000000
0.000000
0.000000
0.000000
0.000000
0.000000
0.000000
0.000000
0.000000
0.000000
0.000000
0.000000
0.000000
0.000000
0.000000
0.000000
0.000000
0.000000
0.000000
0.000000
0.000000
0.000000
0.000000
0.000000
0.000000
0.000000
0.000000
0.000000
0.000000
0.000000
0.000000
0.000000
0.000000
0.000000
0.000000
0.000000
0.000000
0.000000
0.000000
0.000000
0.000000
0.000000
0.000000
0.000000
0.000000
0.000000
0.000000
0.000000
0.000000
0.000000
0.000000
0.000000
0.000000
0.000000
0.000000
0.000000
0.000000
0.000000
0.000000
0.000000
0.000000
0.000000
0.000000
0.000000
0.000000
0.000000
0.000000
0.000000
0.000000
0.000000
0.000000
0.000000
0.000000
0.000000
0.000000
0.000000
0.000000
0.000000
0.000000
0.000000
0.000000
0.000000
0.000000
0.000000
0.000000
0.000000
0.000000
0.000000
0.000000
0.000000
0.000000
0.000000
0.000000
0.000000
0.000000
0.000000
0.000000
0.000000
0.000000
0.000000
0.000000
0.000000
0.000000
0.000000
0.000000
0.000000
0.000000
0.000000
0.000000
0.000000
0.000000
0.000000
0.000000
0.000000
0.000000
0.000000
0.000000
0.000000
0.000000
0.000000
0.000000
0.000000
0.000000
0.000000
0.000000
0.000000
0.000000
0.000000
0.000000
0.000000
0.000000
0.000000
0.000000
0.000000
0.000000
0.000000
0.000000
0.000000
0.000000
0.000000
0.000000
0.000000
0.000000
0.000000
0.000000
0.000000
0.000000
0.000000
0.000000
0.000000
0.000000
0.000000
0.000000
0.000000
0.000000
0.000000
0.000000
0.000000
0.000000
0.000000
0.000000
0.000000
0.000000
0.000000
0.000000
0.000000
0.000000
0.000000
0.000000
0.000000
0.000000
0.000000
0.000000
0.000000
0.000000
0.000000
0.000000
0.000000
0.000000
0.000000
0.000000
0.000000
0.000000
0.000000
0.000000
0.000000
0.000000
0.000000
0.000000
0.000000
0.000000
0.000000
0.000000
0.000000
0.000000
0.000000
0.000000
0.000000
0.000000
0.000000
0.000000
0.000000
0.000000
0.000000
0.000000
0.000000
0.000000
0.000000
0.000000
0.000000
0.000000
0.000000
0.000000
0.000000
0.000000
0.000000
0.000000
0.000000
0.000000
0.000000
0.000000
0.000000
0.000000
0.000000
0.000000
0.000000
0.000000
0.000000
0.000000
0.000000
0.000000
0.000000
0.000000
0.000000
0.000000
0.000000
0.000000
0.000000
0.000000
0.000000
0.000000
0.000000
0.000000
0.000000
0.000000
0.000000
0.000000
0.000000
0.000000
0.000000
0.000000
0.000000
0.000000
0.000000
0.000000
0.000000
0.000000
0.000000
0.000000
0.000000
0.000000
0.000000
0.000000
0.000000
0.000000
0.000000
0.000000
0.000000
0.000000
0.000000
0.000000
0.000000
0.000000
0.000000
0.000000
0.000000
0.000000
0.000000
0.000000
0.000000
0.000000
0.000000
0.000000
0.000000
0.000000
0.000000
0.000000
0.000000
0.000000
0.000000
0.000000
0.000000
0.000000
0.000000
0.000000
0.000000
0.000000
0.000000
0.000000
0.000000
0.000000
0.000000
0.000000
0.000000
0.000000
0.000000
0.000000
0.000000
0.000000
0.000000
0.000000
0.000000
0.000000
0.000000
0.000000
0.000000
0.000000
0.000000
0.000000
0.000000
0.000000
0.000000
0.000000
0.000000
0.000000
0.000000
0.000000
0.000000
0.000000
0.000000
0.000000
0.000000
0.000000
0.000000
0.000000
0.000000
0.000000
0.000000
0.000000
0.000000
0.000000
0.000000
0.000000
0.000000
0.000000
0.000000
0.000000
0.000000
0.000000
0.000000
0.000000
0.000000
0.000000
0.000000
0.000000
0.000000
0.000000
0.000000
0.000000
0.000000
0.000000
0.000000
0.000000
0.000000
0.000000
0.000000
0.000000
0.000000
0.000000
0.000000
0.000000
0.000000
0.000000
0.000000
0.000000
0.000000
0.000000
0.000000
0.000000
0.000000
0.000000
0.000000
0.000000
0.000000
0.000000
0.000000
0.000000
0.000000
0.000000
0.000000
0.000000
0.000000
0.000000
0.000000
0.000000
0.000000
0.000000
0.000000
0.000000
0.000000
0.000000
0.000000
0.000000
0.000000
0.000000
0.000000
0.000000
0.000000
0.000000
0.000000
0.000000
0.000000
0.000000
0.000000
0.000000
0.000000
0.000000
0.000000
0.000000
0.000000
0.000000
0.000000
0.000000
0.000000
0.000000
0.000000
0.000000
0.000000
0.000000
0.000000
0.000000
0.000000
0.000000
0.000000
0.000000
0.000000
0.000000
0.000000
0.000000
0.000000
0.000000
0.000000
0.000000
0.000000
0.000000
0.000000
0.000000
0.000000
0.000000
0.000000
0.000000
0.000000
0.000000
0.000000
0.000000
0.000000
0.000000
0.000000
0.000000
0.000000
0.000000
0.000000
0.000000
0.000000
0.000000
0.000000
0.000000
0.000000
0.000000
0.000000
0.000000
0.000000
0.000000
0.000000
0.000000
0.000000
0.000000
0.000000
0.000000
0.000000
0.000000
0.000000
0.000000
0.000000
0.000000
0.000000
0.000000
