0.001064
0.032008
0.540996
2.432046
8.260974
24.535349
67.115634
154.093924
325.822215
623.746006
1116.420582
1890.976093
3012.610102
4582.922218
6677.361043
9348.704365
12651.461109
16578.020341
21119.907864
26232.670790
31855.300707
37908.221084
44277.969455
50868.552159
57534.577221
64179.598845
70710.002828
77019.004364
82998.618496
88607.075416
93793.620556
98430.501521
102587.432383
106108.503075
109123.014214
111574.753656
113554.468271
115039.718137
116041.052886
116699.036320
116992.007458
116933.620081
116599.787467
115977.216979
115082.838894
113955.326883
112586.720769
111031.270444
109384.937384
107574.954790
105708.345754
103806.799582
101816.382314
99814.018927
97738.027313
95700.114797
93674.104491
91638.211252
89614.099112
87597.708701
85639.566611
83729.282310
81871.942492
80051.822327
78281.091463
76555.828566
74853.278786
73183.819761
71568.885556
70022.077267
68506.134711
67024.914963
65614.757330
64245.900401
62943.945574
61667.145103
60452.169382
59271.802064
58118.334034
56998.115248
55914.896728
54871.887686
53862.014299
52924.350460
52013.495712
51128.450193
50280.522782
49477.166988
48728.489062
47975.819626
47258.889532
46577.838359
45898.999181
45239.888138
44637.160053
44052.559967
43489.188978
42946.868571
42436.097294
41934.895081
41459.520315
41007.459862
40580.684933
40165.895260
39788.981246
39417.933229
39064.780053
38730.449562
38427.121447
38146.255405
37881.323020
37637.648581
37391.785213
37157.608287
36937.442689
36711.897153
36519.910602
36321.233314
36140.615590
35947.969739
35762.887820
35565.753803
35375.618239
35191.303594
35026.740815
34863.502160
34686.475819
34519.648372
34367.434421
34214.181080
34054.828552
33901.028926
33749.560649
33601.203676
33459.426019
33310.199799
33157.798228
33036.764853
32904.705725
32764.838811
32624.144068
32489.972732
32346.257901
32206.238633
32074.561410
31945.157991
31807.227212
31668.495215
31527.049921
31378.757966
31230.146224
31078.716119
30935.907568
30775.050248
30614.438643
30446.889406
30271.310616
30100.660458
29918.113614
29744.949318
29570.234641
29393.327144
29221.833289
29034.810667
28848.013615
28659.113668
28461.934682
28267.208168
28065.451528
27861.327639
27649.279679
27438.380207
27218.860263
26980.266812
26740.938537
26502.908083
26251.172074
26001.788754
25751.740457
25492.285592
25218.346685
24952.318412
24673.851289
24386.202776
24101.520532
23812.777273
23513.419570
23222.466923
22931.253918
22628.523830
22318.396551
22013.732990
21702.578145
21398.532927
21089.281379
20779.170341
20462.590350
20144.680261
19816.647673
19493.990137
19170.107978
18842.943700
18514.264202
18175.767706
17846.050446
17513.885288
17173.168352
16843.077608
16509.534479
16175.212641
15842.412780
15513.521713
15180.706054
14839.702662
14503.639239
14170.094076
13836.274893
13501.680699
13171.050810
12840.443110
12512.661711
12186.571424
11865.366190
11548.136862
11233.680040
10924.468207
10621.514383
10318.948630
10022.297874
9727.039647
9439.650485
9159.740546
8875.406941
8596.297077
8324.124471
8058.674222
7795.292502
7537.917709
7281.155300
7029.718529
6781.609805
6538.050325
6304.003542
6077.128284
5849.774383
5627.036599
5411.694724
5205.805312
5002.871466
4807.496890
4617.790787
4430.490133
4250.743248
4075.666588
3908.390974
3743.411337
3587.789781
3436.053099
3288.628457
3140.443396
3005.336934
2874.552872
2743.666855
2616.850481
2495.532318
2378.729787
2266.029875
2157.840400
2051.441768
1949.349091
1851.043606
1756.784685
1666.417434
1579.632245
1498.468148
1418.494558
1342.155153
1268.191388
1197.459556
1127.801943
1062.824411
1001.111535
942.352553
885.868712
833.266759
782.285778
735.303818
690.288036
647.997981
607.478368
570.023448
534.763556
501.416473
469.899546
440.119014
411.526477
384.434764
359.317060
335.698849
314.025009
292.775191
272.717100
253.309349
235.264716
219.128152
203.677161
188.668239
175.003732
162.084491
150.191351
138.332807
128.023332
118.772634
109.978374
101.698296
94.305432
86.852030
80.095198
74.505045
68.965236
63.954915
59.451990
55.415162
51.500514
47.758544
44.199503
40.678172
37.749740
34.706088
32.113117
29.594279
26.902195
24.427148
22.315069
20.307215
18.663375
17.062506
15.494946
14.105217
12.851936
11.750699
10.686961
9.680993
8.726748
7.851217
7.033816
6.318947
5.525388
4.813185
4.262283
3.646910
3.217457
2.799199
2.448231
2.149917
1.858527
1.617052
1.414619
1.189609
1.006052
0.860233
0.714282
0.589661
0.490890
0.389597
0.306804
0.242987
0.200628
0.172794
0.128096
0.089327
0.077267
0.058955
0.053549
0.042349
0.023660
0.017133
0.007793
0.006134
0.003914
0.002429
0.000665
0.000076
0.000000
0.000000
0.000000
0.000000
0.000000
0.000000
0.000000
0.000000
0.000000
0.000000
0.000000
0.000000
0.000000
0.000000
0.000000
0.000000
0.000000
0.000000
0.000000
0.000000
0.000000
0.000000
0.000000
0.000000
0.000000
0.000000
0.000000
0.000000
0.000000
0.000000
0.000000
0.000000
0.000000
0.000000
0.000000
0.000000
0.000000
0.000000
0.000000
0.000000
0.000000
0.000000
0.000000
0.000000
0.000000
0.000000
0.000000
0.000000
0.000000
0.000000
0.000000
0.000000
0.000000
0.000000
0.000000
0.000000
0.000000
0.000000
0.000000
0.000000
0.000000
0.000000
0.000000
0.000000
0.000000
0.000000
0.000000
0.000000
0.000000
0.000000
0.000000
0.000000
0.000000
0.000000
0.000000
0.000000
0.000000
0.000000
0.000000
0.000000
0.000000
0.000000
0.000000
0.000000
0.000000
0.000000
0.000000
0.000000
0.000000
0.000000
0.000000
0.000000
0.000000
0.000000
0.000000
0.000000
0.000000
0.000000
0.000000
0.000000
0.000000
0.000000
0.000000
0.000000
0.000000
0.000000
0.000000
0.000000
0.000000
0.000000
0.000000
0.000000
0.000000
0.000000
0.000000
0.000000
0.000000
0.000000
0.000000
0.000000
0.000000
0.000000
0.000000
0.000000
0.000000
0.000000
0.000000
0.000000
0.000000
0.000000
0.000000
0.000000
0.000000
0.000000
0.000000
0.000000
0.000000
0.000000
0.000000
0.000000
0.000000
0.000000
0.000000
0.000000
0.000000
0.000000
0.000000
0.000000
0.000000
0.000000
0.000000
0.000000
0.000000
0.000000
0.000000
0.000000
0.000000
0.000000
0.000000
0.000000
0.000000
0.000000
0.000000
0.000000
0.000000
0.000000
0.000000
0.000000
0.000000
0.000000
0.000000
0.000000
0.000000
0.000000
0.000000
0.000000
0.000000
0.000000
0.000000
0.000000
0.000000
0.000000
0.000000
0.000000
0.000000
0.000000
0.000000
0.000000
0.000000
0.000000
0.000000
0.000000
0.000000
0.000000
0.000000
0.000000
0.000000
0.000000
0.000000
0.000000
0.000000
0.000000
0.000000
0.000000
0.000000
0.000000
0.000000
0.000000
0.000000
0.000000
0.000000
0.000000
0.000000
0.000000
0.000000
0.000000
0.000000
0.000000
0.000000
0.000000
0.000000
0.000000
0.000000
0.000000
0.000000
0.000000
0.000000
0.000000
0.000000
0.000000
0.000000
0.000000
0.000000
0.000000
0.000000
0.000000
0.000000
0.000000
0.000000
0.000000
0.000000
0.000000
0.000000
0.000000
0.000000
0.000000
0.000000
0.000000
0.000000
0.000000
0.000000
0.000000
0.000000
0.000000
0.000000
0.000000
0.000000
0.000000
0.000000
0.000000
0.000000
0.000000
0.000000
0.000000
0.000000
0.000000
0.000000
0.000000
0.000000
0.000000
0.000000
0.000000
0.000000
0.000000
0.000000
0.000000
0.000000
0.000000
0.000000
0.000000
0.000000
0.000000
0.000000
0.000000
0.000000
0.000000
0.000000
0.000000
0.000000
0.000000
0.000000
0.000000
0.000000
0.000000
0.000000
0.000000
0.000000
0.000000
0.000000
0.000000
0.000000
0.000000
0.000000
0.000000
0.000000
0.000000
0.000000
0.000000
0.000000
0.000000
0.000000
0.000000
0.000000
0.000000
0.000000
0.000000
0.000000
0.000000
0.000000
0.000000
0.000000
0.000000
0.000000
0.000000
0.000000
0.000000
0.000000
0.000000
0.000000
0.000000
0.000000
0.000000
0.000000
0.000000
0.000000
0.000000
0.000000
0.000000
0.000000
0.000000
0.000000
0.000000
0.000000
0.000000
0.000000
0.000000
0.000000
0.000000
0.000000
0.000000
0.000000
0.000000
0.000000
0.000000
0.000000
0.000000
0.000000
0.000000
0.000000
0.000000
0.000000
0.000000
0.000000
0.000000
0.000000
0.000000
0.000000
0.000000
0.000000
0.000000
0.000000
0.000000
0.000000
0.000000
0.000000
0.000000
0.000000
0.000000
0.000000
0.000000
0.000000
0.000000
0.000000
0.000000
0.000000
0.000000
0.000000
0.000000
0.000000
0.000000
0.000000
0.000000
0.000000
0.000000
0.000000
0.000000
0.000000
0.000000
0.000000
0.000000
0.000000
0.000000
0.000000
0.000000
0.000000
0.000000
0.000000
0.000000
0.000000
0.000000
0.000000
0.000000
0.000000
0.000000
0.000000
0.000000
0.000000
0.000000
0.000000
0.000000
0.000000
0.000000
0.000000
0.000000
0.000000
0.000000
0.000000
0.000000
0.000000
0.000000
0.000000
0.000000
0.000000
0.000000
0.000000
0.000000
0.000000
0.000000
0.000000
0.000000
0.000000
0.000000
0.000000
0.000000
0.000000
0.000000
0.000000
0.000000
0.000000
0.000000
0.000000
0.000000
0.000000
0.000000
0.000000
0.000000
0.000000
0.000000
0.000000
0.000000
0.000000
0.000000
0.000000
0.000000
0.000000
0.000000
0.000000
0.000000
0.000000
0.000000
0.000000
0.000000
0.000000
0.000000
0.000000
0.000000
0.000000
0.000000
0.000000
0.000000
0.000000
0.000000
0.000000
0.000000
0.000000
0.000000
0.000000
0.000000
0.000000
0.000000
0.000000
0.000000
0.000000
0.000000
0.000000
0.000000
0.000000
0.000000
0.000000
0.000000
0.000000
0.000000
0.000000
0.000000
0.000000
0.000000
0.000000
0.000000
0.000000
0.000000
0.000000
0.000000
0.000000
0.000000
0.000000
0.000000
0.000000
0.000000
0.000000
0.000000
0.000000
0.000000
0.000000
0.000000
0.000000
0.000000
0.000000
0.000000
0.000000
0.000000
0.000000
0.000000
0.000000
0.000000
0.000000
0.000000
0.000000
0.000000
0.000000
0.000000
0.000000
0.000000
0.000000
0.000000
0.000000
0.000000
0.000000
0.000000
0.000000
0.000000
0.000000
0.000000
0.000000
0.000000
0.000000
0.000000
0.000000
0.000000
0.000000
0.000000
0.000000
0.000000
0.000000
0.000000
0.000000
0.000000
0.000000
0.000000
0.000000
0.000000
0.000000
0.000000
0.000000
0.000000
0.000000
0.000000
0.000000
0.000000
0.000000
0.000000
0.000000
0.000000
0.000000
0.000000
0.000000
0.000000
0.000000
0.000000
0.000000
0.000000
0.000000
0.000000
0.000000
0.000000
0.000000
0.000000
0.000000
0.000000
0.000000
0.000000
0.000000
0.000000
0.000000
0.000000
0.000000
0.000000
0.000000
0.000000
0.000000
0.000000
0.000000
0.000000
0.000000
0.000000
0.000000
0.000000
0.000000
0.000000
