321.342529
1819.161176
5753.532205
13505.512508
26544.218756
45728.732066
71126.738569
101965.948795
134172.236220
167589.647415
200585.206567
230063.420577
256872.413870
278690.279659
295099.295323
306079.330616
314403.922807
314830.748496
311318.109474
305578.740418
296466.931247
285951.223004
273474.203692
259358.199575
244790.881579
229387.650961
214383.004728
200333.271116
186228.114218
172260.334947
159754.270449
148196.027119
137064.984792
126405.408864
116758.221914
107791.739903
99112.096255
91544.990176
84266.197277
78160.645955
72464.055011
66970.167274
62269.661444
57805.189420
54004.412448
50146.514394
46859.171202
44108.660193
40994.809772
38497.101111
36257.307524
34024.380165
31791.429341
29991.995117
28374.042654
26783.127095
25344.592469
23974.900008
22631.358109
21506.427316
20456.426902
19446.174309
18382.295280
17393.671865
16618.266864
16013.968696
15173.186058
14678.537476
14083.403856
13561.283718
13153.424937
12685.366195
12152.932016
11738.248486
11357.006284
11052.966315
10807.378751
10526.446626
10203.349607
9916.617187
9734.063511
9436.825693
9165.913646
8899.874707
8759.706318
8652.098841
8539.772393
8426.804237
8269.428517
8149.281048
7969.711206
7850.017124
7760.985176
7647.618081
7640.248151
7568.497832
7514.856695
7516.711277
7458.092277
7353.681186
7272.750876
7262.202576
7205.624725
7152.410380
7130.162979
7103.460230
7032.694782
6977.598708
6913.912910
6870.500483
6812.639552
6772.097711
6830.877565
6764.334301
6743.094887
6709.212982
6743.533523
6702.557363
6715.044371
6718.560405
6704.273674
6680.843318
6692.568080
6649.948387
6676.130824
6607.398815
6656.137875
6715.443369
6733.267298
6753.060164
6695.607364
6699.442171
6719.589366
6740.604612
6736.431072
6758.408400
6719.692581
6746.507125
6774.545126
6831.265979
6839.423125
6846.668113
6868.806032
6845.638150
6851.346464
6885.615277
6971.330988
7004.236196
7055.477772
7100.576264
7164.473381
7194.810104
7235.349754
7292.329817
7304.795195
7307.018707
7336.356155
7423.424217
7479.585735
7515.954384
7596.352855
7648.766261
7603.984217
7668.185446
7707.169714
7708.579566
7722.249366
7778.075970
7834.739048
7892.718932
7957.998079
8008.935867
8075.103508
8081.365125
8151.408198
8248.240677
8284.884111
8346.323816
8342.173282
8405.893743
8473.688016
8552.684100
8621.277394
8620.008129
8647.365032
8681.772220
8680.685403
8779.866034
8771.965745
8827.863614
8854.937773
8950.840844
8988.616596
9019.216472
9076.625104
9169.084160
9212.080204
9255.906475
9324.416446
9365.392709
9417.045381
9406.197407
9406.385742
9398.189006
9409.570382
9417.653154
9461.597564
9488.916437
9565.856470
9592.234753
9624.782840
9628.868068
9634.095007
9672.238633
9665.395786
9669.434292
9683.207578
9726.470629
9721.502854
9726.137678
9758.817248
9775.264629
9795.698765
9793.219861
9844.493481
9857.021239
9887.816327
9940.823042
9967.816158
9987.648433
9973.030992
9952.332298
9952.842775
9949.024902
9898.072006
9868.135308
9845.829275
9791.880545
9745.108564
9717.176979
9665.573285
9617.461239
9561.617831
9547.198428
9556.372096
9545.856471
9503.501298
9470.824090
9407.000438
9365.355662
9320.342986
9285.180817
9253.959571
9195.510659
9128.891484
9060.126096
9047.969006
9003.083817
8916.150047
8908.767580
8861.610676
8807.733831
8772.559423
8699.159704
8666.368933
8584.067352
8473.853448
8384.534886
8318.014359
8260.489992
8173.703350
8072.888546
8019.795070
7939.102260
7838.159288
7748.636780
7662.119316
7545.795526
7465.873682
7355.732713
7294.955139
7202.211949
7128.663005
7034.838151
6955.286744
6873.773319
6799.609620
6710.003404
6614.699022
6480.469287
6393.217728
6282.555309
6214.739635
6101.501153
6020.349255
5953.472556
5854.763640
5772.123174
5695.045077
5604.755287
5519.998504
5433.111781
5332.570879
5224.747781
5149.648448
5069.249030
4988.904313
4878.776082
4804.210788
4714.233069
4647.571755
4561.830787
4485.444382
4388.543036
4312.362652
4238.552325
4137.404511
4054.991776
3964.356116
3856.590995
3773.654248
3713.666276
3634.392369
3542.578246
3426.382360
3356.325360
3297.341660
3220.438276
3138.182136
3087.112280
3007.772602
2949.941594
2886.579093
2824.847343
2774.923899
2699.405122
2635.724798
2562.280079
2498.582361
2436.093711
2352.327659
2281.087869
2203.812055
2160.899830
2111.880495
2047.372100
1996.249334
1939.656002
1885.848957
1839.697825
1794.194741
1742.629090
1699.030151
1635.690047
1588.253990
1544.497469
1508.001564
1454.363840
1405.395294
1360.959377
1323.557298
1289.817518
1245.938305
1209.684166
1168.673472
1127.252790
1094.981906
1067.601894
1036.903828
1002.370615
976.128980
942.899009
911.857506
875.188300
847.010404
818.350561
796.693778
766.359408
733.178693
700.737675
674.164894
637.877855
616.205589
585.315732
570.190812
551.742112
533.090075
515.673168
490.703769
472.810427
456.154238
435.001881
416.383474
403.575930
390.894322
368.926484
351.616456
336.920715
320.503382
309.004479
296.548426
289.713071
277.460070
267.233321
258.412019
245.850450
236.917964
226.323101
215.479910
201.456812
191.160615
184.301482
175.473529
167.092694
164.070492
155.012791
148.852784
141.644841
134.041932
125.864842
117.879610
112.462320
105.179563
101.394081
97.024790
95.286345
89.051553
88.249955
81.551564
74.723141
72.803982
68.787899
67.134932
65.974497
63.353666
57.953229
57.372593
55.890231
54.423959
51.070663
49.573157
48.635620
49.681667
48.912514
46.310043
43.851528
41.957852
40.975632
36.942381
35.230604
32.930473
30.485700
30.839540
29.137918
28.219118
25.799983
24.118264
25.041654
23.259915
23.485034
20.634051
19.135342
19.585457
19.753802
19.252366
18.393042
16.894073
14.982832
14.910501
14.658391
15.089779
14.821692
13.880437
13.473538
12.684340
12.280840
10.769121
10.554266
10.515391
9.528501
8.613177
7.786228
7.648127
7.199969
6.252133
5.284198
5.099539
4.176716
3.579257
3.130522
2.948680
2.743173
2.480629
2.279667
2.840094
3.122449
2.406363
2.374722
2.365058
2.243975
2.074681
1.883190
1.309680
1.106724
0.706513
0.793418
0.489541
0.506165
0.600712
0.594456
0.422733
0.376489
0.207070
0.232840
0.259951
0.180780
0.126115
0.134626
0.102880
0.060642
0.033907
0.044506
0.056065
0.018574
0.048247
0.000000
0.000000
0.000000
0.000000
0.000000
0.000000
0.000000
0.000000
0.000000
0.000000
0.000000
0.000000
0.000000
0.000000
0.000000
0.000000
0.000000
0.000000
0.000000
0.000000
0.000000
0.000000
0.000000
0.000000
0.000000
0.000000
0.000000
0.000000
0.000000
0.000000
0.000000
0.000000
0.000000
0.000000
0.000000
0.000000
0.000000
0.000000
0.000000
0.000000
0.000000
0.000000
0.000000
0.000000
0.000000
0.000000
0.000000
0.000000
0.000000
0.000000
0.000000
0.000000
0.000000
0.000000
0.000000
0.000000
0.000000
0.000000
0.000000
0.000000
0.000000
0.000000
0.000000
0.000000
0.000000
0.000000
0.000000
0.000000
0.000000
0.000000
0.000000
0.000000
0.000000
0.000000
0.000000
0.000000
0.000000
0.000000
0.000000
0.000000
0.000000
0.000000
0.000000
0.000000
0.000000
0.000000
0.000000
0.000000
0.000000
0.000000
0.000000
0.000000
0.000000
0.000000
0.000000
0.000000
0.000000
0.000000
0.000000
0.000000
0.000000
0.000000
0.000000
0.000000
0.000000
0.000000
0.000000
0.000000
0.000000
0.000000
0.000000
0.000000
0.000000
0.000000
0.000000
0.000000
0.000000
0.000000
0.000000
0.000000
0.000000
0.000000
0.000000
0.000000
0.000000
0.000000
0.000000
0.000000
0.000000
0.000000
0.000000
0.000000
0.000000
0.000000
0.000000
0.000000
0.000000
0.000000
0.000000
0.000000
0.000000
0.000000
0.000000
0.000000
0.000000
0.000000
0.000000
0.000000
0.000000
0.000000
0.000000
0.000000
0.000000
0.000000
0.000000
0.000000
0.000000
0.000000
0.000000
0.000000
0.000000
0.000000
0.000000
0.000000
0.000000
0.000000
0.000000
0.000000
0.000000
0.000000
0.000000
0.000000
0.000000
0.000000
0.000000
0.000000
0.000000
0.000000
0.000000
0.000000
0.000000
0.000000
0.000000
0.000000
0.000000
0.000000
0.000000
0.000000
0.000000
0.000000
0.000000
0.000000
0.000000
0.000000
0.000000
0.000000
0.000000
0.000000
0.000000
0.000000
0.000000
0.000000
0.000000
0.000000
0.000000
0.000000
0.000000
0.000000
0.000000
0.000000
0.000000
0.000000
0.000000
0.000000
0.000000
0.000000
0.000000
0.000000
0.000000
0.000000
0.000000
0.000000
0.000000
0.000000
0.000000
0.000000
0.000000
0.000000
0.000000
0.000000
0.000000
0.000000
0.000000
0.000000
0.000000
0.000000
0.000000
0.000000
0.000000
0.000000
0.000000
0.000000
0.000000
0.000000
0.000000
0.000000
0.000000
0.000000
0.000000
0.000000
0.000000
0.000000
0.000000
0.000000
0.000000
0.000000
0.000000
0.000000
0.000000
0.000000
0.000000
0.000000
0.000000
0.000000
0.000000
0.000000
0.000000
0.000000
0.000000
0.000000
0.000000
0.000000
0.000000
0.000000
0.000000
0.000000
0.000000
0.000000
0.000000
0.000000
0.000000
0.000000
0.000000
0.000000
0.000000
0.000000
0.000000
0.000000
0.000000
0.000000
0.000000
0.000000
0.000000
0.000000
0.000000
0.000000
0.000000
0.000000
0.000000
0.000000
0.000000
0.000000
0.000000
0.000000
0.000000
0.000000
0.000000
0.000000
0.000000
0.000000
0.000000
0.000000
0.000000
0.000000
0.000000
0.000000
0.000000
0.000000
0.000000
0.000000
0.000000
0.000000
0.000000
0.000000
0.000000
0.000000
0.000000
0.000000
0.000000
0.000000
0.000000
0.000000
0.000000
0.000000
0.000000
0.000000
0.000000
0.000000
0.000000
0.000000
0.000000
0.000000
0.000000
0.000000
0.000000
0.000000
0.000000
0.000000
0.000000
0.000000
0.000000
0.000000
0.000000
0.000000
0.000000
0.000000
0.000000
0.000000
0.000000
0.000000
0.000000
0.000000
0.000000
0.000000
0.000000
0.000000
0.000000
0.000000
0.000000
0.000000
0.000000
0.000000
0.000000
0.000000
0.000000
0.000000
0.000000
0.000000
0.000000
0.000000
0.000000
0.000000
0.000000
0.000000
0.000000
0.000000
0.000000
0.000000
0.000000
0.000000
0.000000
0.000000
0.000000
0.000000
0.000000
0.000000
0.000000
0.000000
0.000000
0.000000
0.000000
0.000000
0.000000
0.000000
0.000000
0.000000
0.000000
0.000000
0.000000
0.000000
0.000000
0.000000
0.000000
0.000000
0.000000
0.000000
0.000000
0.000000
0.000000
0.000000
0.000000
0.000000
0.000000
0.000000
0.000000
0.000000
0.000000
0.000000
0.000000
0.000000
0.000000
0.000000
0.000000
0.000000
0.000000
0.000000
0.000000
0.000000
0.000000
0.000000
0.000000
0.000000
0.000000
0.000000
0.000000
0.000000
0.000000
0.000000
0.000000
0.000000
0.000000
0.000000
0.000000
0.000000
0.000000
0.000000
0.000000
0.000000
0.000000
0.000000
0.000000
0.000000
0.000000
0.000000
0.000000
0.000000
0.000000
0.000000
0.000000
0.000000
0.000000
0.000000
0.000000
0.000000
0.000000
0.000000
