0.000000
0.000000
0.000000
0.028344
0.685764
3.661043
9.217487
21.613646
56.324466
115.094869
218.209152
394.227967
675.748948
1098.574762
1670.731541
2417.934661
3464.270264
4760.799612
6375.222808
8293.556486
10552.692024
13187.017010
16052.888352
19203.136978
22643.993430
26389.122382
30260.921139
34314.904335
38483.711481
42673.951038
46925.518587
51206.276540
55386.173138
59434.637045
63117.227496
66854.705452
70313.009993
73676.613397
76719.764213
79532.623442
82157.209072
84371.738194
86460.111808
88287.165041
89855.356018
91177.607561
92284.237033
93036.842608
93708.148189
94327.405519
94647.401686
94966.214441
94935.967512
94870.241532
94619.432759
94314.130909
93882.464147
93385.418512
92789.975049
92201.950633
91476.587941
90855.511965
90022.123886
89390.931873
88549.300383
87656.622594
86834.449134
85979.311887
85077.338055
84187.392891
83197.051915
82258.507513
81355.344418
80366.995115
79457.542008
78506.082879
77636.954917
76715.750706
75855.670507
75001.287901
74094.561300
73239.625409
72382.647501
71527.485169
70710.148517
69900.435010
69073.640378
68288.506039
67569.569396
66879.226612
66169.420415
65466.761803
64797.647105
64106.208690
63387.866997
62728.219356
61977.312063
61364.689237
60732.387947
60112.386421
59424.934779
58826.640412
58235.129271
57659.111659
57061.171458
56515.596724
55931.022386
55372.596439
54772.625671
54196.502617
53679.170413
53182.536494
52651.640069
52155.527492
51658.422289
51232.784386
50725.057198
50238.566198
49778.826464
49283.169612
48782.228134
48268.523948
47839.575044
47432.510140
46963.531513
46496.933086
46023.041619
45587.615079
45109.389897
44650.336665
44221.428466
43805.586155
43387.026634
42930.124489
42511.374271
42068.957585
41644.269756
41196.317212
40748.460299
40277.347058
39842.851809
39434.974141
39032.261821
38590.272878
38207.887654
37818.244143
37421.890414
37008.131633
36620.250873
36217.775161
35843.551381
35460.263886
35080.591118
34697.227990
34353.472360
34023.125040
33658.397038
33242.188696
32830.761294
32421.252928
32014.456181
31611.570989
31188.260922
30805.506090
30382.954854
29988.155701
29592.762397
29181.736570
28790.555622
28392.607895
27982.269449
27565.140033
27168.009541
26779.941005
26399.002571
26027.312398
25666.415648
25302.188547
24943.991875
24580.153109
24175.417734
23797.898520
23410.054076
22993.424378
22615.874875
22236.493331
21852.685217
21473.796094
21078.009042
20716.677500
20356.958665
19974.166022
19615.513940
19254.151435
18865.292342
18473.279212
18079.360613
17686.313567
17321.763947
16945.257123
16570.318231
16205.962746
15849.394719
15484.610254
15139.249572
14795.692822
14453.847543
14133.895574
13822.867142
13507.108794
13175.548704
12869.377045
12552.766048
12234.889723
11925.663265
11629.109390
11323.927222
11031.155269
10733.506682
10442.088940
10158.446350
9877.971280
9609.689333
9328.045716
9060.415545
8815.174760
8574.014050
8334.714172
8117.037915
7881.590297
7663.581757
7441.021197
7225.184045
7008.037302
6799.197242
6603.113536
6398.241558
6196.582622
5995.027230
5801.496489
5597.041332
5412.953447
5226.835651
5049.414433
4876.574437
4704.159903
4527.976374
4378.852984
4224.189991
4062.273173
3925.812580
3778.883400
3647.843014
3513.156884
3384.484483
3262.806655
3134.613278
3010.446920
2895.917097
2784.324673
2668.926728
2560.249602
2455.923323
2353.188132
2258.971492
2157.241786
2064.648238
1972.453015
1891.093543
1801.860376
1721.135883
1653.811431
1578.462793
1511.628288
1442.182346
1376.512180
1311.106637
1251.950444
1193.227058
1134.783749
1075.457337
1026.573150
977.786239
929.225162
884.921386
840.796200
799.768112
755.549331
714.991516
680.601079
642.799082
608.930344
577.252052
548.283488
518.984517
497.192325
473.562736
445.871606
421.693294
399.468771
380.362580
361.816743
342.539604
324.765368
306.262505
289.370388
271.126751
254.087131
241.367715
229.045747
214.040798
202.564379
192.248180
181.755354
169.891782
158.487705
148.709556
138.425540
129.202688
120.762532
112.495612
105.566472
98.346851
92.521508
86.298316
80.717772
75.720801
70.293318
65.717883
62.057190
57.729580
53.983996
49.910710
46.045273
42.855120
40.091740
36.466300
33.516826
31.054593
29.750968
28.483099
26.947451
24.909906
23.568743
22.118231
20.372557
19.093661
18.097443
16.980924
15.692255
14.330928
13.312701
12.474280
11.525110
10.889486
10.617085
10.019599
9.482366
9.173403
9.032007
8.314343
8.048752
7.268196
6.737072
5.999068
5.785602
5.411645
4.708115
4.367229
4.260160
3.909280
3.425252
3.339799
3.156721
2.961505
2.704358
2.546613
2.467824
2.265436
1.910415
1.758299
1.499648
1.369338
1.103853
1.008979
0.881619
0.798201
0.801013
0.790148
0.723953
0.671944
0.630241
0.558872
0.568146
0.555576
0.545180
0.450528
0.492048
0.487448
0.391366
0.337999
0.221037
0.220188
0.277051
0.216650
0.182984
0.136141
0.113681
0.104251
0.093614
0.082718
0.069805
0.063437
0.070400
0.034430
0.040070
0.046804
0.030972
0.024054
0.006138
0.004649
0.000000
0.000000
0.000000
0.000000
0.000000
0.000000
0.000000
0.000000
0.000000
0.000000
0.000000
0.000000
0.000000
0.000000
0.000000
0.000000
0.000000
0.000000
0.000000
0.000000
0.000000
0.000000
0.000000
0.000000
0.000000
0.000000
0.000000
0.000000
0.000000
0.000000
0.000000
0.000000
0.000000
0.000000
0.000000
0.000000
0.000000
0.000000
0.000000
0.000000
0.000000
0.000000
0.000000
0.000000
0.000000
0.000000
0.000000
0.000000
0.000000
0.000000
0.000000
0.000000
0.000000
0.000000
0.000000
0.000000
0.000000
0.000000
0.000000
0.000000
0.000000
0.000000
0.000000
0.000000
0.000000
0.000000
0.000000
0.000000
0.000000
0.000000
0.000000
0.000000
0.000000
0.000000
0.000000
0.000000
0.000000
0.000000
0.000000
0.000000
0.000000
0.000000
0.000000
0.000000
0.000000
0.000000
0.000000
0.000000
0.000000
0.000000
0.000000
0.000000
0.000000
0.000000
0.000000
0.000000
0.000000
0.000000
0.000000
0.000000
0.000000
0.000000
0.000000
0.000000
0.000000
0.000000
0.000000
0.000000
0.000000
0.000000
0.000000
0.000000
0.000000
0.000000
0.000000
0.000000
0.000000
0.000000
0.000000
0.000000
0.000000
0.000000
0.000000
0.000000
0.000000
0.000000
0.000000
0.000000
0.000000
0.000000
0.000000
0.000000
0.000000
0.000000
0.000000
0.000000
0.000000
0.000000
0.000000
0.000000
0.000000
0.000000
0.000000
0.000000
0.000000
0.000000
0.000000
0.000000
0.000000
0.000000
0.000000
0.000000
0.000000
0.000000
0.000000
0.000000
0.000000
0.000000
0.000000
0.000000
0.000000
0.000000
0.000000
0.000000
0.000000
0.000000
0.000000
0.000000
0.000000
0.000000
0.000000
0.000000
0.000000
0.000000
0.000000
0.000000
0.000000
0.000000
0.000000
0.000000
0.000000
0.000000
0.000000
0.000000
0.000000
0.000000
0.000000
0.000000
0.000000
0.000000
0.000000
0.000000
0.000000
0.000000
0.000000
0.000000
0.000000
0.000000
0.000000
0.000000
0.000000
0.000000
0.000000
0.000000
0.000000
0.000000
0.000000
0.000000
0.000000
0.000000
0.000000
0.000000
0.000000
0.000000
0.000000
0.000000
0.000000
0.000000
0.000000
0.000000
0.000000
0.000000
0.000000
0.000000
0.000000
0.000000
0.000000
0.000000
0.000000
0.000000
0.000000
0.000000
0.000000
0.000000
0.000000
0.000000
0.000000
0.000000
0.000000
0.000000
0.000000
0.000000
0.000000
0.000000
0.000000
0.000000
0.000000
0.000000
0.000000
0.000000
0.000000
0.000000
0.000000
0.000000
0.000000
0.000000
0.000000
0.000000
0.000000
0.000000
0.000000
0.000000
0.000000
0.000000
0.000000
0.000000
0.000000
0.000000
0.000000
0.000000
0.000000
0.000000
0.000000
0.000000
0.000000
0.000000
0.000000
0.000000
0.000000
0.000000
0.000000
0.000000
0.000000
0.000000
0.000000
0.000000
0.000000
0.000000
0.000000
0.000000
0.000000
0.000000
0.000000
0.000000
0.000000
0.000000
0.000000
0.000000
0.000000
0.000000
0.000000
0.000000
0.000000
0.000000
0.000000
0.000000
0.000000
0.000000
0.000000
0.000000
0.000000
0.000000
0.000000
0.000000
0.000000
0.000000
0.000000
0.000000
0.000000
0.000000
0.000000
0.000000
0.000000
0.000000
0.000000
0.000000
0.000000
0.000000
0.000000
0.000000
0.000000
0.000000
0.000000
0.000000
0.000000
0.000000
0.000000
0.000000
0.000000
0.000000
0.000000
0.000000
0.000000
0.000000
0.000000
0.000000
0.000000
0.000000
0.000000
0.000000
0.000000
0.000000
0.000000
0.000000
0.000000
0.000000
0.000000
0.000000
0.000000
0.000000
0.000000
0.000000
0.000000
0.000000
0.000000
0.000000
0.000000
0.000000
0.000000
0.000000
0.000000
0.000000
0.000000
0.000000
0.000000
0.000000
0.000000
0.000000
0.000000
0.000000
0.000000
0.000000
0.000000
0.000000
0.000000
0.000000
0.000000
0.000000
0.000000
0.000000
0.000000
0.000000
0.000000
0.000000
0.000000
0.000000
0.000000
0.000000
0.000000
0.000000
0.000000
0.000000
0.000000
0.000000
0.000000
0.000000
0.000000
0.000000
0.000000
0.000000
0.000000
0.000000
0.000000
0.000000
0.000000
0.000000
0.000000
0.000000
0.000000
0.000000
0.000000
0.000000
0.000000
0.000000
0.000000
0.000000
0.000000
0.000000
0.000000
0.000000
0.000000
0.000000
0.000000
0.000000
0.000000
0.000000
0.000000
0.000000
0.000000
0.000000
0.000000
0.000000
0.000000
0.000000
0.000000
0.000000
0.000000
0.000000
0.000000
0.000000
0.000000
0.000000
0.000000
0.000000
0.000000
0.000000
0.000000
0.000000
0.000000
0.000000
0.000000
0.000000
0.000000
0.000000
0.000000
0.000000
0.000000
0.000000
0.000000
0.000000
0.000000
0.000000
0.000000
0.000000
0.000000
0.000000
0.000000
0.000000
0.000000
0.000000
0.000000
0.000000
0.000000
0.000000
0.000000
0.000000
0.000000
0.000000
0.000000
0.000000
0.000000
0.000000
0.000000
0.000000
0.000000
0.000000
0.000000
0.000000
0.000000
0.000000
0.000000
0.000000
0.000000
0.000000
0.000000
0.000000
0.000000
0.000000
0.000000
0.000000
0.000000
0.000000
0.000000
0.000000
0.000000
0.000000
0.000000
0.000000
0.000000
0.000000
0.000000
0.000000
0.000000
0.000000
0.000000
0.000000
0.000000
0.000000
0.000000
0.000000
0.000000
0.000000
0.000000
0.000000
0.000000
0.000000
0.000000
0.000000
0.000000
0.000000
0.000000
0.000000
0.000000
0.000000
0.000000
0.000000
0.000000
0.000000
0.000000
0.000000
0.000000
0.000000
0.000000
0.000000
0.000000
0.000000
0.000000
0.000000
0.000000
0.000000
0.000000
0.000000
0.000000
0.000000
0.000000
0.000000
0.000000
0.000000
0.000000
0.000000
0.000000
0.000000
0.000000
0.000000
0.000000
0.000000
0.000000
0.000000
0.000000
0.000000
