714.447228
3423.831784
9953.875097
21332.627678
38591.149336
62135.960486
90027.592945
120739.088627
152133.665346
182579.423975
211644.644748
237571.924006
259466.465968
276978.810015
289698.040093
297546.786789
301507.068788
302686.848571
298559.780338
291007.640068
281724.778932
271756.916761
260141.168000
247928.063990
234758.150971
220797.299831
207181.336340
193311.347737
180115.607921
167971.363234
156074.649265
144488.853326
134038.615223
124689.023474
115981.574025
107476.923462
99612.751083
92375.319859
85820.955079
80133.290671
73999.718453
68821.135757
63969.984901
59559.031416
55500.286270
51743.018766
48210.290551
45155.621889
42397.765514
39949.920470
37579.851812
35311.774856
33116.086646
31170.305246
29192.900012
27439.572345
26078.033142
24791.108272
23516.175333
22273.702377
21136.817814
20099.505059
19207.070640
18279.799246
17311.137794
16635.932751
15912.379601
15132.176433
14598.782600
14108.687369
13549.178180
13080.004592
12635.431237
12289.348366
11919.043615
11577.631863
11290.220401
11003.754738
10618.755953
10301.032388
10127.833855
9864.374388
9682.898536
9328.962138
9111.796235
8937.794155
8770.282889
8561.729140
8352.981343
8204.989894
8128.629383
7977.247870
7861.206664
7770.986381
7679.446982
7546.829483
7519.921932
7489.540270
7478.106130
7437.398593
7444.418474
7431.902738
7415.135872
7349.500326
7265.149168
7238.175703
7193.803117
7132.775488
7073.846150
7009.982395
6986.248406
6999.434031
7010.655822
7066.946360
7030.257516
7009.966313
6974.144891
7014.150568
6974.446244
6961.894807
6964.248783
6905.478955
6899.224188
6852.492993
6795.871889
6766.186280
6778.734797
6770.648895
6768.466329
6784.408896
6760.703293
6810.989476
6834.970352
6847.591421
6863.304797
6895.571122
6904.007480
6915.162249
6924.599117
6926.764443
6936.525439
6999.473562
6967.338078
7014.783534
7063.940235
7112.827021
7106.699112
7156.721050
7197.752449
7196.019407
7245.240773
7263.417148
7285.037903
7345.624039
7414.460419
7455.494780
7503.491970
7550.011666
7619.891671
7664.801805
7722.098450
7747.590577
7776.776465
7831.593832
7771.433311
7799.368710
7810.153178
7869.318967
7869.206661
7950.045209
8008.083892
8030.798387
8107.135657
8141.249907
8243.545045
8270.340034
8354.039682
8436.399628
8481.978062
8515.041919
8525.826873
8543.997010
8591.581121
8635.212547
8637.281535
8592.635034
8630.774377
8652.778697
8733.134032
8739.510645
8850.771738
8856.002230
8858.005898
8939.430421
8966.491692
9015.676143
9091.695494
9161.610158
9207.351452
9248.887137
9273.062590
9294.900083
9258.474329
9256.151037
9303.894455
9357.337599
9347.652668
9417.469794
9429.669432
9508.798972
9511.934447
9514.054535
9565.679374
9548.056111
9540.329152
9561.552960
9574.260548
9629.641312
9664.541846
9670.697076
9640.264864
9638.183694
9630.877837
9650.881360
9637.174025
9626.542533
9647.170148
9626.578154
9642.938281
9609.538801
9595.629169
9552.575530
9545.600582
9509.141988
9502.926108
9462.485305
9440.649915
9412.799939
9391.341112
9364.676425
9339.058600
9304.588202
9264.603736
9235.470813
9254.946231
9189.452411
9107.971274
9050.769466
9018.514857
8986.620184
8898.500772
8865.608871
8838.570302
8779.985241
8702.697538
8696.779705
8653.442671
8610.639038
8584.197517
8509.834644
8498.930555
8398.909650
8366.422477
8305.423738
8220.463015
8221.951846
8168.318172
8095.516335
7982.392645
7942.048344
7886.641418
7786.261719
7713.424888
7621.361815
7538.151424
7448.851302
7383.693668
7282.303381
7228.738254
7145.310821
7048.910749
6960.568735
6887.234844
6839.578934
6751.831978
6667.088449
6582.387676
6464.800903
6390.098642
6334.725190
6249.940527
6193.924955
6151.280400
6032.730454
5933.475813
5818.161394
5731.951981
5629.599661
5545.753100
5465.033561
5406.266056
5379.886825
5318.896305
5224.776091
5131.922433
5033.156226
4960.178614
4902.519217
4834.508010
4739.590016
4661.397931
4587.969682
4491.368516
4399.965059
4327.705557
4259.702179
4181.937006
4120.861060
4055.516805
3969.742120
3892.339798
3808.632218
3756.870900
3653.673400
3585.352132
3477.311866
3392.459111
3313.228519
3247.888121
3156.112185
3097.704795
3007.182118
2953.816956
2889.923973
2838.673026
2758.168244
2702.943925
2654.940375
2599.286330
2548.281682
2486.202783
2444.902053
2385.860674
2319.309131
2264.133952
2207.943946
2151.438576
2077.150028
2011.960670
1976.135333
1919.703143
1883.082686
1828.762811
1783.967499
1739.029288
1689.957996
1653.265679
1607.668413
1580.893561
1538.161338
1502.991825
1464.273217
1429.741016
1407.561269
1365.726123
1327.389679
1287.381086
1246.852896
1211.126527
1167.104941
1130.654296
1089.892549
1049.963974
1013.018122
983.476725
957.775942
921.889781
899.641319
878.453214
854.978154
828.600262
790.007435
760.949425
739.214583
720.300987
688.244859
667.342266
647.193558
624.782266
596.715814
582.689997
562.935145
544.091500
522.424927
511.396081
499.965530
489.786213
482.617674
471.329912
460.367072
438.388303
426.064894
406.089738
384.216111
370.439438
355.840203
341.556477
323.773252
310.777776
299.747817
280.931303
274.835805
262.813560
250.612029
237.200680
231.678204
221.105098
215.369157
207.181207
194.134645
189.584672
179.547527
173.024251
168.379962
157.235338
151.754101
145.265972
139.890272
130.404499
124.526283
121.785964
120.046519
119.177664
112.890277
109.351084
100.933494
100.049209
95.164878
91.005529
85.992049
86.123784
83.676561
79.587086
78.168344
74.856341
72.957403
66.910722
62.734915
58.514484
54.338551
51.349573
50.566175
47.448302
45.113713
44.391515
43.521356
43.155811
39.537769
37.814686
38.234336
36.216618
34.946473
33.013166
32.073197
31.534274
32.128768
30.406963
28.981107
27.589919
26.997331
26.005484
25.718529
24.935355
23.702810
23.844835
24.020470
22.412292
20.293546
19.155792
18.979685
18.685094
16.036932
14.991788
14.836830
14.809736
14.241888
15.270216
14.917856
14.107308
14.217347
12.598841
11.595026
11.626972
11.573286
10.606381
10.390850
10.368527
11.148922
10.095971
9.131661
9.896721
8.963669
7.277646
7.341972
6.993961
7.180943
6.665303
6.552808
5.757325
5.604084
4.951307
4.584824
3.697605
3.284698
3.442495
3.386491
2.595907
2.721609
2.501171
2.460537
2.469603
1.974347
1.882753
1.770090
1.341766
1.316964
1.484366
1.320519
1.456516
1.456565
1.146827
0.969060
0.947081
0.793328
0.695130
0.845232
0.725325
0.476925
0.325064
0.193603
0.156114
0.165441
0.222385
0.225716
0.298641
0.411898
0.477154
0.232940
0.198235
0.130772
0.092319
0.062761
0.030956
0.000000
0.000000
0.000000
0.000000
0.000000
0.000000
0.000000
0.000000
0.000000
0.000000
0.000000
0.000000
0.000000
0.000000
0.000000
0.000000
0.000000
0.000000
0.000000
0.000000
0.000000
0.000000
0.000000
0.000000
0.000000
0.000000
0.000000
0.000000
0.000000
0.000000
0.000000
0.000000
0.000000
0.000000
0.000000
0.000000
0.000000
0.000000
0.000000
0.000000
0.000000
0.000000
0.000000
0.000000
0.000000
0.000000
0.000000
0.000000
0.000000
0.000000
0.000000
0.000000
0.000000
0.000000
0.000000
0.000000
0.000000
0.000000
0.000000
0.000000
0.000000
0.000000
0.000000
0.000000
0.000000
0.000000
0.000000
0.000000
0.000000
0.000000
0.000000
0.000000
0.000000
0.000000
0.000000
0.000000
0.000000
0.000000
0.000000
0.000000
0.000000
0.000000
0.000000
0.000000
0.000000
0.000000
0.000000
0.000000
0.000000
0.000000
0.000000
0.000000
0.000000
0.000000
0.000000
0.000000
0.000000
0.000000
0.000000
0.000000
0.000000
0.000000
0.000000
0.000000
0.000000
0.000000
0.000000
0.000000
0.000000
0.000000
0.000000
0.000000
0.000000
0.000000
0.000000
0.000000
0.000000
0.000000
0.000000
0.000000
0.000000
0.000000
0.000000
0.000000
0.000000
0.000000
0.000000
0.000000
0.000000
0.000000
0.000000
0.000000
0.000000
0.000000
0.000000
0.000000
0.000000
0.000000
0.000000
0.000000
0.000000
0.000000
0.000000
0.000000
0.000000
0.000000
0.000000
0.000000
0.000000
0.000000
0.000000
0.000000
0.000000
0.000000
0.000000
0.000000
0.000000
0.000000
0.000000
0.000000
0.000000
0.000000
0.000000
0.000000
0.000000
0.000000
0.000000
0.000000
0.000000
0.000000
0.000000
0.000000
0.000000
0.000000
0.000000
0.000000
0.000000
0.000000
0.000000
0.000000
0.000000
0.000000
0.000000
0.000000
0.000000
0.000000
0.000000
0.000000
0.000000
0.000000
0.000000
0.000000
0.000000
0.000000
0.000000
0.000000
0.000000
0.000000
0.000000
0.000000
0.000000
0.000000
0.000000
0.000000
0.000000
0.000000
0.000000
0.000000
0.000000
0.000000
0.000000
0.000000
0.000000
0.000000
0.000000
0.000000
0.000000
0.000000
0.000000
0.000000
0.000000
0.000000
0.000000
0.000000
0.000000
0.000000
0.000000
0.000000
0.000000
0.000000
0.000000
0.000000
0.000000
0.000000
0.000000
0.000000
0.000000
0.000000
0.000000
0.000000
0.000000
0.000000
0.000000
0.000000
0.000000
0.000000
0.000000
0.000000
0.000000
0.000000
0.000000
0.000000
0.000000
0.000000
0.000000
0.000000
0.000000
0.000000
0.000000
0.000000
0.000000
0.000000
0.000000
0.000000
0.000000
0.000000
0.000000
0.000000
0.000000
0.000000
0.000000
0.000000
0.000000
0.000000
0.000000
0.000000
0.000000
0.000000
0.000000
0.000000
0.000000
0.000000
0.000000
0.000000
0.000000
0.000000
0.000000
0.000000
0.000000
0.000000
0.000000
0.000000
0.000000
0.000000
0.000000
0.000000
0.000000
0.000000
0.000000
0.000000
0.000000
0.000000
0.000000
0.000000
0.000000
0.000000
0.000000
0.000000
0.000000
0.000000
0.000000
0.000000
0.000000
0.000000
0.000000
0.000000
0.000000
0.000000
0.000000
0.000000
0.000000
0.000000
0.000000
0.000000
0.000000
0.000000
0.000000
0.000000
0.000000
0.000000
0.000000
0.000000
0.000000
0.000000
0.000000
0.000000
0.000000
0.000000
0.000000
0.000000
0.000000
0.000000
0.000000
0.000000
0.000000
0.000000
0.000000
0.000000
0.000000
0.000000
0.000000
0.000000
0.000000
0.000000
0.000000
0.000000
0.000000
0.000000
0.000000
0.000000
0.000000
0.000000
0.000000
0.000000
0.000000
0.000000
0.000000
0.000000
0.000000
0.000000
0.000000
0.000000
0.000000
0.000000
0.000000
0.000000
0.000000
0.000000
0.000000
0.000000
0.000000
0.000000
0.000000
0.000000
0.000000
0.000000
0.000000
0.000000
0.000000
0.000000
0.000000
0.000000
0.000000
0.000000
0.000000
0.000000
0.000000
0.000000
0.000000
0.000000
0.000000
0.000000
0.000000
0.000000
0.000000
0.000000
0.000000
0.000000
0.000000
0.000000
0.000000
0.000000
0.000000
0.000000
0.000000
0.000000
0.000000
0.000000
0.000000
0.000000
0.000000
0.000000
0.000000
0.000000
0.000000
0.000000
0.000000
0.000000
0.000000
0.000000
0.000000
0.000000
0.000000
0.000000
0.000000
0.000000
0.000000
0.000000
0.000000
0.000000
0.000000
0.000000
0.000000
0.000000
0.000000
0.000000
0.000000
0.000000
