1.401406
25.954126
56.493030
223.544488
596.134914
1318.452555
2703.710094
4509.258412
7497.686704
10910.574155
15372.578783
20902.085624
26913.868884
34046.775014
41606.164283
49688.121447
58088.366504
66391.607410
74631.315087
82562.298738
90624.797264
97325.969762
103037.087184
107742.668867
112111.778230
116303.197350
119049.851562
120811.721920
121994.894642
122813.369620
122440.319986
121959.312157
121085.744284
120001.517432
118789.462888
116869.353216
114050.132086
111522.534177
109191.081486
106640.185382
104060.160475
101167.207716
98675.838867
95821.830617
92968.101962
90204.842505
87641.106262
85010.766539
82717.604807
80384.125526
77940.837883
75436.827316
73105.159936
71051.733226
69073.094485
66970.779783
64917.938218
62951.079269
61353.512846
59499.705179
57713.180099
56124.383124
54820.480626
53441.374399
52160.760116
50842.839232
49531.990562
48379.555660
47453.341803
46499.778415
45652.016173
44669.717577
43918.760091
43056.811776
42215.491174
41198.974037
40521.191399
39786.178758
39256.832012
38593.522172
37951.882700
37424.833600
36891.290650
36361.056019
35632.322202
35093.771098
34585.586840
34111.130900
33755.332958
33399.614071
32993.932047
32656.399599
32263.535749
31898.807372
31528.046408
31154.054849
30924.162437
30537.034599
30308.961465
30059.376851
29792.655277
29495.702481
29217.498094
29168.787023
28964.916700
28780.264132
28705.552784
28489.933593
28373.920715
28163.049890
27955.495242
27708.397815
27533.884260
27428.593591
27278.595782
27176.997827
27113.723932
27013.479654
26853.788425
26710.948641
26664.002009
26554.764548
26293.513944
26217.501198
26134.034155
26047.016588
26010.754656
25823.959791
25826.010690
25779.332699
25604.766712
25582.552745
25513.725850
25446.400551
25303.747427
25207.472161
25189.043388
25090.231504
25039.035206
24975.141958
24889.043935
24800.650413
24795.768037
24741.059146
24757.399083
24776.635998
24797.025778
24697.696033
24659.999443
24667.515554
24751.835666
24705.010878
24607.176112
24562.925816
24527.901962
24412.857648
24448.649950
24486.839009
24514.952102
24509.903544
24526.141353
24521.100108
24453.215252
24398.706962
24326.911388
24317.697095
24349.464553
24319.492093
24264.494459
24272.154033
24194.405624
24256.709960
24245.388065
24243.512632
24226.183127
24226.810928
24204.244182
24181.464657
24169.650085
24052.587809
23869.783991
23801.545460
23701.662131
23652.061507
23663.866373
23693.999426
23618.453610
23569.918101
23555.320293
23449.251140
23246.836658
23053.551139
22950.075140
22777.349699
22697.232557
22608.635919
22361.243830
22253.583104
22160.067345
22034.868765
21917.460453
21811.544893
21712.899293
21557.670059
21459.680182
21313.336062
21116.261122
20963.375512
20845.990305
20673.296116
20444.604876
20334.705078
20137.469549
19983.747081
19929.611320
19760.508196
19583.458059
19476.837748
19331.145414
19252.993054
19041.513736
18812.321162
18709.413512
18501.417844
18380.914074
18249.231687
18057.307448
17937.599135
17782.799490
17558.292107
17382.431977
17255.446038
17087.225104
16849.189656
16640.898056
16506.273355
16268.060330
16040.388437
15824.147528
15678.699783
15481.549214
15325.791045
15071.175641
14919.782193
14738.471995
14498.752167
14315.040695
14073.158396
13896.233275
13795.325569
13619.128471
13427.963939
13213.974646
13005.465704
12818.672637
12619.778121
12431.446348
12242.304415
12036.335372
11859.600977
11619.614244
11423.707119
11228.858489
11048.700066
10803.206004
10540.286310
10339.943457
10155.676026
9941.305564
9742.323698
9525.519747
9385.524732
9225.308027
9109.606751
8955.476634
8782.996884
8627.015178
8461.534057
8300.226978
8098.794372
7904.091568
7713.251725
7533.018267
7387.915816
7191.481562
7063.420622
6899.345901
6752.282066
6560.823104
6392.897680
6247.166072
6114.102751
5965.141179
5831.851639
5694.692367
5558.167487
5405.208080
5258.600846
5118.254212
4954.045779
4791.452588
4685.974857
4547.494776
4427.536986
4293.458118
4196.091796
4081.292256
3975.652708
3851.196281
3759.095089
3651.847429
3538.541805
3423.365573
3301.929044
3217.365664
3123.152883
3055.535573
2956.250342
2851.002596
2777.399976
2698.424725
2598.634333
2516.771860
2416.355274
2352.862039
2286.986099
2217.185721
2140.168051
2070.200882
1989.501734
1912.021602
1839.263585
1756.980434
1699.300701
1651.571383
1599.923407
1547.916810
1493.849747
1443.113360
1408.795927
1355.344008
1290.690152
1249.495575
1198.448627
1161.700967
1115.383513
1073.518833
1032.133255
999.249990
962.410883
920.005986
882.133765
849.789060
825.250204
781.244499
758.725889
731.449279
694.574024
671.528854
643.444633
609.690599
578.422061
558.669955
525.809897
505.032184
488.931477
474.616028
456.221744
434.054667
420.937196
409.628580
400.913597
383.934406
363.432373
348.716566
336.217970
319.379794
301.709228
286.126030
276.511905
261.259655
246.633051
234.794602
224.938955
216.593342
209.579794
208.415916
196.185016
188.065710
183.252915
174.700847
165.041428
152.355587
145.005939
136.769789
128.937197
120.496520
113.155107
104.643946
99.230399
94.655920
91.011693
86.501897
79.880535
72.705591
65.516400
64.671199
62.123194
57.463663
53.585149
50.705834
47.644444
46.303086
41.778905
39.092908
36.693450
33.624191
31.353934
30.014477
30.291482
30.340176
28.346250
28.895743
27.775400
27.113074
24.297689
23.574985
22.347074
21.680510
20.258881
19.313278
19.216423
18.360226
16.994739
16.019243
14.615799
13.191199
12.766304
11.246084
9.724186
9.861499
9.822650
9.202961
8.447017
7.348111
6.585050
6.541413
6.216890
5.430806
4.995895
4.880229
4.211280
4.200396
4.425858
3.862991
3.819991
3.264043
2.947060
2.597338
2.404812
2.568656
2.345524
2.670559
2.096430
2.044609
2.290809
2.250714
2.184082
2.499329
2.293563
2.026349
2.157139
1.582092
1.424146
1.294942
1.293806
1.187399
0.982503
0.917726
0.758834
0.564684
0.416478
0.465673
0.530707
0.633010
0.964021
0.886162
0.981438
1.099625
0.942953
0.895130
0.944936
1.006205
0.762646
0.723687
0.723539
0.507309
0.596922
0.530538
0.853718
0.787544
1.023855
0.810490
0.911283
0.815258
0.874773
1.186505
1.051905
0.798461
0.449555
0.419141
0.428387
0.231237
0.154601
0.158297
0.160579
0.143656
0.228750
0.148794
0.220954
0.174125
0.085328
0.164737
0.148980
0.121582
0.212780
0.523681
0.360420
0.258681
0.291991
0.325418
0.362831
0.197603
0.356973
0.336127
0.252524
0.447253
0.504485
0.357555
0.389670
0.421243
0.285785
0.239355
0.136068
0.046602
0.083174
0.035211
0.073941
0.058435
0.116650
0.180480
0.204567
0.175283
0.189960
0.233398
0.358923
0.347368
0.265339
0.124754
0.145129
0.067485
0.034731
0.060759
0.115960
0.087624
0.020940
0.134716
0.072006
0.014480
0.020684
0.000000
0.000000
0.000000
0.000000
0.000000
0.000000
0.000000
0.000000
0.000000
0.000000
0.000000
0.000000
0.000000
0.000000
0.000000
0.000000
0.000000
0.000000
0.000000
0.000000
0.000000
0.000000
0.000000
0.000000
0.000000
0.000000
0.000000
0.000000
0.000000
0.000000
0.000000
0.000000
0.000000
0.000000
0.000000
0.000000
0.000000
0.000000
0.000000
0.000000
0.000000
0.000000
0.000000
0.000000
0.000000
0.000000
0.000000
0.000000
0.000000
0.000000
0.000000
0.000000
0.000000
0.000000
0.000000
0.000000
0.000000
0.000000
0.000000
0.000000
0.000000
0.000000
0.000000
0.000000
0.000000
0.000000
0.000000
0.000000
0.000000
0.000000
0.000000
0.000000
0.000000
0.000000
0.000000
0.000000
0.000000
0.000000
0.000000
0.000000
0.000000
0.000000
0.000000
0.000000
0.000000
0.000000
0.000000
0.000000
0.000000
0.000000
0.000000
0.000000
0.000000
0.000000
0.000000
0.000000
0.000000
0.000000
0.000000
0.000000
0.000000
0.000000
0.000000
0.000000
0.000000
0.000000
0.000000
0.000000
0.000000
0.000000
0.000000
0.000000
0.000000
0.000000
0.000000
0.000000
0.000000
0.000000
0.000000
0.000000
0.000000
0.000000
0.000000
0.000000
0.000000
0.000000
0.000000
0.000000
0.000000
0.000000
0.000000
0.000000
0.000000
0.000000
0.000000
0.000000
0.000000
0.000000
0.000000
0.000000
0.000000
0.000000
0.000000
0.000000
0.000000
0.000000
0.000000
0.000000
0.000000
0.000000
0.000000
0.000000
0.000000
0.000000
0.000000
0.000000
0.000000
0.000000
0.000000
0.000000
0.000000
0.000000
0.000000
0.000000
0.000000
0.000000
0.000000
0.000000
0.000000
0.000000
0.000000
0.000000
0.000000
0.000000
0.000000
0.000000
0.000000
0.000000
0.000000
0.000000
0.000000
0.000000
0.000000
0.000000
0.000000
0.000000
0.000000
0.000000
0.000000
0.000000
0.000000
0.000000
0.000000
0.000000
0.000000
0.000000
0.000000
0.000000
0.000000
0.000000
0.000000
0.000000
0.000000
0.000000
0.000000
0.000000
0.000000
0.000000
0.000000
0.000000
0.000000
0.000000
0.000000
0.000000
0.000000
0.000000
0.000000
0.000000
0.000000
0.000000
0.000000
0.000000
0.000000
0.000000
0.000000
0.000000
0.000000
0.000000
0.000000
0.000000
0.000000
0.000000
0.000000
0.000000
0.000000
0.000000
0.000000
0.000000
0.000000
0.000000
0.000000
0.000000
0.000000
0.000000
0.000000
0.000000
0.000000
0.000000
0.000000
0.000000
0.000000
0.000000
0.000000
0.000000
0.000000
0.000000
0.000000
0.000000
0.000000
0.000000
0.000000
0.000000
0.000000
0.000000
0.000000
0.000000
0.000000
0.000000
0.000000
0.000000
0.000000
0.000000
0.000000
0.000000
0.000000
0.000000
0.000000
0.000000
0.000000
0.000000
0.000000
0.000000
0.000000
0.000000
0.000000
0.000000
0.000000
0.000000
0.000000
0.000000
0.000000
0.000000
0.000000
0.000000
0.000000
0.000000
0.000000
0.000000
0.000000
0.000000
0.000000
0.000000
0.000000
0.000000
0.000000
0.000000
0.000000
0.000000
0.000000
0.000000
0.000000
0.000000
0.000000
0.000000
0.000000
0.000000
0.000000
0.000000
0.000000
0.000000
0.000000
0.000000
0.000000
0.000000
0.000000
0.000000
0.000000
0.000000
0.000000
0.000000
0.000000
0.000000
0.000000
0.000000
0.000000
0.000000
0.000000
0.000000
0.000000
0.000000
0.000000
0.000000
0.000000
0.000000
0.000000
0.000000
0.000000
0.000000
0.000000
0.000000
0.000000
0.000000
0.000000
0.000000
0.000000
0.000000
0.000000
0.000000
0.000000
0.000000
0.000000
0.000000
0.000000
0.000000
0.000000
0.000000
0.000000
0.000000
0.000000
0.000000
0.000000
0.000000
0.000000
0.000000
0.000000
0.000000
0.000000
0.000000
0.000000
0.000000
0.000000
0.000000
0.000000
0.000000
0.000000
0.000000
0.000000
0.000000
0.000000
0.000000
0.000000
0.000000
0.000000
0.000000
0.000000
0.000000
0.000000
0.000000
0.000000
0.000000
0.000000
0.000000
0.000000
0.000000
0.000000
0.000000
0.000000
0.000000
0.000000
0.000000
0.000000
0.000000
0.000000
0.000000
0.000000
0.000000
0.000000
0.000000
0.000000
0.000000
0.000000
0.000000
0.000000
0.000000
0.000000
0.000000
0.000000
0.000000
0.000000
0.000000
0.000000
