0.000000
0.000000
0.000000
0.000000
0.000000
0.000000
0.000000
0.000000
0.000000
0.000000
0.000000
0.000000
0.000000
0.000000
0.000000
0.000000
0.000000
0.000000
0.000000
0.000000
0.000000
0.000000
0.000000
0.000000
0.000000
0.000000
0.000000
0.000000
0.000000
0.000000
0.000000
0.048396
0.222464
0.603838
1.139623
2.308980
4.775350
7.600484
12.447416
19.432772
30.994431
46.354488
72.805025
105.263048
152.981144
223.761061
325.104006
453.867650
626.494805
857.217422
1147.449759
1536.266620
2019.777281
2625.083177
3354.480222
4272.914267
5364.656052
6692.013202
8300.451511
10177.555868
12324.850547
14807.120109
17652.661852
20904.713098
24545.086525
28605.000946
33082.897691
37989.252848
43319.229568
49082.331405
55261.613451
61835.648243
68731.750160
76070.176601
83631.748248
91476.779745
99505.749834
107667.690327
116020.684129
124323.596790
132553.024297
140774.998131
148811.911025
156583.028420
164104.756757
171266.491212
178069.049486
184414.358329
190172.526563
195443.635140
200137.683699
204343.214168
207881.442684
210744.421092
213048.979068
214643.215509
215605.692947
215938.000474
215615.317279
214720.042854
213253.256284
211180.594065
208631.210657
205438.465086
201922.273156
197858.622997
193523.292532
188759.769806
183814.032489
178437.370396
172863.234253
167091.899569
161261.705185
155223.806433
149141.301646
142924.950983
136708.069268
130462.222581
124267.046151
118095.928857
112074.854770
106138.769917
100323.059945
94634.898651
89115.802483
83777.095521
78497.451603
73505.690997
68723.405049
64066.698687
59690.679005
55459.605258
51457.667684
47654.716463
44057.597427
40653.982529
37460.161101
34446.424889
31606.914588
28908.631593
26400.683705
24117.409456
21986.549654
20035.427495
18211.184545
16491.911512
14940.856378
13496.529387
12174.786137
10973.203700
9876.357707
8857.578743
7943.707620
7114.722133
6346.366447
5673.078268
5059.925174
4500.618989
4000.688962
3549.716423
3141.508816
2776.967134
2448.546998
2159.256754
1893.223496
1658.098175
1456.811449
1275.237021
1111.927629
971.290991
844.156500
733.555446
638.356524
556.067729
481.311725
416.090188
356.662542
307.861823
262.302196
226.238861
194.541603
166.107301
141.169030
120.489699
102.987769
86.879558
73.302409
61.451750
52.921947
44.174468
37.624138
31.555639
26.310618
22.199802
18.376705
15.569299
12.838208
10.751209
9.173211
8.047398
6.712323
5.683274
4.929505
4.213170
3.435546
2.796139
2.104332
1.596438
1.385289
1.281312
1.049516
0.848815
0.709749
0.596898
0.395312
0.303649
0.215945
0.209163
0.166405
0.130794
0.109924
0.076567
0.048643
0.043971
0.040171
0.028756
0.015306
0.016335
0.007824
0.001488
0.000000
0.000000
0.000000
0.000000
0.000000
0.000000
0.000000
0.000000
0.000000
0.000000
0.000000
0.000000
0.000000
0.000000
0.000000
0.000000
0.000000
0.000000
0.000000
0.000000
0.000000
0.000000
0.000000
0.000000
0.000000
0.000000
0.000000
0.000000
0.000000
0.000000
0.000000
0.000000
0.000000
0.000000
0.000000
0.000000
0.000000
0.000000
0.000000
0.000000
0.000000
0.000000
0.000000
0.000000
0.000000
0.000000
0.000000
0.000000
0.000000
0.000000
0.000000
0.000000
0.000000
0.000000
0.000000
0.000000
0.000000
0.000000
0.000000
0.000000
0.000000
0.000000
0.000000
0.000000
0.000000
0.000000
0.000000
0.000000
0.000000
0.000000
0.000000
0.000000
0.000000
0.000000
0.000000
0.000000
0.000000
0.000000
0.000000
0.000000
0.000000
0.000000
0.000000
0.000000
0.000000
0.000000
0.000000
0.000000
0.000000
0.000000
0.000000
0.000000
0.000000
0.000000
0.000000
0.000000
0.000000
0.000000
0.000000
0.000000
0.000000
0.000000
0.000000
0.000000
0.000000
0.000000
0.000000
0.000000
0.000000
0.000000
0.000000
0.000000
0.000000
0.000000
0.000000
0.000000
0.000000
0.000000
0.000000
0.000000
0.000000
0.000000
0.000000
0.000000
0.000000
0.000000
0.000000
0.000000
0.000000
0.000000
0.000000
0.000000
0.000000
0.000000
0.000000
0.000000
0.000000
0.000000
0.000000
0.000000
0.000000
0.000000
0.000000
0.000000
0.000000
0.000000
0.000000
0.000000
0.000000
0.000000
0.000000
0.000000
0.000000
0.000000
0.000000
0.000000
0.000000
0.000000
0.000000
0.000000
0.000000
0.000000
0.000000
0.000000
0.000000
0.000000
0.000000
0.000000
0.000000
0.000000
0.000000
0.000000
0.000000
0.000000
0.000000
0.000000
0.000000
0.000000
0.000000
0.000000
0.000000
0.000000
0.000000
0.000000
0.000000
0.000000
0.000000
0.000000
0.000000
0.000000
0.000000
0.000000
0.000000
0.000000
0.000000
0.000000
0.000000
0.000000
0.000000
0.000000
0.000000
0.000000
0.000000
0.000000
0.000000
0.000000
0.000000
0.000000
0.000000
0.000000
0.000000
0.000000
0.000000
0.000000
0.000000
0.000000
0.000000
0.000000
0.000000
0.000000
0.000000
0.000000
0.000000
0.000000
0.000000
0.000000
0.000000
0.000000
0.000000
0.000000
0.000000
0.000000
0.000000
0.000000
0.000000
0.000000
0.000000
0.000000
0.000000
0.000000
0.000000
0.000000
0.000000
0.000000
0.000000
0.000000
0.000000
0.000000
0.000000
0.000000
0.000000
0.000000
0.000000
0.000000
0.000000
0.000000
0.000000
0.000000
0.000000
0.000000
0.000000
0.000000
0.000000
0.000000
0.000000
0.000000
0.000000
0.000000
0.000000
0.000000
0.000000
