0.000000
0.000000
0.000000
0.000000
0.000000
0.000000
0.000000
0.000000
0.000000
0.000000
0.000000
0.000000
0.000000
0.000000
0.000000
0.000000
0.000000
0.000000
0.009425
0.058722
0.014003
0.106101
0.299226
0.539846
1.076584
2.130408
3.905626
6.138390
11.036073
18.702737
30.749146
47.941405
78.975524
118.724461
178.858807
265.810431
373.471052
540.159382
751.128189
1036.313157
1399.927137
1853.012074
2436.657878
3158.713786
4019.714921
5093.338513
6345.374105
7833.165584
9541.176959
11470.717555
13649.166992
16142.566951
18882.670363
21911.894535
25199.617977
28707.868650
32499.836255
36506.302450
40772.370320
45236.912812
49839.484205
54595.049887
59504.511256
64459.373797
69494.011235
74597.410024
79639.564140
84704.778822
89625.931580
94506.146366
99185.945093
103691.179938
108112.223357
112322.813515
116405.168904
120136.734010
123721.611974
127052.866926
130161.112547
133031.283910
135716.488734
138146.804138
140343.254597
142262.398168
143997.875915
145414.378890
146629.010904
147595.283570
148280.546597
148849.742854
149159.931030
149341.836359
149402.365864
149209.456668
148957.467586
148436.742341
147848.937798
147029.961902
146051.469524
145038.576593
143879.624257
142616.302125
141242.428052
139789.526718
138208.531713
136531.861779
134752.387534
132945.173756
130968.805909
128943.999955
126804.973870
124589.185853
122361.103388
120073.134351
117762.333058
115356.894837
112934.951325
110475.393766
107894.845719
105276.548176
102660.625661
100066.979100
97453.658648
94698.419452
91959.281539
89217.573670
86449.432843
83748.841770
81028.251449
78239.530312
75531.891210
72812.115099
70153.329907
67472.949388
64826.984218
62206.173679
59604.289618
57067.758889
54573.070161
52117.067581
49696.972565
47313.088695
45004.124546
42719.532119
40524.213363
38412.282352
36323.239557
34322.967390
32349.121120
30456.626265
28642.132270
26899.702304
25233.675830
23661.787034
22109.807794
20647.340094
19243.325867
17910.932199
16650.990878
15457.159132
14331.515800
13249.375824
12248.353094
11305.446100
10404.037536
9562.604489
8782.193937
8036.822313
7348.574418
6714.199468
6119.635063
5568.512396
5058.784634
4594.066455
4152.674815
3765.895614
3399.413044
3069.528748
2764.316989
2486.248753
2224.235815
1993.171896
1785.775195
1601.322092
1423.324866
1267.224782
1125.321439
998.292797
885.934098
784.913777
694.818191
610.339502
537.197119
471.583638
415.299382
365.646182
321.387336
277.849891
242.888059
209.885007
181.711595
157.475375
136.993721
117.693078
101.786322
87.024739
75.304078
64.152237
55.469854
47.512093
41.016861
35.458651
30.437269
25.470165
22.157086
18.987915
15.697398
13.620140
11.466476
9.660498
8.108409
7.046136
5.903691
4.914702
4.108038
3.470026
2.934382
2.361732
2.040880
1.747652
1.491229
1.256011
0.984500
0.836493
0.693236
0.582660
0.428219
0.371170
0.306687
0.195419
0.126308
0.087085
0.057024
0.054782
0.026905
0.014176
0.006009
0.004162
0.000411
0.000043
0.000000
0.000000
0.000000
0.000000
0.000000
0.000000
0.000000
0.000000
0.000000
0.000000
0.000000
0.000000
0.000000
0.000000
0.000000
0.000000
0.000000
0.000000
0.000000
0.000000
0.000000
0.000000
0.000000
0.000000
0.000000
0.000000
0.000000
0.000000
0.000000
0.000000
0.000000
0.000000
0.000000
0.000000
0.000000
0.000000
0.000000
0.000000
0.000000
0.000000
0.000000
0.000000
0.000000
0.000000
0.000000
0.000000
0.000000
0.000000
0.000000
0.000000
0.000000
0.000000
0.000000
0.000000
0.000000
0.000000
0.000000
0.000000
0.000000
0.000000
0.000000
0.000000
0.000000
0.000000
0.000000
0.000000
0.000000
0.000000
0.000000
0.000000
0.000000
0.000000
0.000000
0.000000
0.000000
0.000000
0.000000
0.000000
0.000000
0.000000
0.000000
0.000000
0.000000
0.000000
0.000000
0.000000
0.000000
0.000000
0.000000
0.000000
0.000000
0.000000
0.000000
0.000000
0.000000
0.000000
0.000000
0.000000
0.000000
0.000000
0.000000
0.000000
0.000000
0.000000
0.000000
0.000000
0.000000
0.000000
0.000000
0.000000
0.000000
0.000000
0.000000
0.000000
0.000000
0.000000
0.000000
0.000000
0.000000
0.000000
0.000000
0.000000
0.000000
0.000000
0.000000
0.000000
0.000000
0.000000
0.000000
0.000000
0.000000
0.000000
0.000000
0.000000
0.000000
0.000000
0.000000
0.000000
0.000000
0.000000
0.000000
0.000000
0.000000
0.000000
0.000000
0.000000
0.000000
0.000000
0.000000
0.000000
0.000000
0.000000
0.000000
0.000000
0.000000
0.000000
0.000000
0.000000
0.000000
0.000000
0.000000
0.000000
0.000000
0.000000
0.000000
0.000000
0.000000
0.000000
0.000000
0.000000
0.000000
0.000000
0.000000
0.000000
0.000000
0.000000
0.000000
0.000000
0.000000
0.000000
0.000000
0.000000
0.000000
0.000000
0.000000
0.000000
0.000000
0.000000
0.000000
0.000000
0.000000
0.000000
0.000000
0.000000
0.000000
0.000000
0.000000
0.000000
0.000000
0.000000
0.000000
0.000000
0.000000
0.000000
0.000000
0.000000
0.000000
0.000000
0.000000
0.000000
0.000000
0.000000
0.000000
0.000000
0.000000
0.000000
0.000000
0.000000
0.000000
0.000000
0.000000
0.000000
0.000000
0.000000
0.000000
0.000000
0.000000
0.000000
0.000000
0.000000
0.000000
0.000000
0.000000
0.000000
0.000000
0.000000
0.000000
0.000000
0.000000
0.000000
0.000000
0.000000
0.000000
0.000000
0.000000
0.000000
0.000000
0.000000
0.000000
0.000000
0.000000
