0.000000
0.000000
0.000000
0.000000
0.000000
0.000000
0.000000
0.000000
0.000000
0.000000
0.015907
0.024329
0.055339
0.164830
0.372761
1.112628
2.157545
4.935854
9.705669
18.486245
38.421540
66.635981
119.699247
204.199062
340.171062
545.121215
857.954872
1303.564204
1928.786270
2791.267699
3948.428695
5474.376281
7409.573892
9866.771102
12870.966698
16499.873215
20780.068690
25755.030299
31427.879499
37751.263676
44758.102493
52375.370783
60497.392720
69071.703656
77894.377026
86999.993561
96111.257365
105121.952459
113935.069623
122323.569982
130324.495948
137657.580101
144373.171495
150312.884739
155449.501763
159683.173723
163079.620246
165582.649084
167253.495918
168066.899533
168084.083736
167441.938643
166020.899018
164106.252999
161516.955038
158552.192194
155124.813830
151420.196127
147367.271068
143183.238449
138795.684874
134327.990406
129819.929561
125274.630727
120803.822439
116370.931600
112039.341498
107818.875618
103714.795669
99805.031027
96018.848904
92440.199825
88979.672194
85749.449241
82661.529591
79787.437205
77062.410108
74549.040286
72197.674017
70002.609171
67983.570366
66131.707899
64426.446551
62848.862612
61452.380256
60180.994638
59026.975526
58000.739312
57101.611259
56311.531988
55631.987111
55056.097161
54571.311148
54179.036759
53864.327491
53648.109238
53493.880558
53407.880932
53388.270339
53420.344065
53530.281692
53658.555358
53839.511249
54062.664638
54314.886825
54590.682271
54882.550288
55188.546815
55492.639940
55800.539354
56120.140457
56409.877779
56688.627467
56927.805238
57150.442564
57320.356425
57448.630075
57536.779665
57546.102068
57528.205687
57400.177337
57240.833492
56966.602561
56649.643317
56227.597654
55730.009839
55140.530919
54459.980526
53698.128952
52843.423563
51904.982977
50884.025740
49790.361426
48606.923460
47357.516368
46036.307679
44645.140551
43208.192459
41718.657036
40194.002585
38617.143414
37007.882759
35392.506288
33756.717986
32105.712910
30474.265649
28835.611135
27218.826681
25620.273738
24053.358569
22520.777523
21028.624510
19583.224334
18177.076329
16833.851354
15547.519564
14310.347463
13137.667393
12025.311941
10975.841246
9986.134663
9064.732420
8199.176158
7396.271109
6649.281406
5967.234791
5333.620353
4755.716965
4224.999483
3744.420116
3308.709166
2916.301662
2559.922065
2243.331666
1956.728090
1704.246004
1477.666323
1278.923404
1102.389344
948.417499
812.920189
695.763631
592.430772
503.825760
426.680808
361.186314
303.630014
255.029877
212.685782
178.235973
147.785499
122.633181
101.535119
83.854222
69.139718
56.722505
46.568748
37.969468
30.892258
24.893945
20.151740
16.264650
13.121486
10.603886
8.497964
6.721378
5.406251
4.223466
3.384061
2.667390
2.126688
1.690257
1.296160
1.028164
0.811888
0.632199
0.501930
0.391030
0.318805
0.231541
0.192105
0.129268
0.110381
0.073288
0.063202
0.047383
0.037798
0.029347
0.018916
0.016179
0.010015
0.005699
0.007572
0.003252
0.002067
0.002426
0.002168
0.002675
0.000722
0.002078
0.000530
0.001416
0.000187
0.001026
0.000537
0.000290
0.000167
0.000000
0.000000
0.000000
0.000000
0.000000
0.000000
0.000000
0.000000
0.000000
0.000000
0.000000
0.000000
0.000000
0.000000
0.000000
0.000000
0.000000
0.000000
0.000000
0.000000
0.000000
0.000000
0.000000
0.000000
0.000000
0.000000
0.000000
0.000000
0.000000
0.000000
0.000000
0.000000
0.000000
0.000000
0.000000
0.000000
0.000000
0.000000
0.000000
0.000000
0.000000
0.000000
0.000000
0.000000
0.000000
0.000000
0.000000
0.000000
0.000000
0.000000
0.000000
0.000000
0.000000
0.000000
0.000000
0.000000
0.000000
0.000000
0.000000
0.000000
0.000000
0.000000
0.000000
0.000000
0.000000
0.000000
0.000000
0.000000
0.000000
0.000000
0.000000
0.000000
0.000000
0.000000
0.000000
0.000000
0.000000
0.000000
0.000000
0.000000
0.000000
0.000000
0.000000
0.000000
0.000000
0.000000
0.000000
0.000000
0.000000
0.000000
0.000000
0.000000
0.000000
0.000000
0.000000
0.000000
0.000000
0.000000
0.000000
0.000000
0.000000
0.000000
0.000000
0.000000
0.000000
0.000000
0.000000
0.000000
0.000000
0.000000
0.000000
0.000000
0.000000
0.000000
0.000000
0.000000
0.000000
0.000000
0.000000
0.000000
0.000000
0.000000
0.000000
0.000000
0.000000
0.000000
0.000000
0.000000
0.000000
0.000000
0.000000
0.000000
0.000000
0.000000
0.000000
0.000000
0.000000
0.000000
0.000000
0.000000
0.000000
0.000000
0.000000
0.000000
0.000000
0.000000
0.000000
0.000000
0.000000
0.000000
0.000000
0.000000
0.000000
0.000000
0.000000
0.000000
0.000000
0.000000
0.000000
0.000000
0.000000
0.000000
0.000000
0.000000
0.000000
0.000000
0.000000
0.000000
0.000000
0.000000
0.000000
0.000000
0.000000
0.000000
0.000000
0.000000
0.000000
0.000000
0.000000
0.000000
0.000000
0.000000
0.000000
0.000000
0.000000
0.000000
0.000000
0.000000
0.000000
0.000000
0.000000
0.000000
0.000000
0.000000
0.000000
0.000000
0.000000
0.000000
0.000000
0.000000
0.000000
0.000000
0.000000
0.000000
0.000000
0.000000
0.000000
0.000000
0.000000
0.000000
0.000000
0.000000
0.000000
0.000000
0.000000
0.000000
0.000000
0.000000
0.000000
0.000000
0.000000
0.000000
0.000000
0.000000
0.000000
0.000000
0.000000
0.000000
0.000000
0.000000
0.000000
0.000000
0.000000
0.000000
0.000000
0.000000
0.000000
0.000000
0.000000
0.000000
0.000000
0.000000
0.000000
0.000000
