0.000000
0.000000
0.261250
0.365514
3.137111
7.867775
22.160717
50.755444
113.019526
227.599998
425.525914
760.934814
1253.484905
1950.131490
2916.945569
4213.980590
5832.464052
7878.069932
10300.021666
13106.328136
16376.665319
20008.691973
23933.771977
28160.041533
32595.074330
37178.912253
41801.536755
46479.455297
51078.331612
55540.127422
59901.164014
64138.344564
68208.326338
71946.591677
75517.037313
78822.813354
81834.440343
84483.951792
86972.302389
89060.018193
90851.303380
92367.649274
93521.558581
94660.081990
95513.656806
96274.686938
96683.737289
96918.383872
97008.120842
96978.073178
96770.905852
96317.434522
95839.660408
95193.228811
94589.348792
93816.958760
93080.979524
92207.362215
91334.031562
90247.262470
89220.513704
88156.354272
87085.676519
86068.432996
84981.001782
83917.887597
82943.825892
81833.755543
80738.369092
79686.609539
78598.218257
77472.228445
76347.148474
75309.361826
74275.664496
73306.227991
72311.673067
71367.601495
70528.175224
69585.994505
68706.239232
67762.046785
66913.266022
66099.677416
65243.438283
64402.620105
63590.602458
62749.954742
61972.348609
61224.359261
60508.840175
59705.405904
59011.171669
58336.038474
57668.187521
57031.021233
56392.123380
55809.291669
55100.537035
54452.422666
53729.205332
53147.537324
52512.858440
51953.085927
51363.540281
50822.083715
50242.133586
49717.403662
49192.726299
48734.076897
48252.754217
47801.056975
47355.536864
46860.519145
46396.289120
45981.253358
45527.596918
45125.202208
44705.920901
44276.335974
43888.020247
43511.965521
43193.936512
42878.423436
42566.371990
42227.316210
41906.878227
41626.927632
41345.197224
41045.970858
40682.083218
40348.962708
40048.589874
39738.206779
39421.903449
39129.088075
38803.832012
38490.902892
38170.593613
37858.452654
37544.779685
37223.319777
36938.393032
36618.318062
36318.928548
36017.408539
35699.127415
35394.726125
35064.558322
34721.430205
34398.389805
34103.426919
33778.912607
33519.645520
33192.639637
32879.773700
32559.362135
32239.482952
31910.570574
31570.127582
31268.157102
30978.199383
30641.076590
30302.932254
30010.322493
29679.052224
29373.980980
29035.909643
28702.566078
28386.964747
28060.407492
27754.791993
27448.985622
27110.371633
26780.202898
26472.181527
26144.003812
25819.363873
25482.328918
25137.503751
24815.653963
24508.394050
24178.901997
23838.690925
23483.677340
23149.547792
22830.870004
22453.065449
22129.895169
21791.434484
21436.848598
21052.062651
20690.883888
20340.936185
19984.623830
19624.949622
19294.633882
18954.660364
18650.747614
18312.993980
17966.749200
17622.999421
17269.486910
16938.962704
16611.898901
16265.525963
15945.628409
15617.035444
15302.953259
14989.137645
14669.067686
14368.999839
14061.299752
13773.756947
13469.136874
13177.839281
12893.895076
12596.050525
12313.123090
12018.570398
11736.340751
11456.172997
11189.634505
10923.888384
10648.496929
10380.097850
10111.122062
9844.711795
9595.654424
9343.281644
9089.958846
8843.789230
8596.692766
8370.635490
8142.343253
7906.415140
7689.665054
7464.481796
7248.727618
7040.129815
6819.957367
6617.826332
6418.427115
6208.926031
6013.711438
5819.313957
5627.510359
5437.004296
5253.611656
5074.585151
4897.358988
4731.366016
4555.783398
4407.337850
4257.005570
4103.341927
3954.580754
3804.178144
3665.753104
3525.838518
3396.953837
3268.810231
3153.859379
3041.291066
2927.435288
2815.604398
2702.005679
2594.342687
2492.209473
2393.159747
2297.519738
2207.821897
2120.231803
2035.058974
1954.646635
1879.963896
1804.150740
1726.604330
1649.646944
1576.194882
1509.666625
1440.296488
1375.850657
1310.239120
1250.829809
1187.936237
1137.647973
1086.650039
1034.544934
983.457401
935.723996
891.077742
841.995903
800.930313
762.262145
723.212186
682.539097
645.750837
610.611134
576.625225
544.960877
516.410166
488.169189
463.070366
439.353277
413.722943
391.157965
368.214939
350.924734
331.656155
313.267998
294.514736
279.824806
262.948082
248.929005
236.257267
222.653387
210.096047
195.428394
187.047154
176.804247
166.279987
155.467329
145.671878
137.852017
128.853882
120.121115
111.307992
104.709677
99.062794
93.066016
88.551260
81.354331
75.881713
69.882558
65.029510
60.788423
57.469081
53.636041
49.516295
45.757203
42.439610
38.442422
35.042277
32.599030
31.124127
28.198463
27.085431
24.508011
22.660095
20.409776
19.552891
18.190509
17.342347
15.994142
14.784700
13.554775
12.244598
11.018487
10.327460
9.563130
8.659874
7.932934
7.206753
6.602912
6.087977
5.474818
4.970298
4.705393
4.441300
4.330652
4.194103
3.933660
3.883280
3.944212
3.992784
3.579170
3.296899
3.004887
2.893461
2.506286
2.326452
1.986777
2.039985
1.979323
1.922076
1.791454
1.461565
1.323859
1.126905
1.042736
0.941182
0.909291
0.753942
0.526308
0.396789
0.327467
0.287545
0.303733
0.286056
0.271921
0.302548
0.299684
0.281542
0.218177
0.184429
0.190015
0.118166
0.123192
0.110799
0.062732
0.048164
0.042469
0.061317
0.047739
0.033719
0.049626
0.036377
0.014983
0.012900
0.007127
0.000011
0.000000
0.000000
0.000000
0.000000
0.000000
0.000000
0.000000
0.000000
0.000000
0.000000
0.000000
0.000000
0.000000
0.000000
0.000000
0.000000
0.000000
0.000000
0.000000
0.000000
0.000000
0.000000
0.000000
0.000000
0.000000
0.000000
0.000000
0.000000
0.000000
0.000000
0.000000
0.000000
0.000000
0.000000
0.000000
0.000000
0.000000
0.000000
0.000000
0.000000
0.000000
0.000000
0.000000
0.000000
0.000000
0.000000
0.000000
0.000000
0.000000
0.000000
0.000000
0.000000
0.000000
0.000000
0.000000
0.000000
0.000000
0.000000
0.000000
0.000000
0.000000
0.000000
0.000000
0.000000
0.000000
0.000000
0.000000
0.000000
0.000000
0.000000
0.000000
0.000000
0.000000
0.000000
0.000000
0.000000
0.000000
0.000000
0.000000
0.000000
0.000000
0.000000
0.000000
0.000000
0.000000
0.000000
0.000000
0.000000
0.000000
0.000000
0.000000
0.000000
0.000000
0.000000
0.000000
0.000000
0.000000
0.000000
0.000000
0.000000
0.000000
0.000000
0.000000
0.000000
0.000000
0.000000
0.000000
0.000000
0.000000
0.000000
0.000000
0.000000
0.000000
0.000000
0.000000
0.000000
0.000000
0.000000
0.000000
0.000000
0.000000
0.000000
0.000000
0.000000
0.000000
0.000000
0.000000
0.000000
0.000000
0.000000
0.000000
0.000000
0.000000
0.000000
0.000000
0.000000
0.000000
0.000000
0.000000
0.000000
0.000000
0.000000
0.000000
0.000000
0.000000
0.000000
0.000000
0.000000
0.000000
0.000000
0.000000
0.000000
0.000000
0.000000
0.000000
0.000000
0.000000
0.000000
0.000000
0.000000
0.000000
0.000000
0.000000
0.000000
0.000000
0.000000
0.000000
0.000000
0.000000
0.000000
0.000000
0.000000
0.000000
0.000000
0.000000
0.000000
0.000000
0.000000
0.000000
0.000000
0.000000
0.000000
0.000000
0.000000
0.000000
0.000000
0.000000
0.000000
0.000000
0.000000
0.000000
0.000000
0.000000
0.000000
0.000000
0.000000
0.000000
0.000000
0.000000
0.000000
0.000000
0.000000
0.000000
0.000000
0.000000
0.000000
0.000000
0.000000
0.000000
0.000000
0.000000
0.000000
0.000000
0.000000
0.000000
0.000000
0.000000
0.000000
0.000000
0.000000
0.000000
0.000000
0.000000
0.000000
0.000000
0.000000
0.000000
0.000000
0.000000
0.000000
0.000000
0.000000
0.000000
0.000000
0.000000
0.000000
0.000000
0.000000
0.000000
0.000000
0.000000
0.000000
0.000000
0.000000
0.000000
0.000000
0.000000
0.000000
0.000000
0.000000
0.000000
0.000000
0.000000
0.000000
0.000000
0.000000
0.000000
0.000000
0.000000
0.000000
0.000000
0.000000
0.000000
0.000000
0.000000
0.000000
0.000000
0.000000
0.000000
0.000000
0.000000
0.000000
0.000000
0.000000
0.000000
0.000000
0.000000
0.000000
0.000000
0.000000
0.000000
0.000000
0.000000
0.000000
0.000000
0.000000
0.000000
0.000000
0.000000
0.000000
0.000000
0.000000
0.000000
0.000000
0.000000
0.000000
0.000000
0.000000
0.000000
0.000000
0.000000
0.000000
0.000000
0.000000
0.000000
0.000000
0.000000
0.000000
0.000000
0.000000
0.000000
0.000000
0.000000
0.000000
0.000000
0.000000
0.000000
0.000000
0.000000
0.000000
0.000000
0.000000
0.000000
0.000000
0.000000
0.000000
0.000000
0.000000
0.000000
0.000000
0.000000
0.000000
0.000000
0.000000
0.000000
0.000000
0.000000
0.000000
0.000000
0.000000
0.000000
0.000000
0.000000
0.000000
0.000000
0.000000
0.000000
0.000000
0.000000
0.000000
0.000000
0.000000
0.000000
0.000000
0.000000
0.000000
0.000000
0.000000
0.000000
0.000000
0.000000
0.000000
0.000000
0.000000
0.000000
0.000000
0.000000
0.000000
0.000000
0.000000
0.000000
0.000000
0.000000
0.000000
0.000000
0.000000
0.000000
0.000000
0.000000
0.000000
0.000000
0.000000
0.000000
0.000000
0.000000
0.000000
0.000000
0.000000
0.000000
0.000000
0.000000
0.000000
0.000000
0.000000
0.000000
0.000000
0.000000
0.000000
0.000000
0.000000
0.000000
0.000000
0.000000
0.000000
0.000000
0.000000
0.000000
0.000000
0.000000
0.000000
0.000000
0.000000
0.000000
0.000000
0.000000
0.000000
0.000000
0.000000
0.000000
0.000000
0.000000
0.000000
0.000000
0.000000
0.000000
0.000000
0.000000
0.000000
0.000000
0.000000
0.000000
0.000000
0.000000
0.000000
0.000000
0.000000
0.000000
0.000000
0.000000
0.000000
0.000000
0.000000
0.000000
0.000000
0.000000
0.000000
0.000000
0.000000
0.000000
0.000000
0.000000
0.000000
0.000000
0.000000
0.000000
0.000000
0.000000
0.000000
0.000000
0.000000
0.000000
0.000000
0.000000
0.000000
0.000000
0.000000
0.000000
0.000000
0.000000
0.000000
0.000000
0.000000
0.000000
0.000000
0.000000
0.000000
0.000000
0.000000
0.000000
0.000000
0.000000
0.000000
0.000000
0.000000
0.000000
0.000000
0.000000
0.000000
0.000000
0.000000
0.000000
0.000000
0.000000
0.000000
0.000000
0.000000
0.000000
0.000000
0.000000
0.000000
0.000000
0.000000
0.000000
0.000000
0.000000
0.000000
0.000000
0.000000
0.000000
0.000000
0.000000
0.000000
0.000000
0.000000
0.000000
0.000000
0.000000
0.000000
0.000000
0.000000
0.000000
0.000000
0.000000
0.000000
0.000000
0.000000
0.000000
0.000000
0.000000
0.000000
0.000000
0.000000
0.000000
0.000000
0.000000
0.000000
0.000000
0.000000
0.000000
0.000000
0.000000
0.000000
0.000000
0.000000
0.000000
0.000000
0.000000
0.000000
0.000000
0.000000
0.000000
0.000000
0.000000
0.000000
0.000000
0.000000
0.000000
0.000000
0.000000
0.000000
0.000000
0.000000
0.000000
0.000000
0.000000
0.000000
0.000000
0.000000
0.000000
0.000000
0.000000
0.000000
0.000000
0.000000
0.000000
0.000000
0.000000
0.000000
0.000000
