0.000000
0.000000
0.000000
0.000000
0.000000
0.000000
0.085570
0.679452
0.877701
2.796330
4.842321
7.846728
13.188792
23.382688
35.402242
54.013272
80.522997
117.634570
165.828022
250.312413
343.565710
488.149593
644.868078
860.439541
1120.528796
1446.986828
1838.323883
2276.489867
2839.929941
3476.554661
4204.532071
5037.578164
6038.573119
7089.276661
8300.642086
9680.262575
11170.436046
12821.594639
14558.055502
16475.212555
18491.257200
20630.416990
22920.768013
25311.240308
27821.919957
30478.303471
33178.752030
35959.943917
38890.589107
41843.285162
44892.766565
47915.822048
51065.214743
54186.425850
57359.963798
60522.085063
63630.261461
66725.928896
69789.362486
72899.254843
75775.837414
78705.773136
81540.621020
84346.217349
86982.183481
89588.176429
92108.744446
94472.357429
96771.316558
98909.035531
101055.971468
103075.467828
104857.204668
106568.042535
108118.282372
109620.385700
110940.667312
112105.485424
113140.227335
114170.716181
114994.435653
115693.366813
116235.312177
116685.384524
117026.739524
117228.381211
117288.913418
117226.069063
117213.281138
117034.721530
116849.588646
116484.587589
116100.920003
115613.850136
115043.948983
114332.413125
113587.723057
112745.708406
111828.407328
110897.651446
109875.393239
108742.037103
107636.510388
106508.677658
105256.177545
103985.576968
102636.945367
101208.849768
99754.009425
98319.680242
96869.416033
95304.388270
93802.005076
92236.407385
90708.406654
89182.302861
87667.607819
86076.211273
84517.622955
82928.418013
81320.957721
79714.215243
78114.006758
76521.863226
74898.212871
73288.115019
71695.168033
70121.622518
68550.125858
67034.388813
65498.853983
63972.211529
62460.579608
60940.157330
59414.605504
57923.885580
56450.009147
54979.255809
53520.248478
52088.413456
50685.023325
49285.829318
47926.969028
46609.675828
45283.470751
44013.351757
42693.660458
41441.673241
40215.660664
38959.748074
37759.591065
36595.857741
35467.192557
34315.769281
33242.339792
32189.498509
31144.643593
30131.342679
29135.163613
28173.138496
27244.501154
26322.262217
25411.764850
24556.685856
23709.518487
22877.483295
22093.333784
21293.820350
20528.507298
19792.427728
19081.657680
18402.542216
17732.484793
17058.338164
16415.751299
15802.366754
15190.400628
14617.998532
14052.195265
13527.977014
13000.292203
12502.386040
11997.957189
11528.997138
11075.039758
10626.964393
10198.610773
9771.444354
9369.498214
8979.581025
8591.849105
8235.148568
7894.032680
7554.859135
7230.881859
6923.403085
6627.293190
6330.872053
6046.533299
5778.367227
5511.853848
5256.144701
5023.281688
4789.811544
4579.899077
4370.223913
4161.888485
3959.862080
3768.205208
3596.780372
3437.295460
3264.464763
3117.524428
2963.593303
2812.511439
2677.372678
2537.930508
2409.451215
2287.078300
2164.276017
2047.846274
1939.925454
1829.730028
1729.681579
1640.471723
1544.070368
1460.069620
1378.716983
1301.696257
1224.123694
1152.992603
1096.136899
1036.261664
977.469436
929.041326
874.225243
826.063970
778.379478
730.414742
684.353582
641.891764
600.591301
562.939746
532.658437
498.940759
472.094850
445.417458
418.087352
390.814550
366.604687
345.752334
324.760178
305.994628
286.042893
268.022364
252.506423
235.169125
220.278611
205.843414
191.997487
180.333438
169.494937
158.490668
147.076644
139.711492
129.688483
122.592773
114.005709
107.024373
98.445186
91.471561
84.279970
79.166265
74.115646
68.578111
64.659204
59.866697
56.212003
52.615063
49.108013
45.928952
42.259401
39.432622
37.036046
34.773328
32.333771
29.745580
27.400911
25.072491
23.534608
21.904667
20.596103
18.604532
17.024611
15.811934
14.624579
13.684498
12.025653
10.848422
10.159733
9.381333
8.531266
7.787690
7.309703
6.831084
6.103682
5.485302
4.811359
4.418037
3.898778
3.853986
3.635608
3.277970
3.014781
2.750816
2.556754
2.170947
2.032142
1.858422
1.782776
1.457067
1.429188
1.381206
1.211337
0.968016
0.938724
0.872587
0.825369
0.744657
0.555048
0.584350
0.563060
0.390036
0.419101
0.359984
0.297098
0.234611
0.233636
0.246053
0.222349
0.217979
0.166952
0.173358
0.114804
0.088887
0.071599
0.073070
0.044368
0.029059
0.019210
0.017821
0.019460
0.002501
0.002516
0.004032
0.000000
0.000000
0.000000
0.000000
0.000000
0.000000
0.000000
0.000000
0.000000
0.000000
0.000000
0.000000
0.000000
0.000000
0.000000
0.000000
0.000000
0.000000
0.000000
0.000000
0.000000
0.000000
0.000000
0.000000
0.000000
0.000000
0.000000
0.000000
0.000000
0.000000
0.000000
0.000000
0.000000
0.000000
0.000000
0.000000
0.000000
0.000000
0.000000
0.000000
0.000000
0.000000
0.000000
0.000000
0.000000
0.000000
0.000000
0.000000
0.000000
0.000000
0.000000
0.000000
0.000000
0.000000
0.000000
0.000000
0.000000
0.000000
0.000000
0.000000
0.000000
0.000000
0.000000
0.000000
0.000000
0.000000
0.000000
0.000000
0.000000
0.000000
0.000000
0.000000
0.000000
0.000000
0.000000
0.000000
0.000000
0.000000
0.000000
0.000000
0.000000
0.000000
0.000000
0.000000
0.000000
0.000000
0.000000
0.000000
0.000000
0.000000
0.000000
0.000000
0.000000
0.000000
0.000000
0.000000
0.000000
0.000000
0.000000
0.000000
0.000000
0.000000
0.000000
0.000000
0.000000
0.000000
0.000000
0.000000
0.000000
0.000000
0.000000
0.000000
0.000000
0.000000
0.000000
0.000000
0.000000
0.000000
0.000000
0.000000
0.000000
0.000000
0.000000
0.000000
0.000000
0.000000
0.000000
0.000000
0.000000
0.000000
0.000000
0.000000
0.000000
0.000000
0.000000
0.000000
0.000000
0.000000
0.000000
0.000000
0.000000
0.000000
0.000000
0.000000
0.000000
0.000000
0.000000
0.000000
0.000000
0.000000
0.000000
0.000000
0.000000
0.000000
0.000000
0.000000
0.000000
0.000000
0.000000
0.000000
0.000000
0.000000
0.000000
0.000000
0.000000
0.000000
0.000000
0.000000
0.000000
0.000000
0.000000
0.000000
0.000000
0.000000
0.000000
0.000000
0.000000
0.000000
0.000000
0.000000
0.000000
0.000000
0.000000
0.000000
0.000000
0.000000
0.000000
0.000000
0.000000
0.000000
0.000000
0.000000
0.000000
0.000000
0.000000
0.000000
0.000000
0.000000
0.000000
0.000000
0.000000
0.000000
0.000000
0.000000
0.000000
0.000000
0.000000
0.000000
0.000000
0.000000
0.000000
0.000000
0.000000
0.000000
0.000000
0.000000
0.000000
0.000000
0.000000
0.000000
0.000000
0.000000
0.000000
0.000000
0.000000
0.000000
0.000000
0.000000
0.000000
0.000000
0.000000
0.000000
0.000000
0.000000
0.000000
0.000000
0.000000
0.000000
0.000000
0.000000
0.000000
0.000000
0.000000
0.000000
0.000000
0.000000
0.000000
0.000000
0.000000
0.000000
0.000000
0.000000
0.000000
0.000000
0.000000
0.000000
0.000000
0.000000
0.000000
0.000000
0.000000
0.000000
0.000000
0.000000
0.000000
0.000000
0.000000
0.000000
0.000000
0.000000
0.000000
0.000000
0.000000
0.000000
0.000000
0.000000
0.000000
0.000000
0.000000
0.000000
0.000000
0.000000
0.000000
0.000000
0.000000
0.000000
0.000000
0.000000
0.000000
0.000000
0.000000
0.000000
0.000000
0.000000
0.000000
0.000000
0.000000
0.000000
0.000000
0.000000
0.000000
0.000000
0.000000
0.000000
0.000000
0.000000
0.000000
0.000000
0.000000
0.000000
0.000000
0.000000
0.000000
0.000000
0.000000
0.000000
0.000000
0.000000
0.000000
0.000000
0.000000
0.000000
0.000000
0.000000
0.000000
0.000000
0.000000
0.000000
0.000000
0.000000
0.000000
0.000000
0.000000
0.000000
0.000000
0.000000
0.000000
0.000000
0.000000
0.000000
0.000000
0.000000
0.000000
0.000000
0.000000
0.000000
0.000000
0.000000
0.000000
0.000000
0.000000
0.000000
0.000000
0.000000
0.000000
0.000000
0.000000
0.000000
0.000000
0.000000
0.000000
0.000000
0.000000
0.000000
0.000000
0.000000
0.000000
0.000000
0.000000
0.000000
0.000000
0.000000
0.000000
0.000000
0.000000
0.000000
0.000000
0.000000
0.000000
0.000000
0.000000
0.000000
0.000000
0.000000
0.000000
0.000000
0.000000
0.000000
0.000000
0.000000
0.000000
0.000000
0.000000
0.000000
0.000000
0.000000
0.000000
0.000000
0.000000
0.000000
0.000000
0.000000
0.000000
0.000000
0.000000
0.000000
0.000000
0.000000
0.000000
0.000000
0.000000
0.000000
0.000000
0.000000
0.000000
0.000000
0.000000
0.000000
0.000000
0.000000
0.000000
0.000000
0.000000
0.000000
0.000000
0.000000
0.000000
0.000000
0.000000
0.000000
0.000000
0.000000
0.000000
0.000000
0.000000
0.000000
0.000000
0.000000
0.000000
0.000000
0.000000
0.000000
0.000000
0.000000
0.000000
0.000000
0.000000
0.000000
0.000000
0.000000
0.000000
0.000000
0.000000
0.000000
0.000000
0.000000
0.000000
0.000000
0.000000
0.000000
0.000000
0.000000
0.000000
0.000000
0.000000
0.000000
0.000000
0.000000
0.000000
0.000000
0.000000
0.000000
0.000000
0.000000
0.000000
0.000000
0.000000
0.000000
0.000000
0.000000
0.000000
0.000000
0.000000
0.000000
0.000000
0.000000
0.000000
0.000000
0.000000
0.000000
0.000000
0.000000
0.000000
0.000000
0.000000
0.000000
0.000000
0.000000
0.000000
0.000000
0.000000
0.000000
0.000000
0.000000
0.000000
0.000000
0.000000
0.000000
0.000000
0.000000
0.000000
0.000000
0.000000
0.000000
0.000000
0.000000
0.000000
0.000000
0.000000
0.000000
0.000000
0.000000
0.000000
0.000000
0.000000
0.000000
0.000000
0.000000
0.000000
0.000000
0.000000
0.000000
0.000000
0.000000
0.000000
0.000000
0.000000
0.000000
0.000000
0.000000
0.000000
0.000000
0.000000
0.000000
0.000000
0.000000
0.000000
0.000000
0.000000
0.000000
0.000000
0.000000
0.000000
0.000000
0.000000
0.000000
0.000000
0.000000
0.000000
0.000000
0.000000
0.000000
0.000000
0.000000
0.000000
0.000000
0.000000
0.000000
0.000000
0.000000
0.000000
0.000000
0.000000
0.000000
0.000000
0.000000
0.000000
0.000000
0.000000
0.000000
0.000000
0.000000
0.000000
0.000000
0.000000
0.000000
0.000000
0.000000
0.000000
0.000000
0.000000
0.000000
0.000000
0.000000
0.000000
0.000000
0.000000
0.000000
0.000000
0.000000
0.000000
0.000000
0.000000
0.000000
0.000000
0.000000
0.000000
0.000000
0.000000
0.000000
0.000000
0.000000
0.000000
0.000000
0.000000
0.000000
0.000000
0.000000
0.000000
0.000000
0.000000
0.000000
0.000000
0.000000
0.000000
0.000000
0.000000
0.000000
0.000000
0.000000
0.000000
0.000000
0.000000
0.000000
0.000000
0.000000
0.000000
0.000000
0.000000
0.000000
0.000000
0.000000
0.000000
0.000000
0.000000
0.000000
