0.000000
0.000000
0.370756
0.064611
0.922882
1.267417
4.007636
7.144842
12.849906
26.104702
48.113533
82.627984
137.176202
219.059495
334.398669
503.087529
728.294658
1025.401488
1399.261722
1853.030070
2395.820918
3059.249120
3880.310496
4803.958298
5889.280334
7142.157845
8549.053899
10068.611269
11680.696034
13485.327246
15439.452753
17543.424433
19747.053906
22108.382837
24625.797485
27166.187463
29812.917924
32432.734033
35184.655766
37929.495318
40753.175658
43589.968372
46416.626868
49248.209831
52088.365888
54870.968242
57540.690286
60214.132967
62828.459959
65348.050911
67812.130960
70181.278768
72383.951578
74603.231153
76679.096714
78672.492140
80643.599175
82409.020675
84157.941125
85808.794101
87428.924062
88833.932980
90181.882651
91448.515405
92533.697690
93598.973667
94404.629544
95129.973577
95811.089349
96444.890421
96911.745922
97308.757788
97649.107371
97872.501254
98050.197188
98096.879052
98124.231502
98104.877535
97992.342022
97856.518512
97556.666935
97251.730746
96968.893307
96584.717973
96148.528271
95638.449407
95096.546208
94542.351140
94089.128981
93550.270687
92939.940734
92281.220576
91589.018131
90942.787454
90226.146172
89478.954100
88719.227158
88024.894217
87270.363927
86432.184815
85578.662010
84669.006852
83776.914331
82903.901488
82099.900369
81244.017904
80325.292870
79379.661638
78434.428924
77508.814347
76560.727755
75676.973778
74701.405235
73740.052643
72737.758576
71851.064373
70921.018976
69968.351999
68972.327962
67973.851029
67033.491839
66057.986332
65081.013231
64133.118130
63192.368821
62212.434084
61266.143647
60295.520146
59333.675153
58347.587995
57451.976924
56529.857487
55627.541747
54709.465551
53756.811369
52842.211496
51902.220145
51035.227891
50104.827545
49228.717489
48326.347718
47473.567177
46598.919671
45720.668100
44822.868981
43940.289052
43079.318128
42256.947199
41391.784028
40575.156486
39770.345571
38994.390376
38189.987138
37406.046000
36621.145064
35868.799245
35066.601136
34331.666923
33544.785156
32806.135522
32045.362498
31309.179504
30566.208178
29850.866244
29167.781298
28501.265333
27812.076427
27116.020921
26470.283289
25825.031619
25203.675574
24562.446296
23923.547255
23294.793993
22666.110543
22086.255910
21513.157384
20941.887427
20393.780827
19854.783789
19318.779286
18796.051959
18282.955954
17788.221693
17269.912209
16786.504399
16312.356533
15830.852726
15354.109506
14911.298505
14478.144519
14057.128077
13645.338822
13223.392712
12791.595589
12399.970594
12016.425029
11636.372575
11282.314001
10924.833918
10553.145907
10212.232174
9860.674558
9538.613667
9241.693727
8935.464221
8647.138154
8348.983264
8060.967184
7783.920824
7518.149653
7254.112687
7005.843455
6768.431343
6539.346723
6318.302859
6096.234556
5873.566576
5673.999593
5466.680581
5263.464094
5067.231794
4884.340336
4711.002428
4532.449471
4350.140603
4179.705272
4028.751335
3880.327368
3734.652772
3587.039921
3445.438194
3304.860966
3170.443935
3035.556045
2910.553019
2795.673152
2681.937475
2564.173849
2457.282634
2350.905036
2252.007493
2157.553425
2054.456007
1961.327760
1879.153767
1797.005521
1717.656825
1645.685472
1566.815044
1495.565294
1426.906105
1363.807953
1300.510057
1239.612342
1177.712786
1119.688319
1063.904649
1015.395036
963.118400
920.099607
867.929427
822.406993
779.231069
740.256828
709.405840
671.172205
640.117619
606.896992
577.509530
545.840984
519.723775
494.501877
468.207209
443.819293
422.197010
400.188125
379.920650
361.819850
342.204140
325.885293
311.215924
293.720907
279.364628
263.519931
248.296627
234.284544
221.067160
209.387888
197.544213
186.302513
175.767665
167.204376
157.452675
148.429811
141.096122
131.511456
123.148429
115.941213
110.863561
105.503423
99.604589
93.825834
89.514655
84.942440
78.263618
72.057500
66.818708
61.516904
56.865488
53.633533
49.528824
46.455516
43.424533
40.678611
37.747758
34.682717
32.219258
30.414952
28.179664
26.054695
24.435801
22.546369
20.809577
19.534710
17.817106
15.858160
14.409107
13.550133
12.485022
11.171299
10.216905
9.453596
8.634601
7.606438
6.951628
6.672512
6.250633
5.766812
5.780272
5.577659
5.421199
4.979627
4.506869
4.088739
3.801532
3.431979
3.193614
3.257721
3.149137
3.162547
2.999097
2.596239
2.335048
1.968334
1.856492
1.800479
1.675222
1.650829
1.621801
1.520573
1.426713
1.516717
1.480152
1.263059
1.204836
0.984374
0.914470
0.991919
0.943127
0.900888
0.797880
0.677208
0.621053
0.571854
0.557107
0.537596
0.472582
0.518994
0.453748
0.385021
0.330304
0.317603
0.284675
0.261586
0.217179
0.195335
0.148831
0.163477
0.146395
0.124986
0.108506
0.098524
0.101033
0.110068
0.068834
0.032248
0.012680
0.013148
0.002485
0.000000
0.000000
0.000000
0.000000
0.000000
0.000000
0.000000
0.000000
0.000000
0.000000
0.000000
0.000000
0.000000
0.000000
0.000000
0.000000
0.000000
0.000000
0.000000
0.000000
0.000000
0.000000
0.000000
0.000000
0.000000
0.000000
0.000000
0.000000
0.000000
0.000000
0.000000
0.000000
0.000000
0.000000
0.000000
0.000000
0.000000
0.000000
0.000000
0.000000
0.000000
0.000000
0.000000
0.000000
0.000000
0.000000
0.000000
0.000000
0.000000
0.000000
0.000000
0.000000
0.000000
0.000000
0.000000
0.000000
0.000000
0.000000
0.000000
0.000000
0.000000
0.000000
0.000000
0.000000
0.000000
0.000000
0.000000
0.000000
0.000000
0.000000
0.000000
0.000000
0.000000
0.000000
0.000000
0.000000
0.000000
0.000000
0.000000
0.000000
0.000000
0.000000
0.000000
0.000000
0.000000
0.000000
0.000000
0.000000
0.000000
0.000000
0.000000
0.000000
0.000000
0.000000
0.000000
0.000000
0.000000
0.000000
0.000000
0.000000
0.000000
0.000000
0.000000
0.000000
0.000000
0.000000
0.000000
0.000000
0.000000
0.000000
0.000000
0.000000
0.000000
0.000000
0.000000
0.000000
0.000000
0.000000
0.000000
0.000000
0.000000
0.000000
0.000000
0.000000
0.000000
0.000000
0.000000
0.000000
0.000000
0.000000
0.000000
0.000000
0.000000
0.000000
0.000000
0.000000
0.000000
0.000000
0.000000
0.000000
0.000000
0.000000
0.000000
0.000000
0.000000
0.000000
0.000000
0.000000
0.000000
0.000000
0.000000
0.000000
0.000000
0.000000
0.000000
0.000000
0.000000
0.000000
0.000000
0.000000
0.000000
0.000000
0.000000
0.000000
0.000000
0.000000
0.000000
0.000000
0.000000
0.000000
0.000000
0.000000
0.000000
0.000000
0.000000
0.000000
0.000000
0.000000
0.000000
0.000000
0.000000
0.000000
0.000000
0.000000
0.000000
0.000000
0.000000
0.000000
0.000000
0.000000
0.000000
0.000000
0.000000
0.000000
0.000000
0.000000
0.000000
0.000000
0.000000
0.000000
0.000000
0.000000
0.000000
0.000000
0.000000
0.000000
0.000000
0.000000
0.000000
0.000000
0.000000
0.000000
0.000000
0.000000
0.000000
0.000000
0.000000
0.000000
0.000000
0.000000
0.000000
0.000000
0.000000
0.000000
0.000000
0.000000
0.000000
0.000000
0.000000
0.000000
0.000000
0.000000
0.000000
0.000000
0.000000
0.000000
0.000000
0.000000
0.000000
0.000000
0.000000
0.000000
0.000000
0.000000
0.000000
0.000000
0.000000
0.000000
0.000000
0.000000
0.000000
0.000000
0.000000
0.000000
0.000000
0.000000
0.000000
0.000000
0.000000
0.000000
0.000000
0.000000
0.000000
0.000000
0.000000
0.000000
0.000000
0.000000
0.000000
0.000000
0.000000
0.000000
0.000000
0.000000
0.000000
0.000000
0.000000
0.000000
0.000000
0.000000
0.000000
0.000000
0.000000
0.000000
0.000000
0.000000
0.000000
0.000000
0.000000
0.000000
0.000000
0.000000
0.000000
0.000000
0.000000
0.000000
0.000000
0.000000
0.000000
0.000000
0.000000
0.000000
0.000000
0.000000
0.000000
0.000000
0.000000
0.000000
0.000000
0.000000
0.000000
0.000000
0.000000
0.000000
0.000000
0.000000
0.000000
0.000000
0.000000
0.000000
0.000000
0.000000
0.000000
0.000000
0.000000
0.000000
0.000000
0.000000
0.000000
0.000000
0.000000
0.000000
0.000000
0.000000
0.000000
0.000000
0.000000
0.000000
0.000000
0.000000
0.000000
0.000000
0.000000
0.000000
0.000000
0.000000
0.000000
0.000000
0.000000
0.000000
0.000000
0.000000
0.000000
0.000000
0.000000
0.000000
0.000000
0.000000
0.000000
0.000000
0.000000
0.000000
0.000000
0.000000
0.000000
0.000000
0.000000
0.000000
0.000000
0.000000
0.000000
0.000000
0.000000
0.000000
0.000000
0.000000
0.000000
0.000000
0.000000
0.000000
0.000000
0.000000
0.000000
0.000000
0.000000
0.000000
0.000000
0.000000
0.000000
0.000000
0.000000
0.000000
0.000000
0.000000
0.000000
0.000000
0.000000
0.000000
0.000000
0.000000
0.000000
0.000000
0.000000
0.000000
0.000000
0.000000
0.000000
0.000000
0.000000
0.000000
0.000000
0.000000
0.000000
0.000000
0.000000
0.000000
0.000000
0.000000
0.000000
0.000000
0.000000
0.000000
0.000000
0.000000
0.000000
0.000000
0.000000
0.000000
0.000000
0.000000
0.000000
0.000000
0.000000
0.000000
0.000000
0.000000
0.000000
0.000000
0.000000
0.000000
0.000000
0.000000
0.000000
0.000000
0.000000
0.000000
0.000000
0.000000
0.000000
0.000000
0.000000
0.000000
0.000000
0.000000
0.000000
0.000000
0.000000
0.000000
0.000000
0.000000
0.000000
0.000000
0.000000
0.000000
0.000000
0.000000
0.000000
0.000000
0.000000
0.000000
0.000000
0.000000
0.000000
0.000000
0.000000
0.000000
0.000000
0.000000
0.000000
0.000000
0.000000
0.000000
0.000000
0.000000
0.000000
0.000000
0.000000
0.000000
0.000000
0.000000
0.000000
0.000000
0.000000
0.000000
0.000000
0.000000
0.000000
0.000000
0.000000
0.000000
0.000000
0.000000
0.000000
0.000000
0.000000
0.000000
0.000000
0.000000
0.000000
0.000000
0.000000
0.000000
0.000000
0.000000
0.000000
0.000000
0.000000
0.000000
0.000000
0.000000
0.000000
0.000000
0.000000
0.000000
0.000000
0.000000
0.000000
0.000000
0.000000
0.000000
0.000000
0.000000
0.000000
0.000000
0.000000
0.000000
0.000000
0.000000
0.000000
0.000000
0.000000
0.000000
0.000000
0.000000
0.000000
0.000000
0.000000
0.000000
0.000000
0.000000
0.000000
0.000000
0.000000
0.000000
0.000000
0.000000
0.000000
0.000000
0.000000
0.000000
0.000000
0.000000
0.000000
0.000000
0.000000
0.000000
0.000000
0.000000
0.000000
0.000000
0.000000
0.000000
0.000000
0.000000
0.000000
0.000000
0.000000
0.000000
0.000000
0.000000
0.000000
0.000000
0.000000
0.000000
0.000000
0.000000
0.000000
0.000000
0.000000
0.000000
0.000000
0.000000
0.000000
0.000000
0.000000
0.000000
0.000000
0.000000
0.000000
0.000000
0.000000
