0.000000
0.000000
0.000000
0.059880
0.412603
0.517273
1.966383
5.321358
9.230106
18.644970
37.550814
64.894310
101.673164
155.966076
236.156966
345.850141
500.236121
708.260500
981.365158
1314.989353
1709.254763
2202.376104
2789.753225
3514.012288
4369.317300
5310.115446
6394.685693
7617.893101
9007.086406
10560.608466
12263.192325
14085.936585
16004.945443
17972.382397
20143.641331
22471.916806
24889.718695
27432.355155
30103.605683
32836.541177
35640.467476
38411.995126
41245.805061
44141.824164
46969.414521
49849.929334
52725.493773
55490.193283
58339.000296
61110.854495
63763.197866
66366.867639
68957.817847
71367.150521
73772.719363
76131.509199
78314.342256
80457.223394
82487.187813
84379.983433
86183.456593
87914.621291
89561.067760
91122.416599
92620.069216
93925.134749
95155.640837
96290.941742
97270.189617
98255.798745
99041.659229
99782.161482
100515.656462
101044.694606
101420.976059
101708.929817
101921.837865
102075.735150
102125.834165
102173.078659
102063.978669
101933.854914
101670.427674
101487.211217
101112.375049
100815.297096
100374.789239
99833.702239
99319.467654
98713.425130
98079.213330
97457.670931
96791.442175
96016.535009
95221.679093
94418.432456
93621.533826
92823.262578
91993.941741
91075.866799
90194.335796
89310.779562
88400.490780
87337.597589
86348.086502
85323.024933
84364.637348
83339.475557
82198.379941
81195.944479
80191.025856
79114.569971
78015.320375
76873.547822
75823.784929
74817.324510
73755.623636
72735.337145
71658.132939
70540.442098
69430.451894
68321.042840
67237.705408
66175.020091
65071.838037
63957.353950
62883.381645
61832.401450
60787.442273
59746.145370
58759.763172
57690.548800
56651.026294
55642.953998
54571.472215
53594.471743
52611.633931
51584.623695
50624.095494
49592.755949
48564.570138
47592.267838
46604.783586
45672.101665
44739.433928
43816.676373
42903.828200
41983.244982
41089.277837
40226.812245
39396.778080
38558.191864
37671.239921
36855.004497
35972.648331
35160.723843
34355.361163
33562.939060
32771.855635
31985.499657
31213.841261
30455.295052
29698.607091
28975.734586
28258.919026
27546.420501
26813.962122
26125.079305
25454.259659
24800.172490
24134.810556
23483.966856
22859.474085
22235.074035
21635.318992
21024.052371
20435.266527
19877.146415
19309.243928
18739.882123
18173.196391
17638.994467
17115.400820
16608.273632
16098.018911
15593.352703
15091.975351
14632.112823
14173.708932
13699.415319
13282.619015
12859.969030
12438.035648
12022.807022
11615.455118
11248.727361
10873.318285
10517.002147
10160.390733
9808.769460
9473.891277
9132.098973
8809.834431
8486.655298
8189.516695
7894.813948
7605.500626
7337.532376
7063.807746
6808.830042
6561.798348
6316.203435
6072.842768
5843.404895
5632.132843
5403.244035
5206.754335
4997.437366
4803.818882
4609.587277
4433.711644
4259.413270
4076.977365
3903.895704
3747.698988
3586.579450
3434.261400
3292.826197
3157.182805
3014.518498
2884.756913
2757.106083
2643.019942
2537.139925
2427.003543
2319.973110
2217.868054
2116.492884
2019.371276
1928.675064
1843.813968
1760.899562
1685.280192
1600.049453
1525.802148
1456.853550
1391.464437
1329.512818
1275.369535
1219.670952
1162.912359
1107.910703
1051.330106
1001.032328
954.573050
906.325806
861.926282
823.516234
788.064535
746.406715
708.349910
670.111201
641.898298
611.287117
576.970908
547.319339
520.411483
494.355077
468.561198
444.385375
420.651604
397.702066
376.558769
353.934713
334.361611
316.775806
299.575825
286.177800
273.786070
258.698861
242.965397
230.274034
217.843858
204.502945
191.132140
180.031871
168.597062
156.459535
147.242088
137.848640
130.212219
122.288099
115.007014
108.691885
101.965928
95.504047
90.922751
85.494739
79.799057
74.826908
70.290000
66.054604
62.148881
57.457372
55.184477
51.210967
46.952529
43.615823
40.823565
38.138568
36.121175
34.044758
32.516832
30.087862
28.943895
26.896862
25.055975
23.792803
21.953052
20.410420
19.377716
17.563996
16.154760
15.225277
14.482352
13.764035
12.965944
11.868314
10.796157
10.003063
9.230256
8.691783
8.453103
7.839213
7.150604
6.522246
5.964489
5.377962
4.991905
4.935484
4.751955
4.630050
4.387276
4.140866
3.762330
3.440641
3.166487
2.967579
2.523872
2.282820
2.118333
1.937091
1.615664
1.345199
1.191371
1.164561
1.182786
1.040808
0.940717
0.804128
0.695926
0.680856
0.561207
0.557118
0.468829
0.405339
0.375807
0.346314
0.275176
0.291902
0.348346
0.331120
0.267967
0.223244
0.278549
0.195446
0.183462
0.187544
0.156716
0.120097
0.096170
0.079512
0.061763
0.063735
0.052418
0.024489
0.044462
0.057856
0.056683
0.043176
0.067933
0.068148
0.069957
0.088852
0.089170
0.123823
0.077911
0.083846
0.076802
0.055243
0.044770
0.027927
0.006316
0.016587
0.011930
0.005330
0.007248
0.000815
0.000000
0.000000
0.000000
0.000000
0.000000
0.000000
0.000000
0.000000
0.000000
0.000000
0.000000
0.000000
0.000000
0.000000
0.000000
0.000000
0.000000
0.000000
0.000000
0.000000
0.000000
0.000000
0.000000
0.000000
0.000000
0.000000
0.000000
0.000000
0.000000
0.000000
0.000000
0.000000
0.000000
0.000000
0.000000
0.000000
0.000000
0.000000
0.000000
0.000000
0.000000
0.000000
0.000000
0.000000
0.000000
0.000000
0.000000
0.000000
0.000000
0.000000
0.000000
0.000000
0.000000
0.000000
0.000000
0.000000
0.000000
0.000000
0.000000
0.000000
0.000000
0.000000
0.000000
0.000000
0.000000
0.000000
0.000000
0.000000
0.000000
0.000000
0.000000
0.000000
0.000000
0.000000
0.000000
0.000000
0.000000
0.000000
0.000000
0.000000
0.000000
0.000000
0.000000
0.000000
0.000000
0.000000
0.000000
0.000000
0.000000
0.000000
0.000000
0.000000
0.000000
0.000000
0.000000
0.000000
0.000000
0.000000
0.000000
0.000000
0.000000
0.000000
0.000000
0.000000
0.000000
0.000000
0.000000
0.000000
0.000000
0.000000
0.000000
0.000000
0.000000
0.000000
0.000000
0.000000
0.000000
0.000000
0.000000
0.000000
0.000000
0.000000
0.000000
0.000000
0.000000
0.000000
0.000000
0.000000
0.000000
0.000000
0.000000
0.000000
0.000000
0.000000
0.000000
0.000000
0.000000
0.000000
0.000000
0.000000
0.000000
0.000000
0.000000
0.000000
0.000000
0.000000
0.000000
0.000000
0.000000
0.000000
0.000000
0.000000
0.000000
0.000000
0.000000
0.000000
0.000000
0.000000
0.000000
0.000000
0.000000
0.000000
0.000000
0.000000
0.000000
0.000000
0.000000
0.000000
0.000000
0.000000
0.000000
0.000000
0.000000
0.000000
0.000000
0.000000
0.000000
0.000000
0.000000
0.000000
0.000000
0.000000
0.000000
0.000000
0.000000
0.000000
0.000000
0.000000
0.000000
0.000000
0.000000
0.000000
0.000000
0.000000
0.000000
0.000000
0.000000
0.000000
0.000000
0.000000
0.000000
0.000000
0.000000
0.000000
0.000000
0.000000
0.000000
0.000000
0.000000
0.000000
0.000000
0.000000
0.000000
0.000000
0.000000
0.000000
0.000000
0.000000
0.000000
0.000000
0.000000
0.000000
0.000000
0.000000
0.000000
0.000000
0.000000
0.000000
0.000000
0.000000
0.000000
0.000000
0.000000
0.000000
0.000000
0.000000
0.000000
0.000000
0.000000
0.000000
0.000000
0.000000
0.000000
0.000000
0.000000
0.000000
0.000000
0.000000
0.000000
0.000000
0.000000
0.000000
0.000000
0.000000
0.000000
0.000000
0.000000
0.000000
0.000000
0.000000
0.000000
0.000000
0.000000
0.000000
0.000000
0.000000
0.000000
0.000000
0.000000
0.000000
0.000000
0.000000
0.000000
0.000000
0.000000
0.000000
0.000000
0.000000
0.000000
0.000000
0.000000
0.000000
0.000000
0.000000
0.000000
0.000000
0.000000
0.000000
0.000000
0.000000
0.000000
0.000000
0.000000
0.000000
0.000000
0.000000
0.000000
0.000000
0.000000
0.000000
0.000000
0.000000
0.000000
0.000000
0.000000
0.000000
0.000000
0.000000
0.000000
0.000000
0.000000
0.000000
0.000000
0.000000
0.000000
0.000000
0.000000
0.000000
0.000000
0.000000
0.000000
0.000000
0.000000
0.000000
0.000000
0.000000
0.000000
0.000000
0.000000
0.000000
0.000000
0.000000
0.000000
0.000000
0.000000
0.000000
0.000000
0.000000
0.000000
0.000000
0.000000
0.000000
0.000000
0.000000
0.000000
0.000000
0.000000
0.000000
0.000000
0.000000
0.000000
0.000000
0.000000
0.000000
0.000000
0.000000
0.000000
0.000000
0.000000
0.000000
0.000000
0.000000
0.000000
0.000000
0.000000
0.000000
0.000000
0.000000
0.000000
0.000000
0.000000
0.000000
0.000000
0.000000
0.000000
0.000000
0.000000
0.000000
0.000000
0.000000
0.000000
0.000000
0.000000
0.000000
0.000000
0.000000
0.000000
0.000000
0.000000
0.000000
0.000000
0.000000
0.000000
0.000000
0.000000
0.000000
0.000000
0.000000
0.000000
0.000000
0.000000
0.000000
0.000000
0.000000
0.000000
0.000000
0.000000
0.000000
0.000000
0.000000
0.000000
0.000000
0.000000
0.000000
0.000000
0.000000
0.000000
0.000000
0.000000
0.000000
0.000000
0.000000
0.000000
0.000000
0.000000
0.000000
0.000000
0.000000
0.000000
0.000000
0.000000
0.000000
0.000000
0.000000
0.000000
0.000000
0.000000
0.000000
0.000000
0.000000
0.000000
0.000000
0.000000
0.000000
0.000000
0.000000
0.000000
0.000000
0.000000
0.000000
0.000000
0.000000
0.000000
0.000000
0.000000
0.000000
0.000000
0.000000
0.000000
0.000000
0.000000
0.000000
0.000000
0.000000
0.000000
0.000000
0.000000
0.000000
0.000000
0.000000
0.000000
0.000000
0.000000
0.000000
0.000000
0.000000
0.000000
0.000000
0.000000
0.000000
0.000000
0.000000
0.000000
0.000000
0.000000
0.000000
0.000000
0.000000
0.000000
0.000000
0.000000
0.000000
0.000000
0.000000
0.000000
0.000000
0.000000
0.000000
0.000000
0.000000
0.000000
0.000000
0.000000
0.000000
0.000000
0.000000
0.000000
0.000000
0.000000
0.000000
0.000000
0.000000
0.000000
0.000000
0.000000
0.000000
0.000000
0.000000
0.000000
0.000000
0.000000
0.000000
0.000000
0.000000
0.000000
0.000000
0.000000
0.000000
0.000000
0.000000
0.000000
0.000000
0.000000
0.000000
0.000000
0.000000
0.000000
0.000000
0.000000
0.000000
0.000000
0.000000
0.000000
0.000000
0.000000
0.000000
0.000000
0.000000
0.000000
0.000000
0.000000
0.000000
0.000000
0.000000
0.000000
0.000000
0.000000
0.000000
0.000000
0.000000
0.000000
0.000000
0.000000
0.000000
0.000000
0.000000
0.000000
0.000000
0.000000
0.000000
0.000000
0.000000
0.000000
0.000000
0.000000
0.000000
0.000000
0.000000
0.000000
0.000000
0.000000
0.000000
0.000000
0.000000
0.000000
0.000000
0.000000
0.000000
0.000000
0.000000
0.000000
0.000000
0.000000
