0.000000
0.000000
0.000000
0.000000
0.000000
0.000000
0.000000
0.002863
0.110101
0.087496
0.297236
0.765364
2.427927
6.451803
17.615468
38.621278
80.231123
154.512386
291.475313
522.771805
913.123828
1510.406283
2408.963760
3725.010265
5575.024472
8111.325792
11494.347217
15843.886026
21255.418375
27905.715270
35859.046936
45101.489099
55590.286866
67347.075363
80134.595668
93674.407714
107920.036602
122459.716322
137026.722834
151348.750855
165117.881119
177919.570091
189735.347401
200192.097231
209168.912208
216427.217189
221919.585950
225884.192895
228076.117710
228789.664642
227881.021393
225578.466536
222025.028454
217321.331639
211672.748561
205247.312253
198208.761614
190615.531486
182674.428586
174460.065539
166074.622842
157736.272974
149520.198772
141403.730012
133469.144029
125843.218671
118411.640237
111326.130610
104590.683828
98183.744758
92110.206100
86450.783932
81006.954848
75999.938426
71375.043226
67034.114758
62967.600079
59225.085934
55796.808586
52607.446398
49666.291539
46956.451961
44461.419672
42215.354008
40116.995167
38216.332003
36456.083619
34881.932641
33440.176978
32142.193619
30995.526676
29951.396044
29002.759486
28167.850703
27438.426963
26783.094116
26190.601838
25701.273332
25284.554742
24905.689414
24617.213057
24360.951536
24184.315111
24036.807831
23952.442872
23904.929995
23921.053287
23981.243698
24064.226383
24202.818767
24341.801358
24547.129188
24777.417979
25041.033164
25342.871921
25657.253622
26003.630601
26358.777335
26758.915991
27148.340558
27575.054524
28012.293482
28458.646744
28916.303924
29362.438655
29841.062178
30287.042146
30754.694124
31207.644092
31652.717846
32100.489858
32509.185388
32899.754942
33281.851937
33632.772763
33942.025487
34228.901250
34462.679544
34682.715379
34817.295752
34937.237095
35007.330159
35021.619529
34955.908161
34880.194030
34693.570893
34504.154561
34228.434391
33900.328043
33527.248705
33081.545958
32575.314553
32028.838544
31409.919718
30757.731467
30061.627249
29316.778731
28534.227082
27690.766299
26835.959604
25918.996043
25019.926770
24087.471580
23134.826018
22160.839387
21191.867976
20199.836765
19215.599675
18229.215984
17273.381543
16317.813984
15382.948526
14465.256022
13575.420682
12691.708490
11840.773958
11040.869374
10250.068797
9500.503882
8783.179040
8096.349064
7445.974879
6833.827883
6257.059013
5712.065074
5202.807111
4727.022453
4286.521124
3873.245509
3490.471388
3140.645581
2816.371577
2521.900115
2250.240156
2003.892220
1778.232224
1576.815285
1388.364605
1228.262525
1079.241768
947.646197
828.036561
723.908913
630.527113
546.748477
475.213459
410.919679
353.372239
302.623606
259.143245
222.859481
190.163003
162.008699
137.235036
116.197846
98.034397
82.346541
68.847685
57.777633
48.429831
40.218108
33.886124
27.858920
23.146499
19.125562
15.794424
12.872982
10.568719
8.583212
6.821208
5.556210
4.471055
3.537873
2.883481
2.311277
1.857066
1.541161
1.214446
0.934971
0.797872
0.620536
0.488819
0.391392
0.277044
0.225188
0.186083
0.119136
0.110248
0.092343
0.068557
0.061292
0.049088
0.032989
0.039411
0.029665
0.026934
0.022589
0.018553
0.014018
0.009685
0.004761
0.004628
0.005594
0.004707
0.005305
0.001246
0.000833
0.000309
0.000000
0.000000
0.000000
0.000000
0.000000
0.000000
0.000000
0.000000
0.000000
0.000000
0.000000
0.000000
0.000000
0.000000
0.000000
0.000000
0.000000
0.000000
0.000000
0.000000
0.000000
0.000000
0.000000
0.000000
0.000000
0.000000
0.000000
0.000000
0.000000
0.000000
0.000000
0.000000
0.000000
0.000000
0.000000
0.000000
0.000000
0.000000
0.000000
0.000000
0.000000
0.000000
0.000000
0.000000
0.000000
0.000000
0.000000
0.000000
0.000000
0.000000
0.000000
0.000000
0.000000
0.000000
0.000000
0.000000
0.000000
0.000000
0.000000
0.000000
0.000000
0.000000
0.000000
0.000000
0.000000
0.000000
0.000000
0.000000
0.000000
0.000000
0.000000
0.000000
0.000000
0.000000
0.000000
0.000000
0.000000
0.000000
0.000000
0.000000
0.000000
0.000000
0.000000
0.000000
0.000000
0.000000
0.000000
0.000000
0.000000
0.000000
0.000000
0.000000
0.000000
0.000000
0.000000
0.000000
0.000000
0.000000
0.000000
0.000000
0.000000
0.000000
0.000000
0.000000
0.000000
0.000000
0.000000
0.000000
0.000000
0.000000
0.000000
0.000000
0.000000
0.000000
0.000000
0.000000
0.000000
0.000000
0.000000
0.000000
0.000000
0.000000
0.000000
0.000000
0.000000
0.000000
0.000000
0.000000
0.000000
0.000000
0.000000
0.000000
0.000000
0.000000
0.000000
0.000000
0.000000
0.000000
0.000000
0.000000
0.000000
0.000000
0.000000
0.000000
0.000000
0.000000
0.000000
0.000000
0.000000
0.000000
0.000000
0.000000
0.000000
0.000000
0.000000
0.000000
0.000000
0.000000
0.000000
0.000000
0.000000
0.000000
0.000000
0.000000
0.000000
0.000000
0.000000
0.000000
0.000000
0.000000
0.000000
0.000000
0.000000
0.000000
0.000000
0.000000
0.000000
0.000000
0.000000
0.000000
0.000000
0.000000
0.000000
0.000000
0.000000
0.000000
0.000000
0.000000
0.000000
0.000000
0.000000
0.000000
0.000000
0.000000
0.000000
0.000000
0.000000
0.000000
0.000000
0.000000
0.000000
0.000000
0.000000
0.000000
0.000000
0.000000
0.000000
0.000000
0.000000
0.000000
0.000000
0.000000
0.000000
0.000000
0.000000
0.000000
0.000000
0.000000
0.000000
0.000000
0.000000
0.000000
0.000000
0.000000
0.000000
0.000000
0.000000
0.000000
0.000000
0.000000
0.000000
0.000000
0.000000
