0.000000
0.000000
0.000000
0.000000
0.004536
0.020688
0.049759
0.132258
0.261708
0.467786
0.929880
1.711656
2.818697
5.091396
8.766499
14.645669
24.260957
38.953010
60.200737
92.975803
137.840122
196.768530
275.067809
378.053773
508.162624
678.074603
895.671455
1160.921950
1481.328291
1868.714702
2329.297898
2877.339049
3521.075199
4263.796504
5110.915505
6074.984084
7156.510387
8362.563439
9712.737843
11202.814976
12830.732993
14613.878953
16531.840438
18599.885802
20816.317786
23151.589173
25637.258344
28228.479244
30976.446371
33845.588721
36821.220831
39900.076835
43059.461513
46290.432020
49607.371479
52968.254806
56375.182285
59821.994724
63294.073310
66776.208300
70220.888839
73664.425052
77066.473559
80454.577729
83780.437002
87034.191860
90237.134219
93315.202149
96316.586157
99203.952751
102020.465923
104725.267933
107294.113280
109754.835256
112064.883751
114244.298822
116272.141771
118159.331820
119889.292797
121485.999380
122932.147623
124232.022408
125357.062189
126350.542422
127199.781658
127900.516711
128415.907500
128816.592745
129058.509783
129185.826756
129146.838806
129004.840360
128735.290083
128330.686630
127787.777809
127152.324187
126393.708224
125513.901774
124555.374323
123479.014316
122348.575062
121119.546996
119780.075747
118390.464313
116917.154046
115365.039147
113774.503251
112118.858761
110421.732257
108662.221297
106869.650175
105013.913342
103146.900033
101227.494197
99307.202004
97350.009137
95380.249796
93376.301536
91355.250396
89326.128521
87302.018045
85265.736249
83249.866944
81226.471725
79179.040389
77158.923247
75151.661493
73152.414239
71166.020489
69189.413491
67249.109877
65310.014984
63406.017257
61524.874757
59667.726101
57839.101984
56044.250763
54263.200508
52510.473220
50799.958144
49121.217609
47460.711743
45839.295477
44253.538350
42677.673267
41175.091804
39702.792547
38263.334367
36851.371543
35485.541708
34143.647581
32837.945776
31573.836367
30339.364554
29138.123275
27976.659851
26844.562518
25746.732970
24681.458282
23651.565002
22658.456915
21692.536797
20762.530652
19863.071566
18994.145156
18159.175914
17350.106918
16564.497841
15807.962175
15080.395441
14377.588414
13707.129804
13058.931514
12433.338501
11833.235157
11255.775096
10700.539257
10170.640618
9655.515788
9172.017827
8707.742278
8262.862444
7833.194616
7422.650318
7036.084601
6662.064298
6308.135102
5972.258968
5648.775127
5343.497441
5051.084506
4774.372964
4508.158824
4256.223112
4015.953162
3783.663279
3569.885673
3363.223248
3167.659992
2978.844177
2803.078029
2634.230772
2476.630108
2327.021700
2187.671584
2050.371661
1924.607386
1805.126781
1693.108361
1587.270289
1486.904043
1391.982964
1300.978499
1218.335622
1137.676669
1063.397320
993.399196
927.880755
866.753156
808.697978
753.547794
701.936219
653.162438
608.708729
566.768955
528.064946
491.759013
457.365503
424.591297
394.895658
367.420356
341.104514
316.240596
294.139780
273.012148
252.819170
233.917235
216.298204
199.609626
183.870398
169.857485
156.528044
145.195465
133.616621
122.409521
113.022117
104.250902
96.250487
88.748901
81.591969
74.961366
68.876684
63.268297
57.940042
53.270215
49.076177
44.897034
41.365879
37.934787
34.473290
31.371501
28.559896
26.027808
23.687521
21.631964
19.730907
17.850556
16.514814
15.155899
13.579063
12.410450
11.465893
10.342236
9.311832
8.402826
7.544906
6.700196
6.056087
5.500948
4.835339
4.298923
3.849083
3.527102
3.178732
2.829625
2.528681
2.238758
2.055828
1.866539
1.611408
1.476038
1.308469
1.178388
1.043409
0.922649
0.829585
0.718145
0.660410
0.630505
0.546841
0.538048
0.468048
0.406766
0.348651
0.286679
0.261105
0.238347
0.204494
0.186767
0.144377
0.146290
0.138243
0.136644
0.126088
0.112144
0.099021
0.084323
0.075974
0.064306
0.056705
0.055659
0.047189
0.049884
0.046491
0.042946
0.045678
0.036997
0.034507
0.037966
0.040783
0.039182
0.030970
0.026553
0.027409
0.024377
0.021047
0.011101
0.011882
0.008956
0.006146
0.004753
0.002289
0.001425
0.000691
0.000365
0.002095
0.002195
0.001806
0.000851
0.000206
0.000000
0.000000
0.000000
0.000000
0.000000
0.000000
0.000000
0.000000
0.000000
0.000000
0.000000
0.000000
0.000000
0.000000
0.000000
0.000000
0.000000
0.000000
0.000000
0.000000
0.000000
0.000000
0.000000
0.000000
0.000000
0.000000
0.000000
0.000000
0.000000
0.000000
0.000000
0.000000
0.000000
0.000000
0.000000
0.000000
0.000000
0.000000
0.000000
0.000000
0.000000
0.000000
0.000000
0.000000
0.000000
0.000000
0.000000
0.000000
0.000000
0.000000
0.000000
0.000000
0.000000
0.000000
0.000000
0.000000
0.000000
0.000000
0.000000
0.000000
0.000000
0.000000
0.000000
0.000000
0.000000
0.000000
0.000000
0.000000
0.000000
0.000000
0.000000
0.000000
0.000000
0.000000
0.000000
0.000000
0.000000
0.000000
0.000000
0.000000
0.000000
0.000000
0.000000
0.000000
0.000000
0.000000
0.000000
0.000000
0.000000
0.000000
0.000000
0.000000
0.000000
0.000000
0.000000
0.000000
0.000000
0.000000
0.000000
0.000000
0.000000
0.000000
0.000000
0.000000
0.000000
0.000000
0.000000
0.000000
0.000000
0.000000
0.000000
0.000000
0.000000
0.000000
0.000000
0.000000
0.000000
0.000000
0.000000
0.000000
0.000000
0.000000
0.000000
0.000000
0.000000
0.000000
0.000000
0.000000
0.000000
0.000000
0.000000
0.000000
0.000000
0.000000
0.000000
0.000000
0.000000
0.000000
0.000000
0.000000
0.000000
0.000000
0.000000
0.000000
0.000000
0.000000
0.000000
0.000000
0.000000
0.000000
0.000000
0.000000
0.000000
0.000000
0.000000
0.000000
0.000000
0.000000
0.000000
0.000000
0.000000
0.000000
0.000000
0.000000
0.000000
0.000000
0.000000
0.000000
0.000000
0.000000
0.000000
0.000000
0.000000
0.000000
0.000000
0.000000
0.000000
0.000000
0.000000
0.000000
0.000000
0.000000
0.000000
0.000000
0.000000
0.000000
0.000000
0.000000
0.000000
0.000000
0.000000
0.000000
0.000000
0.000000
0.000000
0.000000
0.000000
0.000000
0.000000
0.000000
0.000000
0.000000
0.000000
0.000000
0.000000
0.000000
0.000000
0.000000
0.000000
0.000000
0.000000
0.000000
0.000000
0.000000
0.000000
0.000000
0.000000
0.000000
0.000000
0.000000
0.000000
0.000000
0.000000
0.000000
0.000000
0.000000
0.000000
0.000000
0.000000
0.000000
0.000000
0.000000
0.000000
0.000000
0.000000
0.000000
0.000000
0.000000
0.000000
0.000000
0.000000
0.000000
0.000000
0.000000
0.000000
0.000000
0.000000
0.000000
0.000000
0.000000
0.000000
0.000000
0.000000
0.000000
0.000000
0.000000
0.000000
0.000000
0.000000
0.000000
0.000000
0.000000
0.000000
0.000000
0.000000
0.000000
0.000000
0.000000
0.000000
0.000000
0.000000
0.000000
0.000000
0.000000
0.000000
0.000000
0.000000
0.000000
0.000000
0.000000
0.000000
0.000000
0.000000
0.000000
0.000000
0.000000
0.000000
0.000000
0.000000
0.000000
0.000000
0.000000
0.000000
0.000000
0.000000
0.000000
0.000000
0.000000
0.000000
0.000000
0.000000
0.000000
0.000000
0.000000
0.000000
0.000000
0.000000
0.000000
0.000000
0.000000
0.000000
0.000000
0.000000
0.000000
0.000000
0.000000
0.000000
0.000000
0.000000
0.000000
0.000000
0.000000
0.000000
0.000000
0.000000
0.000000
0.000000
0.000000
0.000000
0.000000
0.000000
0.000000
0.000000
0.000000
0.000000
0.000000
0.000000
0.000000
0.000000
0.000000
0.000000
0.000000
0.000000
0.000000
0.000000
0.000000
0.000000
0.000000
0.000000
0.000000
0.000000
0.000000
0.000000
0.000000
0.000000
0.000000
0.000000
0.000000
0.000000
0.000000
0.000000
0.000000
0.000000
0.000000
0.000000
0.000000
0.000000
0.000000
0.000000
0.000000
0.000000
0.000000
0.000000
0.000000
0.000000
0.000000
0.000000
0.000000
0.000000
0.000000
0.000000
0.000000
0.000000
0.000000
0.000000
0.000000
0.000000
0.000000
0.000000
0.000000
0.000000
0.000000
0.000000
0.000000
0.000000
0.000000
0.000000
0.000000
0.000000
0.000000
0.000000
0.000000
0.000000
0.000000
0.000000
0.000000
0.000000
0.000000
0.000000
0.000000
0.000000
0.000000
0.000000
0.000000
0.000000
0.000000
0.000000
0.000000
0.000000
0.000000
0.000000
0.000000
0.000000
0.000000
0.000000
0.000000
0.000000
0.000000
0.000000
0.000000
0.000000
0.000000
0.000000
0.000000
0.000000
0.000000
0.000000
0.000000
0.000000
0.000000
0.000000
0.000000
0.000000
0.000000
0.000000
0.000000
0.000000
0.000000
0.000000
0.000000
0.000000
0.000000
0.000000
0.000000
0.000000
0.000000
0.000000
0.000000
0.000000
0.000000
0.000000
0.000000
0.000000
0.000000
0.000000
0.000000
0.000000
0.000000
0.000000
0.000000
0.000000
0.000000
0.000000
0.000000
0.000000
0.000000
0.000000
0.000000
0.000000
0.000000
0.000000
0.000000
0.000000
0.000000
0.000000
0.000000
0.000000
0.000000
0.000000
0.000000
0.000000
0.000000
0.000000
0.000000
0.000000
0.000000
0.000000
0.000000
0.000000
0.000000
0.000000
0.000000
0.000000
0.000000
0.000000
0.000000
0.000000
0.000000
0.000000
0.000000
0.000000
0.000000
0.000000
0.000000
0.000000
0.000000
0.000000
0.000000
0.000000
0.000000
0.000000
0.000000
0.000000
0.000000
0.000000
0.000000
0.000000
0.000000
0.000000
0.000000
0.000000
0.000000
0.000000
0.000000
0.000000
0.000000
0.000000
0.000000
0.000000
0.000000
0.000000
0.000000
0.000000
0.000000
0.000000
0.000000
0.000000
0.000000
0.000000
0.000000
0.000000
0.000000
0.000000
0.000000
0.000000
0.000000
0.000000
0.000000
0.000000
0.000000
0.000000
0.000000
0.000000
0.000000
0.000000
0.000000
0.000000
0.000000
0.000000
0.000000
0.000000
0.000000
0.000000
0.000000
0.000000
0.000000
0.000000
0.000000
0.000000
0.000000
0.000000
0.000000
0.000000
0.000000
0.000000
0.000000
0.000000
0.000000
0.000000
0.000000
0.000000
0.000000
0.000000
0.000000
0.000000
0.000000
0.000000
0.000000
0.000000
0.000000
0.000000
0.000000
0.000000
0.000000
0.000000
0.000000
0.000000
0.000000
0.000000
0.000000
0.000000
0.000000
0.000000
0.000000
0.000000
0.000000
0.000000
0.000000
0.000000
0.000000
0.000000
0.000000
0.000000
0.000000
0.000000
0.000000
0.000000
0.000000
0.000000
0.000000
0.000000
0.000000
0.000000
0.000000
0.000000
0.000000
0.000000
0.000000
0.000000
0.000000
0.000000
0.000000
0.000000
0.000000
0.000000
0.000000
0.000000
0.000000
0.000000
0.000000
0.000000
