0.000000
0.000000
0.003563
0.036101
0.038577
0.043231
0.047705
0.127890
0.186933
0.560727
1.015462
1.827992
3.726045
6.488623
10.599255
17.282736
27.553108
43.420935
65.807812
97.822949
142.247812
202.796435
283.155671
388.415242
523.952177
700.616280
922.784272
1195.377292
1521.685518
1920.111325
2390.427288
2945.230574
3587.217758
4339.042944
5192.794298
6163.975677
7254.238175
8475.422471
9844.274943
11348.187273
12990.342621
14757.000469
16685.398448
18766.398854
20981.879668
23329.512614
25831.547719
28467.473119
31225.157382
34074.954818
37047.244677
40118.885434
43283.594906
46491.858663
49795.883583
53147.962042
56524.990800
59952.996829
63394.042829
66845.827674
70302.103399
73705.120438
77122.974112
80497.820938
83804.062007
87017.789918
90190.164291
93277.346270
96273.798482
99178.244646
101973.434806
104672.497630
107234.231705
109678.736208
111980.600916
114142.824385
116167.720130
118065.644119
119793.843106
121384.572782
122820.703193
124103.440708
125241.535483
126223.398974
127073.916203
127746.549735
128287.897590
128666.396369
128893.774671
128958.566781
128911.964001
128764.912134
128457.205452
128033.140816
127491.105764
126868.908921
126118.482173
125254.885168
124303.402677
123281.610362
122147.695578
120916.883369
119609.567584
118225.711701
116747.572350
115219.392297
113606.463040
111955.123348
110266.534984
108504.650648
106690.540118
104854.657873
102972.141441
101103.060050
99158.688858
97195.842344
95219.524779
93216.443326
91222.085185
89199.392884
87183.940960
85168.265959
83150.756289
81131.233206
79125.539330
77118.562940
75135.304516
73150.380509
71160.121544
69200.447841
67277.851914
65336.275797
63427.868490
61555.637704
59681.281099
57878.431042
56067.403614
54282.521171
52545.692788
50832.513938
49150.666164
47504.810282
45876.646023
44284.459605
42735.273473
41221.741397
39746.582358
38306.623410
36885.706208
35502.218550
34161.155802
32859.162105
31598.296783
30364.542834
29174.881181
28012.399690
26875.864477
25784.629241
24715.796371
23688.408627
22696.003099
21742.768491
20822.374387
19919.468996
19056.609759
18213.283020
17401.941826
16620.523377
15865.504184
15134.423983
14431.633315
13756.019889
13106.534749
12484.422426
11883.115438
11311.947323
10756.078445
10228.824732
9719.672227
9231.072159
8763.839005
8320.849556
7898.988134
7488.973921
7099.879529
6726.780635
6365.430173
6022.417764
5698.778138
5391.898605
5098.613093
4817.330553
4548.953935
4294.194373
4052.535907
3823.037106
3600.220083
3394.281840
3196.479199
3010.033866
2834.317476
2664.303200
2508.481388
2359.114144
2217.595566
2081.269957
1952.647930
1830.683890
1717.782209
1612.343451
1512.064069
1416.341560
1327.228314
1241.914674
1161.412123
1086.445456
1016.486471
949.004850
886.420062
827.087648
772.386387
720.580304
671.903943
625.420710
582.002592
541.707560
503.697751
468.654521
435.087780
404.194112
375.720847
348.129858
322.946719
299.935258
277.662481
256.782375
237.702445
219.823538
203.327124
188.190396
174.273041
161.407486
149.124003
137.772025
126.866588
117.189475
108.259978
99.431103
91.544854
84.421084
78.003035
71.893788
65.992267
60.580427
55.685385
51.392235
47.225962
43.687088
39.891782
36.468874
33.390057
30.637455
27.856053
25.267308
23.044472
20.870004
19.024905
17.311017
15.725703
14.422567
13.089721
11.947875
10.641208
9.619433
8.723099
7.842383
7.009661
6.363596
5.689193
5.008968
4.505468
4.121159
3.648814
3.267183
2.892660
2.584783
2.316578
2.075359
1.820137
1.646858
1.515261
1.357262
1.147967
1.038082
0.886976
0.727501
0.654904
0.570644
0.508157
0.461559
0.434469
0.377890
0.315166
0.311227
0.284986
0.257946
0.236693
0.237290
0.235109
0.210227
0.186814
0.157387
0.152070
0.121476
0.109476
0.091382
0.089221
0.068341
0.063118
0.055070
0.051663
0.050937
0.039791
0.034308
0.029742
0.024865
0.024847
0.023248
0.019830
0.018888
0.017922
0.011257
0.008721
0.010573
0.006596
0.008449
0.010786
0.009048
0.006635
0.003188
0.004168
0.002709
0.001832
0.001027
0.000419
0.001384
0.001938
0.002156
0.002225
0.002822
0.000575
0.000549
0.000000
0.000000
0.000000
0.000000
0.000000
0.000000
0.000000
0.000000
0.000000
0.000000
0.000000
0.000000
0.000000
0.000000
0.000000
0.000000
0.000000
0.000000
0.000000
0.000000
0.000000
0.000000
0.000000
0.000000
0.000000
0.000000
0.000000
0.000000
0.000000
0.000000
0.000000
0.000000
0.000000
0.000000
0.000000
0.000000
0.000000
0.000000
0.000000
0.000000
0.000000
0.000000
0.000000
0.000000
0.000000
0.000000
0.000000
0.000000
0.000000
0.000000
0.000000
0.000000
0.000000
0.000000
0.000000
0.000000
0.000000
0.000000
0.000000
0.000000
0.000000
0.000000
0.000000
0.000000
0.000000
0.000000
0.000000
0.000000
0.000000
0.000000
0.000000
0.000000
0.000000
0.000000
0.000000
0.000000
0.000000
0.000000
0.000000
0.000000
0.000000
0.000000
0.000000
0.000000
0.000000
0.000000
0.000000
0.000000
0.000000
0.000000
0.000000
0.000000
0.000000
0.000000
0.000000
0.000000
0.000000
0.000000
0.000000
0.000000
0.000000
0.000000
0.000000
0.000000
0.000000
0.000000
0.000000
0.000000
0.000000
0.000000
0.000000
0.000000
0.000000
0.000000
0.000000
0.000000
0.000000
0.000000
0.000000
0.000000
0.000000
0.000000
0.000000
0.000000
0.000000
0.000000
0.000000
0.000000
0.000000
0.000000
0.000000
0.000000
0.000000
0.000000
0.000000
0.000000
0.000000
0.000000
0.000000
0.000000
0.000000
0.000000
0.000000
0.000000
0.000000
0.000000
0.000000
0.000000
0.000000
0.000000
0.000000
0.000000
0.000000
0.000000
0.000000
0.000000
0.000000
0.000000
0.000000
0.000000
0.000000
0.000000
0.000000
0.000000
0.000000
0.000000
0.000000
0.000000
0.000000
0.000000
0.000000
0.000000
0.000000
0.000000
0.000000
0.000000
0.000000
0.000000
0.000000
0.000000
0.000000
0.000000
0.000000
0.000000
0.000000
0.000000
0.000000
0.000000
0.000000
0.000000
0.000000
0.000000
0.000000
0.000000
0.000000
0.000000
0.000000
0.000000
0.000000
0.000000
0.000000
0.000000
0.000000
0.000000
0.000000
0.000000
0.000000
0.000000
0.000000
0.000000
0.000000
0.000000
0.000000
0.000000
0.000000
0.000000
0.000000
0.000000
0.000000
0.000000
0.000000
0.000000
0.000000
0.000000
0.000000
0.000000
0.000000
0.000000
0.000000
0.000000
0.000000
0.000000
0.000000
0.000000
0.000000
0.000000
0.000000
0.000000
0.000000
0.000000
0.000000
0.000000
0.000000
0.000000
0.000000
0.000000
0.000000
0.000000
0.000000
0.000000
0.000000
0.000000
0.000000
0.000000
0.000000
0.000000
0.000000
0.000000
0.000000
0.000000
0.000000
0.000000
0.000000
0.000000
0.000000
0.000000
0.000000
0.000000
0.000000
0.000000
0.000000
0.000000
0.000000
0.000000
0.000000
0.000000
0.000000
0.000000
0.000000
0.000000
0.000000
0.000000
0.000000
0.000000
0.000000
0.000000
0.000000
0.000000
0.000000
0.000000
0.000000
0.000000
0.000000
0.000000
0.000000
0.000000
0.000000
0.000000
0.000000
0.000000
0.000000
0.000000
0.000000
0.000000
0.000000
0.000000
0.000000
0.000000
0.000000
0.000000
0.000000
0.000000
0.000000
0.000000
0.000000
0.000000
0.000000
0.000000
0.000000
0.000000
0.000000
0.000000
0.000000
0.000000
0.000000
0.000000
0.000000
0.000000
0.000000
0.000000
0.000000
0.000000
0.000000
0.000000
0.000000
0.000000
0.000000
0.000000
0.000000
0.000000
0.000000
0.000000
0.000000
0.000000
0.000000
0.000000
0.000000
0.000000
0.000000
0.000000
0.000000
0.000000
0.000000
0.000000
0.000000
0.000000
0.000000
0.000000
0.000000
0.000000
0.000000
0.000000
0.000000
0.000000
0.000000
0.000000
0.000000
0.000000
0.000000
0.000000
0.000000
0.000000
0.000000
0.000000
0.000000
0.000000
0.000000
0.000000
0.000000
0.000000
0.000000
0.000000
0.000000
0.000000
0.000000
0.000000
0.000000
0.000000
0.000000
0.000000
0.000000
0.000000
0.000000
0.000000
0.000000
0.000000
0.000000
0.000000
0.000000
0.000000
0.000000
0.000000
0.000000
0.000000
0.000000
0.000000
0.000000
0.000000
0.000000
0.000000
0.000000
0.000000
0.000000
0.000000
0.000000
0.000000
0.000000
0.000000
0.000000
0.000000
0.000000
0.000000
0.000000
0.000000
0.000000
0.000000
0.000000
0.000000
0.000000
0.000000
0.000000
0.000000
0.000000
0.000000
0.000000
0.000000
0.000000
0.000000
0.000000
0.000000
0.000000
0.000000
0.000000
0.000000
0.000000
0.000000
0.000000
0.000000
0.000000
0.000000
0.000000
0.000000
0.000000
0.000000
0.000000
0.000000
0.000000
0.000000
0.000000
0.000000
0.000000
0.000000
0.000000
0.000000
0.000000
0.000000
0.000000
0.000000
0.000000
0.000000
0.000000
0.000000
0.000000
0.000000
0.000000
0.000000
0.000000
0.000000
0.000000
0.000000
0.000000
0.000000
0.000000
0.000000
0.000000
0.000000
0.000000
0.000000
0.000000
0.000000
0.000000
0.000000
0.000000
0.000000
0.000000
0.000000
0.000000
0.000000
0.000000
0.000000
0.000000
0.000000
0.000000
0.000000
0.000000
0.000000
0.000000
0.000000
0.000000
0.000000
0.000000
0.000000
0.000000
0.000000
0.000000
0.000000
0.000000
0.000000
0.000000
0.000000
0.000000
0.000000
0.000000
0.000000
0.000000
0.000000
0.000000
0.000000
0.000000
0.000000
0.000000
0.000000
0.000000
0.000000
0.000000
0.000000
0.000000
0.000000
0.000000
0.000000
0.000000
0.000000
0.000000
0.000000
0.000000
0.000000
0.000000
0.000000
0.000000
0.000000
0.000000
0.000000
0.000000
0.000000
0.000000
0.000000
0.000000
0.000000
0.000000
0.000000
0.000000
0.000000
0.000000
0.000000
0.000000
0.000000
0.000000
0.000000
0.000000
0.000000
0.000000
0.000000
0.000000
0.000000
0.000000
0.000000
0.000000
0.000000
0.000000
0.000000
0.000000
0.000000
0.000000
0.000000
0.000000
0.000000
0.000000
0.000000
0.000000
0.000000
0.000000
0.000000
0.000000
0.000000
0.000000
0.000000
0.000000
0.000000
0.000000
0.000000
0.000000
0.000000
0.000000
0.000000
0.000000
0.000000
0.000000
0.000000
0.000000
0.000000
0.000000
0.000000
0.000000
0.000000
0.000000
0.000000
0.000000
0.000000
0.000000
0.000000
0.000000
0.000000
0.000000
0.000000
0.000000
0.000000
0.000000
0.000000
0.000000
0.000000
0.000000
0.000000
0.000000
0.000000
0.000000
0.000000
0.000000
0.000000
0.000000
0.000000
0.000000
0.000000
0.000000
0.000000
0.000000
0.000000
0.000000
0.000000
0.000000
