4.518419
48.171138
223.782756
824.394372
2249.302127
5186.957448
10275.630429
18477.119330
30071.762610
45309.849227
64088.600259
85660.772617
109418.056489
134040.959634
158107.188344
181051.741770
201918.965724
219474.692639
233739.923383
244972.433757
252505.260084
256715.754615
258194.764151
256719.625659
252678.149265
247214.173404
240063.610240
231574.053184
222442.161371
212471.348719
202128.674883
191779.908131
181547.906313
171543.133312
161611.668257
152084.179603
142988.519124
134111.244863
125928.823473
118095.450335
110791.748755
103822.830458
97400.630328
91305.968497
85479.663076
80099.207752
75191.228936
70795.923203
66645.897517
62706.721401
58998.327740
55626.909659
52552.449672
49666.720376
46958.371564
44441.136522
42119.488517
39966.422724
37909.901085
36062.282161
34326.661316
32739.169598
31210.755615
29760.441046
28432.691958
27144.343251
26022.470747
24950.178094
23960.712701
23033.839448
22120.616348
21308.495994
20568.771290
19844.635738
19204.814061
18598.834792
18057.997106
17523.532184
17009.737686
16526.114581
16040.602027
15621.856621
15239.073752
14892.103565
14614.019128
14314.425314
14048.023008
13777.465096
13495.162650
13250.166880
13007.772396
12793.038482
12565.876930
12382.194317
12208.958418
12051.040439
11881.851258
11731.445503
11599.661507
11445.726024
11319.941345
11199.756541
11092.560567
11006.629555
10921.926768
10830.270583
10767.322778
10717.259932
10658.130390
10601.638499
10550.088430
10508.221055
10454.877209
10408.969364
10370.410444
10344.705864
10335.279601
10356.149779
10347.799489
10331.973702
10321.417279
10298.272671
10330.798064
10337.387946
10337.152802
10355.613563
10386.757057
10407.882340
10432.028860
10443.687361
10449.723752
10487.825005
10503.321118
10543.420191
10582.082073
10612.463426
10650.040094
10691.539015
10740.729602
10772.149187
10794.887166
10837.586923
10860.802075
10912.411831
10947.656056
10984.147497
11030.338865
11081.132998
11105.114053
11151.317971
11179.693674
11235.084256
11281.926276
11329.999633
11392.835971
11438.015722
11494.346010
11559.299173
11600.317867
11657.439552
11701.990487
11786.505770
11857.947271
11902.333339
11980.559450
12059.629398
12113.059471
12175.491713
12237.448657
12293.235258
12342.224836
12404.085705
12467.957719
12523.183632
12588.968811
12644.268406
12699.360786
12751.360669
12786.857634
12838.327443
12912.880764
12967.323230
13040.587177
13098.439564
13161.884621
13227.295899
13276.413461
13311.483241
13345.964642
13369.169815
13408.557590
13432.633997
13476.024681
13509.680240
13558.824940
13608.011483
13654.157649
13677.456428
13714.676316
13712.072585
13703.067161
13715.184385
13717.584464
13725.665141
13734.810158
13738.536523
13704.450894
13682.829376
13655.704186
13598.096417
13588.112193
13537.078521
13486.800744
13450.244598
13414.773623
13387.330634
13336.886008
13289.461510
13236.253985
13186.996483
13112.428090
13039.493413
12948.120439
12874.652181
12802.064847
12714.477935
12637.797831
12555.578525
12459.970189
12391.955612
12296.903133
12194.756704
12109.878305
12004.810177
11903.713377
11810.480409
11701.167156
11612.920843
11503.002706
11390.752039
11268.449424
11155.426281
11041.272599
10915.299829
10791.311444
10649.003869
10537.582255
10425.500587
10296.231490
10163.462856
10033.682396
9889.119088
9750.345140
9594.071097
9465.765932
9304.898390
9173.891744
9049.486107
8910.618819
8754.318364
8612.066871
8472.585318
8326.955905
8184.769859
8029.940693
7879.875220
7730.385097
7577.565471
7424.609082
7270.552014
7132.382676
6995.276867
6854.515614
6724.662334
6572.411782
6414.497404
6258.404890
6112.101256
5978.516505
5834.316296
5697.384498
5553.676275
5414.153674
5279.321090
5148.759063
5015.487453
4885.598043
4760.331516
4630.786589
4507.963479
4382.813686
4252.403023
4135.320300
4020.648586
3906.800736
3791.495596
3680.518382
3566.564591
3456.376587
3360.059913
3252.245590
3147.568619
3042.119380
2946.376826
2856.787550
2760.482753
2674.128552
2586.228327
2497.503200
2415.388745
2331.070638
2244.830655
2164.197819
2086.815028
2007.072364
1931.758256
1855.808514
1784.133344
1717.246423
1650.945167
1587.410617
1517.485693
1460.683228
1405.067043
1345.643906
1292.890947
1237.488515
1184.426572
1135.236204
1087.875050
1039.203712
997.297181
956.890808
913.971546
873.324977
829.735821
793.434157
758.018024
721.789491
689.397686
657.712013
628.412147
600.045960
571.426991
545.571124
519.225728
492.142805
468.442507
445.823237
423.847295
406.289493
385.583521
366.489560
350.106545
335.384931
317.983739
300.469026
284.769048
270.765159
255.004168
240.186979
225.456294
212.319866
199.544298
189.049911
180.115969
171.733303
161.582024
152.338383
144.084457
136.633260
129.856385
121.438450
113.772987
107.456902
99.625770
93.046461
86.856161
81.446957
75.653070
70.223143
64.986812
60.677110
56.031503
52.039282
49.689289
46.404286
43.290971
40.448524
37.603807
35.029660
33.086601
31.433667
29.249012
27.044440
24.982168
23.889912
22.302905
20.413908
18.401859
17.557813
17.180968
15.921344
14.955236
13.911556
12.946119
12.326443
11.413181
10.446960
9.596981
8.697976
7.641632
7.302767
7.331134
6.488014
6.058059
5.559437
5.082361
4.537637
4.232994
3.712469
3.470457
3.045355
2.893367
2.716168
2.305873
2.112436
1.986378
1.714739
1.527225
1.460418
1.333311
1.257999
1.192788
1.000698
0.962638
0.753823
0.631274
0.604913
0.503213
0.470285
0.355564
0.305494
0.207699
0.155842
0.167110
0.100674
0.066400
0.055352
0.051821
0.022568
0.008561
0.013211
0.025181
0.024172
0.013696
0.026483
0.020557
0.006231
0.004152
0.004383
0.007230
0.000335
0.000000
0.000000
0.000000
0.000000
0.000000
0.000000
0.000000
0.000000
0.000000
0.000000
0.000000
0.000000
0.000000
0.000000
0.000000
0.000000
0.000000
0.000000
0.000000
0.000000
0.000000
0.000000
0.000000
0.000000
0.000000
0.000000
0.000000
0.000000
0.000000
0.000000
0.000000
0.000000
0.000000
0.000000
0.000000
0.000000
0.000000
0.000000
0.000000
0.000000
0.000000
0.000000
0.000000
0.000000
0.000000
0.000000
0.000000
0.000000
0.000000
0.000000
0.000000
0.000000
0.000000
0.000000
0.000000
0.000000
0.000000
0.000000
0.000000
0.000000
0.000000
0.000000
0.000000
0.000000
0.000000
0.000000
0.000000
0.000000
0.000000
0.000000
0.000000
0.000000
0.000000
0.000000
0.000000
0.000000
0.000000
0.000000
0.000000
0.000000
0.000000
0.000000
0.000000
0.000000
0.000000
0.000000
0.000000
0.000000
0.000000
0.000000
0.000000
0.000000
0.000000
0.000000
0.000000
0.000000
0.000000
0.000000
0.000000
0.000000
0.000000
0.000000
0.000000
0.000000
0.000000
0.000000
0.000000
0.000000
0.000000
0.000000
0.000000
0.000000
0.000000
0.000000
0.000000
0.000000
0.000000
0.000000
0.000000
0.000000
0.000000
0.000000
0.000000
0.000000
0.000000
0.000000
0.000000
0.000000
0.000000
0.000000
0.000000
0.000000
0.000000
0.000000
0.000000
0.000000
0.000000
0.000000
0.000000
0.000000
0.000000
0.000000
0.000000
0.000000
0.000000
0.000000
0.000000
0.000000
0.000000
0.000000
0.000000
0.000000
0.000000
0.000000
0.000000
0.000000
0.000000
0.000000
0.000000
0.000000
0.000000
0.000000
0.000000
0.000000
0.000000
0.000000
0.000000
0.000000
0.000000
0.000000
0.000000
0.000000
0.000000
0.000000
0.000000
0.000000
0.000000
0.000000
0.000000
0.000000
0.000000
0.000000
0.000000
0.000000
0.000000
0.000000
0.000000
0.000000
0.000000
0.000000
0.000000
0.000000
0.000000
0.000000
0.000000
0.000000
0.000000
0.000000
0.000000
0.000000
0.000000
0.000000
0.000000
0.000000
0.000000
0.000000
0.000000
0.000000
0.000000
0.000000
0.000000
0.000000
0.000000
0.000000
0.000000
0.000000
0.000000
0.000000
0.000000
0.000000
0.000000
0.000000
0.000000
0.000000
0.000000
0.000000
0.000000
0.000000
0.000000
0.000000
0.000000
0.000000
0.000000
0.000000
0.000000
0.000000
0.000000
0.000000
0.000000
0.000000
0.000000
0.000000
0.000000
0.000000
0.000000
0.000000
0.000000
0.000000
0.000000
0.000000
0.000000
0.000000
0.000000
0.000000
0.000000
0.000000
0.000000
0.000000
0.000000
0.000000
0.000000
0.000000
0.000000
0.000000
0.000000
0.000000
0.000000
0.000000
0.000000
0.000000
0.000000
0.000000
0.000000
0.000000
0.000000
0.000000
0.000000
0.000000
0.000000
0.000000
0.000000
0.000000
0.000000
0.000000
0.000000
0.000000
0.000000
0.000000
0.000000
0.000000
0.000000
0.000000
0.000000
0.000000
0.000000
0.000000
0.000000
0.000000
0.000000
0.000000
0.000000
0.000000
0.000000
0.000000
0.000000
0.000000
0.000000
0.000000
0.000000
0.000000
0.000000
0.000000
0.000000
0.000000
0.000000
0.000000
0.000000
0.000000
0.000000
0.000000
0.000000
0.000000
0.000000
0.000000
0.000000
0.000000
0.000000
0.000000
0.000000
0.000000
0.000000
0.000000
0.000000
0.000000
0.000000
0.000000
0.000000
0.000000
0.000000
0.000000
0.000000
0.000000
0.000000
0.000000
0.000000
0.000000
0.000000
0.000000
0.000000
0.000000
0.000000
0.000000
0.000000
0.000000
0.000000
0.000000
0.000000
0.000000
0.000000
0.000000
0.000000
0.000000
0.000000
0.000000
0.000000
0.000000
0.000000
0.000000
0.000000
0.000000
0.000000
0.000000
0.000000
0.000000
0.000000
0.000000
0.000000
0.000000
0.000000
0.000000
0.000000
0.000000
0.000000
0.000000
0.000000
0.000000
0.000000
0.000000
0.000000
0.000000
0.000000
0.000000
0.000000
0.000000
0.000000
0.000000
0.000000
0.000000
0.000000
0.000000
0.000000
0.000000
0.000000
0.000000
0.000000
0.000000
0.000000
0.000000
0.000000
0.000000
0.000000
0.000000
0.000000
0.000000
0.000000
0.000000
0.000000
0.000000
0.000000
0.000000
0.000000
0.000000
0.000000
0.000000
0.000000
0.000000
0.000000
0.000000
0.000000
0.000000
0.000000
0.000000
0.000000
0.000000
0.000000
0.000000
0.000000
0.000000
0.000000
0.000000
0.000000
0.000000
0.000000
0.000000
0.000000
0.000000
0.000000
0.000000
0.000000
0.000000
0.000000
0.000000
0.000000
0.000000
0.000000
0.000000
0.000000
0.000000
0.000000
0.000000
0.000000
0.000000
0.000000
0.000000
0.000000
0.000000
0.000000
0.000000
0.000000
0.000000
0.000000
0.000000
0.000000
0.000000
0.000000
0.000000
0.000000
0.000000
0.000000
0.000000
0.000000
0.000000
0.000000
0.000000
0.000000
0.000000
0.000000
0.000000
0.000000
0.000000
0.000000
0.000000
0.000000
0.000000
0.000000
0.000000
0.000000
0.000000
0.000000
0.000000
0.000000
0.000000
0.000000
0.000000
0.000000
0.000000
0.000000
0.000000
0.000000
0.000000
0.000000
0.000000
0.000000
0.000000
0.000000
0.000000
0.000000
0.000000
0.000000
0.000000
0.000000
0.000000
0.000000
0.000000
0.000000
0.000000
0.000000
0.000000
0.000000
0.000000
0.000000
0.000000
0.000000
0.000000
0.000000
0.000000
0.000000
0.000000
