0.000000
0.000000
0.000000
0.000000
0.000000
0.000000
0.000000
0.000000
0.004856
0.030077
0.037382
0.173627
0.331348
0.602311
1.055025
1.915072
3.552855
6.039961
9.730492
15.482304
23.423540
36.240893
53.840125
78.997734
111.509122
155.820650
213.821720
290.164798
389.294568
516.002786
674.733110
870.214550
1110.926154
1403.115152
1756.930009
2181.198688
2682.551701
3264.837145
3948.186956
4733.615191
5624.621626
6637.234036
7789.747425
9068.167096
10501.707967
12086.663729
13819.264695
15713.563349
17789.435587
20022.113352
22436.784436
25012.772830
27747.251269
30670.122657
33737.170392
36949.284523
40320.647980
43828.528469
47484.447060
51240.584401
55124.708552
59065.514744
63082.308483
67205.633852
71364.233920
75539.111241
79729.940820
83916.639666
88099.914138
92262.109121
96317.297425
100312.355635
104265.556278
108086.434144
111806.448111
115376.014567
118821.125912
122120.362316
125242.526158
128212.547445
130977.139906
133541.246147
135900.886086
138048.963340
140035.897771
141754.233475
143293.642714
144610.636805
145741.464273
146660.593420
147303.981813
147754.691124
148026.380092
148061.922402
147946.433874
147630.010028
147083.943739
146338.152225
145396.850643
144311.254628
143025.514467
141625.367969
140074.191613
138362.227407
136551.883569
134604.435885
132527.029812
130338.244695
128073.044104
125710.222076
123244.289323
120716.642726
118149.807964
115506.803483
112817.936763
110086.762336
107330.094070
104576.503252
101783.503320
99005.188682
96194.439771
93392.984309
90579.221025
87786.876239
84986.435144
82254.306820
79528.665844
76839.913130
74188.842709
71557.792998
68986.967521
66448.102118
63952.250790
61510.262698
59119.163929
56789.783510
54502.249333
52275.646555
50106.510598
48005.011362
45959.721038
43971.861476
42041.917015
40165.648604
38348.241636
36604.779131
34912.148086
33278.153396
31690.121893
30175.363603
28708.258122
27287.760956
25926.589751
24616.574212
23363.508766
22158.797782
21000.240666
19888.401284
18834.993486
17819.516401
16861.080096
15934.509523
15053.817932
14207.265127
13407.710385
12639.521498
11910.111123
11222.908966
10558.923387
9929.710672
9336.965255
8776.546849
8237.757501
7728.468053
7251.282166
6796.631710
6366.488547
5955.580670
5576.401496
5212.478735
4872.847333
4551.696764
4250.440860
3971.247567
3704.295337
3450.239727
3212.854659
2992.728245
2784.888505
2589.452875
2406.253912
2234.811691
2076.111111
1923.672861
1783.897420
1651.154576
1530.580264
1417.614045
1312.168264
1215.356009
1122.558258
1038.766519
960.172889
886.863770
818.457790
753.985088
694.258690
639.261490
589.448139
542.944458
499.547135
458.619480
420.540723
387.560892
355.273866
326.223249
298.602434
272.667606
249.689152
228.779630
209.577765
191.294768
174.611197
158.794617
144.989338
131.925633
120.000373
109.761722
100.067621
90.854843
82.506895
74.998458
68.203553
61.881339
56.196943
50.504041
45.969097
41.817451
37.984603
34.283613
30.649280
27.925230
25.150694
22.650502
20.655106
18.645029
16.778391
15.044788
13.694617
12.474142
11.189157
10.108137
9.008442
8.084070
7.300138
6.640754
6.078620
5.528270
5.043648
4.561344
4.219325
3.889591
3.594471
3.223938
2.892287
2.583122
2.323699
2.097909
1.853849
1.711211
1.552268
1.434010
1.256182
1.105227
1.047258
0.935882
0.822279
0.723265
0.650818
0.579592
0.540348
0.467666
0.441628
0.411618
0.395009
0.334498
0.291564
0.253105
0.255222
0.240692
0.230898
0.220437
0.189512
0.181796
0.170768
0.166917
0.160023
0.151524
0.129964
0.119286
0.094302
0.072806
0.061355
0.049442
0.048925
0.049822
0.047960
0.039984
0.032749
0.020938
0.013572
0.015344
0.014948
0.012128
0.016400
0.016126
0.016144
0.015370
0.011963
0.010748
0.008958
0.010309
0.007688
0.006049
0.006779
0.004939
0.000886
0.000592
0.000000
0.000000
0.000000
0.000000
0.000000
0.000000
0.000000
0.000000
0.000000
0.000000
0.000000
0.000000
0.000000
0.000000
0.000000
0.000000
0.000000
0.000000
0.000000
0.000000
0.000000
0.000000
0.000000
0.000000
0.000000
0.000000
0.000000
0.000000
0.000000
0.000000
0.000000
0.000000
0.000000
0.000000
0.000000
0.000000
0.000000
0.000000
0.000000
0.000000
0.000000
0.000000
0.000000
0.000000
0.000000
0.000000
0.000000
0.000000
0.000000
0.000000
0.000000
0.000000
0.000000
0.000000
0.000000
0.000000
0.000000
0.000000
0.000000
0.000000
0.000000
0.000000
0.000000
0.000000
0.000000
0.000000
0.000000
0.000000
0.000000
0.000000
0.000000
0.000000
0.000000
0.000000
0.000000
0.000000
0.000000
0.000000
0.000000
0.000000
0.000000
0.000000
0.000000
0.000000
0.000000
0.000000
0.000000
0.000000
0.000000
0.000000
0.000000
0.000000
0.000000
0.000000
0.000000
0.000000
0.000000
0.000000
0.000000
0.000000
0.000000
0.000000
0.000000
0.000000
0.000000
0.000000
0.000000
0.000000
0.000000
0.000000
0.000000
0.000000
0.000000
0.000000
0.000000
0.000000
0.000000
0.000000
0.000000
0.000000
0.000000
0.000000
0.000000
0.000000
0.000000
0.000000
0.000000
0.000000
0.000000
0.000000
0.000000
0.000000
0.000000
0.000000
0.000000
0.000000
0.000000
0.000000
0.000000
0.000000
0.000000
0.000000
0.000000
0.000000
0.000000
0.000000
0.000000
0.000000
0.000000
0.000000
0.000000
0.000000
0.000000
0.000000
0.000000
0.000000
0.000000
0.000000
0.000000
0.000000
0.000000
0.000000
0.000000
0.000000
0.000000
0.000000
0.000000
0.000000
0.000000
0.000000
0.000000
0.000000
0.000000
0.000000
0.000000
0.000000
0.000000
0.000000
0.000000
0.000000
0.000000
0.000000
0.000000
0.000000
0.000000
0.000000
0.000000
0.000000
0.000000
0.000000
0.000000
0.000000
0.000000
0.000000
0.000000
0.000000
0.000000
0.000000
0.000000
0.000000
0.000000
0.000000
0.000000
0.000000
0.000000
0.000000
0.000000
0.000000
0.000000
0.000000
0.000000
0.000000
0.000000
0.000000
0.000000
0.000000
0.000000
0.000000
0.000000
0.000000
0.000000
0.000000
0.000000
0.000000
0.000000
0.000000
0.000000
0.000000
0.000000
0.000000
0.000000
0.000000
0.000000
0.000000
0.000000
0.000000
0.000000
0.000000
0.000000
0.000000
0.000000
0.000000
0.000000
0.000000
0.000000
0.000000
0.000000
0.000000
0.000000
0.000000
0.000000
0.000000
0.000000
0.000000
0.000000
0.000000
0.000000
0.000000
0.000000
0.000000
0.000000
0.000000
0.000000
0.000000
0.000000
0.000000
0.000000
0.000000
0.000000
0.000000
0.000000
0.000000
0.000000
0.000000
0.000000
0.000000
0.000000
0.000000
0.000000
0.000000
0.000000
0.000000
0.000000
0.000000
0.000000
0.000000
0.000000
0.000000
0.000000
0.000000
0.000000
0.000000
0.000000
0.000000
0.000000
0.000000
0.000000
0.000000
0.000000
0.000000
0.000000
0.000000
0.000000
0.000000
0.000000
0.000000
0.000000
0.000000
0.000000
0.000000
0.000000
0.000000
0.000000
0.000000
0.000000
0.000000
0.000000
0.000000
0.000000
0.000000
0.000000
0.000000
0.000000
0.000000
0.000000
0.000000
0.000000
0.000000
0.000000
0.000000
0.000000
0.000000
0.000000
0.000000
0.000000
0.000000
0.000000
0.000000
0.000000
0.000000
0.000000
0.000000
0.000000
0.000000
0.000000
0.000000
0.000000
0.000000
0.000000
0.000000
0.000000
0.000000
0.000000
0.000000
0.000000
0.000000
0.000000
0.000000
0.000000
0.000000
0.000000
0.000000
0.000000
0.000000
0.000000
0.000000
0.000000
0.000000
0.000000
0.000000
0.000000
0.000000
0.000000
0.000000
0.000000
0.000000
0.000000
0.000000
0.000000
0.000000
0.000000
0.000000
0.000000
0.000000
0.000000
0.000000
0.000000
0.000000
0.000000
0.000000
0.000000
0.000000
0.000000
0.000000
0.000000
0.000000
0.000000
0.000000
0.000000
0.000000
0.000000
0.000000
0.000000
0.000000
0.000000
0.000000
0.000000
0.000000
0.000000
0.000000
0.000000
0.000000
0.000000
0.000000
0.000000
0.000000
0.000000
0.000000
0.000000
0.000000
0.000000
0.000000
0.000000
0.000000
0.000000
0.000000
0.000000
0.000000
0.000000
0.000000
0.000000
0.000000
0.000000
0.000000
0.000000
0.000000
0.000000
0.000000
0.000000
0.000000
0.000000
0.000000
0.000000
0.000000
0.000000
0.000000
0.000000
0.000000
0.000000
0.000000
0.000000
0.000000
0.000000
0.000000
0.000000
0.000000
0.000000
0.000000
0.000000
0.000000
0.000000
0.000000
0.000000
0.000000
0.000000
0.000000
0.000000
0.000000
0.000000
0.000000
0.000000
0.000000
0.000000
0.000000
0.000000
0.000000
0.000000
0.000000
0.000000
0.000000
0.000000
0.000000
0.000000
0.000000
0.000000
0.000000
0.000000
0.000000
0.000000
0.000000
0.000000
0.000000
0.000000
0.000000
0.000000
0.000000
0.000000
0.000000
0.000000
0.000000
0.000000
0.000000
0.000000
0.000000
0.000000
0.000000
0.000000
0.000000
0.000000
0.000000
0.000000
0.000000
0.000000
0.000000
0.000000
0.000000
0.000000
0.000000
0.000000
0.000000
0.000000
0.000000
0.000000
0.000000
0.000000
0.000000
0.000000
0.000000
0.000000
0.000000
0.000000
0.000000
0.000000
0.000000
0.000000
0.000000
0.000000
0.000000
0.000000
0.000000
0.000000
0.000000
0.000000
0.000000
0.000000
0.000000
0.000000
0.000000
0.000000
0.000000
0.000000
0.000000
0.000000
0.000000
0.000000
0.000000
0.000000
0.000000
0.000000
0.000000
0.000000
0.000000
0.000000
0.000000
0.000000
0.000000
0.000000
0.000000
0.000000
0.000000
0.000000
0.000000
0.000000
0.000000
0.000000
0.000000
0.000000
0.000000
0.000000
0.000000
0.000000
0.000000
0.000000
0.000000
0.000000
0.000000
0.000000
0.000000
0.000000
0.000000
0.000000
0.000000
0.000000
0.000000
0.000000
0.000000
0.000000
0.000000
0.000000
0.000000
0.000000
0.000000
0.000000
0.000000
0.000000
0.000000
0.000000
0.000000
0.000000
0.000000
0.000000
0.000000
0.000000
0.000000
0.000000
0.000000
0.000000
0.000000
0.000000
0.000000
0.000000
0.000000
0.000000
0.000000
0.000000
0.000000
0.000000
0.000000
0.000000
0.000000
0.000000
0.000000
0.000000
0.000000
0.000000
0.000000
0.000000
0.000000
0.000000
0.000000
0.000000
0.000000
0.000000
0.000000
0.000000
0.000000
0.000000
0.000000
0.000000
0.000000
0.000000
0.000000
0.000000
0.000000
0.000000
0.000000
0.000000
0.000000
0.000000
0.000000
0.000000
0.000000
0.000000
0.000000
0.000000
0.000000
0.000000
0.000000
0.000000
0.000000
0.000000
0.000000
0.000000
