0.000000
0.000000
0.000000
0.000000
0.000000
0.000000
0.000000
0.000000
0.000000
0.000000
0.000000
0.000000
0.000000
0.000000
0.000000
0.000000
0.000000
0.000000
0.000000
0.000000
0.000000
0.000000
0.000000
0.000000
0.000000
0.000000
0.000103
0.007880
0.009416
0.058707
0.069470
0.175543
0.184361
0.459301
0.718460
1.355418
2.251630
3.642615
6.009198
9.920110
15.525505
24.400988
37.352447
56.641519
83.052164
122.165237
175.763993
251.964327
354.540068
492.308378
677.323505
916.722053
1232.637415
1633.760726
2142.784646
2782.888496
3579.695228
4552.478453
5735.843112
7163.318553
8861.954825
10870.063406
13231.897406
15945.699552
19108.945120
22678.620720
26735.605629
31282.091065
36350.854201
41922.248234
48024.909780
54656.084885
61778.347179
69444.022178
77524.560141
86092.461634
95019.605886
104282.236156
113815.612347
123560.825589
133420.643055
143321.790964
153198.476588
162921.591617
172433.012925
181660.844120
190536.345943
198880.946476
206732.497532
213931.419118
220457.924284
226263.014521
231240.903911
235409.418849
238718.461769
241144.911492
242669.335121
243319.484290
243059.940675
241949.209119
239954.194806
237191.943405
233609.180462
229326.962176
224397.864055
218819.340073
212695.235698
206067.907375
199011.590328
191612.831503
183884.507836
175946.669779
167799.674845
159614.560879
151314.067649
143043.476102
134822.064346
126678.956891
118699.273211
110886.156590
103307.749727
95963.996722
88869.981692
82087.254154
75593.769083
69425.049179
63575.334140
58058.655124
52879.714895
48005.101941
43481.401960
39250.553943
35346.027545
31747.950819
28432.521717
25388.604251
22622.734824
20086.451011
17799.442285
15720.513077
13845.896476
12167.365361
10660.872681
9309.646875
8114.888342
7053.894200
6113.105497
5282.646152
4555.978702
3912.088768
3354.527916
2866.033082
2445.795292
2079.590333
1762.847218
1491.397232
1257.595395
1057.940707
888.490550
741.966165
619.964188
515.573909
427.784407
353.746044
292.078388
241.419351
197.831943
162.504360
132.766136
108.440281
88.288263
71.506049
58.129007
46.833007
37.947415
30.446345
24.578374
19.626747
15.862162
12.487602
10.004772
7.942714
6.379675
5.039573
4.013226
3.161784
2.444163
1.967137
1.428501
1.146159
0.866362
0.709915
0.519655
0.424519
0.343576
0.255637
0.204078
0.143794
0.130516
0.094917
0.072669
0.058897
0.039336
0.033291
0.020398
0.017098
0.008704
0.012277
0.006371
0.006293
0.001192
0.003691
0.001441
0.002356
0.000160
0.000851
0.000000
0.000046
0.000000
0.000000
0.000000
0.000000
0.000000
0.000000
0.000000
0.000000
0.000000
0.000000
0.000000
0.000000
0.000000
0.000000
0.000000
0.000000
0.000000
0.000000
0.000000
0.000000
0.000000
0.000000
0.000000
0.000000
0.000000
0.000000
0.000000
0.000000
0.000000
0.000000
0.000000
0.000000
0.000000
0.000000
0.000000
0.000000
0.000000
0.000000
0.000000
0.000000
0.000000
0.000000
0.000000
0.000000
0.000000
0.000000
0.000000
0.000000
0.000000
0.000000
0.000000
0.000000
0.000000
0.000000
0.000000
0.000000
0.000000
0.000000
0.000000
0.000000
0.000000
0.000000
0.000000
0.000000
0.000000
0.000000
0.000000
0.000000
0.000000
0.000000
0.000000
0.000000
0.000000
0.000000
0.000000
0.000000
0.000000
0.000000
0.000000
0.000000
0.000000
0.000000
0.000000
0.000000
0.000000
0.000000
0.000000
0.000000
0.000000
0.000000
0.000000
0.000000
0.000000
0.000000
0.000000
0.000000
0.000000
0.000000
0.000000
0.000000
0.000000
0.000000
0.000000
0.000000
0.000000
0.000000
0.000000
0.000000
0.000000
0.000000
0.000000
0.000000
0.000000
0.000000
0.000000
0.000000
0.000000
0.000000
0.000000
0.000000
0.000000
0.000000
0.000000
0.000000
0.000000
0.000000
0.000000
0.000000
0.000000
0.000000
0.000000
0.000000
0.000000
0.000000
0.000000
0.000000
0.000000
0.000000
0.000000
0.000000
0.000000
0.000000
0.000000
0.000000
0.000000
0.000000
0.000000
0.000000
0.000000
0.000000
0.000000
0.000000
0.000000
0.000000
0.000000
0.000000
0.000000
0.000000
0.000000
0.000000
0.000000
0.000000
0.000000
0.000000
0.000000
0.000000
0.000000
0.000000
0.000000
0.000000
0.000000
0.000000
0.000000
0.000000
0.000000
0.000000
0.000000
0.000000
0.000000
0.000000
0.000000
0.000000
0.000000
0.000000
0.000000
0.000000
0.000000
0.000000
0.000000
0.000000
0.000000
0.000000
0.000000
0.000000
0.000000
0.000000
0.000000
0.000000
0.000000
0.000000
0.000000
0.000000
0.000000
0.000000
0.000000
0.000000
0.000000
0.000000
0.000000
0.000000
0.000000
0.000000
0.000000
0.000000
0.000000
0.000000
0.000000
0.000000
0.000000
0.000000
0.000000
0.000000
0.000000
0.000000
0.000000
0.000000
0.000000
0.000000
0.000000
0.000000
0.000000
0.000000
0.000000
0.000000
0.000000
0.000000
0.000000
0.000000
0.000000
0.000000
0.000000
0.000000
0.000000
0.000000
0.000000
0.000000
0.000000
0.000000
0.000000
0.000000
0.000000
0.000000
0.000000
0.000000
0.000000
0.000000
0.000000
0.000000
0.000000
0.000000
0.000000
0.000000
0.000000
0.000000
0.000000
0.000000
0.000000
0.000000
0.000000
0.000000
0.000000
0.000000
0.000000
0.000000
0.000000
0.000000
0.000000
0.000000
0.000000
0.000000
0.000000
0.000000
0.000000
