0.113218
2.927812
12.937610
40.625088
111.990772
269.857314
545.330603
1007.094144
1706.963614
2700.087750
4125.295412
6058.125587
8497.306855
11464.644831
14929.090552
18943.667510
23353.681374
28249.381281
33480.409662
38989.443740
44747.018135
50558.301730
56283.325101
62106.249915
67634.416002
73050.683559
78139.161033
83045.062006
87521.080975
91517.473283
95153.138733
98254.493542
100949.473720
103286.807924
105297.304367
106757.801513
108009.384060
108864.798182
109305.740085
109424.754758
109236.495198
108831.568017
108256.070098
107494.215924
106487.295627
105328.095062
104055.563448
102681.040143
101301.410989
99655.970256
97867.724316
96171.080644
94477.339541
92749.025214
91037.051597
89168.772817
87524.342365
85708.901759
83947.131204
82244.008017
80475.829630
78799.278866
77163.481680
75591.172869
74012.419313
72470.912009
70968.067164
69535.618718
68130.703466
66666.822952
65444.832104
64162.029275
62921.063752
61779.991146
60615.201445
59470.819472
58409.899778
57372.825785
56368.782421
55413.731977
54418.946440
53459.012694
52519.132464
51640.605598
50794.473344
50019.754436
49258.443393
48513.523393
47803.972062
47177.934212
46474.307572
45902.319558
45282.141761
44750.239547
44177.169779
43638.940003
43114.368746
42638.137990
42156.819688
41731.155650
41272.854737
40805.254746
40356.912199
39984.121368
39564.252857
39192.822787
38836.726014
38440.919410
38061.319284
37744.974416
37385.735955
37122.449624
36792.265676
36518.261218
36216.005226
35903.358186
35630.081024
35373.106625
35144.273801
34886.813508
34656.966829
34411.362002
34196.063932
33984.146093
33746.166210
33575.142243
33371.287683
33172.982100
32994.730945
32842.411161
32664.050208
32475.318727
32310.498343
32144.579215
32004.222827
31858.354571
31694.788532
31525.741532
31395.989883
31213.751204
31050.057671
30880.625400
30735.112766
30547.502589
30405.761836
30273.128875
30123.126694
29998.331121
29837.051592
29638.509842
29475.880259
29353.253547
29193.389816
29072.797727
28893.112178
28747.335788
28583.539083
28431.204608
28260.857933
28111.280616
27966.786526
27828.168209
27635.427310
27459.858251
27307.394677
27119.090557
26941.276635
26746.212991
26558.343675
26384.189338
26210.244794
26015.391506
25820.433134
25634.589850
25416.287409
25241.641472
25031.437940
24815.747882
24603.328296
24390.883687
24187.040212
23975.131376
23743.993884
23495.454378
23286.190922
23085.042715
22852.745526
22602.119799
22353.795775
22101.458316
21858.318210
21616.644043
21382.323834
21133.512539
20854.660524
20596.354236
20348.362201
20104.156633
19834.163674
19572.558206
19341.439383
19079.790837
18816.883133
18550.003524
18276.073615
17978.217116
17713.255537
17472.312395
17197.961838
16917.599391
16681.278569
16411.286929
16163.976584
15907.378369
15659.961673
15401.179629
15119.021255
14872.447384
14614.951977
14369.291414
14113.222209
13831.967963
13580.677321
13320.787429
13069.014012
12821.595235
12570.936152
12324.701029
12093.165731
11852.822967
11617.486438
11352.163064
11123.610664
10888.771090
10636.732263
10398.445041
10159.981311
9923.885733
9691.613011
9474.824413
9246.360084
9029.228686
8829.404567
8609.978069
8383.907031
8179.134174
7966.996236
7762.006136
7584.050910
7372.989150
7176.800175
6977.051638
6780.533817
6587.184200
6406.103970
6239.647483
6067.872827
5899.618539
5724.974601
5561.135587
5398.742641
5228.198519
5068.840625
4908.553352
4751.515927
4601.777633
4449.464573
4311.840767
4173.705754
4028.905337
3895.530144
3765.204211
3636.502233
3517.157936
3396.063440
3273.897860
3162.201989
3047.461898
2936.107980
2827.238157
2728.813774
2623.675835
2532.504337
2440.073885
2349.917687
2263.659303
2182.819306
2098.703096
2014.538169
1935.164650
1860.736756
1785.386348
1710.290233
1648.476659
1587.423927
1520.317420
1457.208330
1397.329270
1339.105551
1285.019268
1233.665618
1182.098104
1132.201948
1084.718835
1040.304771
997.238663
955.288546
910.038735
869.528572
832.949097
798.258667
767.638384
731.817612
696.764240
665.772242
632.883881
605.668360
580.137710
553.541546
528.837295
501.380907
477.639873
452.556449
430.122257
407.933346
389.170523
371.240262
352.167232
333.255869
315.697454
300.402693
287.116405
270.911978
258.852915
245.112576
230.092776
218.070718
205.466419
194.507968
182.484823
173.072585
164.725201
154.309511
145.297972
136.625637
129.849825
122.700750
116.258602
109.418124
101.399292
95.131762
90.638872
84.579488
79.282820
73.814825
68.739280
65.058658
61.215053
58.162428
54.629959
51.560883
48.278601
44.631693
41.804294
38.501822
36.404476
34.139988
31.928660
29.254988
27.467751
25.736926
23.738107
22.147672
20.512578
18.969215
17.554050
16.474803
14.954958
13.589793
12.653168
11.809185
10.662198
9.776607
9.031446
8.627249
7.913651
7.436166
6.626686
6.240648
5.909450
5.439234
4.893602
4.235563
4.053731
3.680273
3.397435
3.199234
2.893791
2.905938
2.732065
2.289975
2.022134
1.874163
1.863755
1.666895
1.612774
1.351458
1.342451
1.238174
1.069646
0.929778
0.836050
0.953860
0.850753
0.626757
0.589762
0.479838
0.529975
0.499358
0.359706
0.316348
0.294757
0.312489
0.272721
0.247352
0.223065
0.197875
0.199606
0.190567
0.195699
0.176538
0.140161
0.134405
0.118431
0.108793
0.108527
0.068375
0.065109
0.060102
0.064345
0.058252
0.045962
0.025249
0.019493
0.021309
0.020541
0.024867
0.016829
0.011331
0.005178
0.007283
0.026457
0.014585
0.009577
0.003348
0.004858
0.010364
0.010032
0.004275
0.005554
0.010124
0.005092
0.015022
0.017316
0.024920
0.006355
0.000696
0.000000
0.000000
0.000000
0.000000
0.000000
0.000000
0.000000
0.000000
0.000000
0.000000
0.000000
0.000000
0.000000
0.000000
0.000000
0.000000
0.000000
0.000000
0.000000
0.000000
0.000000
0.000000
0.000000
0.000000
0.000000
0.000000
0.000000
0.000000
0.000000
0.000000
0.000000
0.000000
0.000000
0.000000
0.000000
0.000000
0.000000
0.000000
0.000000
0.000000
0.000000
0.000000
0.000000
0.000000
0.000000
0.000000
0.000000
0.000000
0.000000
0.000000
0.000000
0.000000
0.000000
0.000000
0.000000
0.000000
0.000000
0.000000
0.000000
0.000000
0.000000
0.000000
0.000000
0.000000
0.000000
0.000000
0.000000
0.000000
0.000000
0.000000
0.000000
0.000000
0.000000
0.000000
0.000000
0.000000
0.000000
0.000000
0.000000
0.000000
0.000000
0.000000
0.000000
0.000000
0.000000
0.000000
0.000000
0.000000
0.000000
0.000000
0.000000
0.000000
0.000000
0.000000
0.000000
0.000000
0.000000
0.000000
0.000000
0.000000
0.000000
0.000000
0.000000
0.000000
0.000000
0.000000
0.000000
0.000000
0.000000
0.000000
0.000000
0.000000
0.000000
0.000000
0.000000
0.000000
0.000000
0.000000
0.000000
0.000000
0.000000
0.000000
0.000000
0.000000
0.000000
0.000000
0.000000
0.000000
0.000000
0.000000
0.000000
0.000000
0.000000
0.000000
0.000000
0.000000
0.000000
0.000000
0.000000
0.000000
0.000000
0.000000
0.000000
0.000000
0.000000
0.000000
0.000000
0.000000
0.000000
0.000000
0.000000
0.000000
0.000000
0.000000
0.000000
0.000000
0.000000
0.000000
0.000000
0.000000
0.000000
0.000000
0.000000
0.000000
0.000000
0.000000
0.000000
0.000000
0.000000
0.000000
0.000000
0.000000
0.000000
0.000000
0.000000
0.000000
0.000000
0.000000
0.000000
0.000000
0.000000
0.000000
0.000000
0.000000
0.000000
0.000000
0.000000
0.000000
0.000000
0.000000
0.000000
0.000000
0.000000
0.000000
0.000000
0.000000
0.000000
0.000000
0.000000
0.000000
0.000000
0.000000
0.000000
0.000000
0.000000
0.000000
0.000000
0.000000
0.000000
0.000000
0.000000
0.000000
0.000000
0.000000
0.000000
0.000000
0.000000
0.000000
0.000000
0.000000
0.000000
0.000000
0.000000
0.000000
0.000000
0.000000
0.000000
0.000000
0.000000
0.000000
0.000000
0.000000
0.000000
0.000000
0.000000
0.000000
0.000000
0.000000
0.000000
0.000000
0.000000
0.000000
0.000000
0.000000
0.000000
0.000000
0.000000
0.000000
0.000000
0.000000
0.000000
0.000000
0.000000
0.000000
0.000000
0.000000
0.000000
0.000000
0.000000
0.000000
0.000000
0.000000
0.000000
0.000000
0.000000
0.000000
0.000000
0.000000
0.000000
0.000000
0.000000
0.000000
0.000000
0.000000
0.000000
0.000000
0.000000
0.000000
0.000000
0.000000
0.000000
0.000000
0.000000
0.000000
0.000000
0.000000
0.000000
0.000000
0.000000
0.000000
0.000000
0.000000
0.000000
0.000000
0.000000
0.000000
0.000000
0.000000
0.000000
0.000000
0.000000
0.000000
0.000000
0.000000
0.000000
0.000000
0.000000
0.000000
0.000000
0.000000
0.000000
0.000000
0.000000
0.000000
0.000000
0.000000
0.000000
0.000000
0.000000
0.000000
0.000000
0.000000
0.000000
0.000000
0.000000
0.000000
0.000000
0.000000
0.000000
0.000000
0.000000
0.000000
0.000000
0.000000
0.000000
0.000000
0.000000
0.000000
0.000000
0.000000
0.000000
0.000000
0.000000
0.000000
0.000000
0.000000
0.000000
0.000000
0.000000
0.000000
0.000000
0.000000
0.000000
0.000000
0.000000
0.000000
0.000000
0.000000
0.000000
0.000000
0.000000
0.000000
0.000000
0.000000
0.000000
0.000000
0.000000
0.000000
0.000000
0.000000
0.000000
0.000000
0.000000
0.000000
0.000000
0.000000
0.000000
0.000000
0.000000
0.000000
0.000000
0.000000
0.000000
0.000000
0.000000
0.000000
0.000000
0.000000
0.000000
0.000000
0.000000
0.000000
0.000000
0.000000
0.000000
0.000000
0.000000
0.000000
0.000000
0.000000
0.000000
0.000000
0.000000
0.000000
0.000000
0.000000
0.000000
0.000000
0.000000
0.000000
0.000000
0.000000
0.000000
0.000000
0.000000
0.000000
0.000000
0.000000
0.000000
0.000000
0.000000
0.000000
0.000000
0.000000
0.000000
0.000000
0.000000
0.000000
0.000000
0.000000
0.000000
0.000000
0.000000
0.000000
0.000000
0.000000
0.000000
0.000000
0.000000
0.000000
0.000000
0.000000
0.000000
0.000000
0.000000
0.000000
0.000000
0.000000
0.000000
0.000000
0.000000
0.000000
0.000000
0.000000
0.000000
0.000000
0.000000
0.000000
0.000000
0.000000
0.000000
0.000000
0.000000
0.000000
0.000000
0.000000
0.000000
0.000000
0.000000
0.000000
0.000000
0.000000
0.000000
0.000000
0.000000
0.000000
0.000000
0.000000
0.000000
0.000000
0.000000
0.000000
0.000000
0.000000
0.000000
0.000000
0.000000
0.000000
0.000000
0.000000
0.000000
0.000000
0.000000
0.000000
0.000000
0.000000
0.000000
0.000000
0.000000
0.000000
0.000000
0.000000
0.000000
0.000000
0.000000
0.000000
0.000000
0.000000
0.000000
0.000000
0.000000
0.000000
0.000000
0.000000
0.000000
0.000000
0.000000
0.000000
0.000000
0.000000
0.000000
0.000000
0.000000
0.000000
0.000000
0.000000
0.000000
0.000000
0.000000
0.000000
0.000000
0.000000
0.000000
0.000000
