0.000000
0.000000
0.000000
0.000000
0.000000
0.000000
0.000000
0.000000
0.000000
0.000000
0.000000
0.000000
0.000000
0.000000
0.000000
0.000000
0.000000
0.000000
0.000000
0.000000
0.000000
0.000000
0.000000
0.000000
0.000000
0.000000
0.010576
0.020653
0.032679
0.041548
0.167471
0.549882
0.654964
0.982330
1.999436
3.709280
6.278736
10.078360
15.145262
26.595869
40.367549
60.430109
92.258803
136.305922
197.480072
281.864246
396.002527
556.081509
757.132943
1016.263325
1353.191507
1786.277135
2333.980121
3022.513465
3867.153802
4882.815868
6103.682634
7550.009143
9257.358124
11256.728040
13563.314922
16189.439586
19213.392042
22624.546435
26396.130605
30592.065572
35231.381318
40266.193475
45696.719188
51546.831946
57719.431556
64293.774550
71196.754199
78380.675161
85810.597322
93491.285322
101302.465621
109276.317926
117342.301558
125413.629015
133399.333958
141228.857970
148828.476565
156294.758837
163395.574374
170287.973144
176643.733817
182473.225237
187836.457755
192728.306415
197275.982464
201107.491595
204469.660675
207080.852382
209035.926786
210439.571311
211369.411261
211614.380258
211384.885533
210531.292345
209130.143384
207286.469166
204866.773283
201967.615258
198747.147734
194963.066396
190758.295152
186277.124692
181470.463346
176449.618071
171154.954708
165671.700625
160059.042734
154201.541582
148347.262632
142506.995502
136543.271626
130539.828441
124583.479118
118691.464293
112790.784964
107001.742990
101320.691426
95776.873042
90372.917200
85080.056419
79976.881423
75073.527661
70300.885857
65660.995485
61268.832772
57041.637677
53016.001954
49185.060521
45551.418586
42078.195173
38786.310165
35724.427372
32856.701147
30161.698116
27619.098358
25242.817141
23032.016195
20994.618331
19072.407680
17300.093749
15679.122871
14157.509973
12789.768612
11520.176637
10368.803907
9310.220575
8337.737872
7459.416015
6653.453532
5931.324177
5274.103946
4685.719024
4154.042202
3667.419430
3236.975879
2861.206074
2515.386593
2219.407532
1950.354389
1715.028963
1494.781812
1308.013119
1138.185747
989.470636
859.324027
741.928829
644.623482
556.765529
478.996306
415.389588
358.382125
310.676617
266.205396
227.706293
192.854390
164.231756
139.025631
117.108192
98.429498
83.097149
71.090603
59.499079
50.677421
41.798934
34.986516
29.168427
25.027121
21.097160
17.195201
14.732978
12.419669
10.594231
8.982960
7.285335
5.937985
4.794031
3.859616
3.290910
2.608814
2.239991
1.858787
1.542922
1.221496
1.040454
0.866446
0.715746
0.568948
0.431689
0.356215
0.290156
0.219170
0.181633
0.165528
0.137630
0.098063
0.044444
0.056828
0.018694
0.011551
0.001951
0.000000
0.000000
0.000000
0.000000
0.000000
0.000000
0.000000
0.000000
0.000000
0.000000
0.000000
0.000000
0.000000
0.000000
0.000000
0.000000
0.000000
0.000000
0.000000
0.000000
0.000000
0.000000
0.000000
0.000000
0.000000
0.000000
0.000000
0.000000
0.000000
0.000000
0.000000
0.000000
0.000000
0.000000
0.000000
0.000000
0.000000
0.000000
0.000000
0.000000
0.000000
0.000000
0.000000
0.000000
0.000000
0.000000
0.000000
0.000000
0.000000
0.000000
0.000000
0.000000
0.000000
0.000000
0.000000
0.000000
0.000000
0.000000
0.000000
0.000000
0.000000
0.000000
0.000000
0.000000
0.000000
0.000000
0.000000
0.000000
0.000000
0.000000
0.000000
0.000000
0.000000
0.000000
0.000000
0.000000
0.000000
0.000000
0.000000
0.000000
0.000000
0.000000
0.000000
0.000000
0.000000
0.000000
0.000000
0.000000
0.000000
0.000000
0.000000
0.000000
0.000000
0.000000
0.000000
0.000000
0.000000
0.000000
0.000000
0.000000
0.000000
0.000000
0.000000
0.000000
0.000000
0.000000
0.000000
0.000000
0.000000
0.000000
0.000000
0.000000
0.000000
0.000000
0.000000
0.000000
0.000000
0.000000
0.000000
0.000000
0.000000
0.000000
0.000000
0.000000
0.000000
0.000000
0.000000
0.000000
0.000000
0.000000
0.000000
0.000000
0.000000
0.000000
0.000000
0.000000
0.000000
0.000000
0.000000
0.000000
0.000000
0.000000
0.000000
0.000000
0.000000
0.000000
0.000000
0.000000
0.000000
0.000000
0.000000
0.000000
0.000000
0.000000
0.000000
0.000000
0.000000
0.000000
0.000000
0.000000
0.000000
0.000000
0.000000
0.000000
0.000000
0.000000
0.000000
0.000000
0.000000
0.000000
0.000000
0.000000
0.000000
0.000000
0.000000
0.000000
0.000000
0.000000
0.000000
0.000000
0.000000
0.000000
0.000000
0.000000
0.000000
0.000000
0.000000
0.000000
0.000000
0.000000
0.000000
0.000000
0.000000
0.000000
0.000000
0.000000
0.000000
0.000000
0.000000
0.000000
0.000000
0.000000
0.000000
0.000000
0.000000
0.000000
0.000000
0.000000
0.000000
0.000000
0.000000
0.000000
0.000000
0.000000
0.000000
0.000000
0.000000
0.000000
0.000000
0.000000
0.000000
0.000000
0.000000
0.000000
0.000000
0.000000
0.000000
0.000000
0.000000
0.000000
0.000000
0.000000
0.000000
0.000000
0.000000
0.000000
0.000000
0.000000
0.000000
0.000000
0.000000
0.000000
0.000000
0.000000
0.000000
0.000000
0.000000
0.000000
0.000000
0.000000
0.000000
0.000000
0.000000
0.000000
0.000000
0.000000
0.000000
0.000000
0.000000
0.000000
0.000000
0.000000
0.000000
0.000000
0.000000
0.000000
0.000000
0.000000
0.000000
0.000000
0.000000
0.000000
0.000000
0.000000
0.000000
