0.000000
0.000000
0.000000
0.000000
0.000000
0.000000
0.046077
0.020921
0.288027
0.753702
2.628670
5.501872
9.446433
16.277741
27.807499
47.951860
77.005022
120.136468
176.357437
264.306693
370.272858
496.983291
675.523077
890.344766
1172.425377
1512.087990
1934.264944
2437.061664
3046.834323
3726.992201
4552.251105
5456.536363
6499.873396
7686.949306
9004.877843
10492.977189
12095.412272
13838.835587
15752.680920
17750.444873
19877.799273
22145.794136
24504.085137
27071.382972
29670.159372
32362.352162
35198.006694
38160.571690
41131.705995
44198.475129
47240.469950
50262.211906
53368.571241
56484.125071
59590.764393
62688.726235
65751.517615
68771.933149
71815.532197
74712.842652
77585.278043
80373.333359
83028.332239
85637.897133
88177.315583
90689.834799
92942.216778
95212.278133
97344.535625
99296.898205
101173.235695
102967.486547
104679.729610
106224.542190
107640.425452
108996.189712
110159.957445
111175.137531
112183.637193
112914.234209
113715.602820
114285.408132
114725.103028
115075.482522
115225.129215
115350.894906
115490.704228
115499.911885
115449.636349
115254.059609
114946.567715
114536.219002
114011.330262
113424.615954
112802.601472
112180.780454
111450.871724
110630.448452
109709.100482
108811.178946
107772.003169
106695.023525
105562.205049
104407.357163
103168.843058
101906.410110
100638.833158
99348.669244
97959.445447
96577.522622
95131.516001
93723.517590
92246.777061
90853.981946
89325.847301
87758.460969
86242.783718
84668.560399
83067.549504
81497.654230
79939.560413
78406.412969
76800.530632
75280.703510
73713.930959
72194.385674
70739.017254
69244.580793
67695.588714
66202.441164
64718.572016
63247.482479
61818.584445
60345.638423
58918.082831
57502.030913
56078.792278
54672.114559
53297.485325
51920.796310
50569.155743
49209.109136
47893.356259
46627.475451
45393.193497
44167.585084
42955.160281
41718.725513
40541.469049
39357.007018
38166.746904
37058.219293
35945.025700
34853.594206
33821.565469
32765.336161
31737.394703
30751.325307
29778.242526
28825.000732
27912.012226
26995.441585
26117.106052
25243.375944
24411.291477
23565.092719
22725.642792
21970.697319
21199.104758
20445.443264
19729.234741
19050.599385
18365.562552
17717.086010
17049.034793
16409.747601
15792.515970
15200.711366
14618.541987
14067.016905
13512.798171
12972.644430
12470.689005
11983.324364
11516.917824
11076.292383
10630.861903
10203.433293
9779.256074
9372.472297
8983.321269
8601.377325
8232.945140
7868.727953
7536.197423
7209.157669
6877.611524
6579.818401
6291.255994
6006.831957
5738.495820
5483.354858
5238.500461
4997.672473
4765.576390
4532.844351
4324.066075
4122.910911
3932.631280
3740.043133
3564.767819
3396.384161
3241.286915
3082.486744
2939.361775
2799.361719
2659.427134
2521.780781
2389.772625
2264.205036
2147.043428
2041.353204
1939.036767
1837.218412
1741.591669
1644.687716
1559.894402
1475.812913
1394.535245
1318.352757
1243.964023
1177.238300
1111.991556
1055.548023
993.825335
934.704315
885.418612
833.858672
788.245307
742.974433
707.460857
670.022656
630.037645
592.540655
557.552174
526.731386
493.759106
464.722435
437.755696
409.629650
384.650390
362.357142
342.493254
321.497896
300.250373
283.329033
265.131414
247.710146
232.280280
217.322572
205.570215
192.344647
179.014729
167.671479
156.659963
148.112387
138.313859
128.738800
121.436233
113.704684
105.909858
98.708137
92.950013
87.572513
83.139411
77.944553
73.180204
68.619755
64.242850
60.977159
55.133472
50.304230
46.715686
44.047417
40.277873
37.584093
35.910147
32.985461
30.472776
27.635019
25.338112
24.177518
22.069623
20.059514
18.786439
17.387704
16.461504
15.061977
13.235297
12.152433
11.155709
10.369841
9.762223
9.096452
8.501176
8.042109
7.591954
7.139699
6.678979
6.148316
5.860422
5.348103
4.809006
4.413023
4.166600
3.886778
3.675921
3.383500
3.133851
2.849919
2.845762
2.419763
2.159803
1.921467
1.869486
1.695484
1.448942
1.322476
1.350182
1.357782
1.182989
1.174224
1.069158
1.067964
0.960160
0.822605
0.749919
0.673259
0.616244
0.580269
0.494623
0.432669
0.404973
0.361459
0.288311
0.236778
0.213380
0.221176
0.126646
0.163385
0.164303
0.125250
0.097333
0.094294
0.086935
0.057902
0.054118
0.032259
0.032413
0.023914
0.008705
0.006145
0.002438
0.000000
0.000000
0.000000
0.000000
0.000000
0.000000
0.000000
0.000000
0.000000
0.000000
0.000000
0.000000
0.000000
0.000000
0.000000
0.000000
0.000000
0.000000
0.000000
0.000000
0.000000
0.000000
0.000000
0.000000
0.000000
0.000000
0.000000
0.000000
0.000000
0.000000
0.000000
0.000000
0.000000
0.000000
0.000000
0.000000
0.000000
0.000000
0.000000
0.000000
0.000000
0.000000
0.000000
0.000000
0.000000
0.000000
0.000000
0.000000
0.000000
0.000000
0.000000
0.000000
0.000000
0.000000
0.000000
0.000000
0.000000
0.000000
0.000000
0.000000
0.000000
0.000000
0.000000
0.000000
0.000000
0.000000
0.000000
0.000000
0.000000
0.000000
0.000000
0.000000
0.000000
0.000000
0.000000
0.000000
0.000000
0.000000
0.000000
0.000000
0.000000
0.000000
0.000000
0.000000
0.000000
0.000000
0.000000
0.000000
0.000000
0.000000
0.000000
0.000000
0.000000
0.000000
0.000000
0.000000
0.000000
0.000000
0.000000
0.000000
0.000000
0.000000
0.000000
0.000000
0.000000
0.000000
0.000000
0.000000
0.000000
0.000000
0.000000
0.000000
0.000000
0.000000
0.000000
0.000000
0.000000
0.000000
0.000000
0.000000
0.000000
0.000000
0.000000
0.000000
0.000000
0.000000
0.000000
0.000000
0.000000
0.000000
0.000000
0.000000
0.000000
0.000000
0.000000
0.000000
0.000000
0.000000
0.000000
0.000000
0.000000
0.000000
0.000000
0.000000
0.000000
0.000000
0.000000
0.000000
0.000000
0.000000
0.000000
0.000000
0.000000
0.000000
0.000000
0.000000
0.000000
0.000000
0.000000
0.000000
0.000000
0.000000
0.000000
0.000000
0.000000
0.000000
0.000000
0.000000
0.000000
0.000000
0.000000
0.000000
0.000000
0.000000
0.000000
0.000000
0.000000
0.000000
0.000000
0.000000
0.000000
0.000000
0.000000
0.000000
0.000000
0.000000
0.000000
0.000000
0.000000
0.000000
0.000000
0.000000
0.000000
0.000000
0.000000
0.000000
0.000000
0.000000
0.000000
0.000000
0.000000
0.000000
0.000000
0.000000
0.000000
0.000000
0.000000
0.000000
0.000000
0.000000
0.000000
0.000000
0.000000
0.000000
0.000000
0.000000
0.000000
0.000000
0.000000
0.000000
0.000000
0.000000
0.000000
0.000000
0.000000
0.000000
0.000000
0.000000
0.000000
0.000000
0.000000
0.000000
0.000000
0.000000
0.000000
0.000000
0.000000
0.000000
0.000000
0.000000
0.000000
0.000000
0.000000
0.000000
0.000000
0.000000
0.000000
0.000000
0.000000
0.000000
0.000000
0.000000
0.000000
0.000000
0.000000
0.000000
0.000000
0.000000
0.000000
0.000000
0.000000
0.000000
0.000000
0.000000
0.000000
0.000000
0.000000
0.000000
0.000000
0.000000
0.000000
0.000000
0.000000
0.000000
0.000000
0.000000
0.000000
0.000000
0.000000
0.000000
0.000000
0.000000
0.000000
0.000000
0.000000
0.000000
0.000000
0.000000
0.000000
0.000000
0.000000
0.000000
0.000000
0.000000
0.000000
0.000000
0.000000
0.000000
0.000000
0.000000
0.000000
0.000000
0.000000
0.000000
0.000000
0.000000
0.000000
0.000000
0.000000
0.000000
0.000000
0.000000
0.000000
0.000000
0.000000
0.000000
0.000000
0.000000
0.000000
0.000000
0.000000
0.000000
0.000000
0.000000
0.000000
0.000000
0.000000
0.000000
0.000000
0.000000
0.000000
0.000000
0.000000
0.000000
0.000000
0.000000
0.000000
0.000000
0.000000
0.000000
0.000000
0.000000
0.000000
0.000000
0.000000
0.000000
0.000000
0.000000
0.000000
0.000000
0.000000
0.000000
0.000000
0.000000
0.000000
0.000000
0.000000
0.000000
0.000000
0.000000
0.000000
0.000000
0.000000
0.000000
0.000000
0.000000
0.000000
0.000000
0.000000
0.000000
0.000000
0.000000
0.000000
0.000000
0.000000
0.000000
0.000000
0.000000
0.000000
0.000000
0.000000
0.000000
0.000000
0.000000
0.000000
0.000000
0.000000
0.000000
0.000000
0.000000
0.000000
0.000000
0.000000
0.000000
0.000000
0.000000
0.000000
0.000000
0.000000
0.000000
0.000000
0.000000
0.000000
0.000000
0.000000
0.000000
0.000000
0.000000
0.000000
0.000000
0.000000
0.000000
0.000000
0.000000
0.000000
0.000000
0.000000
0.000000
0.000000
0.000000
0.000000
0.000000
0.000000
0.000000
0.000000
0.000000
0.000000
0.000000
0.000000
0.000000
0.000000
0.000000
0.000000
0.000000
0.000000
0.000000
0.000000
0.000000
0.000000
0.000000
0.000000
0.000000
0.000000
0.000000
0.000000
0.000000
0.000000
0.000000
0.000000
0.000000
0.000000
0.000000
0.000000
0.000000
0.000000
0.000000
0.000000
0.000000
0.000000
0.000000
0.000000
0.000000
0.000000
0.000000
0.000000
0.000000
0.000000
0.000000
0.000000
0.000000
0.000000
0.000000
0.000000
0.000000
0.000000
0.000000
0.000000
0.000000
0.000000
0.000000
0.000000
0.000000
0.000000
0.000000
0.000000
0.000000
0.000000
0.000000
0.000000
0.000000
0.000000
0.000000
0.000000
0.000000
0.000000
0.000000
0.000000
0.000000
0.000000
0.000000
0.000000
0.000000
0.000000
0.000000
0.000000
0.000000
0.000000
0.000000
0.000000
0.000000
0.000000
0.000000
0.000000
0.000000
0.000000
0.000000
0.000000
0.000000
0.000000
0.000000
0.000000
0.000000
0.000000
0.000000
0.000000
0.000000
0.000000
0.000000
0.000000
0.000000
0.000000
0.000000
0.000000
0.000000
0.000000
0.000000
0.000000
0.000000
0.000000
0.000000
0.000000
0.000000
0.000000
0.000000
0.000000
0.000000
0.000000
0.000000
0.000000
0.000000
0.000000
0.000000
0.000000
0.000000
0.000000
0.000000
0.000000
0.000000
0.000000
0.000000
0.000000
0.000000
0.000000
0.000000
0.000000
0.000000
0.000000
0.000000
0.000000
0.000000
0.000000
0.000000
0.000000
0.000000
0.000000
0.000000
0.000000
0.000000
0.000000
0.000000
0.000000
0.000000
0.000000
0.000000
0.000000
0.000000
0.000000
0.000000
0.000000
0.000000
0.000000
0.000000
0.000000
0.000000
0.000000
0.000000
0.000000
0.000000
0.000000
0.000000
0.000000
0.000000
0.000000
0.000000
0.000000
0.000000
0.000000
0.000000
0.000000
0.000000
0.000000
0.000000
0.000000
0.000000
0.000000
0.000000
0.000000
0.000000
0.000000
0.000000
0.000000
0.000000
0.000000
0.000000
0.000000
0.000000
0.000000
0.000000
0.000000
0.000000
0.000000
0.000000
0.000000
0.000000
0.000000
0.000000
0.000000
0.000000
