142.339357
643.262976
2201.670637
5370.984799
10452.745782
18166.106208
28802.503121
41777.243887
56768.680450
74065.290839
91409.187618
108776.396852
125958.085793
141909.838447
156571.090201
169453.870973
180085.936856
189204.740333
195723.816849
199949.165374
203235.281230
203950.744234
203748.307343
200156.415833
196894.844909
192976.867348
187394.648325
181416.954125
175160.869566
168767.629609
161968.446028
154800.191995
147885.597406
140924.408620
134260.891507
127747.602125
121392.801937
115433.706353
109597.939316
103949.659660
98763.737928
93567.864440
88903.329021
84498.427921
80251.587060
76289.741771
72156.471811
68592.336370
64970.082230
61924.985246
59075.412092
56355.081715
53714.383022
51400.719634
49029.631971
47143.919409
45393.372797
43380.429391
41826.559983
40211.487467
38668.805906
37184.254328
35849.233152
34416.661990
33188.452928
31994.920027
30949.303517
29826.658081
28887.975236
28012.712850
27170.954659
26480.900151
25589.390077
24822.884278
24018.984750
23280.938940
22694.728008
22187.773192
21576.635282
21094.035548
20594.586526
20199.875475
19880.020285
19510.719563
18983.633954
18565.010275
18171.351158
17845.696347
17601.651568
17356.799257
16929.510410
16764.516404
16538.979058
16238.202101
16073.025288
15928.615788
15776.308791
15626.874558
15432.464732
15214.859593
15001.793990
14899.966236
14773.898053
14581.713162
14420.407051
14247.426661
14105.027395
13951.021990
13831.150704
13740.850330
13687.008657
13630.207868
13588.424164
13534.095833
13454.919689
13384.070029
13318.371507
13393.641220
13318.241807
13280.741208
13272.345688
13207.215064
13192.568231
13184.158014
13183.341123
13130.888643
13160.916144
13205.443822
13255.046460
13303.382097
13291.882272
13361.352589
13437.169402
13415.095109
13470.893822
13488.548128
13570.279875
13559.274525
13694.769324
13745.937979
13772.314617
13825.760994
13865.530304
13902.076596
13862.866402
13850.416037
13904.594204
14005.037102
14013.422270
14094.554785
14065.974609
14020.654881
14120.559985
14092.979312
14131.512510
14144.704074
14174.197237
14223.139172
14262.708529
14261.237529
14365.958349
14415.599246
14466.680419
14465.046325
14487.327275
14512.697388
14469.254708
14514.560105
14473.782509
14422.545785
14444.073776
14483.986186
14531.232212
14534.636384
14568.590807
14603.132194
14597.238358
14575.809301
14635.194796
14688.885156
14705.953796
14794.945446
14799.085223
14810.248674
14819.665928
14816.309108
14831.790883
14753.121309
14790.338439
14853.083583
14846.600639
14838.170558
14849.884621
14865.546926
14928.258467
15017.525230
15035.300490
14992.397662
14986.381542
15003.793940
14937.808270
15016.284791
14922.781109
14902.589086
14883.579276
14845.601671
14828.401949
14840.716865
14772.377732
14688.683715
14617.746168
14633.723974
14501.068935
14468.124106
14433.577994
14415.041565
14361.493516
14316.171103
14299.909373
14243.912227
14161.270275
14079.332532
14003.579388
13956.773621
13933.572300
13889.321299
13801.201661
13710.819362
13652.329862
13545.721631
13511.066980
13435.224226
13372.459817
13341.487796
13258.472612
13199.821512
13087.232576
13019.256399
12945.424927
12839.513686
12767.703910
12619.075243
12535.990224
12483.329285
12366.711755
12235.861847
12129.338785
12035.544236
11970.649752
11877.059142
11728.772622
11579.398410
11425.629269
11285.295566
11140.787317
11080.273312
10984.137572
10890.929807
10755.133713
10694.610527
10601.733668
10558.046507
10402.477471
10297.656237
10188.831633
10073.395669
9964.067886
9853.482185
9732.256102
9619.645214
9504.195259
9349.387490
9203.248982
9075.626583
8947.392327
8840.453003
8743.731823
8589.335729
8452.580423
8336.944221
8219.458106
8088.438232
8000.528521
7891.763264
7773.880108
7636.838566
7511.233619
7420.179936
7286.990838
7153.401876
7032.696550
6892.249877
6764.434434
6679.200508
6574.099112
6469.607043
6329.955023
6226.715372
6125.859723
5991.179564
5866.278617
5773.749060
5688.981768
5590.645946
5485.264188
5355.545069
5246.229071
5132.496692
5009.405196
4885.783443
4785.170853
4697.077426
4614.971958
4515.997033
4417.182728
4293.465037
4206.798187
4111.521532
4016.266083
3920.632573
3801.095477
3707.389855
3657.878764
3568.532793
3499.277495
3434.650924
3361.167387
3304.510298
3210.441309
3126.255365
3066.106023
2986.054147
2901.705768
2804.617020
2749.462614
2685.098914
2601.828750
2530.651767
2462.384158
2404.574062
2333.640891
2257.385092
2182.058330
2121.996420
2060.868871
2018.417213
1975.296130
1899.809206
1823.816624
1767.665698
1722.984763
1667.479831
1618.660722
1593.552086
1547.536828
1514.556563
1453.998016
1410.897772
1380.555281
1338.381320
1310.250404
1272.921557
1243.954998
1208.937500
1162.904004
1132.995398
1100.170792
1063.051566
1034.816461
984.011752
952.866974
923.901749
895.057474
872.087697
847.691853
821.344328
788.426810
753.306024
727.196854
705.952769
682.699696
663.928134
641.008277
611.722310
599.075686
579.575451
555.967476
531.889421
512.124007
493.487124
476.100669
458.168420
438.675876
416.659417
402.266376
382.987533
370.394634
351.677999
331.278040
320.682641
303.443231
291.702057
277.286159
268.840584
262.028159
247.528680
237.374834
230.793969
225.065015
213.438637
203.105604
193.449244
184.178123
179.987855
169.837661
163.417706
157.618333
152.019229
148.933545
141.098068
139.539942
132.803043
126.583001
121.895864
114.341683
112.825443
106.888519
105.673243
102.635349
98.423352
97.019472
90.563239
87.150042
83.126457
80.723488
78.996438
75.951225
70.290874
67.391431
64.924768
62.843606
60.439753
57.992605
56.134361
53.869934
51.450061
49.049040
45.918640
46.046471
43.512319
41.107521
38.968475
38.070285
36.084533
32.313253
30.261563
27.407889
26.137205
25.086406
25.634049
24.937457
21.658816
21.785513
19.093408
18.233490
16.748160
14.703125
13.510453
13.360490
11.061645
10.397387
9.590432
9.196801
8.827728
7.807786
6.996200
6.023548
4.963188
5.270281
4.160412
3.708934
3.335079
3.047267
3.648929
3.901205
4.121264
4.316526
4.495756
4.652638
4.673500
4.456174
5.139206
4.375782
3.593560
3.123477
2.639157
2.511259
2.902914
3.773200
3.750684
3.089253
2.933691
2.259335
1.990587
2.005752
1.832307
1.458652
1.081279
1.189805
0.801440
0.685997
0.655153
0.503547
0.563165
0.529351
0.398235
0.510435
0.389220
0.499996
0.345222
0.489910
0.266834
0.226803
0.404632
0.215428
0.320056
0.190638
0.212885
0.254837
0.384351
0.273346
0.211914
0.211635
0.306875
0.443995
0.246380
0.187755
0.093371
0.038624
0.048473
0.036612
0.063027
0.019278
0.000000
0.000000
0.000000
0.000000
0.000000
0.000000
0.000000
0.000000
0.000000
0.000000
0.000000
0.000000
0.000000
0.000000
0.000000
0.000000
0.000000
0.000000
0.000000
0.000000
0.000000
0.000000
0.000000
0.000000
0.000000
0.000000
0.000000
0.000000
0.000000
0.000000
0.000000
0.000000
0.000000
0.000000
0.000000
0.000000
0.000000
0.000000
0.000000
0.000000
0.000000
0.000000
0.000000
0.000000
0.000000
0.000000
0.000000
0.000000
0.000000
0.000000
0.000000
0.000000
0.000000
0.000000
0.000000
0.000000
0.000000
0.000000
0.000000
0.000000
0.000000
0.000000
0.000000
0.000000
0.000000
0.000000
0.000000
0.000000
0.000000
0.000000
0.000000
0.000000
0.000000
0.000000
0.000000
0.000000
0.000000
0.000000
0.000000
0.000000
0.000000
0.000000
0.000000
0.000000
0.000000
0.000000
0.000000
0.000000
0.000000
0.000000
0.000000
0.000000
0.000000
0.000000
0.000000
0.000000
0.000000
0.000000
0.000000
0.000000
0.000000
0.000000
0.000000
0.000000
0.000000
0.000000
0.000000
0.000000
0.000000
0.000000
0.000000
0.000000
0.000000
0.000000
0.000000
0.000000
0.000000
0.000000
0.000000
0.000000
0.000000
0.000000
0.000000
0.000000
0.000000
0.000000
0.000000
0.000000
0.000000
0.000000
0.000000
0.000000
0.000000
0.000000
0.000000
0.000000
0.000000
0.000000
0.000000
0.000000
0.000000
0.000000
0.000000
0.000000
0.000000
0.000000
0.000000
0.000000
0.000000
0.000000
0.000000
0.000000
0.000000
0.000000
0.000000
0.000000
0.000000
0.000000
0.000000
0.000000
0.000000
0.000000
0.000000
0.000000
0.000000
0.000000
0.000000
0.000000
0.000000
0.000000
0.000000
0.000000
0.000000
0.000000
0.000000
0.000000
0.000000
0.000000
0.000000
0.000000
0.000000
0.000000
0.000000
0.000000
0.000000
0.000000
0.000000
0.000000
0.000000
0.000000
0.000000
0.000000
0.000000
0.000000
0.000000
0.000000
0.000000
0.000000
0.000000
0.000000
0.000000
0.000000
0.000000
0.000000
0.000000
0.000000
0.000000
0.000000
0.000000
0.000000
0.000000
0.000000
0.000000
0.000000
0.000000
0.000000
0.000000
0.000000
0.000000
0.000000
0.000000
0.000000
0.000000
0.000000
0.000000
0.000000
0.000000
0.000000
0.000000
0.000000
0.000000
0.000000
0.000000
0.000000
0.000000
0.000000
0.000000
0.000000
0.000000
0.000000
0.000000
0.000000
0.000000
0.000000
0.000000
0.000000
0.000000
0.000000
0.000000
0.000000
0.000000
0.000000
0.000000
0.000000
0.000000
0.000000
0.000000
0.000000
0.000000
0.000000
0.000000
0.000000
0.000000
0.000000
0.000000
0.000000
0.000000
0.000000
0.000000
0.000000
0.000000
0.000000
0.000000
0.000000
0.000000
0.000000
0.000000
0.000000
0.000000
0.000000
0.000000
0.000000
0.000000
0.000000
0.000000
0.000000
0.000000
0.000000
0.000000
0.000000
0.000000
0.000000
0.000000
0.000000
0.000000
0.000000
0.000000
0.000000
0.000000
0.000000
0.000000
0.000000
0.000000
0.000000
0.000000
0.000000
0.000000
0.000000
0.000000
0.000000
0.000000
0.000000
0.000000
0.000000
0.000000
0.000000
0.000000
0.000000
0.000000
0.000000
0.000000
0.000000
0.000000
0.000000
0.000000
0.000000
0.000000
0.000000
0.000000
0.000000
0.000000
0.000000
0.000000
0.000000
0.000000
0.000000
0.000000
0.000000
0.000000
0.000000
0.000000
0.000000
0.000000
0.000000
0.000000
0.000000
0.000000
0.000000
0.000000
0.000000
0.000000
0.000000
0.000000
0.000000
0.000000
0.000000
0.000000
0.000000
0.000000
0.000000
0.000000
0.000000
0.000000
0.000000
0.000000
0.000000
0.000000
0.000000
0.000000
0.000000
0.000000
0.000000
0.000000
0.000000
0.000000
0.000000
0.000000
0.000000
0.000000
0.000000
0.000000
0.000000
0.000000
0.000000
0.000000
0.000000
0.000000
0.000000
0.000000
0.000000
0.000000
0.000000
0.000000
0.000000
0.000000
0.000000
0.000000
0.000000
0.000000
0.000000
0.000000
0.000000
0.000000
0.000000
0.000000
0.000000
0.000000
0.000000
0.000000
0.000000
0.000000
0.000000
0.000000
0.000000
0.000000
0.000000
0.000000
0.000000
0.000000
0.000000
0.000000
0.000000
0.000000
0.000000
0.000000
0.000000
0.000000
0.000000
0.000000
0.000000
0.000000
0.000000
0.000000
0.000000
0.000000
0.000000
0.000000
0.000000
0.000000
0.000000
0.000000
0.000000
0.000000
0.000000
0.000000
0.000000
0.000000
0.000000
0.000000
0.000000
0.000000
0.000000
0.000000
0.000000
0.000000
0.000000
0.000000
0.000000
