0.000000
0.000000
0.000000
0.000000
0.000000
0.000000
0.000000
0.000000
0.000000
0.000000
0.000000
0.000000
0.000000
0.000000
0.000000
0.000000
0.000000
0.000000
0.000000
0.000000
0.000000
0.011365
0.106366
0.182153
0.393375
1.068647
2.142659
3.876229
6.896904
11.961446
19.200055
32.226677
51.952549
81.725439
120.035821
180.152231
261.289814
377.402516
535.092268
743.850080
1007.297863
1358.034326
1819.443351
2377.069034
3085.932619
3949.470765
4996.443527
6243.154462
7702.472880
9396.427828
11362.891607
13562.442181
16074.980374
18852.446300
21968.872940
25357.972424
29083.767086
33063.183226
37309.976035
41837.017359
46596.112069
51577.914324
56763.567746
62104.471313
67606.903175
73167.558644
78749.459219
84419.798341
90003.979061
95574.252346
101072.694677
106567.756139
111835.631954
116915.949024
121813.754947
126537.345909
131024.980910
135257.719389
139267.418977
142930.400005
146330.744762
149421.890627
152288.441835
154761.363152
156997.804832
158886.893108
160522.638201
161842.893703
162958.951975
163696.642155
164248.242174
164492.225592
164501.501610
164316.353940
163856.760274
163170.120894
162262.699626
161152.953219
159895.004423
158434.755854
156743.968915
155022.793723
153103.935299
151033.217280
148811.044421
146457.687703
144008.295824
141494.187677
138808.216500
136074.722437
133203.152771
130363.011529
127456.638333
124403.155047
121314.664494
118126.790130
114937.035542
111710.014921
108402.147193
105079.619376
101722.327738
98361.564508
95008.329675
91635.412040
88273.688825
84924.528005
81572.491443
78234.071903
74912.909133
71660.553508
68416.263791
65222.938329
62080.042202
59001.719569
55983.598033
53031.832764
50128.772225
47301.010020
44577.339572
41939.397659
39397.260514
36934.632331
34573.569830
32303.918702
30116.829914
28017.904167
26025.819077
24129.860387
22322.215467
20618.182574
19007.293410
17472.497382
16047.919528
14700.854784
13442.877482
12254.485038
11157.340751
10136.907907
9194.724398
8321.685015
7513.442320
6762.602695
6077.534199
5451.347130
4883.623373
4360.670729
3885.328609
3456.594320
3065.726792
2718.200570
2404.643027
2117.362633
1862.558269
1636.622314
1430.708153
1250.737440
1088.361166
948.727686
822.346101
712.950135
616.477490
532.293565
458.735288
395.173557
335.489619
287.283233
245.015526
207.900186
176.645339
149.229037
127.241502
106.010240
90.087885
75.369213
63.187921
53.009008
43.727465
36.695379
30.224346
24.943000
20.644705
16.656880
13.887961
11.273716
9.285460
7.381740
6.106670
4.992492
4.017944
3.260503
2.526083
2.066941
1.668017
1.265801
1.062999
0.772652
0.610708
0.519384
0.376522
0.317134
0.230070
0.215629
0.172686
0.126520
0.082299
0.078620
0.056613
0.046461
0.034587
0.026304
0.011564
0.015970
0.014118
0.009895
0.012981
0.012614
0.016152
0.010890
0.007062
0.003927
0.003464
0.003743
0.000575
0.001249
0.002615
0.001975
0.000000
0.000000
0.000000
0.000000
0.000000
0.000000
0.000000
0.000000
0.000000
0.000000
0.000000
0.000000
0.000000
0.000000
0.000000
0.000000
0.000000
0.000000
0.000000
0.000000
0.000000
0.000000
0.000000
0.000000
0.000000
0.000000
0.000000
0.000000
0.000000
0.000000
0.000000
0.000000
0.000000
0.000000
0.000000
0.000000
0.000000
0.000000
0.000000
0.000000
0.000000
0.000000
0.000000
0.000000
0.000000
0.000000
0.000000
0.000000
0.000000
0.000000
0.000000
0.000000
0.000000
0.000000
0.000000
0.000000
0.000000
0.000000
0.000000
0.000000
0.000000
0.000000
0.000000
0.000000
0.000000
0.000000
0.000000
0.000000
0.000000
0.000000
0.000000
0.000000
0.000000
0.000000
0.000000
0.000000
0.000000
0.000000
0.000000
0.000000
0.000000
0.000000
0.000000
0.000000
0.000000
0.000000
0.000000
0.000000
0.000000
0.000000
0.000000
0.000000
0.000000
0.000000
0.000000
0.000000
0.000000
0.000000
0.000000
0.000000
0.000000
0.000000
0.000000
0.000000
0.000000
0.000000
0.000000
0.000000
0.000000
0.000000
0.000000
0.000000
0.000000
0.000000
0.000000
0.000000
0.000000
0.000000
0.000000
0.000000
0.000000
0.000000
0.000000
0.000000
0.000000
0.000000
0.000000
0.000000
0.000000
0.000000
0.000000
0.000000
0.000000
0.000000
0.000000
0.000000
0.000000
0.000000
0.000000
0.000000
0.000000
0.000000
0.000000
0.000000
0.000000
0.000000
0.000000
0.000000
0.000000
0.000000
0.000000
0.000000
0.000000
0.000000
0.000000
0.000000
0.000000
0.000000
0.000000
0.000000
0.000000
0.000000
0.000000
0.000000
0.000000
0.000000
0.000000
0.000000
0.000000
0.000000
0.000000
0.000000
0.000000
0.000000
0.000000
0.000000
0.000000
0.000000
0.000000
0.000000
0.000000
0.000000
0.000000
0.000000
0.000000
0.000000
0.000000
0.000000
0.000000
0.000000
0.000000
0.000000
0.000000
0.000000
0.000000
0.000000
0.000000
0.000000
0.000000
0.000000
0.000000
0.000000
0.000000
0.000000
0.000000
0.000000
0.000000
0.000000
0.000000
0.000000
0.000000
0.000000
0.000000
0.000000
0.000000
0.000000
0.000000
0.000000
0.000000
0.000000
0.000000
0.000000
0.000000
0.000000
0.000000
0.000000
0.000000
0.000000
0.000000
0.000000
0.000000
0.000000
0.000000
0.000000
0.000000
0.000000
0.000000
0.000000
0.000000
0.000000
0.000000
0.000000
0.000000
0.000000
0.000000
0.000000
0.000000
0.000000
0.000000
0.000000
0.000000
0.000000
0.000000
0.000000
0.000000
