0.000000
0.000000
0.000000
0.000000
0.000000
0.030764
0.101039
0.275760
0.400499
0.900533
1.629709
3.097064
5.391077
9.263112
15.339923
24.971122
40.842050
63.735538
94.590659
138.185589
197.320327
275.612134
378.583265
514.323120
690.417542
907.953157
1177.838703
1512.110184
1913.488972
2393.401818
2952.110503
3615.582423
4374.015183
5243.122644
6236.911402
7338.178333
8585.385602
9951.080195
11448.886680
13116.497705
14923.418269
16868.080896
18946.638799
21186.878683
23547.557330
26048.225302
28674.841824
31409.854092
34259.661916
37205.247471
40253.243864
43415.456245
46633.125044
49917.526672
53206.790681
56553.088615
59887.814760
63270.696133
66624.750003
69973.817386
73309.844581
76601.501486
79834.066912
83053.683717
86186.329044
89218.716764
92181.177464
95028.569083
97807.629663
100476.157510
103022.203173
105467.365515
107785.082784
109974.852234
111986.085985
113879.279793
115635.536996
117274.526045
118764.581022
120143.376316
121354.019117
122427.584760
123352.775819
124123.121242
124771.578282
125275.280591
125630.730039
125845.881227
125970.162819
125965.234175
125806.016531
125548.852206
125199.791398
124723.609261
124079.942783
123338.663805
122563.084582
121674.715692
120703.091943
119641.751431
118504.699484
117248.639273
115926.962250
114581.024031
113151.108579
111664.899282
110127.221609
108519.978268
106888.001707
105215.972038
103484.792751
101732.798125
99965.609147
98176.315604
96325.853990
94452.073497
92581.295521
90701.315132
88795.729085
86895.270789
84980.857985
83087.404912
81203.068687
79317.094417
77437.975218
75544.768691
73676.257866
71810.841319
69942.118031
68100.669926
66275.435139
64479.418097
62690.244797
60897.571758
59169.864073
57447.994786
55752.958975
54088.475596
52434.219295
50805.974321
49222.163682
47651.046467
46104.860413
44598.664965
43099.956264
41664.686420
40246.771246
38839.012667
37462.105132
36130.913667
34841.087418
33573.011454
32336.057133
31127.838445
29957.459175
28818.103093
27704.584313
26622.075872
25577.184952
24559.014256
23563.535168
22613.195735
21686.077551
20792.875486
19922.985145
19090.959383
18277.563828
17490.906644
16731.949061
15989.107108
15282.338417
14594.320596
13940.255443
13305.856629
12696.756594
12105.646191
11544.004017
11003.183668
10480.234755
9982.809099
9498.496706
9041.591784
8594.780519
8166.192548
7758.153907
7367.500525
6989.867699
6635.121079
6292.834757
5970.507820
5660.102656
5359.495604
5076.715841
4805.928514
4550.055240
4302.001509
4069.615936
3847.240909
3632.803126
3431.983202
3240.086511
3056.036970
2884.562694
2720.351296
2564.489196
2417.488657
2275.403752
2141.429813
2014.551499
1891.922321
1778.432347
1671.306241
1569.752566
1474.193213
1384.083021
1297.586192
1215.239963
1138.827562
1067.171894
999.081546
933.948798
873.612918
815.148577
760.966798
709.376447
662.317158
617.970748
576.450763
537.086169
499.614750
465.750281
434.208921
404.040776
375.706395
349.165442
324.524037
302.183664
279.346383
258.202800
238.908698
221.009345
204.600214
188.755749
174.305882
160.510465
148.742726
137.673786
127.100738
117.542302
108.049112
99.102402
91.437979
84.198831
77.714825
71.393271
65.440542
60.045221
55.178314
50.475398
46.145185
42.323692
38.924127
35.619226
32.644487
29.757093
27.095364
24.537497
22.604679
20.582561
18.578969
17.021980
15.556968
14.224459
13.016145
11.787719
10.600227
9.722142
8.711157
7.915249
7.176749
6.492017
5.844061
5.279580
4.697204
4.176730
3.706784
3.328610
3.012111
2.691042
2.464102
2.214054
2.031371
1.829396
1.637626
1.456755
1.346067
1.186381
1.039104
0.927951
0.803504
0.729258
0.615353
0.545188
0.480035
0.433409
0.390067
0.359470
0.291658
0.250543
0.222640
0.214282
0.183952
0.156314
0.136938
0.126817
0.110399
0.093882
0.075921
0.069785
0.065686
0.054489
0.043726
0.034346
0.026770
0.021961
0.015586
0.012863
0.010450
0.011668
0.008021
0.011752
0.006440
0.004061
0.002782
0.003212
0.001270
0.000444
0.000000
0.000000
0.000000
0.000000
0.000000
0.000000
0.000000
0.000000
0.000000
0.000000
0.000000
0.000000
0.000000
0.000000
0.000000
0.000000
0.000000
0.000000
0.000000
0.000000
0.000000
0.000000
0.000000
0.000000
0.000000
0.000000
0.000000
0.000000
0.000000
0.000000
0.000000
0.000000
0.000000
0.000000
0.000000
0.000000
0.000000
0.000000
0.000000
0.000000
0.000000
0.000000
0.000000
0.000000
0.000000
0.000000
0.000000
0.000000
0.000000
0.000000
0.000000
0.000000
0.000000
0.000000
0.000000
0.000000
0.000000
0.000000
0.000000
0.000000
0.000000
0.000000
0.000000
0.000000
0.000000
0.000000
0.000000
0.000000
0.000000
0.000000
0.000000
0.000000
0.000000
0.000000
0.000000
0.000000
0.000000
0.000000
0.000000
0.000000
0.000000
0.000000
0.000000
0.000000
0.000000
0.000000
0.000000
0.000000
0.000000
0.000000
0.000000
0.000000
0.000000
0.000000
0.000000
0.000000
0.000000
0.000000
0.000000
0.000000
0.000000
0.000000
0.000000
0.000000
0.000000
0.000000
0.000000
0.000000
0.000000
0.000000
0.000000
0.000000
0.000000
0.000000
0.000000
0.000000
0.000000
0.000000
0.000000
0.000000
0.000000
0.000000
0.000000
0.000000
0.000000
0.000000
0.000000
0.000000
0.000000
0.000000
0.000000
0.000000
0.000000
0.000000
0.000000
0.000000
0.000000
0.000000
0.000000
0.000000
0.000000
0.000000
0.000000
0.000000
0.000000
0.000000
0.000000
0.000000
0.000000
0.000000
0.000000
0.000000
0.000000
0.000000
0.000000
0.000000
0.000000
0.000000
0.000000
0.000000
0.000000
0.000000
0.000000
0.000000
0.000000
0.000000
0.000000
0.000000
0.000000
0.000000
0.000000
0.000000
0.000000
0.000000
0.000000
0.000000
0.000000
0.000000
0.000000
0.000000
0.000000
0.000000
0.000000
0.000000
0.000000
0.000000
0.000000
0.000000
0.000000
0.000000
0.000000
0.000000
0.000000
0.000000
0.000000
0.000000
0.000000
0.000000
0.000000
0.000000
0.000000
0.000000
0.000000
0.000000
0.000000
0.000000
0.000000
0.000000
0.000000
0.000000
0.000000
0.000000
0.000000
0.000000
0.000000
0.000000
0.000000
0.000000
0.000000
0.000000
0.000000
0.000000
0.000000
0.000000
0.000000
0.000000
0.000000
0.000000
0.000000
0.000000
0.000000
0.000000
0.000000
0.000000
0.000000
0.000000
0.000000
0.000000
0.000000
0.000000
0.000000
0.000000
0.000000
0.000000
0.000000
0.000000
0.000000
0.000000
0.000000
0.000000
0.000000
0.000000
0.000000
0.000000
0.000000
0.000000
0.000000
0.000000
0.000000
0.000000
0.000000
0.000000
0.000000
0.000000
0.000000
0.000000
0.000000
0.000000
0.000000
0.000000
0.000000
0.000000
0.000000
0.000000
0.000000
0.000000
0.000000
0.000000
0.000000
0.000000
0.000000
0.000000
0.000000
0.000000
0.000000
0.000000
0.000000
0.000000
0.000000
0.000000
0.000000
0.000000
0.000000
0.000000
0.000000
0.000000
0.000000
0.000000
0.000000
0.000000
0.000000
0.000000
0.000000
0.000000
0.000000
0.000000
0.000000
0.000000
0.000000
0.000000
0.000000
0.000000
0.000000
0.000000
0.000000
0.000000
0.000000
0.000000
0.000000
0.000000
0.000000
0.000000
0.000000
0.000000
0.000000
0.000000
0.000000
0.000000
0.000000
0.000000
0.000000
0.000000
0.000000
0.000000
0.000000
0.000000
0.000000
0.000000
0.000000
0.000000
0.000000
0.000000
0.000000
0.000000
0.000000
0.000000
0.000000
0.000000
0.000000
0.000000
0.000000
0.000000
0.000000
0.000000
0.000000
0.000000
0.000000
0.000000
0.000000
0.000000
0.000000
0.000000
0.000000
0.000000
0.000000
0.000000
0.000000
0.000000
0.000000
0.000000
0.000000
0.000000
0.000000
0.000000
0.000000
0.000000
0.000000
0.000000
0.000000
0.000000
0.000000
0.000000
0.000000
0.000000
0.000000
0.000000
0.000000
0.000000
0.000000
0.000000
0.000000
0.000000
0.000000
0.000000
0.000000
0.000000
0.000000
0.000000
0.000000
0.000000
0.000000
0.000000
0.000000
0.000000
0.000000
0.000000
0.000000
0.000000
0.000000
0.000000
0.000000
0.000000
0.000000
0.000000
0.000000
0.000000
0.000000
0.000000
0.000000
0.000000
0.000000
0.000000
0.000000
0.000000
0.000000
0.000000
0.000000
0.000000
0.000000
0.000000
0.000000
0.000000
0.000000
0.000000
0.000000
0.000000
0.000000
0.000000
0.000000
0.000000
0.000000
0.000000
0.000000
0.000000
0.000000
0.000000
0.000000
0.000000
0.000000
0.000000
0.000000
0.000000
0.000000
0.000000
0.000000
0.000000
0.000000
0.000000
0.000000
0.000000
0.000000
0.000000
0.000000
0.000000
0.000000
0.000000
0.000000
0.000000
0.000000
0.000000
0.000000
0.000000
0.000000
0.000000
0.000000
0.000000
0.000000
0.000000
0.000000
0.000000
0.000000
0.000000
0.000000
0.000000
0.000000
0.000000
0.000000
0.000000
0.000000
0.000000
0.000000
0.000000
0.000000
0.000000
0.000000
0.000000
0.000000
0.000000
0.000000
0.000000
0.000000
0.000000
0.000000
0.000000
0.000000
0.000000
0.000000
0.000000
0.000000
0.000000
0.000000
0.000000
0.000000
0.000000
0.000000
0.000000
0.000000
0.000000
0.000000
0.000000
0.000000
0.000000
0.000000
0.000000
0.000000
0.000000
0.000000
0.000000
0.000000
0.000000
0.000000
0.000000
0.000000
0.000000
0.000000
0.000000
0.000000
0.000000
0.000000
0.000000
0.000000
0.000000
0.000000
0.000000
0.000000
0.000000
0.000000
0.000000
0.000000
0.000000
0.000000
0.000000
0.000000
0.000000
0.000000
0.000000
0.000000
0.000000
0.000000
0.000000
0.000000
0.000000
0.000000
0.000000
0.000000
0.000000
0.000000
0.000000
0.000000
0.000000
0.000000
0.000000
0.000000
0.000000
0.000000
0.000000
0.000000
0.000000
0.000000
0.000000
0.000000
0.000000
0.000000
0.000000
0.000000
0.000000
0.000000
0.000000
0.000000
0.000000
0.000000
0.000000
0.000000
0.000000
0.000000
0.000000
0.000000
0.000000
0.000000
0.000000
0.000000
0.000000
0.000000
0.000000
0.000000
0.000000
0.000000
0.000000
0.000000
0.000000
0.000000
0.000000
0.000000
0.000000
0.000000
0.000000
0.000000
0.000000
0.000000
0.000000
0.000000
0.000000
0.000000
0.000000
0.000000
0.000000
0.000000
0.000000
0.000000
0.000000
0.000000
0.000000
0.000000
0.000000
0.000000
0.000000
0.000000
0.000000
0.000000
0.000000
0.000000
0.000000
0.000000
0.000000
0.000000
0.000000
0.000000
0.000000
0.000000
0.000000
0.000000
0.000000
0.000000
0.000000
0.000000
0.000000
0.000000
0.000000
0.000000
0.000000
0.000000
0.000000
0.000000
0.000000
