0.000000
0.000000
0.000000
0.000000
0.000000
1.793781
2.696632
3.612540
4.553357
14.413507
33.351744
67.836357
127.950588
246.439593
418.187832
609.119304
897.156730
1376.167056
1853.899984
2513.753216
3335.897652
4172.028865
5451.265275
6902.616873
8683.685694
10564.500802
12475.718608
14732.754570
17168.073404
19923.311673
22682.491736
25674.138789
28409.700840
31370.563947
34582.300376
37473.615172
40265.953219
43145.233865
45995.826107
48709.839691
51573.199875
54279.257012
56980.866463
59411.157881
61689.719427
63985.044580
66163.039908
68389.242467
70300.894870
72356.686549
74187.264366
75865.557542
77287.937010
78501.117557
79767.155875
80802.596387
82147.032769
83028.974765
83948.666095
84971.899260
85559.803698
86451.309319
86713.292819
86782.006153
87098.064197
87392.232404
87549.844251
87652.571117
87574.379872
87457.552779
87392.703313
87071.355154
86927.303303
86635.826409
86418.000570
85705.676809
85339.757670
84894.729475
84279.827071
83877.333333
83470.131278
83004.277934
82674.614903
82050.938176
81474.369593
81016.912058
80440.446278
79699.574546
79076.819146
78487.941421
78036.703509
77405.360762
76754.192786
76118.315667
75583.448655
75124.092171
74350.104627
73898.345344
73180.012230
72566.449616
72002.482415
71306.562496
70752.552156
69827.895666
69080.871072
68399.190232
67820.321651
67108.873572
66533.590066
65895.788967
65240.114529
64631.420370
63866.869447
63275.829851
62529.379510
61793.554246
61150.145000
60502.293393
59822.071431
59104.662348
58453.453668
57958.937542
57358.730733
56610.683863
55912.785857
55257.217586
54630.498288
54086.120196
53455.862727
52763.941864
52182.204859
51554.428082
50968.715566
50313.925380
49608.529086
48885.867738
48425.001086
47864.142631
47346.766164
46866.141631
46330.317904
45638.263926
44961.937487
44367.190512
43805.554495
43175.492267
42609.350949
41867.040937
41191.480651
40667.211213
40101.771869
39638.932643
39072.222086
38534.466760
38115.201939
37582.642394
36950.925184
36437.319053
35950.915053
35530.879024
35066.861280
34489.952256
34054.440070
33462.235866
32943.398484
32434.433130
31953.724506
31469.712668
30961.989697
30491.941339
29972.962430
29440.757613
28947.879269
28428.586736
27901.231038
27321.324792
26851.330407
26395.674277
25907.595233
25429.558948
24968.515363
24515.782044
24055.189638
23613.743949
23195.974610
22791.924114
22425.725657
22080.163365
21651.844364
21253.273285
20888.785756
20456.578416
20070.621076
19632.659021
19187.118770
18811.229085
18385.146787
17979.209585
17603.630675
17201.950654
16903.015522
16554.612492
16149.766178
15817.231205
15411.169352
15056.254952
14736.099064
14420.916433
14055.107574
13764.243014
13474.875202
13142.498981
12845.119461
12562.550265
12254.786447
11979.492829
11665.447139
11375.848773
11071.331913
10808.543683
10519.353360
10272.586183
10012.493033
9754.354523
9502.569843
9234.956027
8944.899086
8675.513982
8440.687478
8238.108430
8029.464268
7815.966033
7579.468880
7363.950177
7124.823649
6884.397263
6705.769864
6525.074225
6354.251253
6172.287886
5995.474026
5813.573858
5646.927961
5490.055322
5325.108125
5159.347527
4985.044114
4854.319737
4681.880021
4539.922916
4417.102259
4258.670238
4161.709488
4055.555032
3943.870553
3826.396224
3689.121680
3590.486962
3476.031056
3380.069806
3254.497626
3157.397620
3061.923403
2975.203387
2872.986334
2780.015227
2679.725468
2584.347318
2459.889884
2354.268143
2255.094081
2202.141469
2151.438978
2069.685436
2002.123470
1903.269370
1833.313540
1764.872842
1689.286203
1617.459485
1560.417499
1501.874156
1446.465617
1379.886844
1328.341660
1266.739162
1203.878829
1150.576965
1098.481489
1066.535415
1017.443058
959.054944
931.693186
901.070034
870.007210
813.646076
779.933271
744.579233
704.782507
667.477198
641.194021
611.305448
580.386342
561.076635
539.713480
516.979913
497.642792
463.796018
446.689088
439.593583
418.201733
393.383193
373.090938
351.854834
342.192787
338.465064
328.864564
314.199929
309.942254
293.130670
281.095047
263.120989
253.102772
244.581700
232.198678
219.337211
204.273038
192.840514
184.905925
179.325114
176.959279
164.234038
156.969886
150.992941
144.261605
142.408323
133.376432
125.693124
120.502849
118.656205
114.231967
108.642814
102.326517
98.914466
93.365706
89.061416
80.443295
76.030348
72.088715
64.814645
64.372930
59.032035
56.417347
53.571145
48.132919
43.859322
40.364839
36.284015
32.678800
31.096746
28.818221
30.146516
27.640177
25.404394
23.954221
21.689795
20.379606
20.142332
18.070520
16.500209
16.516964
16.353187
15.797656
15.462279
15.897485
14.294031
12.973351
12.587918
12.628971
11.707912
10.329095
9.423767
9.373551
8.417479
8.016464
7.765069
7.748161
6.691895
7.609530
7.204435
6.729458
6.696789
7.273968
6.390879
6.416566
5.997453
5.468448
5.392519
4.718664
3.729065
4.093536
3.307740
2.936926
2.137570
2.333323
2.033045
2.106304
1.341953
0.894247
0.503706
0.614797
0.704919
0.323541
0.488021
0.421223
0.370452
0.321969
0.467761
0.284147
0.137896
0.194536
0.182447
0.157659
0.058395
0.005940
0.000000
0.000000
0.000000
0.000000
0.000000
0.000000
0.000000
0.000000
0.000000
0.000000
0.000000
0.000000
0.000000
0.000000
0.000000
0.000000
0.000000
0.000000
0.000000
0.000000
0.000000
0.000000
0.000000
0.000000
0.000000
0.000000
0.000000
0.000000
0.000000
0.000000
0.000000
0.000000
0.000000
0.000000
0.000000
0.000000
0.000000
0.000000
0.000000
0.000000
0.000000
0.000000
0.000000
0.000000
0.000000
0.000000
0.000000
0.000000
0.000000
0.000000
0.000000
0.000000
0.000000
0.000000
0.000000
0.000000
0.000000
0.000000
0.000000
0.000000
0.000000
0.000000
0.000000
0.000000
0.000000
0.000000
0.000000
0.000000
0.000000
0.000000
0.000000
0.000000
0.000000
0.000000
0.000000
0.000000
0.000000
0.000000
0.000000
0.000000
0.000000
0.000000
0.000000
0.000000
0.000000
0.000000
0.000000
0.000000
0.000000
0.000000
0.000000
0.000000
0.000000
0.000000
0.000000
0.000000
0.000000
0.000000
0.000000
0.000000
0.000000
0.000000
0.000000
0.000000
0.000000
0.000000
0.000000
0.000000
0.000000
0.000000
0.000000
0.000000
0.000000
0.000000
0.000000
0.000000
0.000000
0.000000
0.000000
0.000000
0.000000
0.000000
0.000000
0.000000
0.000000
0.000000
0.000000
0.000000
0.000000
0.000000
0.000000
0.000000
0.000000
0.000000
0.000000
0.000000
0.000000
0.000000
0.000000
0.000000
0.000000
0.000000
0.000000
0.000000
0.000000
0.000000
0.000000
0.000000
0.000000
0.000000
0.000000
0.000000
0.000000
0.000000
0.000000
0.000000
0.000000
0.000000
0.000000
0.000000
0.000000
0.000000
0.000000
0.000000
0.000000
0.000000
0.000000
0.000000
0.000000
0.000000
0.000000
0.000000
0.000000
0.000000
0.000000
0.000000
0.000000
0.000000
0.000000
0.000000
0.000000
0.000000
0.000000
0.000000
0.000000
0.000000
0.000000
0.000000
0.000000
0.000000
0.000000
0.000000
0.000000
0.000000
0.000000
0.000000
0.000000
0.000000
0.000000
0.000000
0.000000
0.000000
0.000000
0.000000
0.000000
0.000000
0.000000
0.000000
0.000000
0.000000
0.000000
0.000000
0.000000
0.000000
0.000000
0.000000
0.000000
0.000000
0.000000
0.000000
0.000000
0.000000
0.000000
0.000000
0.000000
0.000000
0.000000
0.000000
0.000000
0.000000
0.000000
0.000000
0.000000
0.000000
0.000000
0.000000
0.000000
0.000000
0.000000
0.000000
0.000000
0.000000
0.000000
0.000000
0.000000
0.000000
0.000000
0.000000
0.000000
0.000000
0.000000
0.000000
0.000000
0.000000
0.000000
0.000000
0.000000
0.000000
0.000000
0.000000
0.000000
0.000000
0.000000
0.000000
0.000000
0.000000
0.000000
0.000000
0.000000
0.000000
0.000000
0.000000
0.000000
0.000000
0.000000
0.000000
0.000000
0.000000
0.000000
0.000000
0.000000
0.000000
0.000000
0.000000
0.000000
0.000000
0.000000
0.000000
0.000000
0.000000
0.000000
0.000000
0.000000
0.000000
0.000000
0.000000
0.000000
0.000000
0.000000
0.000000
0.000000
0.000000
0.000000
0.000000
0.000000
0.000000
0.000000
0.000000
0.000000
0.000000
0.000000
0.000000
0.000000
0.000000
0.000000
0.000000
0.000000
0.000000
0.000000
0.000000
0.000000
0.000000
0.000000
0.000000
0.000000
0.000000
0.000000
0.000000
0.000000
0.000000
0.000000
0.000000
0.000000
0.000000
0.000000
0.000000
0.000000
0.000000
0.000000
0.000000
0.000000
0.000000
0.000000
0.000000
0.000000
0.000000
0.000000
0.000000
0.000000
0.000000
0.000000
0.000000
0.000000
0.000000
0.000000
0.000000
0.000000
0.000000
0.000000
0.000000
0.000000
0.000000
0.000000
0.000000
0.000000
0.000000
0.000000
0.000000
0.000000
0.000000
0.000000
0.000000
0.000000
0.000000
0.000000
0.000000
0.000000
0.000000
0.000000
0.000000
0.000000
0.000000
0.000000
0.000000
0.000000
0.000000
0.000000
0.000000
0.000000
0.000000
0.000000
0.000000
0.000000
0.000000
0.000000
0.000000
0.000000
0.000000
0.000000
0.000000
0.000000
0.000000
0.000000
0.000000
0.000000
0.000000
0.000000
0.000000
0.000000
0.000000
0.000000
0.000000
0.000000
0.000000
0.000000
0.000000
0.000000
0.000000
0.000000
0.000000
0.000000
0.000000
0.000000
0.000000
0.000000
0.000000
0.000000
0.000000
0.000000
0.000000
0.000000
0.000000
0.000000
0.000000
0.000000
0.000000
0.000000
0.000000
0.000000
0.000000
0.000000
0.000000
0.000000
0.000000
0.000000
0.000000
0.000000
0.000000
0.000000
0.000000
0.000000
0.000000
0.000000
0.000000
0.000000
0.000000
0.000000
0.000000
0.000000
0.000000
0.000000
0.000000
0.000000
0.000000
0.000000
0.000000
0.000000
0.000000
0.000000
0.000000
0.000000
0.000000
0.000000
0.000000
0.000000
0.000000
0.000000
0.000000
0.000000
0.000000
0.000000
0.000000
0.000000
0.000000
0.000000
0.000000
0.000000
0.000000
0.000000
0.000000
0.000000
0.000000
0.000000
0.000000
0.000000
0.000000
0.000000
0.000000
0.000000
0.000000
0.000000
0.000000
0.000000
0.000000
0.000000
0.000000
0.000000
0.000000
0.000000
0.000000
0.000000
0.000000
0.000000
0.000000
0.000000
0.000000
0.000000
0.000000
0.000000
0.000000
0.000000
0.000000
0.000000
0.000000
0.000000
0.000000
0.000000
0.000000
0.000000
0.000000
0.000000
0.000000
0.000000
0.000000
0.000000
0.000000
0.000000
0.000000
0.000000
0.000000
0.000000
0.000000
0.000000
0.000000
0.000000
0.000000
0.000000
0.000000
0.000000
0.000000
0.000000
0.000000
0.000000
0.000000
0.000000
0.000000
0.000000
0.000000
0.000000
0.000000
0.000000
0.000000
0.000000
0.000000
0.000000
0.000000
0.000000
0.000000
0.000000
0.000000
0.000000
0.000000
0.000000
0.000000
0.000000
0.000000
