0.000000
0.000000
0.000000
0.259961
1.478960
2.275579
5.552315
13.320038
27.024206
52.315598
90.331062
154.402034
245.640584
380.200005
550.049132
803.977375
1137.022364
1554.319814
2098.564626
2724.487487
3491.172682
4379.006473
5437.486787
6597.066559
7942.349399
9481.503824
11117.509588
12955.173275
14957.006117
17052.899626
19261.834251
21675.328999
24204.491708
26884.263583
29605.120569
32379.006951
35161.814861
38018.317578
40881.637496
43760.727664
46682.536891
49601.890030
52359.261527
55075.459103
57822.039730
60596.685412
63135.226464
65577.910433
68023.548220
70428.429136
72730.190204
74883.377276
76967.790078
78840.938661
80663.969253
82374.195917
83944.612285
85430.854870
86809.472773
88158.510822
89303.184706
90341.536317
91199.652635
92053.670049
92836.180882
93500.734683
94130.303753
94631.548065
94950.929956
95265.947466
95564.945533
95746.123966
95878.811701
95860.210849
95791.584869
95642.067883
95469.643492
95265.692044
94986.624653
94680.109543
94308.715737
93848.902807
93495.001024
93037.418801
92568.662926
91980.516674
91448.766011
90830.542237
90152.993393
89504.941029
88885.578636
88213.402566
87468.348367
86704.239102
85909.774177
85090.699585
84309.918407
83549.077643
82707.445104
81796.281972
80970.750550
80036.845438
79190.741771
78310.619953
77408.837635
76469.395160
75594.035457
74749.434135
73908.443613
73001.251032
72079.221865
71175.507416
70290.264587
69495.557578
68609.770919
67728.685206
66833.393424
65943.317972
65082.094634
64223.046210
63334.316056
62446.646306
61623.549067
60766.147347
59902.628067
59051.969837
58252.499729
57405.377555
56515.365555
55685.745208
54849.275880
54105.925594
53354.331434
52535.294510
51730.976306
50870.174645
50071.641883
49299.694020
48506.977468
47706.168963
46943.582007
46151.356085
45408.002501
44625.748475
43885.565689
43087.623333
42298.588452
41516.948344
40766.956675
40019.160937
39306.673312
38580.371993
37907.269098
37166.110938
36443.829536
35749.852010
35061.068986
34387.824619
33741.780366
33057.834158
32404.730742
31744.124896
31083.683816
30404.834785
29746.784452
29109.896157
28493.625158
27862.766996
27272.192081
26650.159251
26055.314130
25467.672966
24854.752452
24288.465749
23724.460337
23112.336204
22564.959303
22011.924685
21469.040741
20942.087002
20424.737635
19881.766618
19379.924530
18877.750008
18373.384351
17890.279651
17394.438376
16934.803549
16488.971824
16033.475020
15584.951031
15141.245621
14717.463568
14298.123654
13877.848384
13477.595642
13089.117418
12712.601726
12355.214300
11990.867434
11629.910884
11285.156605
10931.986625
10593.869852
10269.122875
9960.032863
9647.601892
9347.145623
9046.214830
8760.675482
8473.289968
8194.484817
7939.446126
7681.494890
7432.204103
7185.061194
6951.821452
6714.136869
6481.318854
6261.046688
6047.225586
5836.797258
5634.536318
5430.395243
5227.774101
5050.017952
4878.847556
4697.451602
4525.172900
4363.335622
4202.220825
4041.205912
3877.498639
3734.376235
3587.637748
3452.806524
3309.730872
3172.033040
3045.500919
2921.075370
2804.290087
2690.775239
2581.726566
2477.219213
2377.082728
2278.022855
2185.345375
2087.199211
1997.619493
1912.938505
1825.067611
1746.748234
1670.624080
1592.201658
1522.462723
1452.896937
1386.960539
1323.641604
1259.844048
1200.712248
1140.182845
1086.896101
1036.197615
991.233277
947.264695
902.431804
858.681386
819.505010
777.960155
739.907528
705.093084
668.733249
634.819010
602.663274
571.916833
542.037603
512.653330
485.067691
458.041423
433.409491
414.762170
396.597864
377.919671
355.162564
337.188617
323.484049
305.498968
289.458505
273.700000
261.104118
245.656807
232.681103
220.662787
209.415883
198.119706
184.310073
173.800061
163.840217
154.503746
145.571143
134.403377
126.420468
118.824457
110.659187
103.894468
97.304188
91.964783
86.166244
80.794706
75.983075
72.011197
67.463749
62.985281
59.523773
56.196964
52.436255
49.046740
46.848045
42.826448
38.972827
35.792631
33.800689
30.683715
29.606079
27.231740
25.256121
23.407749
22.418497
20.921851
20.042332
18.650917
17.369115
16.417070
15.409188
14.324854
13.819790
12.879466
12.386099
11.398403
10.170457
9.605433
8.520617
7.611603
7.173781
6.445951
5.955552
5.394480
5.448995
5.035715
4.686745
4.318828
4.067553
3.500396
3.308726
3.162381
3.087414
2.623000
2.453289
2.297094
2.116835
1.894601
1.742156
1.682826
1.518429
1.509325
1.408731
1.505768
1.408470
1.264943
1.211641
1.120996
1.141520
0.992736
0.950167
0.892515
0.932078
0.939222
0.845875
0.780266
0.773279
0.696374
0.620628
0.567104
0.517406
0.525747
0.509607
0.465913
0.351861
0.315996
0.318572
0.202540
0.150307
0.097823
0.064356
0.047139
0.059528
0.048514
0.046192
0.038953
0.016659
0.044462
0.030660
0.022285
0.005711
0.005986
0.005128
0.000273
0.000000
0.000000
0.000000
0.000000
0.000000
0.000000
0.000000
0.000000
0.000000
0.000000
0.000000
0.000000
0.000000
0.000000
0.000000
0.000000
0.000000
0.000000
0.000000
0.000000
0.000000
0.000000
0.000000
0.000000
0.000000
0.000000
0.000000
0.000000
0.000000
0.000000
0.000000
0.000000
0.000000
0.000000
0.000000
0.000000
0.000000
0.000000
0.000000
0.000000
0.000000
0.000000
0.000000
0.000000
0.000000
0.000000
0.000000
0.000000
0.000000
0.000000
0.000000
0.000000
0.000000
0.000000
0.000000
0.000000
0.000000
0.000000
0.000000
0.000000
0.000000
0.000000
0.000000
0.000000
0.000000
0.000000
0.000000
0.000000
0.000000
0.000000
0.000000
0.000000
0.000000
0.000000
0.000000
0.000000
0.000000
0.000000
0.000000
0.000000
0.000000
0.000000
0.000000
0.000000
0.000000
0.000000
0.000000
0.000000
0.000000
0.000000
0.000000
0.000000
0.000000
0.000000
0.000000
0.000000
0.000000
0.000000
0.000000
0.000000
0.000000
0.000000
0.000000
0.000000
0.000000
0.000000
0.000000
0.000000
0.000000
0.000000
0.000000
0.000000
0.000000
0.000000
0.000000
0.000000
0.000000
0.000000
0.000000
0.000000
0.000000
0.000000
0.000000
0.000000
0.000000
0.000000
0.000000
0.000000
0.000000
0.000000
0.000000
0.000000
0.000000
0.000000
0.000000
0.000000
0.000000
0.000000
0.000000
0.000000
0.000000
0.000000
0.000000
0.000000
0.000000
0.000000
0.000000
0.000000
0.000000
0.000000
0.000000
0.000000
0.000000
0.000000
0.000000
0.000000
0.000000
0.000000
0.000000
0.000000
0.000000
0.000000
0.000000
0.000000
0.000000
0.000000
0.000000
0.000000
0.000000
0.000000
0.000000
0.000000
0.000000
0.000000
0.000000
0.000000
0.000000
0.000000
0.000000
0.000000
0.000000
0.000000
0.000000
0.000000
0.000000
0.000000
0.000000
0.000000
0.000000
0.000000
0.000000
0.000000
0.000000
0.000000
0.000000
0.000000
0.000000
0.000000
0.000000
0.000000
0.000000
0.000000
0.000000
0.000000
0.000000
0.000000
0.000000
0.000000
0.000000
0.000000
0.000000
0.000000
0.000000
0.000000
0.000000
0.000000
0.000000
0.000000
0.000000
0.000000
0.000000
0.000000
0.000000
0.000000
0.000000
0.000000
0.000000
0.000000
0.000000
0.000000
0.000000
0.000000
0.000000
0.000000
0.000000
0.000000
0.000000
0.000000
0.000000
0.000000
0.000000
0.000000
0.000000
0.000000
0.000000
0.000000
0.000000
0.000000
0.000000
0.000000
0.000000
0.000000
0.000000
0.000000
0.000000
0.000000
0.000000
0.000000
0.000000
0.000000
0.000000
0.000000
0.000000
0.000000
0.000000
0.000000
0.000000
0.000000
0.000000
0.000000
0.000000
0.000000
0.000000
0.000000
0.000000
0.000000
0.000000
0.000000
0.000000
0.000000
0.000000
0.000000
0.000000
0.000000
0.000000
0.000000
0.000000
0.000000
0.000000
0.000000
0.000000
0.000000
0.000000
0.000000
0.000000
0.000000
0.000000
0.000000
0.000000
0.000000
0.000000
0.000000
0.000000
0.000000
0.000000
0.000000
0.000000
0.000000
0.000000
0.000000
0.000000
0.000000
0.000000
0.000000
0.000000
0.000000
0.000000
0.000000
0.000000
0.000000
0.000000
0.000000
0.000000
0.000000
0.000000
0.000000
0.000000
0.000000
0.000000
0.000000
0.000000
0.000000
0.000000
0.000000
0.000000
0.000000
0.000000
0.000000
0.000000
0.000000
0.000000
0.000000
0.000000
0.000000
0.000000
0.000000
0.000000
0.000000
0.000000
0.000000
0.000000
0.000000
0.000000
0.000000
0.000000
0.000000
0.000000
0.000000
0.000000
0.000000
0.000000
0.000000
0.000000
0.000000
0.000000
0.000000
0.000000
0.000000
0.000000
0.000000
0.000000
0.000000
0.000000
0.000000
0.000000
0.000000
0.000000
0.000000
0.000000
0.000000
0.000000
0.000000
0.000000
0.000000
0.000000
0.000000
0.000000
0.000000
0.000000
0.000000
0.000000
0.000000
0.000000
0.000000
0.000000
0.000000
0.000000
0.000000
0.000000
0.000000
0.000000
0.000000
0.000000
0.000000
0.000000
0.000000
0.000000
0.000000
0.000000
0.000000
0.000000
0.000000
0.000000
0.000000
0.000000
0.000000
0.000000
0.000000
0.000000
0.000000
0.000000
0.000000
0.000000
0.000000
0.000000
0.000000
0.000000
0.000000
0.000000
0.000000
0.000000
0.000000
0.000000
0.000000
0.000000
0.000000
0.000000
0.000000
0.000000
0.000000
0.000000
0.000000
0.000000
0.000000
0.000000
0.000000
0.000000
0.000000
0.000000
0.000000
0.000000
0.000000
0.000000
0.000000
0.000000
0.000000
0.000000
0.000000
0.000000
0.000000
0.000000
0.000000
0.000000
0.000000
0.000000
0.000000
0.000000
0.000000
0.000000
0.000000
0.000000
0.000000
0.000000
0.000000
0.000000
0.000000
0.000000
0.000000
0.000000
0.000000
0.000000
0.000000
0.000000
0.000000
0.000000
0.000000
0.000000
0.000000
0.000000
0.000000
0.000000
0.000000
0.000000
0.000000
0.000000
0.000000
0.000000
0.000000
0.000000
0.000000
0.000000
0.000000
0.000000
0.000000
0.000000
0.000000
0.000000
0.000000
0.000000
0.000000
0.000000
0.000000
0.000000
0.000000
0.000000
0.000000
0.000000
0.000000
0.000000
0.000000
0.000000
0.000000
0.000000
0.000000
0.000000
0.000000
0.000000
0.000000
0.000000
0.000000
0.000000
0.000000
0.000000
0.000000
0.000000
0.000000
0.000000
0.000000
0.000000
0.000000
0.000000
0.000000
0.000000
0.000000
0.000000
0.000000
0.000000
0.000000
0.000000
0.000000
0.000000
0.000000
0.000000
0.000000
0.000000
0.000000
0.000000
0.000000
0.000000
0.000000
0.000000
0.000000
0.000000
0.000000
0.000000
0.000000
0.000000
0.000000
0.000000
0.000000
0.000000
0.000000
0.000000
0.000000
0.000000
0.000000
0.000000
0.000000
0.000000
0.000000
0.000000
0.000000
0.000000
0.000000
0.000000
0.000000
0.000000
0.000000
0.000000
0.000000
0.000000
0.000000
0.000000
0.000000
