0.000000
0.000000
0.187255
5.701537
21.343797
55.191761
126.010831
295.704033
537.770766
956.488516
1671.669230
2715.341207
4140.997690
5945.462707
8507.781844
11512.748314
14861.478406
18773.080764
23233.447018
28039.501267
32764.160949
37910.384465
43215.671809
48493.131120
53965.192389
58891.238324
63580.861587
68260.104853
72550.190792
75969.161115
79311.279227
82774.089131
85422.973213
87604.761434
89497.376896
91278.125441
91998.476107
92884.309525
93573.626439
93939.188368
93618.639325
93837.037292
93461.169221
93151.301583
92831.053971
91996.392931
91327.287667
90426.172092
89312.628640
88787.292661
87913.540987
86549.472722
85432.909427
84165.435038
83150.786790
81924.202415
81088.769150
79689.506840
78286.395423
76933.155228
75758.964424
74608.007379
73436.275263
72188.806972
71117.211135
70207.559503
68929.861080
67913.820874
66939.517021
65887.124608
64812.657562
63794.809610
62785.022254
61999.715729
60901.328628
59766.135826
58926.192395
57989.451030
57286.530783
56530.637057
55884.528629
55075.231464
54313.205363
53737.782455
53094.300281
52321.712305
51640.533932
51005.350444
50488.382539
49808.968014
49294.634235
48701.300110
48241.075507
47610.721573
47103.617956
46581.979007
46000.707410
45268.459427
44720.706575
44213.343104
43769.677082
43365.222183
43182.236922
42838.457624
42339.131881
41992.274721
41671.191378
41156.172780
40726.750664
40347.738325
40147.755178
39818.664602
39564.337596
39179.844608
38966.015158
38604.358036
38498.904580
38303.759617
37986.433829
37690.774719
37352.736973
36971.839270
36812.246954
36445.873442
36126.578591
35765.169131
35587.876539
35342.137007
35128.482911
34940.165768
34827.209745
34649.662432
34591.360813
34321.266082
34181.166258
34010.675157
33827.798925
33602.393680
33469.953344
33380.825750
33245.823468
33093.649113
32795.628420
32534.019258
32510.502763
32336.320050
32211.048257
32003.090248
31903.139587
31611.254639
31427.820216
31265.603687
31102.846041
30943.635532
30795.347135
30695.611005
30529.370179
30375.129502
30200.132103
30024.249015
29877.010307
29659.073984
29535.007383
29318.674330
29107.213273
28961.957772
28649.909566
28521.408888
28353.430326
28126.407980
27944.578582
27722.138897
27557.176765
27438.259216
27267.544981
27195.923914
26936.779529
26727.581959
26522.639932
26296.800566
26076.754706
25902.903206
25794.609217
25571.190487
25471.514685
25212.637648
25040.029418
24894.153600
24761.110827
24554.197546
24358.280858
24119.229974
23910.358632
23704.917730
23541.133389
23318.335776
23101.323630
22990.440234
22739.499873
22416.966186
22151.807386
21928.960384
21721.201575
21496.350501
21125.153082
20941.696797
20736.611239
20523.350560
20307.835121
20078.866897
19770.912301
19495.817624
19221.386532
18959.081564
18750.446504
18517.863507
18269.546048
17985.602681
17711.497655
17478.255067
17219.658396
16964.556550
16727.283759
16510.339983
16224.506378
16003.098231
15697.969361
15499.496632
15190.570350
15005.438444
14757.849153
14528.999751
14219.999485
13968.569900
13738.370281
13598.917183
13414.850634
13183.789076
12929.200195
12652.812346
12420.955949
12220.119299
11981.410877
11781.486375
11542.232442
11367.062812
11172.164084
10940.104085
10720.704717
10540.098883
10321.168142
10104.693124
9901.324631
9661.399156
9483.265887
9286.528143
9111.727959
8917.486059
8674.165493
8498.755490
8275.146180
8086.957798
7884.792086
7700.785243
7499.441849
7334.540120
7175.761000
7007.126707
6831.191513
6672.296894
6515.618532
6351.472668
6194.054826
6050.280042
5952.940866
5780.054463
5651.161256
5519.789409
5373.837595
5255.983347
5108.376226
4962.805686
4826.543019
4687.899940
4536.959961
4405.489354
4306.231931
4160.452492
4058.530580
3938.383509
3804.870404
3692.065131
3574.592581
3474.518657
3346.940894
3239.950605
3150.996975
3055.199909
2956.860373
2862.613475
2776.035837
2701.543807
2600.702519
2543.057743
2464.209034
2382.617467
2294.271881
2210.379447
2131.896773
2081.275418
2016.222819
1963.798057
1893.937423
1832.084792
1745.214116
1681.500875
1638.873954
1591.019123
1536.790486
1460.003395
1426.876534
1368.733845
1323.092988
1283.672323
1246.579087
1187.724346
1143.348046
1097.102034
1042.402118
1013.739977
966.667925
943.999553
916.690842
883.296751
842.514814
820.127079
798.093835
768.775579
746.772614
721.873480
693.727232
658.793316
629.379389
599.917026
568.409181
549.808169
527.277102
500.845378
486.259896
462.524816
445.059152
421.508616
405.886853
395.843469
371.301018
356.969453
336.768560
322.506370
300.001970
289.563597
274.022120
263.522903
248.595857
235.158770
223.955100
215.646287
203.721656
194.015966
185.734861
175.363873
164.336872
155.750356
156.481669
152.558276
138.911970
131.862977
119.743134
111.463857
105.869271
103.938914
94.446629
88.198651
81.607993
77.003687
74.291855
68.229822
62.307978
58.731865
56.039605
52.886987
51.271549
49.662964
45.905832
43.725249
40.396480
40.572034
37.520704
35.454315
35.482398
32.956733
30.398562
28.796092
26.735190
24.869299
22.412104
21.433363
19.269332
16.986303
16.433211
15.337963
14.557195
13.460165
12.075606
10.763281
10.371674
10.523986
9.980271
10.095738
10.215638
9.102136
7.805017
6.456118
6.414089
6.693393
6.582953
5.723592
5.494375
5.115618
4.637928
4.530298
4.542149
4.641743
4.472491
3.891668
3.806507
3.290503
3.053281
2.617451
2.150293
1.737374
1.932157
1.617717
2.042164
1.422267
1.632940
1.776375
1.369053
0.825068
0.558677
0.330980
0.243365
0.091057
0.173982
0.207691
0.045755
0.089086
0.071445
0.017928
0.000000
0.000000
0.000000
0.000000
0.000000
0.000000
0.000000
0.000000
0.000000
0.000000
0.000000
0.000000
0.000000
0.000000
0.000000
0.000000
0.000000
0.000000
0.000000
0.000000
0.000000
0.000000
0.000000
0.000000
0.000000
0.000000
0.000000
0.000000
0.000000
0.000000
0.000000
0.000000
0.000000
0.000000
0.000000
0.000000
0.000000
0.000000
0.000000
0.000000
0.000000
0.000000
0.000000
0.000000
0.000000
0.000000
0.000000
0.000000
0.000000
0.000000
0.000000
0.000000
0.000000
0.000000
0.000000
0.000000
0.000000
0.000000
0.000000
0.000000
0.000000
0.000000
0.000000
0.000000
0.000000
0.000000
0.000000
0.000000
0.000000
0.000000
0.000000
0.000000
0.000000
0.000000
0.000000
0.000000
0.000000
0.000000
0.000000
0.000000
0.000000
0.000000
0.000000
0.000000
0.000000
0.000000
0.000000
0.000000
0.000000
0.000000
0.000000
0.000000
0.000000
0.000000
0.000000
0.000000
0.000000
0.000000
0.000000
0.000000
0.000000
0.000000
0.000000
0.000000
0.000000
0.000000
0.000000
0.000000
0.000000
0.000000
0.000000
0.000000
0.000000
0.000000
0.000000
0.000000
0.000000
0.000000
0.000000
0.000000
0.000000
0.000000
0.000000
0.000000
0.000000
0.000000
0.000000
0.000000
0.000000
0.000000
0.000000
0.000000
0.000000
0.000000
0.000000
0.000000
0.000000
0.000000
0.000000
0.000000
0.000000
0.000000
0.000000
0.000000
0.000000
0.000000
0.000000
0.000000
0.000000
0.000000
0.000000
0.000000
0.000000
0.000000
0.000000
0.000000
0.000000
0.000000
0.000000
0.000000
0.000000
0.000000
0.000000
0.000000
0.000000
0.000000
0.000000
0.000000
0.000000
0.000000
0.000000
0.000000
0.000000
0.000000
0.000000
0.000000
0.000000
0.000000
0.000000
0.000000
0.000000
0.000000
0.000000
0.000000
0.000000
0.000000
0.000000
0.000000
0.000000
0.000000
0.000000
0.000000
0.000000
0.000000
0.000000
0.000000
0.000000
0.000000
0.000000
0.000000
0.000000
0.000000
0.000000
0.000000
0.000000
0.000000
0.000000
0.000000
0.000000
0.000000
0.000000
0.000000
0.000000
0.000000
0.000000
0.000000
0.000000
0.000000
0.000000
0.000000
0.000000
0.000000
0.000000
0.000000
0.000000
0.000000
0.000000
0.000000
0.000000
0.000000
0.000000
0.000000
0.000000
0.000000
0.000000
0.000000
0.000000
0.000000
0.000000
0.000000
0.000000
0.000000
0.000000
0.000000
0.000000
0.000000
0.000000
0.000000
0.000000
0.000000
0.000000
0.000000
0.000000
0.000000
0.000000
0.000000
0.000000
0.000000
0.000000
0.000000
0.000000
0.000000
0.000000
0.000000
0.000000
0.000000
0.000000
0.000000
0.000000
0.000000
0.000000
0.000000
0.000000
0.000000
0.000000
0.000000
0.000000
0.000000
0.000000
0.000000
0.000000
0.000000
0.000000
0.000000
0.000000
0.000000
0.000000
0.000000
0.000000
0.000000
0.000000
0.000000
0.000000
0.000000
0.000000
0.000000
0.000000
0.000000
0.000000
0.000000
0.000000
0.000000
0.000000
0.000000
0.000000
0.000000
0.000000
0.000000
0.000000
0.000000
0.000000
0.000000
0.000000
0.000000
0.000000
0.000000
0.000000
0.000000
0.000000
0.000000
0.000000
0.000000
0.000000
0.000000
0.000000
0.000000
0.000000
0.000000
0.000000
0.000000
0.000000
0.000000
0.000000
0.000000
0.000000
0.000000
0.000000
0.000000
0.000000
0.000000
0.000000
0.000000
0.000000
0.000000
0.000000
0.000000
0.000000
0.000000
0.000000
0.000000
0.000000
0.000000
0.000000
0.000000
0.000000
0.000000
0.000000
0.000000
0.000000
0.000000
0.000000
0.000000
0.000000
0.000000
0.000000
0.000000
0.000000
0.000000
0.000000
0.000000
0.000000
0.000000
0.000000
0.000000
0.000000
0.000000
0.000000
0.000000
0.000000
0.000000
0.000000
0.000000
0.000000
0.000000
0.000000
0.000000
0.000000
0.000000
0.000000
0.000000
0.000000
0.000000
0.000000
0.000000
0.000000
0.000000
0.000000
0.000000
0.000000
0.000000
0.000000
0.000000
0.000000
0.000000
0.000000
0.000000
0.000000
0.000000
0.000000
0.000000
0.000000
0.000000
0.000000
0.000000
0.000000
0.000000
0.000000
0.000000
0.000000
0.000000
0.000000
0.000000
0.000000
0.000000
0.000000
0.000000
0.000000
0.000000
0.000000
0.000000
0.000000
0.000000
0.000000
0.000000
0.000000
0.000000
0.000000
0.000000
0.000000
0.000000
0.000000
0.000000
0.000000
0.000000
0.000000
0.000000
0.000000
0.000000
0.000000
0.000000
0.000000
0.000000
0.000000
0.000000
0.000000
0.000000
0.000000
0.000000
0.000000
0.000000
0.000000
0.000000
0.000000
0.000000
0.000000
0.000000
0.000000
0.000000
0.000000
0.000000
0.000000
0.000000
0.000000
0.000000
0.000000
0.000000
0.000000
0.000000
0.000000
0.000000
0.000000
0.000000
0.000000
0.000000
0.000000
0.000000
0.000000
0.000000
0.000000
0.000000
0.000000
0.000000
0.000000
0.000000
0.000000
0.000000
0.000000
0.000000
0.000000
0.000000
0.000000
0.000000
0.000000
0.000000
0.000000
0.000000
0.000000
0.000000
0.000000
0.000000
0.000000
0.000000
0.000000
0.000000
0.000000
0.000000
0.000000
0.000000
0.000000
0.000000
0.000000
0.000000
0.000000
0.000000
0.000000
0.000000
0.000000
0.000000
0.000000
0.000000
0.000000
0.000000
0.000000
0.000000
0.000000
0.000000
0.000000
0.000000
0.000000
0.000000
0.000000
0.000000
0.000000
