0.000000
0.000000
0.000000
0.000000
0.000000
0.000000
0.000000
0.000000
0.000000
0.000000
0.000000
0.000000
0.000000
0.000000
0.000000
0.000000
0.000000
0.000000
0.000000
0.000000
0.000000
0.000000
0.000000
0.000000
0.000000
0.000000
0.000000
0.000000
0.008978
0.026674
0.027907
0.050189
0.096702
0.178302
0.265179
0.534039
0.915986
1.405533
2.632401
3.870636
6.882913
10.592479
16.894377
26.136914
39.782290
60.290501
88.757315
129.699091
187.722476
267.213298
377.931866
525.891611
721.034842
983.018468
1316.697275
1752.941890
2302.742019
3002.414268
3860.513016
4926.027319
6219.625270
7789.612206
9658.992109
11868.054330
14478.460658
17506.191486
20986.613580
24976.049764
29488.024879
34563.940483
40218.027393
46464.175741
53309.242870
60734.019100
68753.366156
77340.998114
86415.058704
95987.364852
105969.196368
116298.262530
126927.258113
137706.358038
148614.029962
159501.565540
170287.947642
180821.454770
191056.269765
200835.656150
210119.094569
218724.175488
226663.652369
233777.102729
240013.613533
245254.095141
249600.972968
252841.439014
255128.976214
256297.694888
256460.268537
255561.970403
253657.935246
250733.793708
246928.327434
242230.830379
236770.666156
230525.488664
223647.536417
216136.680729
208175.985963
199761.575282
191058.199663
182096.921074
172934.239066
163712.166842
154437.778277
145220.518058
136098.177273
127132.844278
118374.114402
109859.302816
101639.303525
93707.190451
86144.516007
78938.991547
72110.197970
65670.064444
59613.879895
53966.619234
48691.321293
43805.599389
39287.948397
35122.600016
31305.354770
27830.966168
24654.427694
21782.342106
19177.042657
16851.529021
14735.482403
12871.348479
11196.315291
9721.599464
8405.639948
7255.769806
6236.735033
5347.151265
4570.030909
3895.724805
3311.138644
2805.190156
2369.125997
1995.959273
1676.152201
1404.791402
1171.350547
975.595371
809.136254
668.983241
551.387585
454.100703
372.027843
304.642240
247.677801
201.922451
163.302413
132.582404
106.582226
86.111890
68.606015
54.980522
43.829097
34.864477
27.838139
21.963217
17.392931
13.615366
10.859126
8.280915
6.579320
5.111613
4.090003
3.127540
2.444677
1.851160
1.444842
1.078935
0.851696
0.632879
0.479508
0.359006
0.274497
0.216925
0.164870
0.125732
0.096986
0.067267
0.052467
0.032573
0.025973
0.021792
0.011756
0.007354
0.005399
0.003606
0.003853
0.002204
0.001503
0.000536
0.000043
0.000262
0.000000
0.000000
0.000000
0.000000
0.000000
0.000000
0.000000
0.000000
0.000000
0.000000
0.000000
0.000000
0.000000
0.000000
0.000000
0.000000
0.000000
0.000000
0.000000
0.000000
0.000000
0.000000
0.000000
0.000000
0.000000
0.000000
0.000000
0.000000
0.000000
0.000000
0.000000
0.000000
0.000000
0.000000
0.000000
0.000000
0.000000
0.000000
0.000000
0.000000
0.000000
0.000000
0.000000
0.000000
0.000000
0.000000
0.000000
0.000000
0.000000
0.000000
0.000000
0.000000
0.000000
0.000000
0.000000
0.000000
0.000000
0.000000
0.000000
0.000000
0.000000
0.000000
0.000000
0.000000
0.000000
0.000000
0.000000
0.000000
0.000000
0.000000
0.000000
0.000000
0.000000
0.000000
0.000000
0.000000
0.000000
0.000000
0.000000
0.000000
0.000000
0.000000
0.000000
0.000000
0.000000
0.000000
0.000000
0.000000
0.000000
0.000000
0.000000
0.000000
0.000000
0.000000
0.000000
0.000000
0.000000
0.000000
0.000000
0.000000
0.000000
0.000000
0.000000
0.000000
0.000000
0.000000
0.000000
0.000000
0.000000
0.000000
0.000000
0.000000
0.000000
0.000000
0.000000
0.000000
0.000000
0.000000
0.000000
0.000000
0.000000
0.000000
0.000000
0.000000
0.000000
0.000000
0.000000
0.000000
0.000000
0.000000
0.000000
0.000000
0.000000
0.000000
0.000000
0.000000
0.000000
0.000000
0.000000
0.000000
0.000000
0.000000
0.000000
0.000000
0.000000
0.000000
0.000000
0.000000
0.000000
0.000000
0.000000
0.000000
0.000000
0.000000
0.000000
0.000000
0.000000
0.000000
0.000000
0.000000
0.000000
0.000000
0.000000
0.000000
0.000000
0.000000
0.000000
0.000000
0.000000
0.000000
0.000000
0.000000
0.000000
0.000000
0.000000
0.000000
0.000000
0.000000
0.000000
0.000000
0.000000
0.000000
0.000000
0.000000
0.000000
0.000000
0.000000
0.000000
0.000000
0.000000
0.000000
0.000000
0.000000
0.000000
0.000000
0.000000
0.000000
0.000000
0.000000
0.000000
0.000000
0.000000
0.000000
0.000000
0.000000
0.000000
0.000000
0.000000
0.000000
0.000000
0.000000
0.000000
0.000000
0.000000
0.000000
0.000000
0.000000
0.000000
0.000000
0.000000
0.000000
0.000000
0.000000
0.000000
0.000000
0.000000
0.000000
0.000000
0.000000
0.000000
0.000000
0.000000
0.000000
0.000000
0.000000
0.000000
0.000000
0.000000
0.000000
0.000000
0.000000
0.000000
0.000000
0.000000
0.000000
0.000000
0.000000
0.000000
0.000000
0.000000
0.000000
0.000000
0.000000
0.000000
0.000000
0.000000
0.000000
0.000000
0.000000
0.000000
0.000000
0.000000
0.000000
0.000000
0.000000
0.000000
0.000000
0.000000
0.000000
0.000000
0.000000
0.000000
0.000000
0.000000
0.000000
0.000000
0.000000
0.000000
0.000000
0.000000
0.000000
0.000000
0.000000
0.000000
0.000000
0.000000
0.000000
0.000000
0.000000
0.000000
0.000000
