0.000000
2.438116
7.269265
37.607042
118.704183
274.209602
605.243107
1244.172118
2148.815356
3280.499637
5072.446972
7239.768703
10009.066130
13430.817093
17279.537940
21526.599181
26500.115811
31727.959653
37376.486071
43117.898787
48434.573885
54256.856996
59543.923605
64882.144908
69931.728080
74680.951412
78900.650168
82915.820832
86591.881616
89758.030467
92609.941226
94744.882789
96577.323199
98187.046528
99190.120271
99870.797778
100324.946813
100786.478246
100911.825038
100531.318140
99651.437451
99084.923108
98294.851102
97189.181381
96095.807707
94655.408842
93103.823104
91626.883699
90106.071496
88868.274719
86963.616545
85446.547710
83848.564322
82271.653176
80619.009724
79163.428967
77466.427878
76021.234455
74343.846570
72640.377498
71347.835606
70003.258428
68832.499719
67703.959148
66491.510992
65382.659581
64318.809967
63293.240028
62145.706554
61000.697486
59994.819278
58825.783385
57750.236504
56726.827423
55970.945010
54999.978342
54166.961554
53471.814237
52668.497949
51751.982841
50991.322158
50325.458461
49530.485500
48706.636879
48196.206791
47544.288751
46836.567512
46084.282418
45401.248872
44791.014316
44111.846393
43620.917070
42873.193744
42429.920859
41997.197014
41496.806454
40921.597275
40499.203564
40079.958505
39654.057456
39258.549234
38839.305831
38445.742572
38126.652801
37798.693761
37521.301754
37271.029803
37010.051356
36675.360386
36368.809856
36033.935803
35692.245440
35413.971538
35117.134853
34890.574072
34716.790997
34594.385601
34412.238278
34230.234675
33999.240176
33790.903564
33578.512417
33416.820066
33143.388519
32939.276406
32766.137945
32680.447882
32572.669034
32371.343487
32302.721455
32087.134529
31862.535179
31702.195132
31566.722198
31541.141927
31371.175439
31207.316835
30990.764078
30869.674320
30685.122912
30512.023442
30334.462883
30172.189362
30028.283482
29824.311308
29801.998959
29818.674383
29686.909809
29607.381190
29505.964344
29459.607646
29231.873918
29044.627437
28995.521586
28821.392301
28745.102068
28558.205399
28411.404637
28289.234213
28135.433837
27894.369689
27779.035805
27611.367784
27451.087589
27420.197547
27350.411417
27220.253667
27119.030743
27026.396397
26933.734335
26724.170422
26523.042624
26392.189673
26250.235595
26165.301649
26034.162569
25797.799011
25612.807497
25398.316512
25254.868713
25037.885191
24862.256687
24704.943316
24644.166489
24479.875777
24283.373486
24195.127095
24054.170395
23880.763480
23786.786607
23600.898515
23399.052544
23198.504551
22941.984578
22702.778564
22458.237120
22388.125882
22086.675267
21963.520370
21748.539336
21532.501406
21396.073949
21278.454475
21090.688699
20844.237718
20607.073452
20396.114640
20189.824043
19954.536920
19847.857409
19586.711543
19363.116763
19151.766728
18951.555950
18770.118623
18505.971077
18294.209253
18110.534145
17862.262816
17711.642910
17497.259665
17223.029085
17035.784995
16833.637546
16599.466942
16410.210524
16227.905808
15959.616063
15734.854108
15482.078036
15256.413342
15029.977120
14806.177393
14619.140758
14427.454193
14214.486003
14044.072689
13848.716492
13654.537158
13428.213230
13254.509149
13023.028811
12833.072895
12579.236374
12415.484784
12241.011314
12051.460432
11827.087970
11660.589339
11438.528259
11218.712264
11011.471229
10778.842354
10550.303256
10359.806697
10202.344347
9977.181294
9737.096724
9543.207994
9351.066758
9160.018311
8968.010682
8763.183495
8542.334455
8367.382548
8231.319095
8079.616420
7915.947447
7737.788393
7552.351550
7354.316082
7182.490159
7033.581620
6875.976979
6680.589374
6597.452362
6458.235144
6318.899145
6141.443389
5993.718294
5843.878354
5687.980115
5532.379188
5393.765310
5283.351537
5164.751673
5020.048620
4871.198053
4762.874639
4645.592371
4511.682571
4361.725831
4233.081258
4109.833628
3994.583850
3873.767485
3761.302237
3660.517795
3563.850123
3441.692356
3333.809898
3242.413603
3149.527029
3055.493918
2964.722944
2866.221866
2765.872009
2680.426592
2581.297365
2499.116517
2407.223749
2325.466036
2267.421019
2189.485483
2123.195564
2030.963616
1967.830495
1909.091558
1847.768313
1779.176253
1729.153749
1656.712705
1596.872311
1542.615479
1486.611202
1442.027741
1402.807386
1362.157128
1299.126035
1258.197731
1220.431573
1178.173646
1129.836591
1092.736304
1037.494075
1005.744365
978.625295
938.089211
901.882143
881.637276
845.083572
809.694015
773.759321
731.908808
701.101861
675.993387
652.223739
620.109777
594.642093
556.904133
534.894019
507.642396
496.641141
483.781305
465.736245
445.383375
424.977558
404.437985
392.014445
380.928440
358.919813
344.048511
330.561664
318.490596
299.954554
285.203445
273.061795
261.850587
249.022382
233.260552
222.695725
213.273019
205.032929
198.480038
191.534421
179.841385
173.095227
167.249077
164.416516
158.624046
148.890943
142.721530
142.102061
132.510359
127.649447
121.739323
109.318163
103.160064
98.587325
91.470667
83.153915
82.888597
78.078773
74.560582
70.600925
69.006588
64.144281
62.879975
58.874468
54.331456
51.894410
47.924481
44.865203
42.614613
41.241532
40.208863
38.299794
34.826313
31.374593
29.407711
27.980633
25.746083
24.852507
22.778234
22.450704
21.778802
20.454431
18.874452
18.949077
19.338453
17.355457
17.434659
14.483540
14.019367
12.187913
12.622595
11.738759
10.606062
10.527476
10.357664
9.703125
9.204708
7.774582
6.551218
5.973805
5.623321
5.096894
4.681041
4.166242
3.483567
3.848733
3.799539
3.480378
2.995105
2.939283
3.166217
1.991709
1.579928
2.108619
2.507954
2.288412
2.002375
2.049391
1.747595
1.834119
1.821106
1.660608
1.190427
1.237310
0.897067
0.793501
0.570645
0.623878
0.446209
0.465933
0.328359
0.329691
0.234903
0.184457
0.160820
0.026927
0.000000
0.000000
0.000000
0.000000
0.000000
0.000000
0.000000
0.000000
0.000000
0.000000
0.000000
0.000000
0.000000
0.000000
0.000000
0.000000
0.000000
0.000000
0.000000
0.000000
0.000000
0.000000
0.000000
0.000000
0.000000
0.000000
0.000000
0.000000
0.000000
0.000000
0.000000
0.000000
0.000000
0.000000
0.000000
0.000000
0.000000
0.000000
0.000000
0.000000
0.000000
0.000000
0.000000
0.000000
0.000000
0.000000
0.000000
0.000000
0.000000
0.000000
0.000000
0.000000
0.000000
0.000000
0.000000
0.000000
0.000000
0.000000
0.000000
0.000000
0.000000
0.000000
0.000000
0.000000
0.000000
0.000000
0.000000
0.000000
0.000000
0.000000
0.000000
0.000000
0.000000
0.000000
0.000000
0.000000
0.000000
0.000000
0.000000
0.000000
0.000000
0.000000
0.000000
0.000000
0.000000
0.000000
0.000000
0.000000
0.000000
0.000000
0.000000
0.000000
0.000000
0.000000
0.000000
0.000000
0.000000
0.000000
0.000000
0.000000
0.000000
0.000000
0.000000
0.000000
0.000000
0.000000
0.000000
0.000000
0.000000
0.000000
0.000000
0.000000
0.000000
0.000000
0.000000
0.000000
0.000000
0.000000
0.000000
0.000000
0.000000
0.000000
0.000000
0.000000
0.000000
0.000000
0.000000
0.000000
0.000000
0.000000
0.000000
0.000000
0.000000
0.000000
0.000000
0.000000
0.000000
0.000000
0.000000
0.000000
0.000000
0.000000
0.000000
0.000000
0.000000
0.000000
0.000000
0.000000
0.000000
0.000000
0.000000
0.000000
0.000000
0.000000
0.000000
0.000000
0.000000
0.000000
0.000000
0.000000
0.000000
0.000000
0.000000
0.000000
0.000000
0.000000
0.000000
0.000000
0.000000
0.000000
0.000000
0.000000
0.000000
0.000000
0.000000
0.000000
0.000000
0.000000
0.000000
0.000000
0.000000
0.000000
0.000000
0.000000
0.000000
0.000000
0.000000
0.000000
0.000000
0.000000
0.000000
0.000000
0.000000
0.000000
0.000000
0.000000
0.000000
0.000000
0.000000
0.000000
0.000000
0.000000
0.000000
0.000000
0.000000
0.000000
0.000000
0.000000
0.000000
0.000000
0.000000
0.000000
0.000000
0.000000
0.000000
0.000000
0.000000
0.000000
0.000000
0.000000
0.000000
0.000000
0.000000
0.000000
0.000000
0.000000
0.000000
0.000000
0.000000
0.000000
0.000000
0.000000
0.000000
0.000000
0.000000
0.000000
0.000000
0.000000
0.000000
0.000000
0.000000
0.000000
0.000000
0.000000
0.000000
0.000000
0.000000
0.000000
0.000000
0.000000
0.000000
0.000000
0.000000
0.000000
0.000000
0.000000
0.000000
0.000000
0.000000
0.000000
0.000000
0.000000
0.000000
0.000000
0.000000
0.000000
0.000000
0.000000
0.000000
0.000000
0.000000
0.000000
0.000000
0.000000
0.000000
0.000000
0.000000
0.000000
0.000000
0.000000
0.000000
0.000000
0.000000
0.000000
0.000000
0.000000
0.000000
0.000000
0.000000
0.000000
0.000000
0.000000
0.000000
0.000000
0.000000
0.000000
0.000000
0.000000
0.000000
0.000000
0.000000
0.000000
0.000000
0.000000
0.000000
0.000000
0.000000
0.000000
0.000000
0.000000
0.000000
0.000000
0.000000
0.000000
0.000000
0.000000
0.000000
0.000000
0.000000
0.000000
0.000000
0.000000
0.000000
0.000000
0.000000
0.000000
0.000000
0.000000
0.000000
0.000000
0.000000
0.000000
0.000000
0.000000
0.000000
0.000000
0.000000
0.000000
0.000000
0.000000
0.000000
0.000000
0.000000
0.000000
0.000000
0.000000
0.000000
0.000000
0.000000
0.000000
0.000000
0.000000
0.000000
0.000000
0.000000
0.000000
0.000000
0.000000
0.000000
0.000000
0.000000
0.000000
0.000000
0.000000
0.000000
0.000000
0.000000
0.000000
0.000000
0.000000
0.000000
0.000000
0.000000
0.000000
0.000000
0.000000
0.000000
0.000000
0.000000
0.000000
0.000000
0.000000
0.000000
0.000000
0.000000
0.000000
0.000000
0.000000
0.000000
0.000000
0.000000
0.000000
0.000000
0.000000
0.000000
0.000000
0.000000
0.000000
0.000000
0.000000
0.000000
0.000000
0.000000
0.000000
0.000000
0.000000
0.000000
0.000000
0.000000
0.000000
0.000000
0.000000
0.000000
0.000000
0.000000
0.000000
0.000000
0.000000
0.000000
0.000000
0.000000
0.000000
0.000000
0.000000
0.000000
0.000000
0.000000
0.000000
0.000000
0.000000
0.000000
0.000000
0.000000
0.000000
0.000000
0.000000
0.000000
0.000000
0.000000
0.000000
0.000000
0.000000
0.000000
0.000000
0.000000
0.000000
0.000000
0.000000
0.000000
0.000000
0.000000
0.000000
0.000000
0.000000
0.000000
0.000000
0.000000
0.000000
0.000000
0.000000
0.000000
0.000000
0.000000
0.000000
0.000000
0.000000
0.000000
0.000000
0.000000
0.000000
0.000000
0.000000
0.000000
0.000000
0.000000
0.000000
0.000000
0.000000
0.000000
0.000000
0.000000
0.000000
0.000000
0.000000
0.000000
0.000000
0.000000
0.000000
0.000000
0.000000
0.000000
0.000000
0.000000
0.000000
0.000000
0.000000
0.000000
0.000000
0.000000
0.000000
0.000000
0.000000
0.000000
0.000000
0.000000
0.000000
0.000000
0.000000
0.000000
0.000000
0.000000
0.000000
0.000000
0.000000
0.000000
0.000000
0.000000
0.000000
0.000000
0.000000
0.000000
0.000000
0.000000
0.000000
0.000000
0.000000
0.000000
0.000000
0.000000
0.000000
