0.000000
0.000000
0.000000
0.000000
0.000000
0.000000
0.000000
0.000000
0.000000
0.044258
0.235271
0.411244
0.543166
0.681881
1.595610
3.533328
7.280150
10.968955
20.327330
31.199440
53.639209
77.355432
114.566216
164.647798
229.037120
312.697467
430.458797
572.917556
751.984739
978.672055
1271.454446
1608.385758
2003.382334
2484.523874
3060.231789
3755.139280
4546.834455
5437.673522
6450.689896
7572.596263
8843.773237
10264.583213
11822.880932
13518.617800
15379.109047
17388.537352
19523.824314
21842.144026
24375.308084
27046.176681
29762.868474
32689.782800
35732.085032
38921.118922
42192.574560
45595.141540
49111.933697
52605.221245
56153.728140
59811.537940
63453.454026
67160.639953
70890.926554
74560.290453
78179.497387
81785.429880
85456.082548
88968.977098
92416.809407
95814.985986
99131.440293
102295.140146
105339.833338
108184.793895
110979.227304
113635.838865
116129.097152
118449.848149
120748.963220
122786.953015
124617.062814
126260.608624
127765.489757
129064.323612
130257.913511
131207.132408
132185.587868
132929.951008
133373.280325
133779.575261
133991.654934
134168.862559
134044.770950
133699.847964
133323.269955
132880.882828
132271.603309
131533.734066
130548.777105
129593.314910
128439.645912
127258.164760
125976.452260
124606.332456
123084.389405
121474.657352
119731.568990
117925.440943
116068.363869
114191.391389
112212.544523
110226.541308
108177.359077
106109.622257
103982.046260
101816.960607
99609.750317
97427.702380
95246.955068
93036.359639
90744.325524
88498.096570
86329.210671
84114.594278
81878.821402
79735.466177
77566.100773
75362.418340
73258.518053
71143.284097
68989.227922
66849.452900
64802.122532
62784.817841
60790.432684
58865.733262
56904.990989
55018.234526
53204.344454
51362.374044
49567.932916
47768.031582
46062.147717
44360.538143
42759.356445
41191.948561
39660.501736
38108.229913
36641.155101
35239.179116
33869.373720
32519.412225
31217.963391
29956.410500
28730.761984
27553.216399
26403.636685
25292.765244
24223.715369
23170.783935
22142.284892
21186.725047
20234.008218
19341.723501
18474.909364
17592.007232
16789.867834
16033.551901
15306.412887
14589.860327
13883.133028
13218.665970
12567.548344
11969.670144
11374.047175
10820.704112
10289.220071
9786.450089
9293.689371
8835.750597
8372.312762
7928.311604
7516.753542
7124.566232
6748.211207
6387.572576
6051.088729
5738.465685
5431.991914
5154.529320
4884.684765
4617.844732
4360.600350
4125.521840
3903.951091
3682.609844
3477.762577
3275.581823
3083.868800
2905.116732
2743.755969
2584.376203
2440.827597
2294.870300
2162.548994
2037.636834
1911.874909
1800.402082
1691.107411
1595.810675
1498.338721
1402.060924
1311.164449
1229.014897
1153.864993
1081.592850
1011.291371
948.287488
893.811813
836.112149
782.313051
731.184588
684.249872
636.754845
590.413269
552.362522
516.755851
483.558323
448.480609
419.965871
392.237563
367.819346
343.285574
320.068687
297.902019
275.822840
256.877593
239.341000
224.098538
206.787289
194.115148
181.148215
168.509968
157.317641
145.857071
134.315370
122.540806
114.751586
107.381496
99.349377
92.038323
85.398806
79.406981
72.608643
65.568898
60.837056
56.142011
51.939656
48.093970
44.635681
42.068927
38.418085
35.639154
32.801513
30.134076
28.446642
25.777288
23.487126
21.893280
20.396892
18.733445
17.347130
16.150568
14.606541
13.353708
12.794578
11.879058
10.737723
10.165908
9.094225
8.258126
7.117949
6.313778
5.832497
5.173911
4.876679
4.593606
4.118553
3.644074
3.565958
3.145052
2.778453
2.459219
2.147047
1.703315
1.627248
1.456600
1.224243
1.049193
0.922436
0.824917
0.783294
0.662531
0.533928
0.477131
0.479937
0.442874
0.478280
0.428366
0.288788
0.179818
0.235792
0.219779
0.160587
0.146077
0.100669
0.087556
0.046324
0.042365
0.047672
0.062068
0.067530
0.076308
0.120044
0.094437
0.104207
0.095230
0.069123
0.046447
0.045411
0.047127
0.058770
0.049583
0.042553
0.075079
0.100832
0.087083
0.122880
0.132997
0.126119
0.062240
0.073893
0.061102
0.068655
0.052244
0.058579
0.040085
0.020427
0.016710
0.034746
0.058373
0.042974
0.073940
0.042385
0.030729
0.029451
0.026244
0.013252
0.002748
0.000000
0.000000
0.000000
0.000000
0.000000
0.000000
0.000000
0.000000
0.000000
0.000000
0.000000
0.000000
0.000000
0.000000
0.000000
0.000000
0.000000
0.000000
0.000000
0.000000
0.000000
0.000000
0.000000
0.000000
0.000000
0.000000
0.000000
0.000000
0.000000
0.000000
0.000000
0.000000
0.000000
0.000000
0.000000
0.000000
0.000000
0.000000
0.000000
0.000000
0.000000
0.000000
0.000000
0.000000
0.000000
0.000000
0.000000
0.000000
0.000000
0.000000
0.000000
0.000000
0.000000
0.000000
0.000000
0.000000
0.000000
0.000000
0.000000
0.000000
0.000000
0.000000
0.000000
0.000000
0.000000
0.000000
0.000000
0.000000
0.000000
0.000000
0.000000
0.000000
0.000000
0.000000
0.000000
0.000000
0.000000
0.000000
0.000000
0.000000
0.000000
0.000000
0.000000
0.000000
0.000000
0.000000
0.000000
0.000000
0.000000
0.000000
0.000000
0.000000
0.000000
0.000000
0.000000
0.000000
0.000000
0.000000
0.000000
0.000000
0.000000
0.000000
0.000000
0.000000
0.000000
0.000000
0.000000
0.000000
0.000000
0.000000
0.000000
0.000000
0.000000
0.000000
0.000000
0.000000
0.000000
0.000000
0.000000
0.000000
0.000000
0.000000
0.000000
0.000000
0.000000
0.000000
0.000000
0.000000
0.000000
0.000000
0.000000
0.000000
0.000000
0.000000
0.000000
0.000000
0.000000
0.000000
0.000000
0.000000
0.000000
0.000000
0.000000
0.000000
0.000000
0.000000
0.000000
0.000000
0.000000
0.000000
0.000000
0.000000
0.000000
0.000000
0.000000
0.000000
0.000000
0.000000
0.000000
0.000000
0.000000
0.000000
0.000000
0.000000
0.000000
0.000000
0.000000
0.000000
0.000000
0.000000
0.000000
0.000000
0.000000
0.000000
0.000000
0.000000
0.000000
0.000000
0.000000
0.000000
0.000000
0.000000
0.000000
0.000000
0.000000
0.000000
0.000000
0.000000
0.000000
0.000000
0.000000
0.000000
0.000000
0.000000
0.000000
0.000000
0.000000
0.000000
0.000000
0.000000
0.000000
0.000000
0.000000
0.000000
0.000000
0.000000
0.000000
0.000000
0.000000
0.000000
0.000000
0.000000
0.000000
0.000000
0.000000
0.000000
0.000000
0.000000
0.000000
0.000000
0.000000
0.000000
0.000000
0.000000
0.000000
0.000000
0.000000
0.000000
0.000000
0.000000
0.000000
0.000000
0.000000
0.000000
0.000000
0.000000
0.000000
0.000000
0.000000
0.000000
0.000000
0.000000
0.000000
0.000000
0.000000
0.000000
0.000000
0.000000
0.000000
0.000000
0.000000
0.000000
0.000000
0.000000
0.000000
0.000000
0.000000
0.000000
0.000000
0.000000
0.000000
0.000000
0.000000
0.000000
0.000000
0.000000
0.000000
0.000000
0.000000
0.000000
0.000000
0.000000
0.000000
0.000000
0.000000
0.000000
0.000000
0.000000
0.000000
0.000000
0.000000
0.000000
0.000000
0.000000
0.000000
0.000000
0.000000
0.000000
0.000000
0.000000
0.000000
0.000000
0.000000
0.000000
0.000000
0.000000
0.000000
0.000000
0.000000
0.000000
0.000000
0.000000
0.000000
0.000000
0.000000
0.000000
0.000000
0.000000
0.000000
0.000000
0.000000
0.000000
0.000000
0.000000
0.000000
0.000000
0.000000
0.000000
0.000000
0.000000
0.000000
0.000000
0.000000
0.000000
0.000000
0.000000
0.000000
0.000000
0.000000
0.000000
0.000000
0.000000
0.000000
0.000000
0.000000
0.000000
0.000000
0.000000
0.000000
0.000000
0.000000
0.000000
0.000000
0.000000
0.000000
0.000000
0.000000
0.000000
0.000000
0.000000
0.000000
0.000000
0.000000
0.000000
0.000000
0.000000
0.000000
0.000000
0.000000
0.000000
0.000000
0.000000
0.000000
0.000000
0.000000
0.000000
0.000000
0.000000
0.000000
0.000000
0.000000
0.000000
0.000000
0.000000
0.000000
0.000000
0.000000
0.000000
0.000000
0.000000
0.000000
0.000000
0.000000
0.000000
0.000000
0.000000
0.000000
0.000000
0.000000
0.000000
0.000000
0.000000
0.000000
0.000000
0.000000
0.000000
0.000000
0.000000
0.000000
0.000000
0.000000
0.000000
0.000000
0.000000
0.000000
0.000000
0.000000
0.000000
0.000000
0.000000
0.000000
0.000000
0.000000
0.000000
0.000000
0.000000
0.000000
0.000000
0.000000
0.000000
0.000000
0.000000
0.000000
0.000000
0.000000
0.000000
0.000000
0.000000
0.000000
0.000000
0.000000
0.000000
0.000000
0.000000
0.000000
0.000000
0.000000
0.000000
0.000000
0.000000
0.000000
0.000000
0.000000
0.000000
0.000000
0.000000
0.000000
0.000000
0.000000
0.000000
0.000000
0.000000
0.000000
0.000000
0.000000
0.000000
0.000000
0.000000
0.000000
0.000000
0.000000
0.000000
0.000000
0.000000
0.000000
0.000000
0.000000
0.000000
0.000000
0.000000
0.000000
0.000000
0.000000
0.000000
0.000000
0.000000
0.000000
0.000000
0.000000
0.000000
0.000000
0.000000
0.000000
0.000000
0.000000
0.000000
0.000000
0.000000
0.000000
0.000000
0.000000
0.000000
0.000000
0.000000
0.000000
0.000000
0.000000
0.000000
0.000000
0.000000
0.000000
0.000000
0.000000
0.000000
0.000000
0.000000
0.000000
0.000000
0.000000
0.000000
0.000000
0.000000
0.000000
0.000000
0.000000
0.000000
0.000000
0.000000
0.000000
0.000000
0.000000
0.000000
0.000000
0.000000
0.000000
0.000000
0.000000
0.000000
0.000000
0.000000
0.000000
0.000000
0.000000
0.000000
0.000000
0.000000
0.000000
0.000000
0.000000
0.000000
0.000000
0.000000
0.000000
0.000000
0.000000
0.000000
0.000000
0.000000
0.000000
0.000000
0.000000
0.000000
0.000000
0.000000
0.000000
0.000000
0.000000
0.000000
0.000000
0.000000
0.000000
0.000000
0.000000
0.000000
0.000000
0.000000
0.000000
0.000000
0.000000
0.000000
0.000000
0.000000
0.000000
0.000000
0.000000
0.000000
0.000000
0.000000
0.000000
0.000000
0.000000
0.000000
0.000000
0.000000
0.000000
0.000000
0.000000
0.000000
0.000000
0.000000
0.000000
0.000000
0.000000
0.000000
0.000000
0.000000
0.000000
0.000000
0.000000
0.000000
0.000000
0.000000
0.000000
0.000000
0.000000
0.000000
0.000000
0.000000
0.000000
0.000000
0.000000
0.000000
0.000000
0.000000
0.000000
0.000000
0.000000
0.000000
0.000000
0.000000
0.000000
0.000000
0.000000
0.000000
0.000000
0.000000
0.000000
0.000000
0.000000
0.000000
0.000000
0.000000
0.000000
0.000000
0.000000
0.000000
0.000000
0.000000
0.000000
0.000000
0.000000
0.000000
