40.792479
342.834679
1585.066794
5091.228309
12593.805245
26235.581482
47254.926450
76157.929493
112291.753647
153312.314106
197001.436124
240499.221372
281081.441302
316525.351269
345413.883014
365951.423537
378991.061306
384174.975431
382100.635691
375461.043719
364078.442544
348797.678529
331173.430415
312142.934518
292089.887057
271765.157215
251608.248749
231686.936204
212800.665092
194887.747929
178030.619118
162545.593257
148188.166524
134885.784958
122604.914216
111614.863977
101673.798387
92519.747400
84359.659112
76888.865091
70103.776267
64111.652447
58680.379728
53682.435606
49240.575045
45176.318883
41552.919092
38234.067994
35285.614058
32657.163583
30163.304415
27972.172189
25945.673379
24110.948369
22453.101423
20964.500623
19596.152364
18353.483709
17233.149505
16200.502465
15244.778723
14377.877914
13599.690420
12851.410789
12210.181928
11618.053253
11048.119338
10551.423493
10080.757995
9647.835378
9218.038395
8828.612052
8486.601507
8121.503655
7816.399020
7519.420863
7250.113667
7016.409685
6773.681110
6560.017526
6346.241529
6159.637865
5979.318765
5802.848012
5664.617679
5543.987444
5421.052534
5283.629189
5146.487906
5037.525060
4922.524192
4813.352633
4722.120028
4634.881364
4555.023705
4498.699740
4443.257457
4380.597379
4319.528476
4273.093527
4219.499199
4173.676580
4142.115961
4101.049571
4062.520143
4020.930663
3992.782951
3978.183533
3964.730685
3954.065587
3939.074391
3922.926358
3905.751680
3904.409786
3901.697973
3895.276125
3885.420637
3890.179147
3886.542485
3889.529980
3898.149150
3921.086385
3937.345112
3952.144876
3954.338878
3966.933894
3973.938749
3976.066199
3983.603605
3998.377463
4020.058180
4035.531244
4051.049641
4076.146621
4113.013275
4136.995878
4167.654023
4185.062957
4223.020495
4266.151061
4312.191875
4342.308122
4389.792259
4416.047735
4440.400259
4476.698650
4520.478256
4553.710004
4590.866115
4648.538164
4695.392667
4752.061253
4782.223937
4829.520847
4873.732069
4929.464485
4968.065528
5026.427062
5077.765117
5132.345700
5184.906130
5240.839679
5295.318448
5345.629217
5407.840849
5467.945131
5522.944774
5572.989195
5635.829470
5700.019601
5769.745659
5831.458563
5902.096733
5964.684030
6020.234399
6079.376815
6146.493632
6208.619020
6261.209527
6330.449756
6395.580104
6461.839654
6520.833282
6597.140431
6658.461923
6723.770454
6789.128607
6847.379163
6898.895355
6958.276697
7017.641837
7079.668088
7142.801482
7188.188137
7246.791420
7301.065377
7336.767305
7380.236261
7421.088578
7467.757358
7512.811879
7562.034444
7600.283530
7634.195029
7681.948017
7721.395809
7756.742603
7784.060728
7811.603817
7826.817774
7852.679061
7869.574238
7886.148245
7906.584072
7934.635476
7957.435856
7983.924653
7989.220060
8007.968314
8016.248529
8026.635715
8036.734048
8043.431780
8054.381419
8050.733903
8046.121124
8052.372643
8040.550481
8036.649764
8038.903793
8026.077200
8017.658421
8001.722733
7983.833547
7970.816696
7954.744194
7944.626606
7919.264662
7899.001030
7883.719610
7846.614831
7810.478898
7773.321586
7738.362339
7695.072928
7662.415329
7609.072095
7555.981363
7500.023363
7438.159498
7384.372619
7327.161084
7267.605924
7207.981255
7134.426770
7067.821082
7015.565909
6934.823899
6861.029558
6786.902096
6700.426066
6623.121828
6542.984252
6455.434764
6386.420097
6306.513950
6215.633905
6126.277868
6037.002037
5943.558469
5865.678149
5784.190198
5710.302980
5627.920356
5537.797204
5441.528452
5358.344079
5259.641524
5167.157045
5076.342330
4986.301087
4896.298660
4799.925483
4702.903438
4603.448252
4510.499968
4418.132405
4319.066235
4229.365025
4140.586757
4038.207036
3953.579137
3860.374825
3773.882819
3682.098236
3588.568452
3503.838649
3410.405392
3319.520031
3236.307666
3149.988037
3066.794636
2981.009537
2905.793221
2826.063997
2748.098023
2665.907010
2588.551142
2512.707179
2437.138814
2364.569531
2294.831607
2218.057493
2149.577074
2076.267804
2009.213858
1941.364338
1874.020918
1806.015028
1743.287257
1679.859456
1615.697511
1556.644956
1499.767296
1445.808825
1392.890891
1343.278767
1294.331976
1246.557983
1199.555293
1157.597616
1114.093145
1073.822270
1032.092508
997.591274
961.846259
924.392998
884.419487
848.584482
817.699156
784.276681
751.772672
720.645824
690.334243
660.146172
632.630725
605.280263
580.582662
555.262044
530.831895
503.291673
481.165829
457.246341
435.367220
414.386755
396.577833
375.447768
356.524829
339.098677
323.767902
307.635339
291.871565
277.292942
263.495675
249.945862
236.188534
222.293100
211.432865
199.422460
188.003864
178.213574
166.664405
157.251407
148.349333
141.928480
134.029236
127.132912
120.175570
112.912031
107.195013
99.790238
94.060765
87.362983
82.115896
76.504908
71.779144
68.359894
64.851226
60.523374
56.949741
54.172006
50.750997
47.541679
44.793211
42.012432
38.484556
36.190120
33.083582
31.059055
29.015485
26.644484
24.576614
23.198591
21.987284
20.607625
19.950112
18.841784
17.405563
16.943847
15.868460
15.089623
13.824390
12.875245
11.700796
10.980078
10.059170
9.316173
8.484365
7.941140
7.452563
6.648398
5.999756
5.259388
4.598956
4.269260
3.872085
3.328205
2.999593
2.764607
2.662270
2.482086
2.392663
2.311453
2.206198
1.850127
1.707439
1.541278
1.310948
1.188844
1.074235
0.940382
0.765513
0.677916
0.657198
0.600975
0.540583
0.453664
0.339704
0.376314
0.321135
0.335419
0.342951
0.327450
0.336376
0.330745
0.278369
0.213956
0.205754
0.203566
0.140152
0.091574
0.068284
0.061570
0.048531
0.051976
0.059251
0.059312
0.068026
0.081509
0.052280
0.054305
0.057407
0.062264
0.054756
0.026150
0.026127
0.017362
0.018837
0.008244
0.006001
0.003134
0.002070
0.000000
0.000000
0.000000
0.000000
0.000000
0.000000
0.000000
0.000000
0.000000
0.000000
0.000000
0.000000
0.000000
0.000000
0.000000
0.000000
0.000000
0.000000
0.000000
0.000000
0.000000
0.000000
0.000000
0.000000
0.000000
0.000000
0.000000
0.000000
0.000000
0.000000
0.000000
0.000000
0.000000
0.000000
0.000000
0.000000
0.000000
0.000000
0.000000
0.000000
0.000000
0.000000
0.000000
0.000000
0.000000
0.000000
0.000000
0.000000
0.000000
0.000000
0.000000
0.000000
0.000000
0.000000
0.000000
0.000000
0.000000
0.000000
0.000000
0.000000
0.000000
0.000000
0.000000
0.000000
0.000000
0.000000
0.000000
0.000000
0.000000
0.000000
0.000000
0.000000
0.000000
0.000000
0.000000
0.000000
0.000000
0.000000
0.000000
0.000000
0.000000
0.000000
0.000000
0.000000
0.000000
0.000000
0.000000
0.000000
0.000000
0.000000
0.000000
0.000000
0.000000
0.000000
0.000000
0.000000
0.000000
0.000000
0.000000
0.000000
0.000000
0.000000
0.000000
0.000000
0.000000
0.000000
0.000000
0.000000
0.000000
0.000000
0.000000
0.000000
0.000000
0.000000
0.000000
0.000000
0.000000
0.000000
0.000000
0.000000
0.000000
0.000000
0.000000
0.000000
0.000000
0.000000
0.000000
0.000000
0.000000
0.000000
0.000000
0.000000
0.000000
0.000000
0.000000
0.000000
0.000000
0.000000
0.000000
0.000000
0.000000
0.000000
0.000000
0.000000
0.000000
0.000000
0.000000
0.000000
0.000000
0.000000
0.000000
0.000000
0.000000
0.000000
0.000000
0.000000
0.000000
0.000000
0.000000
0.000000
0.000000
0.000000
0.000000
0.000000
0.000000
0.000000
0.000000
0.000000
0.000000
0.000000
0.000000
0.000000
0.000000
0.000000
0.000000
0.000000
0.000000
0.000000
0.000000
0.000000
0.000000
0.000000
0.000000
0.000000
0.000000
0.000000
0.000000
0.000000
0.000000
0.000000
0.000000
0.000000
0.000000
0.000000
0.000000
0.000000
0.000000
0.000000
0.000000
0.000000
0.000000
0.000000
0.000000
0.000000
0.000000
0.000000
0.000000
0.000000
0.000000
0.000000
0.000000
0.000000
0.000000
0.000000
0.000000
0.000000
0.000000
0.000000
0.000000
0.000000
0.000000
0.000000
0.000000
0.000000
0.000000
0.000000
0.000000
0.000000
0.000000
0.000000
0.000000
0.000000
0.000000
0.000000
0.000000
0.000000
0.000000
0.000000
0.000000
0.000000
0.000000
0.000000
0.000000
0.000000
0.000000
0.000000
0.000000
0.000000
0.000000
0.000000
0.000000
0.000000
0.000000
0.000000
0.000000
0.000000
0.000000
0.000000
0.000000
0.000000
0.000000
0.000000
0.000000
0.000000
0.000000
0.000000
0.000000
0.000000
0.000000
0.000000
0.000000
0.000000
0.000000
0.000000
0.000000
0.000000
0.000000
0.000000
0.000000
0.000000
0.000000
0.000000
0.000000
0.000000
0.000000
0.000000
0.000000
0.000000
0.000000
0.000000
0.000000
0.000000
0.000000
0.000000
0.000000
0.000000
0.000000
0.000000
0.000000
0.000000
0.000000
0.000000
0.000000
0.000000
0.000000
0.000000
0.000000
0.000000
0.000000
0.000000
0.000000
0.000000
0.000000
0.000000
0.000000
0.000000
0.000000
0.000000
0.000000
0.000000
0.000000
0.000000
0.000000
0.000000
0.000000
0.000000
0.000000
0.000000
0.000000
0.000000
0.000000
0.000000
0.000000
0.000000
0.000000
0.000000
0.000000
0.000000
0.000000
0.000000
0.000000
0.000000
0.000000
0.000000
0.000000
0.000000
0.000000
0.000000
0.000000
0.000000
0.000000
0.000000
0.000000
0.000000
0.000000
0.000000
0.000000
0.000000
0.000000
0.000000
0.000000
0.000000
0.000000
0.000000
0.000000
0.000000
0.000000
0.000000
0.000000
0.000000
0.000000
0.000000
0.000000
0.000000
0.000000
0.000000
0.000000
0.000000
0.000000
0.000000
0.000000
0.000000
0.000000
0.000000
0.000000
0.000000
0.000000
0.000000
0.000000
0.000000
0.000000
0.000000
0.000000
0.000000
0.000000
0.000000
0.000000
0.000000
0.000000
0.000000
0.000000
0.000000
0.000000
0.000000
0.000000
0.000000
0.000000
0.000000
0.000000
0.000000
0.000000
0.000000
0.000000
0.000000
0.000000
0.000000
0.000000
0.000000
0.000000
0.000000
0.000000
0.000000
0.000000
0.000000
0.000000
0.000000
0.000000
0.000000
0.000000
0.000000
0.000000
0.000000
0.000000
0.000000
0.000000
0.000000
0.000000
0.000000
0.000000
0.000000
0.000000
0.000000
0.000000
0.000000
0.000000
0.000000
0.000000
0.000000
0.000000
0.000000
0.000000
0.000000
0.000000
0.000000
0.000000
0.000000
0.000000
0.000000
0.000000
0.000000
0.000000
0.000000
0.000000
0.000000
0.000000
0.000000
0.000000
0.000000
0.000000
0.000000
0.000000
0.000000
0.000000
0.000000
0.000000
0.000000
0.000000
0.000000
0.000000
0.000000
0.000000
0.000000
0.000000
0.000000
0.000000
0.000000
0.000000
0.000000
0.000000
0.000000
0.000000
0.000000
0.000000
0.000000
0.000000
0.000000
0.000000
0.000000
0.000000
0.000000
0.000000
0.000000
0.000000
0.000000
0.000000
0.000000
0.000000
0.000000
0.000000
0.000000
0.000000
0.000000
0.000000
0.000000
0.000000
0.000000
0.000000
0.000000
0.000000
