0.000000
0.000000
0.000000
0.000000
0.000000
0.000000
0.000000
0.000000
0.000000
0.000000
0.000000
0.000000
0.000000
0.000000
0.000000
0.000000
0.000000
0.000000
0.000000
0.000000
0.000000
0.000000
0.000139
0.000000
0.000426
0.000743
0.025843
0.049256
0.128164
0.198375
0.419338
0.694450
1.205440
2.256040
3.516519
6.068377
9.233338
15.294593
23.034818
36.053229
53.681921
81.589295
119.296802
175.618813
248.544847
350.943859
486.686160
671.373514
910.439259
1219.372446
1612.126507
2108.192425
2729.245404
3492.677598
4435.881753
5563.884254
6916.082265
8512.068121
10392.870876
12561.853011
15070.798031
17934.313428
21186.131398
24827.165334
28876.523873
33378.836108
38279.062527
43642.030530
49423.054325
55626.016880
62229.817564
69201.606612
76509.628683
84134.480829
92035.209576
100157.015999
108411.149457
116840.739079
125242.767289
133684.187150
142011.151992
150234.723201
158220.819616
166005.271194
173429.136083
180518.803744
187142.393629
193338.601409
198983.859702
204069.230666
208554.347293
212456.455659
215703.028415
218304.606190
220182.839654
221450.553699
222017.357121
221920.114731
221187.049103
219803.811461
217828.023009
215274.557996
212147.598735
208526.717949
204393.232221
199829.950835
194832.260743
189465.424877
183797.299053
177801.385077
171608.411689
165197.129873
158636.828568
151953.255724
145177.582946
138404.093210
131565.619458
124815.143330
118092.697766
111465.702564
104940.344547
98578.170325
92343.280825
86336.839631
80485.549430
74889.136359
69482.717411
64328.263497
59384.747861
54720.101395
50266.594194
46081.613946
42130.809535
38434.848737
34959.801947
31729.482283
28721.076475
25936.803247
23374.042671
20997.436424
18823.237174
16828.654042
15010.529433
13354.014477
11854.610054
10492.589082
9259.533874
8159.687246
7165.596060
6280.295762
5491.370053
4786.106480
4161.079076
3603.916429
3118.642874
2689.396730
2312.366469
1982.102512
1695.968098
1447.277234
1230.422516
1044.548610
885.933718
747.527379
629.634833
528.427474
442.915299
368.711735
307.537031
254.979663
211.206029
174.559020
143.465693
118.208412
95.853273
78.719056
63.652792
51.914963
41.602173
33.859735
26.935175
21.871202
17.104813
13.807493
10.849624
8.728318
6.739770
5.306207
4.192281
3.238626
2.537256
1.981214
1.493264
1.165359
0.886113
0.694961
0.508889
0.380644
0.283469
0.202844
0.155724
0.115102
0.078913
0.062793
0.040327
0.030330
0.020651
0.014194
0.011526
0.007245
0.007566
0.006851
0.003553
0.004284
0.002997
0.001232
0.001516
0.000794
0.000505
0.000000
0.000028
0.000000
0.000000
0.000000
0.000000
0.000000
0.000000
0.000000
0.000000
0.000000
0.000000
0.000000
0.000000
0.000000
0.000000
0.000000
0.000000
0.000000
0.000000
0.000000
0.000000
0.000000
0.000000
0.000000
0.000000
0.000000
0.000000
0.000000
0.000000
0.000000
0.000000
0.000000
0.000000
0.000000
0.000000
0.000000
0.000000
0.000000
0.000000
0.000000
0.000000
0.000000
0.000000
0.000000
0.000000
0.000000
0.000000
0.000000
0.000000
0.000000
0.000000
0.000000
0.000000
0.000000
0.000000
0.000000
0.000000
0.000000
0.000000
0.000000
0.000000
0.000000
0.000000
0.000000
0.000000
0.000000
0.000000
0.000000
0.000000
0.000000
0.000000
0.000000
0.000000
0.000000
0.000000
0.000000
0.000000
0.000000
0.000000
0.000000
0.000000
0.000000
0.000000
0.000000
0.000000
0.000000
0.000000
0.000000
0.000000
0.000000
0.000000
0.000000
0.000000
0.000000
0.000000
0.000000
0.000000
0.000000
0.000000
0.000000
0.000000
0.000000
0.000000
0.000000
0.000000
0.000000
0.000000
0.000000
0.000000
0.000000
0.000000
0.000000
0.000000
0.000000
0.000000
0.000000
0.000000
0.000000
0.000000
0.000000
0.000000
0.000000
0.000000
0.000000
0.000000
0.000000
0.000000
0.000000
0.000000
0.000000
0.000000
0.000000
0.000000
0.000000
0.000000
0.000000
0.000000
0.000000
0.000000
0.000000
0.000000
0.000000
0.000000
0.000000
0.000000
0.000000
0.000000
0.000000
0.000000
0.000000
0.000000
0.000000
0.000000
0.000000
0.000000
0.000000
0.000000
0.000000
0.000000
0.000000
0.000000
0.000000
0.000000
0.000000
0.000000
0.000000
0.000000
0.000000
0.000000
0.000000
0.000000
0.000000
0.000000
0.000000
0.000000
0.000000
0.000000
0.000000
0.000000
0.000000
0.000000
0.000000
0.000000
0.000000
0.000000
0.000000
0.000000
0.000000
0.000000
0.000000
0.000000
0.000000
0.000000
0.000000
0.000000
0.000000
0.000000
0.000000
0.000000
0.000000
0.000000
0.000000
0.000000
0.000000
0.000000
0.000000
0.000000
0.000000
0.000000
0.000000
0.000000
0.000000
0.000000
0.000000
0.000000
0.000000
0.000000
0.000000
0.000000
0.000000
0.000000
0.000000
0.000000
0.000000
0.000000
0.000000
0.000000
0.000000
0.000000
0.000000
0.000000
0.000000
0.000000
0.000000
0.000000
0.000000
0.000000
0.000000
0.000000
0.000000
0.000000
0.000000
0.000000
0.000000
0.000000
0.000000
0.000000
0.000000
0.000000
0.000000
0.000000
0.000000
0.000000
0.000000
0.000000
0.000000
0.000000
0.000000
0.000000
0.000000
0.000000
0.000000
0.000000
0.000000
0.000000
0.000000
0.000000
0.000000
0.000000
0.000000
0.000000
0.000000
0.000000
0.000000
0.000000
0.000000
0.000000
0.000000
0.000000
0.000000
0.000000
