339.545193
1875.392362
5857.606567
13860.675112
27230.557064
46832.622271
72901.712849
104747.948149
140857.142070
179667.610658
218957.458708
257052.022108
291987.715839
322217.082863
346816.903219
365176.844816
377261.178531
383260.689501
383545.379402
378721.170224
369649.784614
357020.122122
341587.379123
324167.138725
305408.692838
285889.600079
266151.144092
246474.163603
227248.620347
208729.764925
191096.262586
174346.656787
158741.458335
144267.353693
130897.438225
118581.480511
107318.540080
97033.581494
87683.413370
79219.251474
71575.657515
64686.600738
58462.824816
52881.403894
47892.455986
43374.833930
39328.877251
35701.316377
32444.991124
29539.674906
26919.950157
24567.967513
22458.591354
20539.462060
18840.256752
17310.244899
15918.065418
14661.883005
13519.266657
12490.980447
11572.420769
10739.205388
9993.613046
9305.734756
8676.106901
8100.093288
7570.532425
7097.117991
6666.074234
6268.705656
5903.126506
5572.000415
5275.288405
4994.423923
4747.445754
4515.443227
4299.384409
4103.341551
3923.794426
3756.247525
3604.696602
3463.100090
3333.764397
3215.700173
3104.107139
3009.845736
2914.511404
2830.814751
2751.220788
2678.401742
2612.115903
2547.181326
2488.928953
2437.322596
2388.474157
2347.019320
2308.717334
2277.965482
2251.209705
2222.741352
2199.337337
2176.876902
2153.005904
2138.405176
2125.286839
2117.738200
2104.685997
2094.835205
2087.655895
2081.162391
2081.549770
2079.325808
2080.940816
2082.418652
2085.397288
2089.515729
2098.044854
2105.412819
2116.511194
2132.934217
2150.688791
2164.561480
2180.747943
2199.088800
2216.432170
2237.513518
2261.060972
2285.569605
2307.363700
2331.879377
2357.433975
2385.402968
2414.965807
2446.525022
2476.622145
2511.936276
2547.002449
2581.736694
2618.711830
2660.663744
2700.037755
2740.394326
2783.479693
2828.369315
2877.019183
2925.514614
2973.494517
3020.676135
3070.616076
3123.524196
3175.083622
3227.160670
3282.757238
3338.272061
3398.624838
3460.128534
3524.972178
3585.399569
3649.122917
3711.725509
3776.461833
3844.452972
3908.973662
3978.388531
4046.316940
4119.672193
4197.252331
4269.426891
4339.570533
4414.773732
4490.326240
4563.518193
4633.578894
4714.958591
4790.706944
4864.600170
4947.067870
5022.029886
5100.613645
5177.939946
5252.648728
5329.573289
5403.443417
5479.950008
5553.159686
5625.546360
5701.085944
5773.288014
5848.143319
5923.627212
5997.151809
6072.236774
6144.116086
6219.920528
6291.147304
6362.552477
6430.137226
6498.586603
6564.076535
6630.493936
6698.085200
6758.999654
6822.112221
6878.842472
6935.801104
6987.043900
7041.753297
7097.927609
7149.098560
7192.768615
7237.777317
7280.502329
7313.789035
7354.645804
7388.713879
7421.657672
7455.380384
7483.122080
7504.085235
7525.094815
7546.288267
7565.107550
7575.176077
7583.711362
7593.137661
7604.309597
7604.108441
7602.744144
7598.145047
7593.620051
7581.744816
7571.270811
7556.233029
7537.268012
7516.179646
7490.023308
7463.933844
7434.170102
7402.783845
7363.709034
7320.633321
7279.999181
7232.395270
7185.687151
7132.645063
7076.449248
7016.894583
6951.857918
6883.584486
6816.294254
6751.562640
6680.894038
6606.782184
6534.018475
6460.041838
6379.362280
6295.683008
6213.976556
6133.114116
6050.390761
5960.089610
5871.442800
5781.770143
5695.055513
5604.763159
5512.749213
5418.088341
5323.912421
5231.741097
5136.492339
5041.715057
4947.195653
4847.749696
4750.700485
4654.057671
4556.157274
4457.731449
4360.864999
4261.434897
4161.969834
4062.591892
3967.177652
3869.278172
3771.548783
3673.051905
3577.019528
3480.799217
3386.387300
3292.683752
3200.897465
3110.564646
3021.200135
2933.616650
2846.014096
2758.742277
2673.529463
2588.364972
2505.011288
2422.121996
2344.148825
2266.895340
2188.477759
2112.280086
2040.190658
1966.013117
1896.522591
1828.152662
1760.742419
1693.414779
1628.856316
1565.622330
1505.007877
1446.381163
1389.903201
1334.504955
1279.248005
1226.435297
1176.062545
1126.604218
1078.085003
1030.343612
986.619826
942.832710
902.058867
861.429725
822.282882
785.226158
748.598431
713.558972
679.218674
647.441678
615.950485
586.258201
557.631008
529.564680
502.654389
477.595078
453.606489
431.264398
407.764932
385.989982
365.474665
344.765826
326.562120
308.978302
291.743940
275.899037
260.161098
245.665484
231.810539
217.951907
205.826277
193.392877
182.327912
171.874446
162.387484
153.130705
143.352137
134.763475
126.602374
118.876179
111.104247
104.147910
97.873832
91.848224
86.117215
80.694473
75.398424
70.586697
65.877143
61.729003
57.691169
53.465994
49.810044
46.606186
43.371948
40.535771
37.917010
35.442908
33.218108
30.888157
28.582045
26.593595
24.773835
23.125421
21.458497
20.058802
18.699681
17.313447
16.083584
14.861399
13.786580
12.589749
11.661010
10.741682
9.859130
9.138476
8.467703
7.836208
7.336929
6.637721
6.220189
5.772839
5.327615
4.968345
4.548518
4.108429
3.795185
3.560773
3.204855
2.908516
2.662605
2.384844
2.284731
2.130223
1.982436
1.791643
1.615156
1.467255
1.349725
1.234288
1.088377
0.992598
0.944347
0.874918
0.803761
0.699845
0.630757
0.617585
0.577045
0.520613
0.501577
0.444403
0.403671
0.354273
0.330369
0.316142
0.285303
0.257017
0.233093
0.208979
0.193181
0.174616
0.155744
0.144682
0.127595
0.121118
0.114806
0.124654
0.118271
0.112004
0.093327
0.090950
0.086733
0.075933
0.062418
0.057643
0.041722
0.037127
0.024062
0.018362
0.017947
0.017611
0.013766
0.012715
0.010520
0.009099
0.006323
0.004134
0.004965
0.004305
0.002036
0.000730
0.000750
0.000110
0.000000
0.000000
0.000000
0.000000
0.000000
0.000000
0.000000
0.000000
0.000000
0.000000
0.000000
0.000000
0.000000
0.000000
0.000000
0.000000
0.000000
0.000000
0.000000
0.000000
0.000000
0.000000
0.000000
0.000000
0.000000
0.000000
0.000000
0.000000
0.000000
0.000000
0.000000
0.000000
0.000000
0.000000
0.000000
0.000000
0.000000
0.000000
0.000000
0.000000
0.000000
0.000000
0.000000
0.000000
0.000000
0.000000
0.000000
0.000000
0.000000
0.000000
0.000000
0.000000
0.000000
0.000000
0.000000
0.000000
0.000000
0.000000
0.000000
0.000000
0.000000
0.000000
0.000000
0.000000
0.000000
0.000000
0.000000
0.000000
0.000000
0.000000
0.000000
0.000000
0.000000
0.000000
0.000000
0.000000
0.000000
0.000000
0.000000
0.000000
0.000000
0.000000
0.000000
0.000000
0.000000
0.000000
0.000000
0.000000
0.000000
0.000000
0.000000
0.000000
0.000000
0.000000
0.000000
0.000000
0.000000
0.000000
0.000000
0.000000
0.000000
0.000000
0.000000
0.000000
0.000000
0.000000
0.000000
0.000000
0.000000
0.000000
0.000000
0.000000
0.000000
0.000000
0.000000
0.000000
0.000000
0.000000
0.000000
0.000000
0.000000
0.000000
0.000000
0.000000
0.000000
0.000000
0.000000
0.000000
0.000000
0.000000
0.000000
0.000000
0.000000
0.000000
0.000000
0.000000
0.000000
0.000000
0.000000
0.000000
0.000000
0.000000
0.000000
0.000000
0.000000
0.000000
0.000000
0.000000
0.000000
0.000000
0.000000
0.000000
0.000000
0.000000
0.000000
0.000000
0.000000
0.000000
0.000000
0.000000
0.000000
0.000000
0.000000
0.000000
0.000000
0.000000
0.000000
0.000000
0.000000
0.000000
0.000000
0.000000
0.000000
0.000000
0.000000
0.000000
0.000000
0.000000
0.000000
0.000000
0.000000
0.000000
0.000000
0.000000
0.000000
0.000000
0.000000
0.000000
0.000000
0.000000
0.000000
0.000000
0.000000
0.000000
0.000000
0.000000
0.000000
0.000000
0.000000
0.000000
0.000000
0.000000
0.000000
0.000000
0.000000
0.000000
0.000000
0.000000
0.000000
0.000000
0.000000
0.000000
0.000000
0.000000
0.000000
0.000000
0.000000
0.000000
0.000000
0.000000
0.000000
0.000000
0.000000
0.000000
0.000000
0.000000
0.000000
0.000000
0.000000
0.000000
0.000000
0.000000
0.000000
0.000000
0.000000
0.000000
0.000000
0.000000
0.000000
0.000000
0.000000
0.000000
0.000000
0.000000
0.000000
0.000000
0.000000
0.000000
0.000000
0.000000
0.000000
0.000000
0.000000
0.000000
0.000000
0.000000
0.000000
0.000000
0.000000
0.000000
0.000000
0.000000
0.000000
0.000000
0.000000
0.000000
0.000000
0.000000
0.000000
0.000000
0.000000
0.000000
0.000000
0.000000
0.000000
0.000000
0.000000
0.000000
0.000000
0.000000
0.000000
0.000000
0.000000
0.000000
0.000000
0.000000
0.000000
0.000000
0.000000
0.000000
0.000000
0.000000
0.000000
0.000000
0.000000
0.000000
0.000000
0.000000
0.000000
0.000000
0.000000
0.000000
0.000000
0.000000
0.000000
0.000000
0.000000
0.000000
0.000000
0.000000
0.000000
0.000000
0.000000
0.000000
0.000000
0.000000
0.000000
0.000000
0.000000
0.000000
0.000000
0.000000
0.000000
0.000000
0.000000
0.000000
0.000000
0.000000
0.000000
0.000000
0.000000
0.000000
0.000000
0.000000
0.000000
0.000000
0.000000
0.000000
0.000000
0.000000
0.000000
0.000000
0.000000
0.000000
0.000000
0.000000
0.000000
0.000000
0.000000
0.000000
0.000000
0.000000
0.000000
0.000000
0.000000
0.000000
0.000000
0.000000
0.000000
0.000000
0.000000
0.000000
0.000000
0.000000
0.000000
0.000000
0.000000
0.000000
0.000000
0.000000
0.000000
0.000000
0.000000
0.000000
0.000000
0.000000
0.000000
0.000000
0.000000
0.000000
0.000000
0.000000
0.000000
0.000000
0.000000
0.000000
0.000000
0.000000
0.000000
0.000000
0.000000
0.000000
0.000000
0.000000
0.000000
0.000000
0.000000
0.000000
0.000000
0.000000
0.000000
0.000000
0.000000
0.000000
0.000000
0.000000
0.000000
0.000000
0.000000
0.000000
0.000000
0.000000
0.000000
0.000000
0.000000
0.000000
0.000000
0.000000
0.000000
0.000000
0.000000
0.000000
0.000000
0.000000
0.000000
0.000000
0.000000
0.000000
0.000000
0.000000
0.000000
0.000000
0.000000
0.000000
0.000000
0.000000
0.000000
0.000000
0.000000
0.000000
0.000000
0.000000
0.000000
0.000000
0.000000
0.000000
0.000000
0.000000
0.000000
0.000000
0.000000
0.000000
0.000000
0.000000
0.000000
0.000000
0.000000
0.000000
0.000000
0.000000
0.000000
0.000000
0.000000
0.000000
0.000000
0.000000
0.000000
0.000000
0.000000
0.000000
0.000000
0.000000
0.000000
0.000000
0.000000
0.000000
0.000000
0.000000
0.000000
0.000000
0.000000
0.000000
0.000000
0.000000
0.000000
0.000000
0.000000
0.000000
0.000000
0.000000
0.000000
0.000000
0.000000
0.000000
0.000000
0.000000
0.000000
0.000000
0.000000
0.000000
0.000000
0.000000
0.000000
0.000000
0.000000
0.000000
0.000000
0.000000
0.000000
0.000000
0.000000
0.000000
0.000000
0.000000
0.000000
0.000000
0.000000
0.000000
0.000000
0.000000
0.000000
0.000000
0.000000
0.000000
0.000000
0.000000
