0.000000
0.000000
0.000000
0.000000
0.000000
0.000000
0.000000
0.000000
0.000000
0.000000
0.000000
0.000000
0.000000
0.000000
0.002027
0.014218
0.092598
0.231364
0.454877
1.113247
2.232845
4.288300
7.939409
14.138970
26.146654
44.765403
73.329878
120.153965
189.389346
294.148860
445.719737
661.480503
955.896051
1351.780088
1881.996693
2574.516268
3459.948438
4567.320614
5941.858430
7604.964318
9605.803776
11963.691612
14725.834607
17870.273074
21441.453795
25412.762466
29778.698411
34544.465050
39681.120354
45118.124311
50840.002113
56794.146795
62878.276909
69091.145696
75380.433079
81530.639395
87733.702739
93637.411924
99422.802322
104881.325075
110054.972798
114870.785215
119295.957981
123335.872537
126923.047637
130063.454032
132806.868660
134970.627855
136859.702245
138208.286775
139230.126414
139807.548735
140089.213014
140015.559265
139644.120254
138996.013245
138161.467889
137042.464529
135794.972236
134368.732351
132836.035214
131180.175179
129447.378986
127696.779525
125843.547289
124060.140485
122172.222003
120387.902979
118545.402003
116761.702422
115015.417211
113291.834182
111632.102010
110008.970139
108453.945951
106967.102111
105504.629655
104131.651613
102794.768899
101532.406051
100334.861509
99152.271518
98069.488372
97011.305922
96006.687325
95032.945682
94097.633783
93194.032923
92315.944302
91461.197675
90647.204023
89788.478998
88991.149511
88170.048379
87368.191677
86507.826898
85675.798662
84790.668952
83874.854518
82934.912746
81916.404334
80894.306485
79798.701622
78654.187232
77447.875269
76191.441805
74872.384736
73470.064620
72018.088946
70503.747740
68924.088921
67274.359637
65556.269468
63776.563234
61946.531925
60059.023223
58133.803804
56176.356950
54161.154860
52132.405954
50071.087789
47996.498191
45908.508494
43827.146195
41736.278935
39662.423437
37605.382231
35571.829101
33579.039048
31610.093343
29688.416201
27822.217199
25999.929197
24239.102328
22544.488412
20921.136435
19349.027456
17869.554492
16438.130208
15102.965351
13823.000561
12628.348283
11501.164715
10451.833120
9465.990981
8554.268118
7711.595855
6928.353294
6206.734834
5545.685551
4944.328509
4389.392978
3891.592296
3436.756601
3028.286913
2660.412090
2331.736460
2036.016087
1774.615377
1540.549667
1334.800024
1151.980414
992.395957
850.150818
728.216816
622.542207
529.368590
449.896349
379.720009
320.817306
269.461057
225.516573
188.762820
156.887052
130.590728
107.620191
89.058873
73.180879
60.008562
49.084909
39.940394
32.428933
26.279898
21.006530
17.187295
13.611991
11.015411
8.737112
6.978365
5.466342
4.432706
3.478096
2.709692
2.161220
1.684214
1.339720
1.005311
0.799305
0.608864
0.480035
0.361495
0.264738
0.207094
0.158247
0.118404
0.090448
0.070467
0.052223
0.035163
0.028908
0.020406
0.017020
0.013157
0.007338
0.009152
0.002936
0.003216
0.001062
0.000849
0.000776
0.000287
0.000388
0.000000
0.000000
0.000000
0.000000
0.000000
0.000000
0.000000
0.000000
0.000000
0.000000
0.000000
0.000000
0.000000
0.000000
0.000000
0.000000
0.000000
0.000000
0.000000
0.000000
0.000000
0.000000
0.000000
0.000000
0.000000
0.000000
0.000000
0.000000
0.000000
0.000000
0.000000
0.000000
0.000000
0.000000
0.000000
0.000000
0.000000
0.000000
0.000000
0.000000
0.000000
0.000000
0.000000
0.000000
0.000000
0.000000
0.000000
0.000000
0.000000
0.000000
0.000000
0.000000
0.000000
0.000000
0.000000
0.000000
0.000000
0.000000
0.000000
0.000000
0.000000
0.000000
0.000000
0.000000
0.000000
0.000000
0.000000
0.000000
0.000000
0.000000
0.000000
0.000000
0.000000
0.000000
0.000000
0.000000
0.000000
0.000000
0.000000
0.000000
0.000000
0.000000
0.000000
0.000000
0.000000
0.000000
0.000000
0.000000
0.000000
0.000000
0.000000
0.000000
0.000000
0.000000
0.000000
0.000000
0.000000
0.000000
0.000000
0.000000
0.000000
0.000000
0.000000
0.000000
0.000000
0.000000
0.000000
0.000000
0.000000
0.000000
0.000000
0.000000
0.000000
0.000000
0.000000
0.000000
0.000000
0.000000
0.000000
0.000000
0.000000
0.000000
0.000000
0.000000
0.000000
0.000000
0.000000
0.000000
0.000000
0.000000
0.000000
0.000000
0.000000
0.000000
0.000000
0.000000
0.000000
0.000000
0.000000
0.000000
0.000000
0.000000
0.000000
0.000000
0.000000
0.000000
0.000000
0.000000
0.000000
0.000000
0.000000
0.000000
0.000000
0.000000
0.000000
0.000000
0.000000
0.000000
0.000000
0.000000
0.000000
0.000000
0.000000
0.000000
0.000000
0.000000
0.000000
0.000000
0.000000
0.000000
0.000000
0.000000
0.000000
0.000000
0.000000
0.000000
0.000000
0.000000
0.000000
0.000000
0.000000
0.000000
0.000000
0.000000
0.000000
0.000000
0.000000
0.000000
0.000000
0.000000
0.000000
0.000000
0.000000
0.000000
0.000000
0.000000
0.000000
0.000000
0.000000
0.000000
0.000000
0.000000
0.000000
0.000000
0.000000
0.000000
0.000000
0.000000
0.000000
0.000000
0.000000
0.000000
0.000000
0.000000
0.000000
0.000000
0.000000
0.000000
0.000000
0.000000
0.000000
0.000000
0.000000
0.000000
0.000000
0.000000
0.000000
0.000000
0.000000
0.000000
0.000000
0.000000
0.000000
0.000000
0.000000
0.000000
0.000000
0.000000
0.000000
0.000000
0.000000
0.000000
0.000000
0.000000
0.000000
0.000000
0.000000
0.000000
0.000000
0.000000
0.000000
0.000000
0.000000
0.000000
0.000000
0.000000
0.000000
0.000000
0.000000
