0.000000
0.000000
0.000000
0.000000
0.000000
0.000000
0.000000
0.000000
0.070841
0.488653
1.006148
2.697254
8.638404
22.287318
48.178488
101.531752
206.774546
391.458874
712.411303
1244.449297
2080.785850
3365.035344
5214.033772
7814.491652
11430.606112
16116.558746
22168.193662
29780.052420
38894.839262
49639.152437
61994.464824
75896.600896
91136.671676
107469.780539
124644.021887
142157.626008
159677.593750
176708.935537
193063.621344
208212.857460
221834.535912
233549.527081
243448.596521
251133.988410
256594.516907
259747.011604
260943.054792
260104.061877
257289.533037
252879.889619
246992.464166
239741.751112
231375.987206
222204.862946
212533.937429
202458.648736
191768.409763
181202.405262
170554.858187
160201.067886
149970.580240
140156.435178
130700.370538
121644.095904
113093.804137
105061.389592
97470.551413
90355.605513
83790.375883
77625.484675
71921.952475
66622.690274
61737.891933
57280.175249
53153.437206
49468.086434
46052.781983
42937.063311
40121.820460
37521.851491
35188.897749
33075.607539
31151.090343
29424.924091
27807.828773
26405.313977
25082.359650
23929.826049
22852.143423
21891.880378
21005.200810
20231.327498
19547.405183
18937.916199
18416.605482
17937.741289
17512.367755
17148.068188
16862.321209
16596.785503
16382.023933
16240.092223
16093.783243
16032.428932
16002.016337
16019.773119
16060.528278
16120.462613
16224.556964
16356.499630
16510.246178
16722.547599
16953.888029
17211.524283
17502.567115
17821.368651
18155.970259
18510.913777
18893.008005
19299.263546
19717.554806
20165.028646
20607.986809
21076.664407
21563.486014
22037.031438
22531.122369
23034.272214
23545.141693
24042.043800
24545.739025
25053.147199
25540.182533
26018.198061
26470.252011
26913.585016
27335.703586
27730.501888
28100.703076
28414.925187
28712.968035
28972.938495
29163.511887
29337.644475
29443.962727
29527.457962
29536.781454
29487.486869
29419.184193
29273.151108
29078.449437
28819.558390
28517.785443
28157.192199
27758.913731
27284.972018
26780.339272
26226.100777
25627.503754
24975.467498
24293.305361
23587.297643
22846.671852
22088.437478
21304.300946
20491.850990
19670.066039
18823.912413
17974.614041
17123.392583
16275.660591
15432.052884
14599.382910
13773.556942
12973.576116
12185.650424
11418.299292
10667.086548
9940.220208
9240.240483
8567.336075
7926.755893
7310.603127
6728.323181
6175.795434
5656.188028
5169.493851
4704.382758
4275.500421
3876.555373
3503.683262
3164.317088
2844.535837
2553.247721
2283.896596
2037.706570
1815.812348
1611.310972
1426.360996
1257.648673
1107.500121
976.306598
856.779913
750.473107
653.599277
569.010430
493.538402
427.925924
368.491289
318.154463
273.306995
234.135912
199.814738
169.879015
144.590705
122.815199
103.593774
87.553943
73.990104
62.066134
51.408369
42.980006
35.519135
29.334405
24.178008
20.189079
16.617988
13.504304
11.116389
8.906372
7.385452
5.973570
4.687855
3.880271
3.096099
2.595356
2.178352
1.699849
1.400905
1.144313
0.914935
0.725776
0.596277
0.445372
0.378981
0.285323
0.243439
0.194302
0.172376
0.144714
0.107668
0.070363
0.046130
0.031845
0.022071
0.019376
0.024498
0.019306
0.012182
0.006610
0.004075
0.001647
0.000000
0.000158
0.000000
0.000000
0.000000
0.000000
0.000000
0.000000
0.000000
0.000000
0.000000
0.000000
0.000000
0.000000
0.000000
0.000000
0.000000
0.000000
0.000000
0.000000
0.000000
0.000000
0.000000
0.000000
0.000000
0.000000
0.000000
0.000000
0.000000
0.000000
0.000000
0.000000
0.000000
0.000000
0.000000
0.000000
0.000000
0.000000
0.000000
0.000000
0.000000
0.000000
0.000000
0.000000
0.000000
0.000000
0.000000
0.000000
0.000000
0.000000
0.000000
0.000000
0.000000
0.000000
0.000000
0.000000
0.000000
0.000000
0.000000
0.000000
0.000000
0.000000
0.000000
0.000000
0.000000
0.000000
0.000000
0.000000
0.000000
0.000000
0.000000
0.000000
0.000000
0.000000
0.000000
0.000000
0.000000
0.000000
0.000000
0.000000
0.000000
0.000000
0.000000
0.000000
0.000000
0.000000
0.000000
0.000000
0.000000
0.000000
0.000000
0.000000
0.000000
0.000000
0.000000
0.000000
0.000000
0.000000
0.000000
0.000000
0.000000
0.000000
0.000000
0.000000
0.000000
0.000000
0.000000
0.000000
0.000000
0.000000
0.000000
0.000000
0.000000
0.000000
0.000000
0.000000
0.000000
0.000000
0.000000
0.000000
0.000000
0.000000
0.000000
0.000000
0.000000
0.000000
0.000000
0.000000
0.000000
0.000000
0.000000
0.000000
0.000000
0.000000
0.000000
0.000000
0.000000
0.000000
0.000000
0.000000
0.000000
0.000000
0.000000
0.000000
0.000000
0.000000
0.000000
0.000000
0.000000
0.000000
0.000000
0.000000
0.000000
0.000000
0.000000
0.000000
0.000000
0.000000
0.000000
0.000000
0.000000
0.000000
0.000000
0.000000
0.000000
0.000000
0.000000
0.000000
0.000000
0.000000
0.000000
0.000000
0.000000
0.000000
0.000000
0.000000
0.000000
0.000000
0.000000
0.000000
0.000000
0.000000
0.000000
0.000000
0.000000
0.000000
0.000000
0.000000
0.000000
0.000000
0.000000
0.000000
0.000000
0.000000
0.000000
0.000000
0.000000
0.000000
0.000000
0.000000
0.000000
0.000000
0.000000
0.000000
0.000000
0.000000
0.000000
0.000000
0.000000
0.000000
0.000000
0.000000
0.000000
0.000000
0.000000
0.000000
0.000000
0.000000
0.000000
0.000000
0.000000
0.000000
0.000000
0.000000
0.000000
0.000000
0.000000
0.000000
0.000000
0.000000
0.000000
0.000000
0.000000
0.000000
0.000000
0.000000
0.000000
0.000000
0.000000
