0.000000
0.000000
0.000000
0.000000
0.000000
0.000000
0.000000
0.000000
0.000000
0.000000
0.000000
0.000000
0.000000
0.000000
0.000000
0.000000
0.000000
0.003087
0.001703
0.039432
0.050436
0.110928
0.227714
0.428944
0.891023
1.834219
3.112674
6.053002
10.531984
18.027591
29.022908
46.008662
72.558479
113.973548
170.606425
251.629747
365.845250
517.850710
729.378957
1002.816306
1362.047038
1824.323719
2397.372704
3127.015014
4005.172891
5078.132024
6370.487260
7878.641157
9660.755364
11697.761145
14038.365477
16671.695948
19614.115868
22864.936055
26439.373216
30327.400976
34496.450006
38981.976925
43689.858021
48668.274692
53816.779367
59199.219768
64645.042066
70290.836505
75935.669805
81642.610783
87311.401313
92961.805299
98488.565959
103956.423207
109251.354843
114368.334977
119284.975233
123980.683153
128407.553798
132608.154684
136493.361875
140136.381717
143450.425350
146474.236034
149215.833826
151615.896754
153754.864784
155576.976891
157168.382185
158426.525797
159452.012956
160192.848618
160716.451275
161060.159599
161089.689755
160974.253631
160600.834271
160098.288098
159364.289382
158505.358680
157463.177612
156298.078049
154972.736912
153532.100750
151910.147804
150182.255953
148354.094769
146412.732306
144326.548112
142185.526658
139904.630755
137556.093485
135126.233316
132577.017289
129958.193342
127245.493283
124449.689585
121601.798673
118679.758585
115691.814964
112643.830345
109537.207177
106374.268472
103197.076593
99921.062325
96676.229003
93372.483937
90077.015587
86730.668524
83407.497754
80068.690616
76747.220176
73444.511898
70169.563216
66909.592236
63706.640785
60524.122681
57408.664058
54345.493666
51343.425353
48407.234235
45548.005461
42769.673069
40079.844195
37480.982327
34974.793141
32563.455816
30247.712785
28048.398716
25929.909512
23934.870895
22031.386484
20240.911693
18537.692146
16951.505716
15449.026005
14061.966654
12754.882037
11547.727170
10423.951714
9384.836190
8430.713365
7551.373740
6750.500446
6015.210183
5348.673177
4744.799625
4193.073537
3699.092604
3253.824396
2852.365923
2495.237265
2175.347584
1895.009095
1641.117691
1421.195354
1225.567444
1054.280752
905.458560
774.080849
661.794803
562.405080
477.869140
403.783445
340.506561
286.900201
240.783501
201.261576
167.746680
139.989925
116.228848
96.273854
79.195966
65.138926
53.305026
43.695445
35.686951
29.023101
23.569900
19.028599
15.373128
12.369041
9.842025
7.930917
6.173468
5.033648
3.906941
3.145815
2.452772
1.956259
1.529997
1.200381
0.925109
0.724170
0.577819
0.445320
0.345742
0.257093
0.206508
0.156584
0.126391
0.107834
0.071151
0.058950
0.042159
0.035585
0.025703
0.019344
0.011436
0.011012
0.005825
0.007834
0.004914
0.006138
0.004062
0.003665
0.001219
0.000728
0.000218
0.000015
0.000000
0.000000
0.000000
0.000000
0.000000
0.000000
0.000000
0.000000
0.000000
0.000000
0.000000
0.000000
0.000000
0.000000
0.000000
0.000000
0.000000
0.000000
0.000000
0.000000
0.000000
0.000000
0.000000
0.000000
0.000000
0.000000
0.000000
0.000000
0.000000
0.000000
0.000000
0.000000
0.000000
0.000000
0.000000
0.000000
0.000000
0.000000
0.000000
0.000000
0.000000
0.000000
0.000000
0.000000
0.000000
0.000000
0.000000
0.000000
0.000000
0.000000
0.000000
0.000000
0.000000
0.000000
0.000000
0.000000
0.000000
0.000000
0.000000
0.000000
0.000000
0.000000
0.000000
0.000000
0.000000
0.000000
0.000000
0.000000
0.000000
0.000000
0.000000
0.000000
0.000000
0.000000
0.000000
0.000000
0.000000
0.000000
0.000000
0.000000
0.000000
0.000000
0.000000
0.000000
0.000000
0.000000
0.000000
0.000000
0.000000
0.000000
0.000000
0.000000
0.000000
0.000000
0.000000
0.000000
0.000000
0.000000
0.000000
0.000000
0.000000
0.000000
0.000000
0.000000
0.000000
0.000000
0.000000
0.000000
0.000000
0.000000
0.000000
0.000000
0.000000
0.000000
0.000000
0.000000
0.000000
0.000000
0.000000
0.000000
0.000000
0.000000
0.000000
0.000000
0.000000
0.000000
0.000000
0.000000
0.000000
0.000000
0.000000
0.000000
0.000000
0.000000
0.000000
0.000000
0.000000
0.000000
0.000000
0.000000
0.000000
0.000000
0.000000
0.000000
0.000000
0.000000
0.000000
0.000000
0.000000
0.000000
0.000000
0.000000
0.000000
0.000000
0.000000
0.000000
0.000000
0.000000
0.000000
0.000000
0.000000
0.000000
0.000000
0.000000
0.000000
0.000000
0.000000
0.000000
0.000000
0.000000
0.000000
0.000000
0.000000
0.000000
0.000000
0.000000
0.000000
0.000000
0.000000
0.000000
0.000000
0.000000
0.000000
0.000000
0.000000
0.000000
0.000000
0.000000
0.000000
0.000000
0.000000
0.000000
0.000000
0.000000
0.000000
0.000000
0.000000
0.000000
0.000000
0.000000
0.000000
0.000000
0.000000
0.000000
0.000000
0.000000
0.000000
0.000000
0.000000
0.000000
0.000000
0.000000
0.000000
0.000000
0.000000
0.000000
0.000000
0.000000
0.000000
0.000000
0.000000
0.000000
0.000000
0.000000
0.000000
0.000000
0.000000
0.000000
0.000000
0.000000
0.000000
0.000000
0.000000
0.000000
0.000000
0.000000
0.000000
0.000000
0.000000
0.000000
0.000000
0.000000
0.000000
0.000000
0.000000
0.000000
0.000000
0.000000
0.000000
0.000000
0.000000
0.000000
0.000000
0.000000
0.000000
0.000000
0.000000
0.000000
0.000000
0.000000
0.000000
0.000000
0.000000
0.000000
0.000000
