0.000000
0.000000
0.000000
0.000000
0.000000
0.000000
0.000000
0.000000
0.000000
0.000000
0.000000
0.000000
0.000000
0.000000
0.000000
0.000000
0.000000
0.000000
0.000000
0.000000
0.000000
0.000000
0.000000
0.000000
0.000000
0.000000
0.000000
0.000000
0.017187
0.039259
0.077805
0.099891
0.239250
0.478229
0.811419
1.364505
2.528231
4.089431
7.252004
11.373414
17.752673
28.215933
43.939024
63.957761
95.733887
141.276573
205.819162
293.466188
411.508006
571.389159
786.053818
1068.398684
1423.857440
1887.116109
2467.565026
3190.787889
4073.197215
5166.107651
6464.796283
8047.871750
9896.559021
12082.821558
14608.990887
17548.559871
20878.016913
24673.945581
28900.648550
33594.654171
38805.800544
44523.629538
50701.377982
57397.343939
64542.094954
72104.886650
80102.621546
88460.809831
97167.841977
106117.879897
115209.620926
124448.101547
133716.154173
143037.962136
152246.925511
161322.937796
170172.549237
178681.596490
186648.893771
194205.768161
201269.251161
207757.295395
213588.655685
218810.318785
223176.789755
226976.823179
229855.973257
232002.442939
233299.662587
233864.729437
233563.668999
232590.582429
230659.122853
228225.210822
224973.514917
221235.118199
216834.754528
211886.560097
206361.958499
200495.797505
194167.223619
187522.661554
180614.613960
173467.378442
166207.197216
158761.224978
151190.500821
143628.171235
136102.904633
128623.318444
121235.526273
113958.508942
106867.030345
99943.302617
93184.064000
86716.669569
80488.753611
74533.053143
68842.497689
63420.716875
58330.782520
53450.308059
48905.022908
44632.832680
40640.412268
36914.562851
33449.541115
30238.677163
27245.833711
24535.216238
22005.271390
19716.627683
17615.242081
15708.162156
13958.087395
12382.159453
10961.764981
9685.578406
8532.480015
7503.858264
6584.590862
5767.119953
5037.012974
4388.016310
3816.227895
3315.113921
2870.961248
2477.908510
2134.187967
1833.110703
1571.505317
1345.774821
1149.936001
978.682432
832.018828
705.241687
595.476026
500.514187
421.441080
356.041872
297.626039
248.636376
209.041969
173.408048
144.382197
119.416638
98.884765
80.868838
66.692713
54.333065
44.524661
36.300583
29.412330
23.768918
19.502261
15.856334
12.648411
10.592849
8.581104
6.609247
5.612948
4.351113
3.579194
2.808444
2.112587
1.768182
1.281064
1.024918
0.783383
0.580734
0.483899
0.391270
0.287210
0.210973
0.184281
0.134670
0.095132
0.076628
0.047307
0.028658
0.027822
0.009150
0.003211
0.001950
0.001498
0.000000
0.000000
0.000000
0.000000
0.000000
0.000000
0.000000
0.000000
0.000000
0.000000
0.000000
0.000000
0.000000
0.000000
0.000000
0.000000
0.000000
0.000000
0.000000
0.000000
0.000000
0.000000
0.000000
0.000000
0.000000
0.000000
0.000000
0.000000
0.000000
0.000000
0.000000
0.000000
0.000000
0.000000
0.000000
0.000000
0.000000
0.000000
0.000000
0.000000
0.000000
0.000000
0.000000
0.000000
0.000000
0.000000
0.000000
0.000000
0.000000
0.000000
0.000000
0.000000
0.000000
0.000000
0.000000
0.000000
0.000000
0.000000
0.000000
0.000000
0.000000
0.000000
0.000000
0.000000
0.000000
0.000000
0.000000
0.000000
0.000000
0.000000
0.000000
0.000000
0.000000
0.000000
0.000000
0.000000
0.000000
0.000000
0.000000
0.000000
0.000000
0.000000
0.000000
0.000000
0.000000
0.000000
0.000000
0.000000
0.000000
0.000000
0.000000
0.000000
0.000000
0.000000
0.000000
0.000000
0.000000
0.000000
0.000000
0.000000
0.000000
0.000000
0.000000
0.000000
0.000000
0.000000
0.000000
0.000000
0.000000
0.000000
0.000000
0.000000
0.000000
0.000000
0.000000
0.000000
0.000000
0.000000
0.000000
0.000000
0.000000
0.000000
0.000000
0.000000
0.000000
0.000000
0.000000
0.000000
0.000000
0.000000
0.000000
0.000000
0.000000
0.000000
0.000000
0.000000
0.000000
0.000000
0.000000
0.000000
0.000000
0.000000
0.000000
0.000000
0.000000
0.000000
0.000000
0.000000
0.000000
0.000000
0.000000
0.000000
0.000000
0.000000
0.000000
0.000000
0.000000
0.000000
0.000000
0.000000
0.000000
0.000000
0.000000
0.000000
0.000000
0.000000
0.000000
0.000000
0.000000
0.000000
0.000000
0.000000
0.000000
0.000000
0.000000
0.000000
0.000000
0.000000
0.000000
0.000000
0.000000
0.000000
0.000000
0.000000
0.000000
0.000000
0.000000
0.000000
0.000000
0.000000
0.000000
0.000000
0.000000
0.000000
0.000000
0.000000
0.000000
0.000000
0.000000
0.000000
0.000000
0.000000
0.000000
0.000000
0.000000
0.000000
0.000000
0.000000
0.000000
0.000000
0.000000
0.000000
0.000000
0.000000
0.000000
0.000000
0.000000
0.000000
0.000000
0.000000
0.000000
0.000000
0.000000
0.000000
0.000000
0.000000
0.000000
0.000000
0.000000
0.000000
0.000000
0.000000
0.000000
0.000000
0.000000
0.000000
0.000000
0.000000
0.000000
0.000000
0.000000
0.000000
0.000000
0.000000
0.000000
0.000000
0.000000
0.000000
0.000000
0.000000
0.000000
0.000000
0.000000
0.000000
0.000000
0.000000
0.000000
0.000000
0.000000
0.000000
0.000000
0.000000
0.000000
0.000000
0.000000
0.000000
0.000000
0.000000
0.000000
0.000000
0.000000
0.000000
0.000000
0.000000
0.000000
0.000000
0.000000
0.000000
0.000000
0.000000
0.000000
0.000000
0.000000
0.000000
0.000000
0.000000
0.000000
0.000000
