27.880976
159.934633
461.642475
1163.826331
2497.812120
4862.250659
8258.979133
13088.857878
18903.979097
26261.276130
34682.657970
43881.721133
53839.893504
64203.125239
74497.737648
84301.580196
94137.971930
102834.445465
111400.906597
118435.372394
124868.071413
130150.069469
134750.223477
138325.630436
140697.880536
142755.692601
143045.180045
143574.099855
142758.126483
140953.492757
139625.248177
137680.858566
135406.918403
132826.061187
129528.136985
126303.938445
123003.572026
120033.575860
116275.501997
112830.601679
109093.528800
105272.765494
101598.627326
98019.994301
94824.916790
91673.340173
88418.907065
85301.837279
82533.549471
79631.149003
76814.035248
74592.128053
71983.380478
69533.482430
66825.908247
64557.211903
62392.535453
60178.797444
58121.992087
56377.711349
54502.958377
52951.692729
51472.996762
49810.475783
48298.930989
46851.917276
45462.796719
43980.564010
42901.606461
41599.236039
40519.826326
39597.484397
38667.798390
37681.926276
36803.237160
35950.921564
35326.307591
34612.436657
33947.590018
33202.517128
32669.367462
32151.952422
31556.783847
30884.619443
30385.594057
29845.860932
29307.443147
28826.379705
28467.643537
27974.499287
27537.028041
27054.702305
26651.619813
26242.559324
25992.231524
25696.665120
25357.969168
25013.324256
24643.010176
24481.046981
24381.271061
24135.376012
23795.901195
23515.561498
23288.127629
23016.257458
22843.172503
22717.658148
22547.152705
22520.983640
22290.729609
22264.923294
22023.141242
21979.261393
21845.348443
21728.935407
21658.935559
21555.339436
21483.939880
21388.306890
21306.116398
21239.414161
21177.968633
21030.312604
21047.567416
20893.178773
20783.552254
20791.331164
20724.210817
20695.092728
20698.697905
20602.422409
20570.080936
20476.912948
20505.819793
20484.483567
20527.863982
20476.335954
20475.758251
20535.969783
20491.389577
20559.767108
20539.951976
20539.654520
20564.506079
20627.486088
20613.616655
20603.177687
20549.079119
20551.217491
20490.012254
20515.572215
20525.619593
20618.894900
20682.970302
20661.726639
20628.165320
20584.450928
20461.778668
20528.415015
20475.498078
20483.970716
20478.532177
20429.923185
20435.131684
20436.101351
20374.959291
20295.993258
20292.272381
20254.439065
20222.710333
20175.954289
20139.968968
20153.845811
20117.309634
20121.400489
20082.997331
20000.255713
19915.268098
19875.723238
19863.930986
19865.155993
19866.286922
19743.173842
19632.069844
19631.793351
19590.980172
19467.548544
19441.548010
19309.798335
19196.851198
19127.231826
19036.578763
18996.713430
18973.410685
18941.281331
18877.718142
18810.041873
18683.357704
18644.089693
18547.212716
18484.050052
18437.941817
18385.185486
18312.498250
18147.393069
18089.221504
18048.949377
17949.734406
17909.568569
17764.477126
17693.317193
17562.288063
17425.907508
17315.035731
17123.244148
17006.647064
16870.204271
16767.968069
16599.589176
16418.940308
16345.969814
16223.290433
16017.769825
15879.088045
15746.232218
15625.008486
15492.354711
15398.451939
15271.913865
15206.882085
15068.261871
14968.341065
14812.412242
14674.603046
14549.257140
14410.387827
14253.884164
14090.556225
13985.148243
13837.820594
13685.159234
13618.149947
13466.847748
13351.193953
13247.460456
13097.165773
12911.656981
12798.366681
12648.940628
12523.239434
12387.164461
12226.445639
12041.745507
11912.210723
11739.688346
11561.748486
11393.709402
11238.343170
11029.147538
10893.271406
10742.312550
10553.655565
10349.118831
10216.420283
10060.234797
9875.090266
9721.767283
9584.792737
9419.706772
9260.375062
9116.314186
8943.207527
8792.577666
8626.517238
8475.129576
8351.966036
8181.498835
7996.298232
7855.965536
7717.286601
7572.801561
7475.434430
7344.961076
7229.918249
7070.676081
6906.097521
6800.958153
6689.523547
6583.529297
6463.898208
6375.058902
6276.601824
6193.126096
6047.420911
5901.458403
5767.392326
5634.397875
5529.724771
5416.552617
5304.067286
5171.393842
5045.663253
4948.435325
4819.844043
4679.891535
4607.035750
4507.762092
4397.647659
4276.558829
4185.893272
4100.881955
4040.750751
3925.107494
3810.073391
3727.781982
3638.259642
3519.421832
3431.545679
3362.297511
3270.331099
3189.355595
3110.191466
3001.187819
2923.540605
2827.666869
2747.421090
2671.947849
2603.312402
2540.830630
2475.006024
2399.867180
2338.834485
2270.079009
2197.628436
2138.870562
2073.514777
2019.791892
1964.388138
1912.678414
1867.004448
1805.535603
1760.588907
1724.684735
1676.659685
1623.722741
1577.868717
1524.890762
1474.138117
1435.296039
1381.095509
1327.593616
1276.540112
1234.196652
1186.324816
1143.846627
1103.618416
1064.328239
1037.888448
1006.535222
969.165141
925.567552
885.864054
857.240911
835.285407
806.537633
773.559437
752.425930
719.327393
685.990891
663.371992
639.000628
609.915572
575.974110
554.595015
540.511909
525.065031
502.927939
476.737071
453.836927
435.273996
422.418636
401.680662
394.640561
375.489036
359.308914
351.847225
337.513332
325.875058
313.104680
299.206671
289.027290
272.802280
254.943666
251.456521
236.053641
225.769370
219.485293
211.361054
198.428245
185.456878
179.347252
170.329933
161.546396
150.372365
146.819756
136.778557
131.728473
127.832707
120.788762
114.549032
108.472781
103.365447
97.770459
96.215586
94.348139
90.109663
86.469497
80.016274
79.869435
76.694346
70.927982
70.388996
70.404633
70.718662
67.475979
65.420503
61.533036
57.960770
55.354803
50.572885
48.862608
45.671417
45.510182
43.040620
42.147684
41.626699
39.609087
35.621042
34.196841
32.596521
30.797109
28.285174
26.731852
24.854896
25.067393
22.826577
23.191767
22.942182
22.894465
21.003407
19.109928
19.085094
17.060972
16.676939
16.538445
15.198322
14.859604
14.467304
14.267102
14.665500
13.468277
13.733372
12.634957
12.127789
11.909869
10.985120
10.676684
10.987354
9.009660
8.066707
7.991546
7.621509
7.150108
6.924741
6.905296
6.074112
6.400812
6.104613
5.040401
4.577541
3.708320
2.831293
2.509734
2.904488
3.189128
2.563816
2.872137
2.880718
2.896194
2.945314
2.564232
2.252444
2.147529
1.935627
2.082435
2.508522
2.742425
2.618029
2.746943
3.442703
3.480385
3.307413
3.453883
3.240640
2.633306
2.629707
2.939888
2.937867
3.195639
3.513578
3.244415
3.127519
3.034447
2.458878
2.089085
2.055368
1.911817
1.592347
1.082027
1.185750
1.213949
1.095818
1.205169
1.013110
1.035248
0.892848
1.162213
1.262119
1.352787
1.120574
1.069435
0.999369
0.899460
0.941817
0.556077
0.451883
0.360228
0.566213
0.551303
0.299323
0.236124
0.185901
0.156027
0.125710
0.239331
0.411046
0.340423
0.145056
0.087815
0.253328
0.091650
0.044900
0.059618
0.090970
0.140548
0.129710
0.140686
0.146855
0.148022
0.147374
0.074066
0.045201
0.031731
0.092784
0.096302
0.060883
0.037859
0.044947
0.031256
0.074949
0.078604
0.075510
0.065802
0.072452
0.000000
0.000000
0.000000
0.000000
0.000000
0.000000
0.000000
0.000000
0.000000
0.000000
0.000000
0.000000
0.000000
0.000000
0.000000
0.000000
0.000000
0.000000
0.000000
0.000000
0.000000
0.000000
0.000000
0.000000
0.000000
0.000000
0.000000
0.000000
0.000000
0.000000
0.000000
0.000000
0.000000
0.000000
0.000000
0.000000
0.000000
0.000000
0.000000
0.000000
0.000000
0.000000
0.000000
0.000000
0.000000
0.000000
0.000000
0.000000
0.000000
0.000000
0.000000
0.000000
0.000000
0.000000
0.000000
0.000000
0.000000
0.000000
0.000000
0.000000
0.000000
0.000000
0.000000
0.000000
0.000000
0.000000
0.000000
0.000000
0.000000
0.000000
0.000000
0.000000
0.000000
0.000000
0.000000
0.000000
0.000000
0.000000
0.000000
0.000000
0.000000
0.000000
0.000000
0.000000
0.000000
0.000000
0.000000
0.000000
0.000000
0.000000
0.000000
0.000000
0.000000
0.000000
0.000000
0.000000
0.000000
0.000000
0.000000
0.000000
0.000000
0.000000
0.000000
0.000000
0.000000
0.000000
0.000000
0.000000
0.000000
0.000000
0.000000
0.000000
0.000000
0.000000
0.000000
0.000000
0.000000
0.000000
0.000000
0.000000
0.000000
0.000000
0.000000
0.000000
0.000000
0.000000
0.000000
0.000000
0.000000
0.000000
0.000000
0.000000
0.000000
0.000000
0.000000
0.000000
0.000000
0.000000
0.000000
0.000000
0.000000
0.000000
0.000000
0.000000
0.000000
0.000000
0.000000
0.000000
0.000000
0.000000
0.000000
0.000000
0.000000
0.000000
0.000000
0.000000
0.000000
0.000000
0.000000
0.000000
0.000000
0.000000
0.000000
0.000000
0.000000
0.000000
0.000000
0.000000
0.000000
0.000000
0.000000
0.000000
0.000000
0.000000
0.000000
0.000000
0.000000
0.000000
0.000000
0.000000
0.000000
0.000000
0.000000
0.000000
0.000000
0.000000
0.000000
0.000000
0.000000
0.000000
0.000000
0.000000
0.000000
0.000000
0.000000
0.000000
0.000000
0.000000
0.000000
0.000000
0.000000
0.000000
0.000000
0.000000
0.000000
0.000000
0.000000
0.000000
0.000000
0.000000
0.000000
0.000000
0.000000
0.000000
0.000000
0.000000
0.000000
0.000000
0.000000
0.000000
0.000000
0.000000
0.000000
0.000000
0.000000
0.000000
0.000000
0.000000
0.000000
0.000000
0.000000
0.000000
0.000000
0.000000
0.000000
0.000000
0.000000
0.000000
0.000000
0.000000
0.000000
0.000000
0.000000
0.000000
0.000000
0.000000
0.000000
0.000000
0.000000
0.000000
0.000000
0.000000
0.000000
0.000000
0.000000
0.000000
0.000000
0.000000
0.000000
0.000000
0.000000
0.000000
0.000000
0.000000
0.000000
0.000000
0.000000
0.000000
0.000000
0.000000
0.000000
0.000000
0.000000
0.000000
0.000000
0.000000
0.000000
0.000000
0.000000
0.000000
0.000000
0.000000
0.000000
0.000000
0.000000
0.000000
0.000000
0.000000
0.000000
0.000000
0.000000
0.000000
0.000000
0.000000
0.000000
0.000000
0.000000
0.000000
0.000000
0.000000
0.000000
0.000000
0.000000
0.000000
0.000000
0.000000
0.000000
0.000000
0.000000
0.000000
0.000000
0.000000
0.000000
0.000000
0.000000
0.000000
0.000000
0.000000
0.000000
0.000000
0.000000
0.000000
0.000000
0.000000
0.000000
0.000000
0.000000
0.000000
0.000000
0.000000
0.000000
0.000000
0.000000
0.000000
0.000000
0.000000
0.000000
0.000000
0.000000
0.000000
0.000000
0.000000
0.000000
0.000000
0.000000
0.000000
0.000000
0.000000
0.000000
0.000000
0.000000
0.000000
0.000000
0.000000
0.000000
0.000000
0.000000
0.000000
0.000000
0.000000
0.000000
0.000000
0.000000
0.000000
0.000000
0.000000
0.000000
0.000000
0.000000
0.000000
0.000000
0.000000
0.000000
0.000000
0.000000
0.000000
0.000000
0.000000
0.000000
0.000000
0.000000
0.000000
0.000000
0.000000
0.000000
0.000000
0.000000
0.000000
0.000000
0.000000
0.000000
0.000000
0.000000
0.000000
0.000000
0.000000
0.000000
0.000000
0.000000
0.000000
0.000000
0.000000
0.000000
0.000000
0.000000
0.000000
0.000000
0.000000
0.000000
0.000000
0.000000
0.000000
0.000000
0.000000
0.000000
0.000000
0.000000
0.000000
0.000000
0.000000
0.000000
0.000000
0.000000
0.000000
0.000000
0.000000
