0.000000
0.000000
0.000000
0.000000
0.000000
0.000000
0.000000
0.000000
0.000000
0.000000
0.011370
0.205844
0.819663
2.278317
5.375087
10.767971
19.203884
32.110334
51.552773
84.709396
131.587780
200.552531
292.359507
411.455863
578.284323
786.679843
1045.383600
1388.723320
1804.930004
2311.050508
2928.104028
3658.950793
4516.027058
5537.460422
6634.702091
7898.123002
9294.064166
10904.545845
12610.673064
14524.984223
16631.988266
18866.501122
21240.102165
23774.884207
26380.199852
29139.711005
32054.551760
35073.762195
38178.811515
41291.345410
44531.741362
47765.985864
51111.683969
54524.613048
57837.093213
61124.343778
64440.797859
67711.861120
70970.210086
74134.171532
77120.637932
80128.358276
83088.111485
85961.001855
88700.333409
91345.364652
93841.359218
96283.338372
98593.130693
100707.825163
102801.782539
104741.805745
106537.083430
108134.498345
109689.570287
111087.116449
112412.258356
113656.075699
114621.109824
115496.720883
116291.182357
116909.222162
117342.978920
117804.445919
118062.877782
118146.795879
118289.515747
118308.409973
118204.509990
117997.548398
117674.929828
117262.342471
116748.416630
116231.554484
115613.972775
114869.886807
114113.195979
113375.495048
112459.712204
111424.682555
110386.218075
109201.041594
108021.221780
106771.524360
105493.850861
104115.142159
102729.223196
101314.079808
99881.016436
98368.001013
96891.936149
95418.410125
93864.367057
92228.176857
90553.032762
88869.058267
87275.056616
85678.555745
84031.617996
82460.395457
80896.417960
79299.994834
77674.189778
76093.602911
74457.068221
72826.427483
71249.307774
69697.781552
68200.251821
66628.004077
65042.132196
63529.045010
62054.768779
60588.742474
59089.662828
57666.255095
56252.718343
54812.773843
53400.806155
52050.740752
50660.925952
49267.321441
47926.493079
46601.424946
45286.074617
43980.267361
42684.310828
41379.462742
40173.320508
38961.954511
37749.491090
36562.081624
35446.107521
34314.533113
33229.682283
32196.298609
31191.920295
30186.911387
29218.228663
28303.664218
27381.887527
26474.477035
25602.649781
24706.548633
23850.626448
23004.308582
22175.971651
21373.891972
20643.635000
19893.018863
19161.045651
18457.930367
17751.098018
17084.929249
16441.611586
15806.526732
15196.385280
14589.505745
14008.134641
13461.909456
12928.123635
12383.169452
11860.464899
11359.500938
10886.830379
10412.284011
9982.405955
9538.108759
9119.015448
8732.390685
8353.503476
7994.768354
7638.330513
7304.971787
6973.972512
6666.531748
6372.371786
6088.567977
5809.075561
5538.983162
5271.102770
5026.255243
4782.541235
4547.168553
4322.049689
4108.999487
3908.960245
3716.314257
3537.031469
3358.731376
3194.648139
3034.083146
2886.290721
2740.501577
2600.362920
2459.041449
2328.390593
2204.942812
2082.828330
1973.615976
1865.544225
1770.877846
1674.501893
1584.167505
1502.116000
1420.413181
1342.763912
1268.269276
1200.063869
1136.236631
1073.936959
1015.160297
952.741962
894.931640
846.340326
793.673753
745.715218
701.230078
655.756968
612.837235
574.466148
538.569800
502.228671
472.958964
446.907430
421.519305
393.778243
371.212266
350.734889
327.380106
304.719398
283.321360
264.971805
247.895259
231.184346
216.632942
202.098447
188.762395
178.475851
166.453080
155.248050
145.521028
135.341244
126.818646
118.911367
110.780854
103.068035
95.775499
89.551383
84.052079
78.432414
73.433889
67.552238
61.977048
58.166539
54.827613
51.567146
48.382628
45.003825
41.238030
38.535570
36.220108
32.963438
30.595326
28.224201
26.427701
24.143594
23.192284
21.331161
20.649233
18.883527
18.268268
16.707322
15.280715
13.892659
13.365686
12.237557
10.976805
9.955757
9.276031
8.429639
7.407581
7.079516
6.207147
5.453445
4.552900
3.976202
3.505856
3.291287
3.099016
2.699052
2.507019
2.253807
2.229200
2.106188
1.886737
1.940039
1.814541
1.551079
1.428135
1.318983
1.319486
1.243663
1.073804
0.951434
0.865349
0.798234
0.720431
0.617276
0.541196
0.494093
0.454234
0.374626
0.308850
0.257367
0.246652
0.209357
0.145550
0.130040
0.124965
0.093974
0.050653
0.047978
0.057305
0.039122
0.013660
0.019782
0.025749
0.031265
0.030138
0.039144
0.001752
0.000000
0.000000
0.000000
0.000000
0.000000
0.000000
0.000000
0.000000
0.000000
0.000000
0.000000
0.000000
0.000000
0.000000
0.000000
0.000000
0.000000
0.000000
0.000000
0.000000
0.000000
0.000000
0.000000
0.000000
0.000000
0.000000
0.000000
0.000000
0.000000
0.000000
0.000000
0.000000
0.000000
0.000000
0.000000
0.000000
0.000000
0.000000
0.000000
0.000000
0.000000
0.000000
0.000000
0.000000
0.000000
0.000000
0.000000
0.000000
0.000000
0.000000
0.000000
0.000000
0.000000
0.000000
0.000000
0.000000
0.000000
0.000000
0.000000
0.000000
0.000000
0.000000
0.000000
0.000000
0.000000
0.000000
0.000000
0.000000
0.000000
0.000000
0.000000
0.000000
0.000000
0.000000
0.000000
0.000000
0.000000
0.000000
0.000000
0.000000
0.000000
0.000000
0.000000
0.000000
0.000000
0.000000
0.000000
0.000000
0.000000
0.000000
0.000000
0.000000
0.000000
0.000000
0.000000
0.000000
0.000000
0.000000
0.000000
0.000000
0.000000
0.000000
0.000000
0.000000
0.000000
0.000000
0.000000
0.000000
0.000000
0.000000
0.000000
0.000000
0.000000
0.000000
0.000000
0.000000
0.000000
0.000000
0.000000
0.000000
0.000000
0.000000
0.000000
0.000000
0.000000
0.000000
0.000000
0.000000
0.000000
0.000000
0.000000
0.000000
0.000000
0.000000
0.000000
0.000000
0.000000
0.000000
0.000000
0.000000
0.000000
0.000000
0.000000
0.000000
0.000000
0.000000
0.000000
0.000000
0.000000
0.000000
0.000000
0.000000
0.000000
0.000000
0.000000
0.000000
0.000000
0.000000
0.000000
0.000000
0.000000
0.000000
0.000000
0.000000
0.000000
0.000000
0.000000
0.000000
0.000000
0.000000
0.000000
0.000000
0.000000
0.000000
0.000000
0.000000
0.000000
0.000000
0.000000
0.000000
0.000000
0.000000
0.000000
0.000000
0.000000
0.000000
0.000000
0.000000
0.000000
0.000000
0.000000
0.000000
0.000000
0.000000
0.000000
0.000000
0.000000
0.000000
0.000000
0.000000
0.000000
0.000000
0.000000
0.000000
0.000000
0.000000
0.000000
0.000000
0.000000
0.000000
0.000000
0.000000
0.000000
0.000000
0.000000
0.000000
0.000000
0.000000
0.000000
0.000000
0.000000
0.000000
0.000000
0.000000
0.000000
0.000000
0.000000
0.000000
0.000000
0.000000
0.000000
0.000000
0.000000
0.000000
0.000000
0.000000
0.000000
0.000000
0.000000
0.000000
0.000000
0.000000
0.000000
0.000000
0.000000
0.000000
0.000000
0.000000
0.000000
0.000000
0.000000
0.000000
0.000000
0.000000
0.000000
0.000000
0.000000
0.000000
0.000000
0.000000
0.000000
0.000000
0.000000
0.000000
0.000000
0.000000
0.000000
0.000000
0.000000
0.000000
0.000000
0.000000
0.000000
0.000000
0.000000
0.000000
0.000000
0.000000
0.000000
0.000000
0.000000
0.000000
0.000000
0.000000
0.000000
0.000000
0.000000
0.000000
0.000000
0.000000
0.000000
0.000000
0.000000
0.000000
0.000000
0.000000
0.000000
0.000000
0.000000
0.000000
0.000000
0.000000
0.000000
0.000000
0.000000
0.000000
0.000000
0.000000
0.000000
0.000000
0.000000
0.000000
0.000000
0.000000
0.000000
0.000000
0.000000
0.000000
0.000000
0.000000
0.000000
0.000000
0.000000
0.000000
0.000000
0.000000
0.000000
0.000000
0.000000
0.000000
0.000000
0.000000
0.000000
0.000000
0.000000
0.000000
0.000000
0.000000
0.000000
0.000000
0.000000
0.000000
0.000000
0.000000
0.000000
0.000000
0.000000
0.000000
0.000000
0.000000
0.000000
0.000000
0.000000
0.000000
0.000000
0.000000
0.000000
0.000000
0.000000
0.000000
0.000000
0.000000
0.000000
0.000000
0.000000
0.000000
0.000000
0.000000
0.000000
0.000000
0.000000
0.000000
0.000000
0.000000
0.000000
0.000000
0.000000
0.000000
0.000000
0.000000
0.000000
0.000000
0.000000
0.000000
0.000000
0.000000
0.000000
0.000000
0.000000
0.000000
0.000000
0.000000
0.000000
0.000000
0.000000
0.000000
0.000000
0.000000
0.000000
0.000000
0.000000
0.000000
0.000000
0.000000
0.000000
0.000000
0.000000
0.000000
0.000000
0.000000
0.000000
0.000000
0.000000
0.000000
0.000000
0.000000
0.000000
0.000000
0.000000
0.000000
0.000000
0.000000
0.000000
0.000000
0.000000
0.000000
0.000000
0.000000
0.000000
0.000000
0.000000
0.000000
0.000000
0.000000
0.000000
0.000000
0.000000
0.000000
0.000000
0.000000
0.000000
0.000000
0.000000
0.000000
0.000000
0.000000
0.000000
0.000000
0.000000
0.000000
0.000000
0.000000
0.000000
0.000000
0.000000
0.000000
0.000000
0.000000
0.000000
0.000000
0.000000
0.000000
0.000000
0.000000
0.000000
0.000000
0.000000
0.000000
0.000000
0.000000
0.000000
0.000000
0.000000
0.000000
0.000000
0.000000
0.000000
0.000000
0.000000
0.000000
0.000000
0.000000
0.000000
0.000000
0.000000
0.000000
0.000000
0.000000
0.000000
0.000000
0.000000
0.000000
0.000000
0.000000
0.000000
0.000000
0.000000
0.000000
0.000000
0.000000
0.000000
0.000000
0.000000
0.000000
0.000000
0.000000
0.000000
0.000000
0.000000
0.000000
0.000000
0.000000
0.000000
0.000000
0.000000
0.000000
0.000000
0.000000
0.000000
0.000000
0.000000
0.000000
0.000000
0.000000
0.000000
0.000000
0.000000
0.000000
0.000000
0.000000
0.000000
0.000000
0.000000
0.000000
0.000000
0.000000
0.000000
0.000000
0.000000
0.000000
0.000000
0.000000
0.000000
0.000000
0.000000
0.000000
0.000000
0.000000
0.000000
0.000000
0.000000
0.000000
0.000000
0.000000
0.000000
0.000000
0.000000
0.000000
0.000000
0.000000
0.000000
0.000000
0.000000
0.000000
0.000000
0.000000
0.000000
0.000000
0.000000
0.000000
0.000000
0.000000
0.000000
0.000000
0.000000
0.000000
0.000000
0.000000
0.000000
0.000000
0.000000
0.000000
0.000000
0.000000
0.000000
0.000000
0.000000
0.000000
0.000000
0.000000
0.000000
0.000000
0.000000
0.000000
0.000000
0.000000
0.000000
0.000000
0.000000
0.000000
0.000000
0.000000
0.000000
0.000000
0.000000
0.000000
0.000000
0.000000
0.000000
0.000000
0.000000
0.000000
0.000000
0.000000
0.000000
0.000000
0.000000
0.000000
0.000000
0.000000
0.000000
0.000000
0.000000
0.000000
0.000000
0.000000
0.000000
0.000000
0.000000
0.000000
0.000000
0.000000
0.000000
0.000000
0.000000
0.000000
0.000000
0.000000
0.000000
0.000000
0.000000
0.000000
0.000000
0.000000
0.000000
0.000000
0.000000
0.000000
0.000000
