0.000000
0.000000
0.000000
0.000000
0.000000
0.000000
0.000000
0.000000
0.238626
0.795317
4.564172
9.039257
11.077858
25.716641
54.494083
80.860737
116.443269
208.884394
281.537045
390.634992
576.298817
816.741340
1074.960212
1454.545155
1833.926720
2333.728710
2870.849735
3609.112221
4457.679247
5390.671739
6461.217408
7706.621690
8931.796719
10514.228008
12242.657056
14073.556690
15863.244707
18047.669241
20290.291645
22654.695511
25016.308571
27616.804514
30131.841741
32897.693291
35830.225487
38692.334389
41593.278773
44424.361922
47323.366881
50247.587838
52954.013973
55590.220730
58423.209395
61321.918574
64081.827627
66479.275123
69029.246626
71569.868589
73979.881936
76075.765371
78478.887624
80647.041480
82731.921908
84639.540672
86374.629982
88287.738958
89945.764063
91294.578979
92708.209048
93997.419113
95488.565594
96574.599561
97642.525514
98731.683471
99481.369868
100444.229938
101120.568596
102215.232335
102992.889397
103433.585379
103886.417500
103652.803662
103840.106171
104151.696806
104061.157512
104121.966835
103898.228698
103745.589769
103375.566024
102886.903010
102438.210695
102144.244910
101444.361008
100579.316601
99719.637958
98980.481849
98534.301069
97777.087067
96864.976355
96210.253437
95332.456989
94382.664017
93091.631893
92072.399838
91107.093915
90067.030487
88968.360233
87964.942155
87163.686314
85974.523666
84778.562585
83633.472409
82641.880180
81325.287503
80275.183084
79094.756186
78109.214758
76934.161184
75954.130143
75006.056491
73972.934300
72888.306455
71743.752908
70644.567139
69528.708312
68394.145818
67158.590069
65852.280931
64670.026373
63626.398322
62442.755647
61431.245288
60143.024587
58945.461904
58021.784873
56960.675605
55800.376587
54767.433813
53592.034569
52638.374607
51571.967026
50551.599591
49455.342336
48507.159411
47650.965795
46650.688351
45617.506532
44730.207545
43827.896394
42772.406797
41652.047697
40787.058896
39976.284003
38991.732518
38106.256423
37226.902056
36347.057104
35506.430808
34719.910879
33912.623866
33151.271521
32315.151522
31555.142596
30675.451064
29829.412037
29152.723687
28494.276250
27771.592493
27023.545662
26308.817379
25609.112103
24998.267953
24320.639376
23765.680115
23119.675716
22519.915179
22043.404423
21431.838919
20825.907551
20265.683794
19630.034684
19026.585901
18493.141056
17976.728537
17428.556072
16950.420853
16401.427445
15934.012006
15415.126339
14898.456468
14452.483802
14031.018647
13567.655710
13171.064942
12766.660988
12342.417127
11954.366852
11529.787110
11129.569669
10765.620942
10427.597914
10083.730887
9742.233376
9416.442066
9086.159746
8802.839200
8479.329710
8153.964357
7879.276512
7577.492766
7314.651506
7085.015653
6825.833373
6587.759146
6380.575383
6155.817690
5955.301530
5751.440532
5554.839806
5377.423209
5194.430083
5038.647744
4812.917256
4625.498835
4435.654037
4244.569062
4053.023309
3912.764300
3769.116707
3653.536563
3521.673421
3403.355508
3274.854839
3149.531140
2991.597234
2891.276035
2769.336691
2641.746049
2557.719994
2449.509907
2340.394236
2225.931326
2122.954633
2045.911261
1976.523173
1895.673871
1800.884158
1722.464056
1647.896455
1567.632902
1490.557333
1444.553540
1363.508237
1308.163381
1235.013654
1180.896063
1130.705178
1086.885848
1024.185588
981.988114
937.674776
892.473973
856.617586
812.167987
777.937521
738.025318
705.209536
676.218128
640.989384
605.276626
583.715318
553.108701
527.616397
499.881379
476.133996
443.890421
427.601273
405.046878
384.226155
363.053968
348.934634
330.155611
310.665606
301.677484
287.813452
280.362280
268.880646
260.149441
237.986438
219.783545
206.950782
195.423547
188.164711
174.451465
161.881346
158.106419
148.122714
138.811632
130.073546
123.119158
115.836146
107.654858
94.391203
84.406025
80.121435
71.149836
69.442085
63.171189
61.851996
58.433559
54.154669
52.457897
49.407576
47.499887
43.147761
40.514846
38.849985
33.288466
32.537935
30.648368
27.278165
25.701651
22.888415
22.205061
21.133122
20.740399
19.850252
18.502246
19.018977
18.796162
16.978314
16.259773
14.790546
14.899048
15.004657
13.465252
12.176009
9.420571
8.897362
7.550970
6.359337
6.340361
4.812408
4.777188
4.198046
4.411768
4.354362
3.584888
3.765101
3.920285
3.083148
2.833157
3.048221
3.155879
3.121738
2.617056
2.246963
2.048880
2.210154
2.892495
2.534062
2.844098
1.910656
1.408502
1.630132
1.989074
1.652166
1.610832
1.763013
1.832477
1.447049
1.249447
0.905275
0.745035
1.077097
1.022669
0.560263
0.570033
0.605183
0.517986
0.369151
0.471931
0.392944
0.219647
0.490378
0.794109
1.093677
0.800521
0.595759
0.608685
0.444187
0.240020
0.213889
0.084747
0.105535
0.132339
0.020935
0.000000
0.000000
0.000000
0.000000
0.000000
0.000000
0.000000
0.000000
0.000000
0.000000
0.000000
0.000000
0.000000
0.000000
0.000000
0.000000
0.000000
0.000000
0.000000
0.000000
0.000000
0.000000
0.000000
0.000000
0.000000
0.000000
0.000000
0.000000
0.000000
0.000000
0.000000
0.000000
0.000000
0.000000
0.000000
0.000000
0.000000
0.000000
0.000000
0.000000
0.000000
0.000000
0.000000
0.000000
0.000000
0.000000
0.000000
0.000000
0.000000
0.000000
0.000000
0.000000
0.000000
0.000000
0.000000
0.000000
0.000000
0.000000
0.000000
0.000000
0.000000
0.000000
0.000000
0.000000
0.000000
0.000000
0.000000
0.000000
0.000000
0.000000
0.000000
0.000000
0.000000
0.000000
0.000000
0.000000
0.000000
0.000000
0.000000
0.000000
0.000000
0.000000
0.000000
0.000000
0.000000
0.000000
0.000000
0.000000
0.000000
0.000000
0.000000
0.000000
0.000000
0.000000
0.000000
0.000000
0.000000
0.000000
0.000000
0.000000
0.000000
0.000000
0.000000
0.000000
0.000000
0.000000
0.000000
0.000000
0.000000
0.000000
0.000000
0.000000
0.000000
0.000000
0.000000
0.000000
0.000000
0.000000
0.000000
0.000000
0.000000
0.000000
0.000000
0.000000
0.000000
0.000000
0.000000
0.000000
0.000000
0.000000
0.000000
0.000000
0.000000
0.000000
0.000000
0.000000
0.000000
0.000000
0.000000
0.000000
0.000000
0.000000
0.000000
0.000000
0.000000
0.000000
0.000000
0.000000
0.000000
0.000000
0.000000
0.000000
0.000000
0.000000
0.000000
0.000000
0.000000
0.000000
0.000000
0.000000
0.000000
0.000000
0.000000
0.000000
0.000000
0.000000
0.000000
0.000000
0.000000
0.000000
0.000000
0.000000
0.000000
0.000000
0.000000
0.000000
0.000000
0.000000
0.000000
0.000000
0.000000
0.000000
0.000000
0.000000
0.000000
0.000000
0.000000
0.000000
0.000000
0.000000
0.000000
0.000000
0.000000
0.000000
0.000000
0.000000
0.000000
0.000000
0.000000
0.000000
0.000000
0.000000
0.000000
0.000000
0.000000
0.000000
0.000000
0.000000
0.000000
0.000000
0.000000
0.000000
0.000000
0.000000
0.000000
0.000000
0.000000
0.000000
0.000000
0.000000
0.000000
0.000000
0.000000
0.000000
0.000000
0.000000
0.000000
0.000000
0.000000
0.000000
0.000000
0.000000
0.000000
0.000000
0.000000
0.000000
0.000000
0.000000
0.000000
0.000000
0.000000
0.000000
0.000000
0.000000
0.000000
0.000000
0.000000
0.000000
0.000000
0.000000
0.000000
0.000000
0.000000
0.000000
0.000000
0.000000
0.000000
0.000000
0.000000
0.000000
0.000000
0.000000
0.000000
0.000000
0.000000
0.000000
0.000000
0.000000
0.000000
0.000000
0.000000
0.000000
0.000000
0.000000
0.000000
0.000000
0.000000
0.000000
0.000000
0.000000
0.000000
0.000000
0.000000
0.000000
0.000000
0.000000
0.000000
0.000000
0.000000
0.000000
0.000000
0.000000
0.000000
0.000000
0.000000
0.000000
0.000000
0.000000
0.000000
0.000000
0.000000
0.000000
0.000000
0.000000
0.000000
0.000000
0.000000
0.000000
0.000000
0.000000
0.000000
0.000000
0.000000
0.000000
0.000000
0.000000
0.000000
0.000000
0.000000
0.000000
0.000000
0.000000
0.000000
0.000000
0.000000
0.000000
0.000000
0.000000
0.000000
0.000000
0.000000
0.000000
0.000000
0.000000
0.000000
0.000000
0.000000
0.000000
0.000000
0.000000
0.000000
0.000000
0.000000
0.000000
0.000000
0.000000
0.000000
0.000000
0.000000
0.000000
0.000000
0.000000
0.000000
0.000000
0.000000
0.000000
0.000000
0.000000
0.000000
0.000000
0.000000
0.000000
0.000000
0.000000
0.000000
0.000000
0.000000
0.000000
0.000000
0.000000
0.000000
0.000000
0.000000
0.000000
0.000000
0.000000
0.000000
0.000000
0.000000
0.000000
0.000000
0.000000
0.000000
0.000000
0.000000
0.000000
0.000000
0.000000
0.000000
0.000000
0.000000
0.000000
0.000000
0.000000
0.000000
0.000000
0.000000
0.000000
0.000000
0.000000
0.000000
0.000000
0.000000
0.000000
0.000000
0.000000
0.000000
0.000000
0.000000
0.000000
0.000000
0.000000
0.000000
0.000000
0.000000
0.000000
0.000000
0.000000
0.000000
0.000000
0.000000
0.000000
0.000000
0.000000
0.000000
0.000000
0.000000
0.000000
0.000000
0.000000
0.000000
0.000000
0.000000
0.000000
0.000000
0.000000
0.000000
0.000000
0.000000
0.000000
0.000000
0.000000
0.000000
0.000000
0.000000
0.000000
0.000000
0.000000
0.000000
0.000000
0.000000
0.000000
0.000000
0.000000
0.000000
0.000000
0.000000
0.000000
0.000000
0.000000
0.000000
0.000000
0.000000
0.000000
0.000000
0.000000
0.000000
0.000000
0.000000
0.000000
0.000000
0.000000
0.000000
0.000000
0.000000
0.000000
0.000000
0.000000
0.000000
0.000000
0.000000
0.000000
0.000000
0.000000
0.000000
0.000000
0.000000
0.000000
0.000000
0.000000
0.000000
0.000000
0.000000
0.000000
0.000000
0.000000
0.000000
0.000000
0.000000
0.000000
0.000000
0.000000
0.000000
0.000000
0.000000
0.000000
0.000000
0.000000
0.000000
0.000000
0.000000
0.000000
0.000000
0.000000
0.000000
0.000000
0.000000
0.000000
0.000000
0.000000
0.000000
0.000000
0.000000
0.000000
0.000000
0.000000
0.000000
0.000000
0.000000
0.000000
0.000000
0.000000
0.000000
0.000000
0.000000
0.000000
0.000000
0.000000
0.000000
0.000000
0.000000
0.000000
0.000000
0.000000
0.000000
0.000000
0.000000
0.000000
0.000000
0.000000
0.000000
0.000000
0.000000
0.000000
0.000000
0.000000
0.000000
0.000000
0.000000
0.000000
0.000000
0.000000
0.000000
0.000000
0.000000
0.000000
0.000000
0.000000
0.000000
0.000000
0.000000
0.000000
0.000000
0.000000
0.000000
0.000000
0.000000
0.000000
0.000000
0.000000
0.000000
0.000000
0.000000
0.000000
0.000000
0.000000
0.000000
0.000000
0.000000
0.000000
0.000000
0.000000
0.000000
0.000000
0.000000
0.000000
0.000000
0.000000
0.000000
0.000000
0.000000
0.000000
0.000000
0.000000
