0.000000
0.000000
0.000000
0.000000
0.000000
0.000000
0.000000
0.000000
0.000000
0.000000
0.006378
0.970833
6.939863
11.672839
16.160985
36.634023
56.660234
91.602840
156.788040
242.497517
349.151386
474.151284
665.740418
932.639420
1327.174803
1772.957608
2320.162774
2915.818207
3647.727933
4504.459220
5418.275941
6660.550877
7982.185600
9520.524600
11239.106858
12917.119256
14813.389748
16909.588458
19216.474326
21811.055176
24365.399781
26889.701257
29736.864138
32515.086903
35265.755629
38109.075783
41089.529496
44157.761301
47202.160999
50256.819540
53236.758828
56244.882193
58888.760708
61784.656437
64618.319930
67363.327292
69808.607181
72489.186506
74759.258505
76893.777040
79410.933577
81300.596742
83277.675712
85222.032350
86803.945575
88562.022374
90306.698894
92080.436868
93532.461602
94742.736033
96128.574489
97326.584185
98235.539405
99407.290103
100375.350663
101410.070219
102105.404843
102937.351241
103669.967111
104293.053540
104441.943024
104666.733797
104708.138377
105004.639398
104974.214514
105044.546533
104889.624487
104488.410570
104059.465019
103856.298221
103305.630101
102620.951885
102021.530971
101338.805192
100512.926411
99929.302082
99143.688512
97996.740662
96977.490412
96026.355799
95155.811365
94119.151531
93395.449141
92483.927213
91453.485713
90367.446652
89252.586814
88434.187021
87228.129325
86148.410259
84992.531569
83755.145641
82590.404301
81584.464687
80444.384605
79372.767798
78113.450951
76752.410919
75601.446264
74359.322262
73154.394338
71945.577566
70767.204076
69932.112078
68866.069033
67802.638727
66624.600749
65494.455953
64407.749077
63310.737534
62101.855361
61084.754524
60039.886432
58999.779282
58072.790272
56922.140859
55916.145773
54916.785813
53609.857473
52493.071143
51552.626969
50589.522202
49523.763407
48564.002871
47438.473136
46372.550688
45418.713590
44450.620370
43452.635594
42550.049908
41617.514950
40625.942780
39569.148908
38628.192326
37853.235033
36841.973636
36071.516135
35303.072118
34646.377702
33731.170290
32884.962170
32165.911412
31422.382324
30667.408385
29914.107411
29134.193210
28350.277617
27646.023958
26909.353810
26279.118732
25535.602538
24815.356157
24162.313203
23514.068798
22864.294156
22221.178852
21717.765388
20975.579725
20419.602884
19868.195561
19278.927594
18727.455151
18169.718234
17666.674449
17194.542343
16631.977027
16108.297101
15678.606277
15216.440397
14789.944594
14371.940767
13926.495868
13506.752849
13049.848827
12676.134704
12285.300281
11866.915664
11484.673443
11046.387224
10703.606500
10331.657813
10043.907238
9673.747445
9417.577889
9119.938444
8820.777811
8495.221093
8231.976635
7935.914252
7642.338788
7347.484316
7074.471259
6813.147728
6581.467678
6362.192878
6177.606308
5952.630726
5736.940798
5541.436529
5364.882529
5185.449859
4984.433009
4818.560832
4678.152901
4496.256388
4333.734170
4171.635546
4005.085158
3859.397364
3692.900913
3533.434054
3420.476965
3302.555168
3196.356358
3048.546474
2921.389472
2811.573682
2693.637196
2581.435422
2479.697944
2380.915648
2312.566945
2220.978429
2151.796882
2072.485451
1969.319127
1865.832424
1787.213021
1696.500161
1636.656304
1561.313934
1488.855061
1410.664217
1342.518805
1266.564950
1208.466574
1149.976602
1108.042500
1063.346115
1008.701607
951.817567
911.019812
858.352337
825.032722
790.183919
746.788538
692.282653
654.790302
621.584106
598.777715
570.468397
546.702039
512.721808
497.502679
470.824729
457.649988
436.195809
418.028219
403.478209
375.007581
353.605939
337.886121
314.143009
298.842917
281.172995
267.133290
252.517110
244.216592
228.407664
215.411272
206.754113
193.996393
185.458979
175.283071
166.365028
158.273592
150.574886
146.043418
138.384318
128.459819
122.890065
117.200064
110.668746
106.793454
101.600765
96.102425
90.899788
85.175934
80.292858
74.028227
69.673040
65.595171
61.919620
59.817886
54.757993
48.896960
45.436431
44.552572
39.488630
36.905657
34.377046
31.321908
31.741657
31.711878
31.145312
30.280928
29.020893
26.232888
25.024077
23.295280
21.843253
20.502362
17.806414
16.266803
14.756996
12.578932
11.845728
9.829196
9.219327
8.492107
7.369454
7.298438
7.388818
5.766699
5.297445
4.491932
3.806022
3.534044
3.022054
2.720962
3.595462
3.730119
3.231122
3.621792
3.546268
2.336874
2.876943
3.003221
3.527360
2.736786
2.082114
2.026504
2.249199
2.577234
2.085884
2.466556
3.336307
3.188862
3.143887
2.956961
2.933768
3.419967
2.743871
2.177797
1.757588
1.642598
1.240732
0.967834
1.319593
0.783777
0.624970
0.695783
0.806780
0.932638
1.146930
0.835236
0.934346
0.796400
0.736943
0.828558
0.712024
0.447658
0.330815
0.103424
0.095521
0.063688
0.040894
0.000000
0.000000
0.000000
0.000000
0.000000
0.000000
0.000000
0.000000
0.000000
0.000000
0.000000
0.000000
0.000000
0.000000
0.000000
0.000000
0.000000
0.000000
0.000000
0.000000
0.000000
0.000000
0.000000
0.000000
0.000000
0.000000
0.000000
0.000000
0.000000
0.000000
0.000000
0.000000
0.000000
0.000000
0.000000
0.000000
0.000000
0.000000
0.000000
0.000000
0.000000
0.000000
0.000000
0.000000
0.000000
0.000000
0.000000
0.000000
0.000000
0.000000
0.000000
0.000000
0.000000
0.000000
0.000000
0.000000
0.000000
0.000000
0.000000
0.000000
0.000000
0.000000
0.000000
0.000000
0.000000
0.000000
0.000000
0.000000
0.000000
0.000000
0.000000
0.000000
0.000000
0.000000
0.000000
0.000000
0.000000
0.000000
0.000000
0.000000
0.000000
0.000000
0.000000
0.000000
0.000000
0.000000
0.000000
0.000000
0.000000
0.000000
0.000000
0.000000
0.000000
0.000000
0.000000
0.000000
0.000000
0.000000
0.000000
0.000000
0.000000
0.000000
0.000000
0.000000
0.000000
0.000000
0.000000
0.000000
0.000000
0.000000
0.000000
0.000000
0.000000
0.000000
0.000000
0.000000
0.000000
0.000000
0.000000
0.000000
0.000000
0.000000
0.000000
0.000000
0.000000
0.000000
0.000000
0.000000
0.000000
0.000000
0.000000
0.000000
0.000000
0.000000
0.000000
0.000000
0.000000
0.000000
0.000000
0.000000
0.000000
0.000000
0.000000
0.000000
0.000000
0.000000
0.000000
0.000000
0.000000
0.000000
0.000000
0.000000
0.000000
0.000000
0.000000
0.000000
0.000000
0.000000
0.000000
0.000000
0.000000
0.000000
0.000000
0.000000
0.000000
0.000000
0.000000
0.000000
0.000000
0.000000
0.000000
0.000000
0.000000
0.000000
0.000000
0.000000
0.000000
0.000000
0.000000
0.000000
0.000000
0.000000
0.000000
0.000000
0.000000
0.000000
0.000000
0.000000
0.000000
0.000000
0.000000
0.000000
0.000000
0.000000
0.000000
0.000000
0.000000
0.000000
0.000000
0.000000
0.000000
0.000000
0.000000
0.000000
0.000000
0.000000
0.000000
0.000000
0.000000
0.000000
0.000000
0.000000
0.000000
0.000000
0.000000
0.000000
0.000000
0.000000
0.000000
0.000000
0.000000
0.000000
0.000000
0.000000
0.000000
0.000000
0.000000
0.000000
0.000000
0.000000
0.000000
0.000000
0.000000
0.000000
0.000000
0.000000
0.000000
0.000000
0.000000
0.000000
0.000000
0.000000
0.000000
0.000000
0.000000
0.000000
0.000000
0.000000
0.000000
0.000000
0.000000
0.000000
0.000000
0.000000
0.000000
0.000000
0.000000
0.000000
0.000000
0.000000
0.000000
0.000000
0.000000
0.000000
0.000000
0.000000
0.000000
0.000000
0.000000
0.000000
0.000000
0.000000
0.000000
0.000000
0.000000
0.000000
0.000000
0.000000
0.000000
0.000000
0.000000
0.000000
0.000000
0.000000
0.000000
0.000000
0.000000
0.000000
0.000000
0.000000
0.000000
0.000000
0.000000
0.000000
0.000000
0.000000
0.000000
0.000000
0.000000
0.000000
0.000000
0.000000
0.000000
0.000000
0.000000
0.000000
0.000000
0.000000
0.000000
0.000000
0.000000
0.000000
0.000000
0.000000
0.000000
0.000000
0.000000
0.000000
0.000000
0.000000
0.000000
0.000000
0.000000
0.000000
0.000000
0.000000
0.000000
0.000000
0.000000
0.000000
0.000000
0.000000
0.000000
0.000000
0.000000
0.000000
0.000000
0.000000
0.000000
0.000000
0.000000
0.000000
0.000000
0.000000
0.000000
0.000000
0.000000
0.000000
0.000000
0.000000
0.000000
0.000000
0.000000
0.000000
0.000000
0.000000
0.000000
0.000000
0.000000
0.000000
0.000000
0.000000
0.000000
0.000000
0.000000
0.000000
0.000000
0.000000
0.000000
0.000000
0.000000
0.000000
0.000000
0.000000
0.000000
0.000000
0.000000
0.000000
0.000000
0.000000
0.000000
0.000000
0.000000
0.000000
0.000000
0.000000
0.000000
0.000000
0.000000
0.000000
0.000000
0.000000
0.000000
0.000000
0.000000
0.000000
0.000000
0.000000
0.000000
0.000000
0.000000
0.000000
0.000000
0.000000
0.000000
0.000000
0.000000
0.000000
0.000000
0.000000
0.000000
0.000000
0.000000
0.000000
0.000000
0.000000
0.000000
0.000000
0.000000
0.000000
0.000000
0.000000
0.000000
0.000000
0.000000
0.000000
0.000000
0.000000
0.000000
0.000000
0.000000
0.000000
0.000000
0.000000
0.000000
0.000000
0.000000
0.000000
0.000000
0.000000
0.000000
0.000000
0.000000
0.000000
0.000000
0.000000
0.000000
0.000000
0.000000
0.000000
0.000000
0.000000
0.000000
0.000000
0.000000
0.000000
0.000000
0.000000
0.000000
0.000000
0.000000
0.000000
0.000000
0.000000
0.000000
0.000000
0.000000
0.000000
0.000000
0.000000
0.000000
0.000000
0.000000
0.000000
0.000000
0.000000
0.000000
0.000000
0.000000
0.000000
0.000000
0.000000
0.000000
0.000000
0.000000
0.000000
0.000000
0.000000
0.000000
0.000000
0.000000
0.000000
0.000000
0.000000
0.000000
0.000000
0.000000
0.000000
0.000000
0.000000
0.000000
0.000000
0.000000
0.000000
0.000000
0.000000
0.000000
0.000000
0.000000
0.000000
0.000000
0.000000
0.000000
0.000000
0.000000
0.000000
0.000000
0.000000
0.000000
0.000000
0.000000
0.000000
0.000000
0.000000
0.000000
0.000000
0.000000
0.000000
0.000000
0.000000
0.000000
0.000000
0.000000
0.000000
0.000000
0.000000
0.000000
0.000000
0.000000
0.000000
0.000000
0.000000
0.000000
0.000000
0.000000
0.000000
0.000000
0.000000
0.000000
0.000000
0.000000
0.000000
0.000000
0.000000
0.000000
0.000000
0.000000
0.000000
0.000000
0.000000
0.000000
0.000000
0.000000
0.000000
0.000000
0.000000
0.000000
0.000000
0.000000
0.000000
0.000000
0.000000
0.000000
0.000000
0.000000
0.000000
0.000000
0.000000
0.000000
0.000000
0.000000
0.000000
0.000000
0.000000
0.000000
0.000000
0.000000
0.000000
0.000000
0.000000
0.000000
0.000000
0.000000
0.000000
0.000000
0.000000
0.000000
0.000000
0.000000
0.000000
0.000000
0.000000
0.000000
0.000000
