0.000000
0.000000
0.000000
0.000000
0.000000
0.017763
0.004930
0.501863
1.024297
1.894791
4.141078
7.270563
13.003897
23.231462
38.217550
66.972432
102.349128
154.314282
229.054659
327.951509
455.076934
622.105631
826.666171
1105.447306
1425.407725
1832.205488
2315.053320
2894.657011
3551.944941
4303.163343
5174.953817
6186.337756
7313.687857
8574.174233
9944.367906
11428.202031
13074.532560
14836.614217
16768.261847
18838.533978
21055.446232
23325.661024
25789.867683
28331.940893
30971.910683
33696.109338
36559.216797
39459.548115
42413.306379
45367.276653
48446.210139
51486.343840
54484.290575
57517.064166
60481.975205
63527.693885
66531.407059
69424.119488
72390.589423
75131.650575
77857.317263
80610.183881
83216.693606
85818.738354
88403.428611
90768.529933
92921.132491
95139.478203
97194.423740
99106.695068
100969.544071
102628.581473
104172.296285
105594.603142
106933.206915
108106.671455
109150.919669
110116.991262
110915.072451
111772.144782
112448.636508
113001.528529
113575.523718
113905.354378
114223.227344
114398.086996
114508.713401
114498.832646
114446.420884
114245.563917
113978.330836
113611.406706
113206.528484
112647.186172
111978.613381
111269.867179
110415.231845
109526.623329
108623.094496
107663.845345
106648.333332
105622.671656
104507.057639
103353.330681
102225.875048
101002.614085
99735.375531
98396.758339
97048.466642
95594.916905
94173.029022
92744.309320
91340.984218
89896.755276
88479.452565
86954.557176
85431.609296
83911.705667
82413.309848
80860.360117
79304.953919
77730.257812
76170.745119
74627.640640
73139.761246
71700.284003
70196.632234
68651.438783
67225.194730
65740.958155
64287.184128
62794.924089
61363.054462
59927.300017
58593.435538
57220.010813
55894.278287
54532.518210
53178.852569
51834.465719
50503.756030
49183.157525
47894.168252
46572.474059
45341.139553
44098.877176
42874.101292
41701.272127
40518.791892
39351.755545
38218.013696
37095.430374
36036.843080
34961.802541
33933.498881
32927.082817
31937.269467
30971.494125
30048.706283
29123.951848
28192.211418
27295.626161
26435.556604
25537.739619
24693.426743
23848.925991
23032.670596
22289.540959
21507.463620
20751.200088
20039.804273
19343.107079
18649.722080
17962.737151
17303.103899
16676.584729
16065.732091
15454.081347
14870.845222
14318.511814
13764.481885
13226.520712
12718.823395
12234.168126
11778.845618
11320.906823
10869.467088
10449.830886
10037.763480
9619.199471
9245.925883
8863.140940
8503.027016
8140.679483
7785.713319
7447.626923
7135.411736
6824.542089
6536.001398
6256.998083
5991.074217
5724.527963
5468.496188
5228.711584
4990.323976
4761.995476
4550.020066
4351.076168
4151.105895
3961.993639
3772.963460
3596.357110
3417.695390
3257.326008
3112.199552
2961.145901
2821.026883
2691.218589
2564.655104
2442.025434
2318.108271
2201.741035
2094.645578
1984.704848
1889.741313
1787.290226
1692.316245
1606.121899
1524.957436
1441.386508
1365.661191
1294.732005
1229.992602
1166.454667
1109.425200
1052.262054
997.281344
945.006395
899.569377
850.206605
799.837144
756.118186
710.708271
666.895404
631.710945
599.683546
567.363219
534.225617
503.507537
473.580905
445.325566
417.793231
392.991844
369.168311
351.340317
331.181661
313.867638
295.957824
278.048037
262.286054
247.492366
233.944168
218.601152
205.314934
191.020650
178.316332
166.033141
156.508576
147.819303
137.793666
130.680765
122.507930
112.698379
104.697639
97.094607
91.416264
84.788748
79.605865
75.046526
71.110077
67.202775
63.210639
59.591315
56.504948
51.620929
48.934220
45.509263
42.486148
40.285324
37.646619
35.208468
32.957819
31.046033
29.180743
27.259743
25.175369
23.378308
21.508247
19.767871
18.634483
16.821675
15.470178
14.577686
13.672277
12.885469
11.851098
10.428889
9.416481
8.785564
8.199805
7.544790
6.796407
6.465973
5.928799
5.451554
4.925194
4.731177
4.465044
4.168240
3.660654
3.423713
3.281621
3.024128
2.623132
2.429420
2.454935
2.351310
2.265531
1.957014
1.721327
1.705747
1.486392
1.411143
1.238124
1.204570
0.998018
0.982248
0.935700
0.981628
0.902922
0.931573
0.862049
0.770086
0.702424
0.597451
0.546131
0.461917
0.457211
0.414099
0.422370
0.340161
0.234824
0.270731
0.220204
0.202213
0.142561
0.172273
0.104670
0.131387
0.120107
0.099731
0.072784
0.060968
0.050466
0.043482
0.062155
0.076020
0.071026
0.060158
0.035662
0.019191
0.020698
0.004955
0.002417
0.000000
0.000000
0.000000
0.000000
0.000000
0.000000
0.000000
0.000000
0.000000
0.000000
0.000000
0.000000
0.000000
0.000000
0.000000
0.000000
0.000000
0.000000
0.000000
0.000000
0.000000
0.000000
0.000000
0.000000
0.000000
0.000000
0.000000
0.000000
0.000000
0.000000
0.000000
0.000000
0.000000
0.000000
0.000000
0.000000
0.000000
0.000000
0.000000
0.000000
0.000000
0.000000
0.000000
0.000000
0.000000
0.000000
0.000000
0.000000
0.000000
0.000000
0.000000
0.000000
0.000000
0.000000
0.000000
0.000000
0.000000
0.000000
0.000000
0.000000
0.000000
0.000000
0.000000
0.000000
0.000000
0.000000
0.000000
0.000000
0.000000
0.000000
0.000000
0.000000
0.000000
0.000000
0.000000
0.000000
0.000000
0.000000
0.000000
0.000000
0.000000
0.000000
0.000000
0.000000
0.000000
0.000000
0.000000
0.000000
0.000000
0.000000
0.000000
0.000000
0.000000
0.000000
0.000000
0.000000
0.000000
0.000000
0.000000
0.000000
0.000000
0.000000
0.000000
0.000000
0.000000
0.000000
0.000000
0.000000
0.000000
0.000000
0.000000
0.000000
0.000000
0.000000
0.000000
0.000000
0.000000
0.000000
0.000000
0.000000
0.000000
0.000000
0.000000
0.000000
0.000000
0.000000
0.000000
0.000000
0.000000
0.000000
0.000000
0.000000
0.000000
0.000000
0.000000
0.000000
0.000000
0.000000
0.000000
0.000000
0.000000
0.000000
0.000000
0.000000
0.000000
0.000000
0.000000
0.000000
0.000000
0.000000
0.000000
0.000000
0.000000
0.000000
0.000000
0.000000
0.000000
0.000000
0.000000
0.000000
0.000000
0.000000
0.000000
0.000000
0.000000
0.000000
0.000000
0.000000
0.000000
0.000000
0.000000
0.000000
0.000000
0.000000
0.000000
0.000000
0.000000
0.000000
0.000000
0.000000
0.000000
0.000000
0.000000
0.000000
0.000000
0.000000
0.000000
0.000000
0.000000
0.000000
0.000000
0.000000
0.000000
0.000000
0.000000
0.000000
0.000000
0.000000
0.000000
0.000000
0.000000
0.000000
0.000000
0.000000
0.000000
0.000000
0.000000
0.000000
0.000000
0.000000
0.000000
0.000000
0.000000
0.000000
0.000000
0.000000
0.000000
0.000000
0.000000
0.000000
0.000000
0.000000
0.000000
0.000000
0.000000
0.000000
0.000000
0.000000
0.000000
0.000000
0.000000
0.000000
0.000000
0.000000
0.000000
0.000000
0.000000
0.000000
0.000000
0.000000
0.000000
0.000000
0.000000
0.000000
0.000000
0.000000
0.000000
0.000000
0.000000
0.000000
0.000000
0.000000
0.000000
0.000000
0.000000
0.000000
0.000000
0.000000
0.000000
0.000000
0.000000
0.000000
0.000000
0.000000
0.000000
0.000000
0.000000
0.000000
0.000000
0.000000
0.000000
0.000000
0.000000
0.000000
0.000000
0.000000
0.000000
0.000000
0.000000
0.000000
0.000000
0.000000
0.000000
0.000000
0.000000
0.000000
0.000000
0.000000
0.000000
0.000000
0.000000
0.000000
0.000000
0.000000
0.000000
0.000000
0.000000
0.000000
0.000000
0.000000
0.000000
0.000000
0.000000
0.000000
0.000000
0.000000
0.000000
0.000000
0.000000
0.000000
0.000000
0.000000
0.000000
0.000000
0.000000
0.000000
0.000000
0.000000
0.000000
0.000000
0.000000
0.000000
0.000000
0.000000
0.000000
0.000000
0.000000
0.000000
0.000000
0.000000
0.000000
0.000000
0.000000
0.000000
0.000000
0.000000
0.000000
0.000000
0.000000
0.000000
0.000000
0.000000
0.000000
0.000000
0.000000
0.000000
0.000000
0.000000
0.000000
0.000000
0.000000
0.000000
0.000000
0.000000
0.000000
0.000000
0.000000
0.000000
0.000000
0.000000
0.000000
0.000000
0.000000
0.000000
0.000000
0.000000
0.000000
0.000000
0.000000
0.000000
0.000000
0.000000
0.000000
0.000000
0.000000
0.000000
0.000000
0.000000
0.000000
0.000000
0.000000
0.000000
0.000000
0.000000
0.000000
0.000000
0.000000
0.000000
0.000000
0.000000
0.000000
0.000000
0.000000
0.000000
0.000000
0.000000
0.000000
0.000000
0.000000
0.000000
0.000000
0.000000
0.000000
0.000000
0.000000
0.000000
0.000000
0.000000
0.000000
0.000000
0.000000
0.000000
0.000000
0.000000
0.000000
0.000000
0.000000
0.000000
0.000000
0.000000
0.000000
0.000000
0.000000
0.000000
0.000000
0.000000
0.000000
0.000000
0.000000
0.000000
0.000000
0.000000
0.000000
0.000000
0.000000
0.000000
0.000000
0.000000
0.000000
0.000000
0.000000
0.000000
0.000000
0.000000
0.000000
0.000000
0.000000
0.000000
0.000000
0.000000
0.000000
0.000000
0.000000
0.000000
0.000000
0.000000
0.000000
0.000000
0.000000
0.000000
0.000000
0.000000
0.000000
0.000000
0.000000
0.000000
0.000000
0.000000
0.000000
0.000000
0.000000
0.000000
0.000000
0.000000
0.000000
0.000000
0.000000
0.000000
0.000000
0.000000
0.000000
0.000000
0.000000
0.000000
0.000000
0.000000
0.000000
0.000000
0.000000
0.000000
0.000000
0.000000
0.000000
0.000000
0.000000
0.000000
0.000000
0.000000
0.000000
0.000000
0.000000
0.000000
0.000000
0.000000
0.000000
0.000000
0.000000
0.000000
0.000000
0.000000
0.000000
0.000000
0.000000
0.000000
0.000000
0.000000
0.000000
0.000000
0.000000
0.000000
0.000000
0.000000
0.000000
0.000000
0.000000
0.000000
0.000000
0.000000
0.000000
0.000000
0.000000
0.000000
0.000000
0.000000
0.000000
0.000000
0.000000
0.000000
0.000000
0.000000
0.000000
0.000000
0.000000
0.000000
0.000000
0.000000
0.000000
0.000000
0.000000
0.000000
0.000000
0.000000
0.000000
0.000000
0.000000
0.000000
0.000000
0.000000
0.000000
0.000000
0.000000
0.000000
0.000000
0.000000
0.000000
0.000000
0.000000
0.000000
0.000000
0.000000
0.000000
0.000000
0.000000
0.000000
0.000000
0.000000
0.000000
0.000000
0.000000
0.000000
0.000000
0.000000
0.000000
0.000000
0.000000
0.000000
0.000000
0.000000
0.000000
0.000000
0.000000
0.000000
0.000000
0.000000
0.000000
0.000000
0.000000
0.000000
0.000000
0.000000
0.000000
0.000000
0.000000
0.000000
0.000000
0.000000
0.000000
0.000000
0.000000
0.000000
0.000000
0.000000
0.000000
0.000000
0.000000
0.000000
0.000000
0.000000
0.000000
0.000000
0.000000
0.000000
0.000000
0.000000
0.000000
0.000000
0.000000
