0.000000
10.959236
50.533198
200.509747
556.756702
1428.435153
2950.762180
5417.614437
9148.972797
14448.471657
21561.312476
30282.730401
39945.551541
51259.416418
63115.161179
75124.947254
87316.601346
98802.256462
109465.334246
119571.416681
128211.392864
135322.994289
141134.552648
145520.221130
148928.357014
150658.551980
152376.479161
152985.780436
152319.497323
151125.125299
149153.774585
145613.903587
142694.673823
139745.003150
136670.061395
132576.382895
128331.362591
124833.974714
120744.900900
116779.890568
112188.463351
108553.127244
104144.793034
100512.795675
97025.759131
93518.678133
89790.747848
86293.613500
82799.080374
79577.197811
76620.582052
74043.953833
71369.072452
68815.745158
66262.588572
63968.240645
61624.550625
59551.647813
57599.276663
55419.824909
53371.701918
51794.316376
49988.923745
48403.544945
46964.714290
45517.342013
44096.775827
42993.254657
41923.944686
40717.932081
39802.841418
38884.587072
37994.981483
37318.266433
36450.469605
35576.878872
34774.882151
33911.173572
33180.027053
32576.087374
32033.336209
31336.167689
30842.694549
30342.981568
29827.717676
29347.115417
28901.007666
28419.393535
27912.105504
27546.436759
26981.635534
26561.982428
26110.757364
25857.271694
25496.120595
25286.006416
25033.387715
24707.727465
24413.135386
24239.424901
24059.062335
23862.082690
23694.575107
23502.614580
23242.274259
22981.419282
22704.018227
22457.700719
22307.164631
22237.675562
22090.276164
22019.438252
21837.550300
21702.238991
21601.586263
21380.687001
21264.720356
21235.330213
21177.141294
21123.658910
21108.745776
21054.533190
21008.391648
20997.277554
20915.797520
20907.427806
20811.757555
20789.923575
20685.007904
20614.181576
20633.350197
20580.698724
20543.387095
20556.401570
20459.582954
20422.336680
20395.290310
20404.156142
20393.486594
20481.297374
20493.435410
20524.969012
20504.341059
20446.319098
20484.548240
20537.943297
20493.991216
20565.082140
20657.121621
20634.346059
20547.693985
20624.366453
20556.962057
20599.349756
20579.000357
20581.248243
20568.569244
20480.960104
20501.744701
20450.595671
20449.308594
20481.982714
20442.648577
20497.997584
20498.824574
20440.395594
20468.534531
20417.367736
20403.968202
20392.929707
20381.029889
20332.885437
20386.709914
20366.936892
20275.995074
20165.574469
20161.950330
20164.921969
20105.249388
20089.283367
19991.472173
19908.785738
19819.311691
19766.518255
19802.396462
19748.544682
19755.891498
19647.161411
19638.457184
19655.712148
19662.654148
19641.944313
19570.308453
19542.705482
19467.766366
19369.059387
19347.999497
19261.814501
19097.176997
19000.146686
18915.545091
18829.989397
18730.691153
18605.421791
18506.950354
18377.054723
18283.910256
18097.107098
18049.995687
17828.170192
17758.439762
17684.649985
17587.951921
17472.012966
17388.115226
17370.093496
17279.622484
17167.867875
17054.763555
16887.296086
16827.782126
16699.183728
16580.060110
16425.143859
16284.291653
16169.007828
16068.593580
15985.274866
15861.908458
15716.759989
15600.793957
15404.246975
15252.272551
15184.645618
15021.912240
14910.924693
14787.791779
14640.331333
14497.390404
14352.405434
14227.469969
14072.014516
13983.734490
13798.846193
13653.259418
13453.462396
13311.710861
13128.776956
12945.059313
12802.890642
12700.815495
12538.882443
12377.077857
12207.431439
12055.037994
11886.729184
11709.040866
11537.604233
11330.141011
11141.763167
10989.873467
10833.536732
10657.139445
10491.143273
10387.845205
10193.232636
10043.001584
9905.301028
9758.372596
9554.970583
9394.599068
9219.227616
9044.738828
8879.976728
8723.083268
8531.928696
8376.300785
8185.906157
8049.088914
7896.520607
7722.231409
7578.428480
7449.137894
7311.363660
7135.666852
6998.059032
6866.425537
6734.948624
6588.955027
6480.777642
6384.426306
6267.515456
6173.357943
6046.426067
5909.479534
5806.015195
5683.248234
5566.448603
5445.813110
5307.376297
5162.105499
5047.637357
4926.359993
4840.571321
4706.783748
4579.153387
4488.084867
4354.801067
4240.145463
4096.045172
4003.811130
3912.661400
3814.039028
3718.690251
3593.901574
3488.552748
3382.020640
3309.131262
3251.546706
3161.485105
3079.280852
3005.579143
2915.709663
2824.962826
2747.993218
2660.832282
2586.765392
2496.503253
2425.597858
2355.823900
2282.779319
2216.161598
2149.923790
2081.730986
2027.369243
1947.110294
1890.099903
1844.541281
1790.840522
1734.890453
1687.671541
1616.710845
1575.361303
1527.205130
1458.981679
1426.970129
1376.646899
1335.058945
1301.166211
1259.322687
1220.155809
1170.245302
1148.721466
1115.056481
1074.179486
1034.991235
995.791954
959.448515
910.451239
869.976170
841.617651
806.986474
768.532590
737.472063
699.096098
674.247710
650.996364
624.262691
603.162200
582.076596
554.725807
528.525294
499.312245
477.667677
452.977709
432.830089
419.993738
392.758509
377.146388
364.647236
350.678716
329.704960
316.590961
303.732918
286.990171
273.134328
253.910156
240.311032
230.675364
221.149369
206.451849
195.468970
188.962645
177.516007
168.452742
161.965141
156.177853
143.662303
140.485808
134.761234
134.735048
128.830621
123.046258
118.875179
116.461130
115.696874
109.722873
108.033918
101.180295
95.061085
90.981165
87.929289
81.003878
72.860597
69.283884
64.923948
62.067289
61.883146
59.551700
56.060346
52.959663
50.498726
47.195121
44.798198
41.922666
37.118433
38.257997
35.775403
33.072854
31.309860
30.801000
30.271894
28.250150
26.134488
25.878263
26.251787
25.602666
27.296219
26.060665
26.059059
25.513212
25.035670
25.322208
22.078331
19.596765
17.943661
17.244069
16.635935
16.916523
15.787395
13.540318
12.910473
12.808388
12.927039
10.579355
11.379090
10.827876
11.106171
9.970088
10.078240
9.184664
9.471793
8.424504
7.233116
7.220122
7.077929
6.519760
6.283186
5.285484
5.218726
4.464026
4.245705
4.124530
4.079820
3.549004
2.893103
2.571369
2.711396
2.649526
2.144342
2.424645
1.842135
1.635703
1.718838
1.730795
1.929801
1.775830
1.676199
1.820971
1.671285
1.551846
1.283421
1.373670
1.721031
1.558695
1.791689
1.778810
1.706875
1.360195
1.322845
1.458104
1.644748
2.029355
1.884411
1.773394
2.195115
2.279005
2.375786
2.300943
2.244259
2.005112
1.515636
0.894671
0.735099
0.609597
0.440005
0.293688
0.398137
0.459428
0.532764
0.430810
0.470727
0.744229
0.673645
0.597669
0.700535
0.786958
0.407066
0.301020
0.306757
0.229493
0.270947
0.342494
0.484847
0.330311
0.249902
0.234695
0.211713
0.219869
0.322582
0.180418
0.177345
0.053607
0.075247
0.052477
0.054134
0.120904
0.128288
0.154723
0.170211
0.184414
0.206402
0.180593
0.213057
0.320835
0.102405
0.059080
0.177353
0.226690
0.365368
0.279264
0.151757
0.333763
0.447872
0.437731
0.254574
0.249885
0.131407
0.156840
0.217829
0.173839
0.084690
0.039129
0.000000
0.000000
0.000000
0.000000
0.000000
0.000000
0.000000
0.000000
0.000000
0.000000
0.000000
0.000000
0.000000
0.000000
0.000000
0.000000
0.000000
0.000000
0.000000
0.000000
0.000000
0.000000
0.000000
0.000000
0.000000
0.000000
0.000000
0.000000
0.000000
0.000000
0.000000
0.000000
0.000000
0.000000
0.000000
0.000000
0.000000
0.000000
0.000000
0.000000
0.000000
0.000000
0.000000
0.000000
0.000000
0.000000
0.000000
0.000000
0.000000
0.000000
0.000000
0.000000
0.000000
0.000000
0.000000
0.000000
0.000000
0.000000
0.000000
0.000000
0.000000
0.000000
0.000000
0.000000
0.000000
0.000000
0.000000
0.000000
0.000000
0.000000
0.000000
0.000000
0.000000
0.000000
0.000000
0.000000
0.000000
0.000000
0.000000
0.000000
0.000000
0.000000
0.000000
0.000000
0.000000
0.000000
0.000000
0.000000
0.000000
0.000000
0.000000
0.000000
0.000000
0.000000
0.000000
0.000000
0.000000
0.000000
0.000000
0.000000
0.000000
0.000000
0.000000
0.000000
0.000000
0.000000
0.000000
0.000000
0.000000
0.000000
0.000000
0.000000
0.000000
0.000000
0.000000
0.000000
0.000000
0.000000
0.000000
0.000000
0.000000
0.000000
0.000000
0.000000
0.000000
0.000000
0.000000
0.000000
0.000000
0.000000
0.000000
0.000000
0.000000
0.000000
0.000000
0.000000
0.000000
0.000000
0.000000
0.000000
0.000000
0.000000
0.000000
0.000000
0.000000
0.000000
0.000000
0.000000
0.000000
0.000000
0.000000
0.000000
0.000000
0.000000
0.000000
0.000000
0.000000
0.000000
0.000000
0.000000
0.000000
0.000000
0.000000
0.000000
0.000000
0.000000
0.000000
0.000000
0.000000
0.000000
0.000000
0.000000
0.000000
0.000000
0.000000
0.000000
0.000000
0.000000
0.000000
0.000000
0.000000
0.000000
0.000000
0.000000
0.000000
0.000000
0.000000
0.000000
0.000000
0.000000
0.000000
0.000000
0.000000
0.000000
0.000000
0.000000
0.000000
0.000000
0.000000
0.000000
0.000000
0.000000
0.000000
0.000000
0.000000
0.000000
0.000000
0.000000
0.000000
0.000000
0.000000
0.000000
0.000000
0.000000
0.000000
0.000000
0.000000
0.000000
0.000000
0.000000
0.000000
0.000000
0.000000
0.000000
0.000000
0.000000
0.000000
0.000000
0.000000
0.000000
0.000000
0.000000
0.000000
0.000000
0.000000
0.000000
0.000000
0.000000
0.000000
0.000000
0.000000
0.000000
0.000000
0.000000
0.000000
0.000000
0.000000
0.000000
0.000000
0.000000
0.000000
0.000000
0.000000
0.000000
0.000000
0.000000
0.000000
0.000000
0.000000
0.000000
0.000000
0.000000
0.000000
0.000000
0.000000
0.000000
0.000000
0.000000
0.000000
0.000000
0.000000
0.000000
0.000000
0.000000
0.000000
0.000000
0.000000
0.000000
0.000000
0.000000
0.000000
0.000000
0.000000
0.000000
0.000000
0.000000
0.000000
0.000000
0.000000
0.000000
0.000000
0.000000
0.000000
0.000000
0.000000
0.000000
0.000000
0.000000
0.000000
0.000000
0.000000
0.000000
0.000000
0.000000
0.000000
0.000000
0.000000
0.000000
0.000000
0.000000
0.000000
0.000000
0.000000
0.000000
0.000000
0.000000
0.000000
0.000000
0.000000
0.000000
0.000000
0.000000
0.000000
0.000000
0.000000
0.000000
0.000000
0.000000
0.000000
0.000000
0.000000
0.000000
0.000000
0.000000
0.000000
0.000000
0.000000
0.000000
0.000000
0.000000
0.000000
0.000000
0.000000
0.000000
0.000000
0.000000
0.000000
0.000000
0.000000
0.000000
0.000000
0.000000
0.000000
0.000000
0.000000
0.000000
0.000000
0.000000
0.000000
0.000000
0.000000
0.000000
0.000000
0.000000
0.000000
0.000000
0.000000
0.000000
0.000000
0.000000
0.000000
0.000000
0.000000
0.000000
0.000000
0.000000
0.000000
0.000000
0.000000
0.000000
0.000000
0.000000
0.000000
0.000000
0.000000
0.000000
0.000000
0.000000
0.000000
0.000000
0.000000
0.000000
0.000000
0.000000
0.000000
0.000000
0.000000
0.000000
0.000000
0.000000
0.000000
0.000000
0.000000
0.000000
0.000000
0.000000
0.000000
0.000000
0.000000
0.000000
0.000000
0.000000
0.000000
0.000000
0.000000
0.000000
0.000000
0.000000
0.000000
0.000000
0.000000
0.000000
0.000000
0.000000
0.000000
0.000000
0.000000
0.000000
