0.000000
0.202495
2.629674
11.201518
32.397643
75.502930
160.219848
303.322800
541.400113
929.952794
1472.980616
2210.104410
3192.820263
4449.046222
6032.999271
7908.598248
10086.920461
12629.777888
15446.995220
18535.105097
21990.033191
25658.932644
29462.532703
33383.793694
37393.172065
41553.032109
45557.611530
49685.233264
53705.239902
57717.127875
61573.356786
65211.845877
68660.290724
71902.609721
74947.134391
77740.169747
80159.935010
82486.455601
84620.425006
86488.087851
88139.068990
89656.391436
90917.909382
91857.186158
92598.762228
93135.506727
93626.644418
93953.295187
94117.100872
94079.382542
93925.230045
93592.152397
93180.470296
92720.321741
92185.339471
91524.729118
90865.862420
90099.504990
89372.983448
88561.371832
87651.475251
86684.052486
85658.499490
84667.784185
83734.003684
82794.722110
81755.626226
80730.393538
79717.223116
78712.694144
77753.354402
76804.794395
75754.596655
74847.896701
73906.447376
73009.476374
72048.201316
71079.363490
70116.336751
69220.914383
68379.982920
67505.572637
66635.260099
65883.938141
65054.814604
64177.110316
63481.482592
62690.563743
61931.666053
61171.363811
60462.096718
59742.332789
59015.792727
58322.168387
57638.305814
56871.221810
56266.399512
55618.757434
54920.833030
54358.193587
53717.044839
53075.093908
52513.508322
51991.059698
51468.540696
50903.050975
50330.395083
49766.530661
49296.220159
48752.406216
48254.019208
47793.012188
47338.315615
46874.651760
46447.028641
45999.987770
45576.617979
45140.014951
44751.416668
44349.412053
43991.807450
43616.362013
43240.872947
42897.631474
42562.828068
42246.957384
41903.887963
41569.141955
41242.724151
40887.796102
40539.785721
40216.368069
39853.922197
39511.577592
39175.035479
38832.529558
38524.669974
38168.032073
37878.274589
37576.182462
37286.403917
36994.172064
36706.183526
36368.351611
36067.549465
35729.642378
35390.504598
35076.655223
34732.626812
34388.984471
34047.081985
33725.382231
33411.987772
33101.486335
32780.761805
32474.003805
32185.914028
31832.641508
31519.202173
31163.606735
30804.998473
30469.729053
30227.569830
29926.266469
29629.510143
29304.052877
28983.104004
28685.951322
28352.698289
28053.920504
27720.528947
27404.007554
27082.709126
26747.566881
26426.676722
26121.626812
25799.822184
25460.441406
25121.151388
24777.834057
24427.973606
24095.332058
23787.661214
23486.128318
23141.982080
22792.782078
22462.188134
22147.725845
21808.579096
21454.161687
21109.879819
20778.909907
20423.065315
20077.456366
19732.191963
19406.114905
19073.026687
18747.730183
18428.794233
18084.798560
17765.463041
17427.545626
17115.429007
16793.428172
16478.683051
16168.860293
15853.331212
15532.175992
15230.415327
14923.068825
14617.254819
14345.027773
14052.622935
13745.587996
13456.969011
13192.039706
12907.627483
12624.605737
12352.480795
12082.147750
11799.890031
11535.415399
11277.190261
11014.756508
10756.018835
10491.049592
10246.345036
9999.400948
9763.675641
9515.975611
9286.690559
9055.253687
8803.956009
8575.094621
8347.227090
8118.564756
7906.074805
7689.102794
7472.312013
7269.101636
7056.274788
6859.993589
6663.395077
6473.680629
6289.604804
6098.259193
5908.796082
5731.520910
5556.673522
5384.364416
5221.900397
5053.258090
4889.353801
4734.811307
4575.324986
4423.148201
4279.478894
4129.325357
3993.640283
3859.941259
3732.671966
3610.837918
3478.179139
3350.824928
3238.884122
3119.662152
3009.923593
2903.319916
2804.732053
2708.814867
2607.617572
2509.323825
2417.148267
2324.272167
2239.222262
2148.711298
2061.295903
1985.753550
1905.321076
1832.510954
1761.238983
1691.400290
1629.946197
1561.779477
1496.523732
1430.477351
1370.970765
1310.762147
1256.868602
1193.974980
1141.856513
1090.888981
1042.832963
1002.774929
958.964275
914.838047
872.658614
830.904011
796.749319
761.983628
728.840717
692.440406
661.002614
628.512658
598.177626
568.095343
541.103470
512.193696
488.124168
463.624684
442.446717
421.107142
397.651926
377.636737
358.274934
342.022358
324.388676
308.957369
291.976195
278.784774
262.953046
248.802138
234.380254
221.219060
210.006292
199.525095
190.392113
182.700281
173.639884
163.645048
153.168096
143.648052
135.366898
126.899586
118.416847
112.072335
105.827535
99.788878
94.069425
87.721067
82.145001
77.387404
72.854508
68.659451
64.794296
61.302792
57.953630
54.791004
51.148994
47.966073
45.096245
43.014761
40.380780
37.236030
33.974923
32.018243
29.758613
28.095797
26.452152
24.045798
22.541915
20.730946
19.285541
17.878755
16.572478
15.498052
14.445197
13.604927
12.512143
12.076535
11.237612
10.668552
9.731589
8.913355
8.128548
7.726189
7.173026
6.852236
6.433120
5.879297
5.465129
4.997988
4.896530
4.400614
4.022230
3.823547
3.709798
3.540907
3.457010
3.207223
2.998771
2.688273
2.500383
2.373058
2.321091
2.069510
1.929725
1.762035
1.788508
1.645802
1.596204
1.337019
1.223003
1.067735
0.984718
0.849259
0.740008
0.564134
0.572903
0.464278
0.474138
0.464115
0.453968
0.356954
0.321250
0.273984
0.227128
0.153862
0.106927
0.113836
0.083285
0.086352
0.087039
0.071523
0.061152
0.059561
0.048898
0.049609
0.054282
0.059451
0.050714
0.038313
0.040039
0.021011
0.019229
0.006845
0.000825
0.000000
0.000000
0.000000
0.000000
0.000000
0.000000
0.000000
0.000000
0.000000
0.000000
0.000000
0.000000
0.000000
0.000000
0.000000
0.000000
0.000000
0.000000
0.000000
0.000000
0.000000
0.000000
0.000000
0.000000
0.000000
0.000000
0.000000
0.000000
0.000000
0.000000
0.000000
0.000000
0.000000
0.000000
0.000000
0.000000
0.000000
0.000000
0.000000
0.000000
0.000000
0.000000
0.000000
0.000000
0.000000
0.000000
0.000000
0.000000
0.000000
0.000000
0.000000
0.000000
0.000000
0.000000
0.000000
0.000000
0.000000
0.000000
0.000000
0.000000
0.000000
0.000000
0.000000
0.000000
0.000000
0.000000
0.000000
0.000000
0.000000
0.000000
0.000000
0.000000
0.000000
0.000000
0.000000
0.000000
0.000000
0.000000
0.000000
0.000000
0.000000
0.000000
0.000000
0.000000
0.000000
0.000000
0.000000
0.000000
0.000000
0.000000
0.000000
0.000000
0.000000
0.000000
0.000000
0.000000
0.000000
0.000000
0.000000
0.000000
0.000000
0.000000
0.000000
0.000000
0.000000
0.000000
0.000000
0.000000
0.000000
0.000000
0.000000
0.000000
0.000000
0.000000
0.000000
0.000000
0.000000
0.000000
0.000000
0.000000
0.000000
0.000000
0.000000
0.000000
0.000000
0.000000
0.000000
0.000000
0.000000
0.000000
0.000000
0.000000
0.000000
0.000000
0.000000
0.000000
0.000000
0.000000
0.000000
0.000000
0.000000
0.000000
0.000000
0.000000
0.000000
0.000000
0.000000
0.000000
0.000000
0.000000
0.000000
0.000000
0.000000
0.000000
0.000000
0.000000
0.000000
0.000000
0.000000
0.000000
0.000000
0.000000
0.000000
0.000000
0.000000
0.000000
0.000000
0.000000
0.000000
0.000000
0.000000
0.000000
0.000000
0.000000
0.000000
0.000000
0.000000
0.000000
0.000000
0.000000
0.000000
0.000000
0.000000
0.000000
0.000000
0.000000
0.000000
0.000000
0.000000
0.000000
0.000000
0.000000
0.000000
0.000000
0.000000
0.000000
0.000000
0.000000
0.000000
0.000000
0.000000
0.000000
0.000000
0.000000
0.000000
0.000000
0.000000
0.000000
0.000000
0.000000
0.000000
0.000000
0.000000
0.000000
0.000000
0.000000
0.000000
0.000000
0.000000
0.000000
0.000000
0.000000
0.000000
0.000000
0.000000
0.000000
0.000000
0.000000
0.000000
0.000000
0.000000
0.000000
0.000000
0.000000
0.000000
0.000000
0.000000
0.000000
0.000000
0.000000
0.000000
0.000000
0.000000
0.000000
0.000000
0.000000
0.000000
0.000000
0.000000
0.000000
0.000000
0.000000
0.000000
0.000000
0.000000
0.000000
0.000000
0.000000
0.000000
0.000000
0.000000
0.000000
0.000000
0.000000
0.000000
0.000000
0.000000
0.000000
0.000000
0.000000
0.000000
0.000000
0.000000
0.000000
0.000000
0.000000
0.000000
0.000000
0.000000
0.000000
0.000000
0.000000
0.000000
0.000000
0.000000
0.000000
0.000000
0.000000
0.000000
0.000000
0.000000
0.000000
0.000000
0.000000
0.000000
0.000000
0.000000
0.000000
0.000000
0.000000
0.000000
0.000000
0.000000
0.000000
0.000000
0.000000
0.000000
0.000000
0.000000
0.000000
0.000000
0.000000
0.000000
0.000000
0.000000
0.000000
0.000000
0.000000
0.000000
0.000000
0.000000
0.000000
0.000000
0.000000
0.000000
0.000000
0.000000
0.000000
0.000000
0.000000
0.000000
0.000000
0.000000
0.000000
0.000000
0.000000
0.000000
0.000000
0.000000
0.000000
0.000000
0.000000
0.000000
0.000000
0.000000
0.000000
0.000000
0.000000
0.000000
0.000000
0.000000
0.000000
0.000000
0.000000
0.000000
0.000000
0.000000
0.000000
0.000000
0.000000
0.000000
0.000000
0.000000
0.000000
0.000000
0.000000
0.000000
0.000000
0.000000
0.000000
0.000000
0.000000
0.000000
0.000000
0.000000
0.000000
0.000000
0.000000
0.000000
0.000000
0.000000
0.000000
0.000000
0.000000
0.000000
0.000000
0.000000
0.000000
0.000000
0.000000
0.000000
0.000000
0.000000
0.000000
0.000000
0.000000
0.000000
0.000000
0.000000
0.000000
0.000000
0.000000
0.000000
0.000000
0.000000
0.000000
0.000000
0.000000
0.000000
0.000000
0.000000
0.000000
0.000000
0.000000
0.000000
0.000000
0.000000
0.000000
0.000000
0.000000
0.000000
0.000000
0.000000
0.000000
0.000000
0.000000
0.000000
0.000000
0.000000
0.000000
0.000000
0.000000
0.000000
0.000000
0.000000
0.000000
0.000000
0.000000
0.000000
0.000000
0.000000
0.000000
0.000000
0.000000
0.000000
0.000000
0.000000
0.000000
0.000000
0.000000
0.000000
0.000000
0.000000
0.000000
0.000000
0.000000
0.000000
0.000000
0.000000
0.000000
0.000000
0.000000
0.000000
0.000000
0.000000
0.000000
0.000000
0.000000
0.000000
0.000000
0.000000
0.000000
0.000000
0.000000
0.000000
0.000000
0.000000
0.000000
0.000000
0.000000
0.000000
0.000000
0.000000
0.000000
0.000000
0.000000
0.000000
0.000000
0.000000
0.000000
0.000000
0.000000
0.000000
0.000000
0.000000
0.000000
0.000000
0.000000
0.000000
0.000000
0.000000
0.000000
0.000000
0.000000
0.000000
0.000000
0.000000
0.000000
0.000000
0.000000
0.000000
0.000000
0.000000
0.000000
0.000000
0.000000
0.000000
0.000000
0.000000
0.000000
0.000000
0.000000
0.000000
0.000000
0.000000
0.000000
0.000000
0.000000
0.000000
0.000000
0.000000
0.000000
0.000000
0.000000
0.000000
0.000000
0.000000
0.000000
0.000000
0.000000
0.000000
0.000000
0.000000
0.000000
0.000000
0.000000
0.000000
0.000000
0.000000
0.000000
0.000000
0.000000
0.000000
0.000000
0.000000
0.000000
0.000000
0.000000
0.000000
0.000000
0.000000
0.000000
0.000000
0.000000
