0.000000
0.000000
0.000000
0.000000
0.000000
0.000000
0.000000
0.000000
0.034912
1.341891
3.496087
9.777103
20.193587
33.128757
69.261033
125.678338
223.055141
348.967344
504.576214
773.844044
1077.745356
1516.584534
2033.499867
2724.561503
3510.644968
4367.932623
5437.089834
6672.629744
8050.714820
9620.962818
11200.232092
12975.334421
14986.234607
17122.683946
19291.679632
21542.284662
23968.738816
26622.944743
29192.059121
32023.282034
34947.234911
37739.930842
40464.653738
43519.330389
46581.726319
49162.183110
51865.942678
54464.061333
57236.320798
60005.415381
62323.957146
65083.543256
67393.605772
69641.770953
72250.182661
74516.318059
76629.083933
78502.756602
80288.104782
81812.249695
83559.121039
85148.530366
86404.347552
87099.017801
88454.876419
89521.670291
90649.988238
91572.368629
92225.613681
92753.352758
93307.192509
94080.768610
94249.282328
94480.531376
94926.333411
94854.665496
95383.991781
95750.794011
95366.530635
95251.179814
95023.830514
94483.230324
94079.231094
93618.445222
93347.423899
92880.943048
92504.597375
91857.903018
91336.654681
90777.524890
90379.554560
89966.743291
89535.665260
88688.631639
88128.753101
87480.594466
86682.579290
85948.308094
85163.769069
84520.846419
83698.371174
82939.186263
82133.608806
81380.621349
80783.549974
80152.628300
79321.108419
78446.135391
77958.138910
77146.169113
76156.501404
75093.034702
74372.345732
73617.039597
72595.514202
71641.567532
70855.819104
69755.409300
68849.620162
67915.692124
67041.783908
66136.207203
65277.373477
64341.393078
63310.322450
62337.334282
61511.513760
60704.021769
59767.670680
58909.086971
58006.557445
56905.182547
56132.536883
55206.087668
54357.609259
53558.502773
52641.353101
51808.867371
51025.935957
50160.138811
49440.125679
48557.215846
47871.893895
46924.432974
46167.893470
45380.975344
44774.372416
43918.115376
43007.748620
42349.142856
41510.465034
40858.717938
40103.745892
39400.002553
38696.469586
37775.447900
37243.349052
36523.662241
35727.812683
35140.282200
34524.990332
33826.394779
33080.175503
32492.933389
31727.960831
31148.542553
30484.352604
29808.251598
29136.832038
28498.985818
27991.670470
27380.930678
26846.108267
26323.728906
25797.027464
25166.203488
24630.732514
23940.509602
23436.760677
22917.132330
22374.002818
21915.378419
21420.769822
20883.771047
20395.503760
19910.006010
19448.340580
18914.611799
18556.769521
18242.225373
17820.768118
17366.342099
16933.896738
16436.392068
16082.561273
15710.945580
15255.380333
14828.165641
14387.820576
14089.008969
13703.766530
13333.417805
12967.318408
12649.744680
12315.086550
11986.542071
11709.603967
11353.771514
11041.565400
10736.941673
10439.529721
10148.912195
9878.230200
9606.949853
9284.384064
9019.812708
8741.349676
8492.169770
8265.286398
8038.010291
7793.228057
7525.583093
7313.318644
7036.644435
6847.431533
6660.667180
6458.065643
6298.665320
6077.251619
5871.758579
5703.184538
5519.160348
5344.463894
5178.475495
5039.485429
4859.789643
4729.634075
4557.580420
4390.349913
4213.068423
4068.023991
3931.063777
3772.876975
3624.011188
3472.619440
3355.003471
3240.939318
3109.204437
2963.401169
2864.625098
2794.297376
2702.086678
2611.889614
2519.338425
2439.498046
2338.916306
2237.583024
2164.246299
2073.589626
1984.918201
1905.749087
1823.774191
1742.596918
1663.553429
1591.413325
1529.911376
1475.757738
1413.509452
1362.253770
1303.720494
1255.624725
1188.965662
1144.283865
1091.579125
1033.996004
995.151867
958.009609
917.361735
874.039872
850.509603
819.210634
787.229621
753.827861
725.706967
688.248507
662.518653
638.038442
612.281252
589.200373
562.186733
537.201502
513.359588
479.598478
461.614597
437.572825
412.265702
391.395871
387.490125
368.826440
351.518045
329.678630
309.603771
296.646600
284.928813
261.555852
255.247107
240.235519
223.199997
203.018261
186.803764
177.071648
168.860058
159.468955
152.346940
145.435840
136.548968
127.126300
123.427699
117.608527
107.812340
99.405046
95.954593
89.858080
82.926686
82.599230
79.690431
77.185124
75.604901
68.392283
63.512821
59.955346
58.166676
55.210514
53.865153
52.004785
50.750781
47.310527
42.940436
40.211601
38.356811
34.165198
32.195947
29.837840
26.649560
23.965843
21.654389
19.725508
18.709826
17.290408
16.418149
16.364932
16.074882
15.842429
15.402400
15.454198
13.029580
13.257851
14.120214
15.190915
13.092509
12.482959
12.175137
13.313183
10.864266
10.650184
11.919286
10.830392
10.623971
9.588751
7.778424
7.488384
7.205474
6.904951
6.013583
5.046873
4.782695
4.476297
4.334060
4.037681
4.278069
4.334185
4.029743
3.265304
2.619517
3.240219
3.058061
3.061089
2.764159
2.295969
2.313806
1.494949
0.971482
1.036419
0.977515
0.866444
0.623114
0.340985
0.263971
0.334673
0.187679
0.221868
0.274009
0.133905
0.100634
0.104613
0.185495
0.269377
0.304767
0.348062
0.401700
0.182829
0.157757
0.386505
0.436159
0.449764
0.426728
0.388682
0.506443
0.373083
0.258554
0.287875
0.252199
0.161430
0.323768
0.241892
0.143021
0.113116
0.075911
0.013572
0.000000
0.000000
0.000000
0.000000
0.000000
0.000000
0.000000
0.000000
0.000000
0.000000
0.000000
0.000000
0.000000
0.000000
0.000000
0.000000
0.000000
0.000000
0.000000
0.000000
0.000000
0.000000
0.000000
0.000000
0.000000
0.000000
0.000000
0.000000
0.000000
0.000000
0.000000
0.000000
0.000000
0.000000
0.000000
0.000000
0.000000
0.000000
0.000000
0.000000
0.000000
0.000000
0.000000
0.000000
0.000000
0.000000
0.000000
0.000000
0.000000
0.000000
0.000000
0.000000
0.000000
0.000000
0.000000
0.000000
0.000000
0.000000
0.000000
0.000000
0.000000
0.000000
0.000000
0.000000
0.000000
0.000000
0.000000
0.000000
0.000000
0.000000
0.000000
0.000000
0.000000
0.000000
0.000000
0.000000
0.000000
0.000000
0.000000
0.000000
0.000000
0.000000
0.000000
0.000000
0.000000
0.000000
0.000000
0.000000
0.000000
0.000000
0.000000
0.000000
0.000000
0.000000
0.000000
0.000000
0.000000
0.000000
0.000000
0.000000
0.000000
0.000000
0.000000
0.000000
0.000000
0.000000
0.000000
0.000000
0.000000
0.000000
0.000000
0.000000
0.000000
0.000000
0.000000
0.000000
0.000000
0.000000
0.000000
0.000000
0.000000
0.000000
0.000000
0.000000
0.000000
0.000000
0.000000
0.000000
0.000000
0.000000
0.000000
0.000000
0.000000
0.000000
0.000000
0.000000
0.000000
0.000000
0.000000
0.000000
0.000000
0.000000
0.000000
0.000000
0.000000
0.000000
0.000000
0.000000
0.000000
0.000000
0.000000
0.000000
0.000000
0.000000
0.000000
0.000000
0.000000
0.000000
0.000000
0.000000
0.000000
0.000000
0.000000
0.000000
0.000000
0.000000
0.000000
0.000000
0.000000
0.000000
0.000000
0.000000
0.000000
0.000000
0.000000
0.000000
0.000000
0.000000
0.000000
0.000000
0.000000
0.000000
0.000000
0.000000
0.000000
0.000000
0.000000
0.000000
0.000000
0.000000
0.000000
0.000000
0.000000
0.000000
0.000000
0.000000
0.000000
0.000000
0.000000
0.000000
0.000000
0.000000
0.000000
0.000000
0.000000
0.000000
0.000000
0.000000
0.000000
0.000000
0.000000
0.000000
0.000000
0.000000
0.000000
0.000000
0.000000
0.000000
0.000000
0.000000
0.000000
0.000000
0.000000
0.000000
0.000000
0.000000
0.000000
0.000000
0.000000
0.000000
0.000000
0.000000
0.000000
0.000000
0.000000
0.000000
0.000000
0.000000
0.000000
0.000000
0.000000
0.000000
0.000000
0.000000
0.000000
0.000000
0.000000
0.000000
0.000000
0.000000
0.000000
0.000000
0.000000
0.000000
0.000000
0.000000
0.000000
0.000000
0.000000
0.000000
0.000000
0.000000
0.000000
0.000000
0.000000
0.000000
0.000000
0.000000
0.000000
0.000000
0.000000
0.000000
0.000000
0.000000
0.000000
0.000000
0.000000
0.000000
0.000000
0.000000
0.000000
0.000000
0.000000
0.000000
0.000000
0.000000
0.000000
0.000000
0.000000
0.000000
0.000000
0.000000
0.000000
0.000000
0.000000
0.000000
0.000000
0.000000
0.000000
0.000000
0.000000
0.000000
0.000000
0.000000
0.000000
0.000000
0.000000
0.000000
0.000000
0.000000
0.000000
0.000000
0.000000
0.000000
0.000000
0.000000
0.000000
0.000000
0.000000
0.000000
0.000000
0.000000
0.000000
0.000000
0.000000
0.000000
0.000000
0.000000
0.000000
0.000000
0.000000
0.000000
0.000000
0.000000
0.000000
0.000000
0.000000
0.000000
0.000000
0.000000
0.000000
0.000000
0.000000
0.000000
0.000000
0.000000
0.000000
0.000000
0.000000
0.000000
0.000000
0.000000
0.000000
0.000000
0.000000
0.000000
0.000000
0.000000
0.000000
0.000000
0.000000
0.000000
0.000000
0.000000
0.000000
0.000000
0.000000
0.000000
0.000000
0.000000
0.000000
0.000000
0.000000
0.000000
0.000000
0.000000
0.000000
0.000000
0.000000
0.000000
0.000000
0.000000
0.000000
0.000000
0.000000
0.000000
0.000000
0.000000
0.000000
0.000000
0.000000
0.000000
0.000000
0.000000
0.000000
0.000000
0.000000
0.000000
0.000000
0.000000
0.000000
0.000000
0.000000
0.000000
0.000000
0.000000
0.000000
0.000000
0.000000
0.000000
0.000000
0.000000
0.000000
0.000000
0.000000
0.000000
0.000000
0.000000
0.000000
0.000000
0.000000
0.000000
0.000000
0.000000
0.000000
0.000000
0.000000
0.000000
0.000000
0.000000
0.000000
0.000000
0.000000
0.000000
0.000000
0.000000
0.000000
0.000000
0.000000
0.000000
0.000000
0.000000
0.000000
0.000000
0.000000
0.000000
0.000000
0.000000
0.000000
0.000000
0.000000
0.000000
0.000000
0.000000
0.000000
0.000000
0.000000
0.000000
0.000000
0.000000
0.000000
0.000000
0.000000
0.000000
0.000000
0.000000
0.000000
0.000000
0.000000
0.000000
0.000000
0.000000
0.000000
0.000000
0.000000
0.000000
0.000000
0.000000
0.000000
0.000000
0.000000
0.000000
0.000000
0.000000
0.000000
0.000000
0.000000
0.000000
0.000000
0.000000
0.000000
0.000000
0.000000
0.000000
0.000000
0.000000
0.000000
0.000000
0.000000
0.000000
0.000000
0.000000
0.000000
0.000000
0.000000
0.000000
0.000000
0.000000
0.000000
0.000000
0.000000
0.000000
0.000000
0.000000
0.000000
0.000000
0.000000
0.000000
0.000000
0.000000
0.000000
0.000000
0.000000
0.000000
0.000000
0.000000
0.000000
0.000000
0.000000
0.000000
0.000000
0.000000
0.000000
0.000000
0.000000
0.000000
0.000000
0.000000
0.000000
0.000000
0.000000
0.000000
0.000000
0.000000
0.000000
0.000000
0.000000
0.000000
0.000000
0.000000
0.000000
0.000000
0.000000
0.000000
0.000000
0.000000
0.000000
0.000000
0.000000
0.000000
0.000000
0.000000
0.000000
0.000000
0.000000
0.000000
0.000000
0.000000
0.000000
0.000000
0.000000
0.000000
