0.000000
0.000000
0.000000
0.000000
0.000000
0.000000
0.000000
0.000000
0.000000
0.000000
0.000000
0.000000
0.000000
0.000000
0.023488
0.090496
0.225128
0.340524
0.861961
1.929184
4.143229
8.545122
14.752989
25.349954
45.338714
75.375371
125.519205
196.668926
316.902583
480.306515
718.089284
1046.209779
1495.079619
2074.671008
2844.913378
3817.778284
5061.164966
6571.835725
8391.347866
10541.623482
13075.787360
16004.287282
19322.511709
23051.198907
27172.870049
31600.972956
36401.561586
41516.069955
46876.774998
52463.021641
58250.791808
64053.852120
69962.494008
75676.156056
81440.500513
87023.292071
92424.024655
97612.590572
102420.615565
107001.298112
111241.254651
115050.610821
118534.197019
121604.008357
124281.212609
126569.535525
128408.967805
129929.115731
131059.752087
131920.311830
132319.509092
132467.064820
132313.725762
132009.967974
131358.936658
130546.835911
129541.860325
128439.208073
127143.749692
125820.603094
124356.197233
122809.688126
121256.621786
119688.938793
118002.445007
116422.414726
114822.282579
113241.111262
111741.467048
110182.060297
108725.752488
107243.250439
105869.320077
104493.953044
103183.730911
101949.111423
100704.048345
99552.430621
98445.910659
97414.732042
96341.299537
95360.929920
94352.732372
93442.380759
92537.715578
91690.966550
90859.532531
90043.707921
89239.224366
88481.512633
87686.868947
86903.877668
86133.547499
85336.023779
84538.681836
83756.740271
82902.878759
82043.757676
81243.693417
80370.047845
79475.056686
78531.450655
77576.166508
76567.328642
75480.779005
74410.920678
73259.841501
72119.455543
70893.369044
69636.628582
68332.821061
66980.731572
65571.953030
64112.427481
62630.807513
61100.360846
59508.578680
57892.214666
56213.933409
54546.946374
52822.722757
51102.417080
49345.124236
47555.529535
45781.304519
43977.767789
42179.221208
40390.815054
38560.934334
36784.264206
35018.873654
33282.232072
31547.142256
29889.136133
28228.744562
26621.948207
25059.196997
23515.017865
22040.628485
20601.179085
19213.028915
17887.991342
16619.183751
15405.547672
14247.186953
13149.653660
12101.820402
11109.577976
10182.829298
9307.482600
8490.377122
7727.572338
7019.992247
6361.247161
5752.806226
5188.832404
4668.682021
4192.389290
3755.211988
3356.409056
2990.269261
2655.409503
2356.002516
2083.209192
1836.385743
1618.897713
1420.720549
1245.162446
1087.739272
947.682950
824.087674
715.835134
620.171504
535.504221
460.764402
396.899112
339.973019
290.704062
247.355642
210.408728
178.519844
150.489751
127.891461
107.221122
90.740402
75.857111
63.845096
53.089099
43.946722
36.520109
30.168216
25.074808
20.506957
16.667174
13.842791
11.193248
9.073542
7.232923
6.008839
4.775753
3.858396
3.056060
2.440121
1.864856
1.549965
1.234269
0.979061
0.762008
0.586058
0.502835
0.349277
0.282413
0.227347
0.183546
0.141103
0.084471
0.082960
0.079148
0.063784
0.045707
0.033075
0.030472
0.037037
0.023532
0.019534
0.016159
0.020132
0.021039
0.006892
0.003027
0.000524
0.000446
0.000000
0.000000
0.000000
0.000000
0.000000
0.000000
0.000000
0.000000
0.000000
0.000000
0.000000
0.000000
0.000000
0.000000
0.000000
0.000000
0.000000
0.000000
0.000000
0.000000
0.000000
0.000000
0.000000
0.000000
0.000000
0.000000
0.000000
0.000000
0.000000
0.000000
0.000000
0.000000
0.000000
0.000000
0.000000
0.000000
0.000000
0.000000
0.000000
0.000000
0.000000
0.000000
0.000000
0.000000
0.000000
0.000000
0.000000
0.000000
0.000000
0.000000
0.000000
0.000000
0.000000
0.000000
0.000000
0.000000
0.000000
0.000000
0.000000
0.000000
0.000000
0.000000
0.000000
0.000000
0.000000
0.000000
0.000000
0.000000
0.000000
0.000000
0.000000
0.000000
0.000000
0.000000
0.000000
0.000000
0.000000
0.000000
0.000000
0.000000
0.000000
0.000000
0.000000
0.000000
0.000000
0.000000
0.000000
0.000000
0.000000
0.000000
0.000000
0.000000
0.000000
0.000000
0.000000
0.000000
0.000000
0.000000
0.000000
0.000000
0.000000
0.000000
0.000000
0.000000
0.000000
0.000000
0.000000
0.000000
0.000000
0.000000
0.000000
0.000000
0.000000
0.000000
0.000000
0.000000
0.000000
0.000000
0.000000
0.000000
0.000000
0.000000
0.000000
0.000000
0.000000
0.000000
0.000000
0.000000
0.000000
0.000000
0.000000
0.000000
0.000000
0.000000
0.000000
0.000000
0.000000
0.000000
0.000000
0.000000
0.000000
0.000000
0.000000
0.000000
0.000000
0.000000
0.000000
0.000000
0.000000
0.000000
0.000000
0.000000
0.000000
0.000000
0.000000
0.000000
0.000000
0.000000
0.000000
0.000000
0.000000
0.000000
0.000000
0.000000
0.000000
0.000000
0.000000
0.000000
0.000000
0.000000
0.000000
0.000000
0.000000
0.000000
0.000000
0.000000
0.000000
0.000000
0.000000
0.000000
0.000000
0.000000
0.000000
0.000000
0.000000
0.000000
0.000000
0.000000
0.000000
0.000000
0.000000
0.000000
0.000000
0.000000
0.000000
0.000000
0.000000
0.000000
0.000000
0.000000
0.000000
0.000000
0.000000
0.000000
0.000000
0.000000
0.000000
0.000000
0.000000
0.000000
0.000000
0.000000
0.000000
0.000000
0.000000
0.000000
0.000000
0.000000
0.000000
0.000000
0.000000
0.000000
0.000000
0.000000
0.000000
0.000000
0.000000
0.000000
0.000000
0.000000
0.000000
0.000000
0.000000
0.000000
0.000000
0.000000
0.000000
0.000000
0.000000
0.000000
0.000000
0.000000
0.000000
0.000000
0.000000
0.000000
0.000000
0.000000
0.000000
