0.000000
0.000000
0.000000
0.000000
0.000000
0.000000
0.000000
0.000000
0.000000
0.000000
0.000000
0.000000
0.000000
0.000000
0.000000
0.000000
0.000000
0.000000
0.000000
0.000000
0.000000
0.000000
0.000000
0.000000
0.005598
0.008485
0.067303
0.055419
0.230606
0.313204
0.474401
0.711793
1.791929
3.087809
4.632975
7.749725
11.806672
17.733394
27.424748
43.414952
66.611387
98.881433
145.909826
215.610611
306.560569
424.784274
591.807743
808.046578
1090.417810
1450.293171
1907.548128
2473.988915
3190.066285
4062.346148
5117.643864
6349.850691
7856.093794
9608.694986
11623.875830
13926.786416
16625.566004
19621.497832
22967.883026
26701.719870
30813.077690
35361.988995
40266.003191
45602.586538
51319.044709
57393.489807
63755.985424
70370.139874
77225.229029
84336.874867
91659.513986
98974.554954
106519.567406
114000.854482
121449.910098
128787.195417
136035.428233
143152.931007
150071.452736
156743.884575
163192.958440
169151.721434
174818.764239
180127.690051
184906.271832
189197.695871
192999.764549
196288.982349
198955.425681
201100.107868
202753.372914
203896.227238
204468.996223
204565.584539
204119.541056
203041.494702
201643.807878
199719.117876
197239.923361
194504.279638
191351.547762
187803.584732
183936.177375
179672.986517
175166.375291
170451.963665
165553.290789
160486.998720
155278.935469
149827.444555
144362.376156
138832.786399
133255.741489
127649.782561
122168.252223
116657.588618
111158.607184
105791.304515
100508.829422
95279.863953
90219.548107
85241.511625
80356.933469
75713.330790
71180.426703
66780.991527
62615.047303
58582.234537
54714.493478
50998.196196
47471.848151
44121.236186
40921.395502
37927.044426
35089.127992
32395.133870
29878.662873
27512.522353
25271.014337
23187.691291
21246.119078
19423.927506
17718.017303
16163.252762
14706.305643
13361.272667
12105.741610
10977.338999
9939.398064
8974.668169
8097.250875
7283.441014
6544.940485
5865.651999
5247.166639
4682.211466
4172.114828
3702.008028
3291.954131
2919.389559
2582.694618
2271.949409
2004.735835
1762.534437
1549.873731
1358.676640
1186.874992
1038.758631
905.181768
785.979306
683.132258
593.680042
515.734886
445.272195
386.069887
332.534891
286.353633
246.032757
212.428099
182.305768
155.523981
131.832762
112.639026
95.514777
81.396501
68.838834
58.541752
48.611420
40.867105
34.454903
28.818452
23.709494
19.117800
15.970600
13.329029
10.867992
9.432410
7.372713
6.382358
5.180957
4.317961
3.445477
2.771466
2.146246
1.814742
1.517595
1.189890
0.990074
0.867388
0.668095
0.564997
0.476482
0.368599
0.320955
0.234744
0.183261
0.130439
0.134062
0.099753
0.060242
0.035454
0.010242
0.006229
0.006680
0.000834
0.000611
0.000000
0.000000
0.000000
0.000000
0.000000
0.000000
0.000000
0.000000
0.000000
0.000000
0.000000
0.000000
0.000000
0.000000
0.000000
0.000000
0.000000
0.000000
0.000000
0.000000
0.000000
0.000000
0.000000
0.000000
0.000000
0.000000
0.000000
0.000000
0.000000
0.000000
0.000000
0.000000
0.000000
0.000000
0.000000
0.000000
0.000000
0.000000
0.000000
0.000000
0.000000
0.000000
0.000000
0.000000
0.000000
0.000000
0.000000
0.000000
0.000000
0.000000
0.000000
0.000000
0.000000
0.000000
0.000000
0.000000
0.000000
0.000000
0.000000
0.000000
0.000000
0.000000
0.000000
0.000000
0.000000
0.000000
0.000000
0.000000
0.000000
0.000000
0.000000
0.000000
0.000000
0.000000
0.000000
0.000000
0.000000
0.000000
0.000000
0.000000
0.000000
0.000000
0.000000
0.000000
0.000000
0.000000
0.000000
0.000000
0.000000
0.000000
0.000000
0.000000
0.000000
0.000000
0.000000
0.000000
0.000000
0.000000
0.000000
0.000000
0.000000
0.000000
0.000000
0.000000
0.000000
0.000000
0.000000
0.000000
0.000000
0.000000
0.000000
0.000000
0.000000
0.000000
0.000000
0.000000
0.000000
0.000000
0.000000
0.000000
0.000000
0.000000
0.000000
0.000000
0.000000
0.000000
0.000000
0.000000
0.000000
0.000000
0.000000
0.000000
0.000000
0.000000
0.000000
0.000000
0.000000
0.000000
0.000000
0.000000
0.000000
0.000000
0.000000
0.000000
0.000000
0.000000
0.000000
0.000000
0.000000
0.000000
0.000000
0.000000
0.000000
0.000000
0.000000
0.000000
0.000000
0.000000
0.000000
0.000000
0.000000
0.000000
0.000000
0.000000
0.000000
0.000000
0.000000
0.000000
0.000000
0.000000
0.000000
0.000000
0.000000
0.000000
0.000000
0.000000
0.000000
0.000000
0.000000
0.000000
0.000000
0.000000
0.000000
0.000000
0.000000
0.000000
0.000000
0.000000
0.000000
0.000000
0.000000
0.000000
0.000000
0.000000
0.000000
0.000000
0.000000
0.000000
0.000000
0.000000
0.000000
0.000000
0.000000
0.000000
0.000000
0.000000
0.000000
0.000000
0.000000
0.000000
0.000000
0.000000
0.000000
0.000000
0.000000
0.000000
0.000000
0.000000
0.000000
0.000000
0.000000
0.000000
0.000000
0.000000
0.000000
0.000000
0.000000
0.000000
0.000000
0.000000
0.000000
0.000000
0.000000
0.000000
0.000000
0.000000
0.000000
0.000000
0.000000
0.000000
0.000000
0.000000
0.000000
0.000000
0.000000
0.000000
0.000000
0.000000
0.000000
0.000000
0.000000
0.000000
0.000000
0.000000
0.000000
0.000000
0.000000
0.000000
0.000000
0.000000
0.000000
0.000000
0.000000
0.000000
0.000000
0.000000
0.000000
0.000000
0.000000
0.000000
0.000000
