0.000000
0.000000
0.000000
0.807153
2.449585
4.088142
3.861941
9.034918
36.010161
77.300390
149.880906
270.480843
441.194351
695.790873
1048.615227
1457.719537
2097.723558
2874.132775
3825.279755
4839.554638
6307.876365
7850.234352
9394.877996
11245.875473
13206.057980
15331.452337
17800.011976
20330.662794
23071.029224
25702.863275
28521.397689
31615.546219
34496.168632
37551.029946
40586.035759
43357.363900
46001.728804
48849.126647
51702.625650
54524.411996
57469.127679
60029.091841
62280.894517
64482.159363
66865.039080
68489.692090
69964.823706
71958.783903
73578.687811
75114.784129
76542.606343
77507.486895
78626.305003
79315.635679
80026.628249
80788.089548
81372.354043
82131.525667
82653.627973
83422.991966
83803.363836
84125.252905
84454.803615
84558.688671
84492.563187
84591.934614
84674.924446
84485.762968
84562.992531
84059.643279
83699.800060
83528.680432
83095.614119
82586.262502
82029.546438
81491.070954
81126.218125
80760.611121
80283.473035
79786.242973
78978.675855
78503.038426
78212.919399
77640.724980
77270.613702
76455.639773
75767.862600
75288.444527
74618.596197
74215.663473
73348.154425
72683.840884
72060.304681
71568.417752
70834.686708
70439.242135
69993.224273
69223.102445
68465.264155
67990.164142
67303.445228
66717.881219
66194.542343
65781.466122
65039.163532
64520.242972
64096.077133
63525.128834
62917.819070
62335.050188
61596.102294
61039.695499
60411.814543
59829.634209
59178.201179
58637.425930
58217.602654
57705.975294
57169.312866
56463.762020
55799.194343
55080.877564
54467.377635
53885.593115
53296.839308
52765.173155
52137.013770
51675.974058
51085.196556
50393.042447
49912.951847
49280.910827
48819.939774
48434.676969
47890.945754
47372.873323
46776.213496
46234.122860
45819.477661
45282.291070
44796.687116
44264.247554
43738.289718
43255.074772
42712.254769
42288.028466
41688.640160
41129.365029
40618.280803
40118.065297
39674.895320
39253.965366
38871.060733
38397.520936
37714.866600
37259.247698
36882.844047
36262.479348
35603.021962
35102.990942
34665.496826
34266.958070
33914.727445
33500.697826
33070.511700
32591.144787
32032.685574
31668.054240
31322.153672
30880.228555
30444.441922
29986.741047
29569.652996
29052.146193
28643.570635
28220.361714
27758.189007
27331.841069
26939.320156
26483.831789
26086.179432
25630.427661
25254.744999
24824.068093
24432.487849
24056.942687
23673.482323
23229.865409
22739.844029
22387.703229
22034.322276
21563.285603
21265.083988
20889.809762
20435.889808
20084.622793
19733.439916
19330.421259
18936.684052
18604.016425
18190.611000
17843.420733
17580.400329
17210.432870
16968.020240
16626.272341
16288.667986
15977.042330
15674.204506
15382.205587
15114.081340
14731.368007
14411.156893
14044.933292
13730.829288
13389.221470
13116.869938
12768.831558
12459.484949
12171.362535
11943.711349
11681.084199
11412.070936
11114.395973
10846.474354
10641.180688
10393.490822
10114.105063
9833.253085
9570.767792
9343.557638
9039.856926
8788.055255
8622.567832
8401.217191
8191.189130
7979.759168
7785.742191
7568.554474
7381.118652
7127.514454
6902.756400
6687.161589
6453.005876
6314.640293
6086.934452
5896.974370
5738.185746
5589.681365
5448.936547
5322.703108
5123.878241
4975.781500
4845.298395
4681.580954
4534.724670
4429.555342
4302.267471
4168.945769
4009.494883
3891.498390
3789.886907
3677.208145
3554.239725
3409.296589
3279.394390
3139.066905
3039.267814
2942.740540
2825.817813
2734.937528
2631.089316
2538.179364
2448.205266
2359.148670
2287.269080
2198.921123
2110.426097
2024.601584
1946.805781
1869.524555
1809.476828
1753.241113
1686.278599
1635.522255
1572.265677
1501.465147
1444.703592
1388.620120
1313.737497
1267.571042
1218.079225
1167.671559
1121.275720
1079.375975
1037.476744
993.456444
954.344362
924.533278
884.732782
831.627658
793.579326
759.698381
729.853517
698.381625
666.103378
632.217029
611.765812
588.693410
563.285474
546.868155
519.830175
491.972446
465.254041
441.471571
423.871224
399.002842
385.929508
368.926136
345.305852
328.563008
309.694857
293.872621
277.180041
259.092092
250.674089
237.503220
227.980369
219.033248
205.435758
204.480417
195.790361
189.715438
174.117268
157.840308
150.368544
145.544184
139.215120
131.233669
126.465242
120.442077
114.109215
111.644206
103.578910
96.138908
90.650062
84.426831
77.638970
75.350640
71.966486
68.190984
63.874245
58.919960
55.373695
52.009242
46.597691
41.925229
40.790205
37.223651
35.283187
34.305631
33.175797
32.261658
33.510370
32.833109
30.827436
28.904985
27.491108
25.742507
25.109293
22.954709
22.658034
20.586006
19.579210
16.964646
15.377458
15.632700
15.470827
14.457595
13.015771
12.740510
11.676522
10.553780
9.812018
10.703793
10.646286
10.509478
11.731292
11.336662
11.423553
9.269052
8.539852
7.725406
7.882254
6.276935
5.637758
5.727566
5.464686
5.241841
6.279818
6.156891
4.767805
3.966528
4.113410
4.601640
4.791743
4.270230
4.132850
3.819606
3.554783
3.320227
2.788189
2.610826
2.149108
1.468292
1.664149
1.357956
1.036242
1.284572
0.911968
0.890429
0.853276
0.652937
0.400469
0.189124
0.288351
0.412624
0.339776
0.314575
0.162262
0.084410
0.196014
0.178060
0.089613
0.036782
0.002772
0.000000
0.000000
0.000000
0.000000
0.000000
0.000000
0.000000
0.000000
0.000000
0.000000
0.000000
0.000000
0.000000
0.000000
0.000000
0.000000
0.000000
0.000000
0.000000
0.000000
0.000000
0.000000
0.000000
0.000000
0.000000
0.000000
0.000000
0.000000
0.000000
0.000000
0.000000
0.000000
0.000000
0.000000
0.000000
0.000000
0.000000
0.000000
0.000000
0.000000
0.000000
0.000000
0.000000
0.000000
0.000000
0.000000
0.000000
0.000000
0.000000
0.000000
0.000000
0.000000
0.000000
0.000000
0.000000
0.000000
0.000000
0.000000
0.000000
0.000000
0.000000
0.000000
0.000000
0.000000
0.000000
0.000000
0.000000
0.000000
0.000000
0.000000
0.000000
0.000000
0.000000
0.000000
0.000000
0.000000
0.000000
0.000000
0.000000
0.000000
0.000000
0.000000
0.000000
0.000000
0.000000
0.000000
0.000000
0.000000
0.000000
0.000000
0.000000
0.000000
0.000000
0.000000
0.000000
0.000000
0.000000
0.000000
0.000000
0.000000
0.000000
0.000000
0.000000
0.000000
0.000000
0.000000
0.000000
0.000000
0.000000
0.000000
0.000000
0.000000
0.000000
0.000000
0.000000
0.000000
0.000000
0.000000
0.000000
0.000000
0.000000
0.000000
0.000000
0.000000
0.000000
0.000000
0.000000
0.000000
0.000000
0.000000
0.000000
0.000000
0.000000
0.000000
0.000000
0.000000
0.000000
0.000000
0.000000
0.000000
0.000000
0.000000
0.000000
0.000000
0.000000
0.000000
0.000000
0.000000
0.000000
0.000000
0.000000
0.000000
0.000000
0.000000
0.000000
0.000000
0.000000
0.000000
0.000000
0.000000
0.000000
0.000000
0.000000
0.000000
0.000000
0.000000
0.000000
0.000000
0.000000
0.000000
0.000000
0.000000
0.000000
0.000000
0.000000
0.000000
0.000000
0.000000
0.000000
0.000000
0.000000
0.000000
0.000000
0.000000
0.000000
0.000000
0.000000
0.000000
0.000000
0.000000
0.000000
0.000000
0.000000
0.000000
0.000000
0.000000
0.000000
0.000000
0.000000
0.000000
0.000000
0.000000
0.000000
0.000000
0.000000
0.000000
0.000000
0.000000
0.000000
0.000000
0.000000
0.000000
0.000000
0.000000
0.000000
0.000000
0.000000
0.000000
0.000000
0.000000
0.000000
0.000000
0.000000
0.000000
0.000000
0.000000
0.000000
0.000000
0.000000
0.000000
0.000000
0.000000
0.000000
0.000000
0.000000
0.000000
0.000000
0.000000
0.000000
0.000000
0.000000
0.000000
0.000000
0.000000
0.000000
0.000000
0.000000
0.000000
0.000000
0.000000
0.000000
0.000000
0.000000
0.000000
0.000000
0.000000
0.000000
0.000000
0.000000
0.000000
0.000000
0.000000
0.000000
0.000000
0.000000
0.000000
0.000000
0.000000
0.000000
0.000000
0.000000
0.000000
0.000000
0.000000
0.000000
0.000000
0.000000
0.000000
0.000000
0.000000
0.000000
0.000000
0.000000
0.000000
0.000000
0.000000
0.000000
0.000000
0.000000
0.000000
0.000000
0.000000
0.000000
0.000000
0.000000
0.000000
0.000000
0.000000
0.000000
0.000000
0.000000
0.000000
0.000000
0.000000
0.000000
0.000000
0.000000
0.000000
0.000000
0.000000
0.000000
0.000000
0.000000
0.000000
0.000000
0.000000
0.000000
0.000000
0.000000
0.000000
0.000000
0.000000
0.000000
0.000000
0.000000
0.000000
0.000000
0.000000
0.000000
0.000000
0.000000
0.000000
0.000000
0.000000
0.000000
0.000000
0.000000
0.000000
0.000000
0.000000
0.000000
0.000000
0.000000
0.000000
0.000000
0.000000
0.000000
0.000000
0.000000
0.000000
0.000000
0.000000
0.000000
0.000000
0.000000
0.000000
0.000000
0.000000
0.000000
0.000000
0.000000
0.000000
0.000000
0.000000
0.000000
0.000000
0.000000
0.000000
0.000000
0.000000
0.000000
0.000000
0.000000
0.000000
0.000000
0.000000
0.000000
0.000000
0.000000
0.000000
0.000000
0.000000
0.000000
0.000000
0.000000
0.000000
0.000000
0.000000
0.000000
0.000000
0.000000
0.000000
0.000000
0.000000
0.000000
0.000000
0.000000
0.000000
0.000000
0.000000
0.000000
0.000000
0.000000
0.000000
0.000000
0.000000
0.000000
0.000000
0.000000
0.000000
0.000000
0.000000
0.000000
0.000000
0.000000
0.000000
0.000000
0.000000
0.000000
0.000000
0.000000
0.000000
0.000000
0.000000
0.000000
0.000000
0.000000
0.000000
0.000000
0.000000
0.000000
0.000000
0.000000
0.000000
0.000000
0.000000
0.000000
0.000000
0.000000
0.000000
0.000000
0.000000
0.000000
0.000000
0.000000
0.000000
0.000000
0.000000
0.000000
0.000000
0.000000
0.000000
0.000000
0.000000
0.000000
0.000000
0.000000
0.000000
0.000000
0.000000
0.000000
0.000000
0.000000
0.000000
0.000000
0.000000
0.000000
0.000000
0.000000
0.000000
0.000000
0.000000
0.000000
0.000000
0.000000
0.000000
0.000000
0.000000
0.000000
0.000000
0.000000
0.000000
0.000000
0.000000
0.000000
0.000000
0.000000
0.000000
0.000000
0.000000
0.000000
0.000000
0.000000
0.000000
0.000000
0.000000
0.000000
0.000000
0.000000
0.000000
0.000000
0.000000
0.000000
0.000000
0.000000
0.000000
0.000000
0.000000
0.000000
0.000000
0.000000
0.000000
0.000000
0.000000
0.000000
0.000000
0.000000
0.000000
0.000000
0.000000
0.000000
0.000000
0.000000
0.000000
0.000000
0.000000
0.000000
0.000000
0.000000
0.000000
0.000000
0.000000
0.000000
0.000000
0.000000
0.000000
0.000000
0.000000
0.000000
0.000000
0.000000
0.000000
0.000000
0.000000
0.000000
0.000000
0.000000
0.000000
0.000000
0.000000
0.000000
0.000000
0.000000
0.000000
0.000000
0.000000
0.000000
0.000000
0.000000
0.000000
0.000000
0.000000
0.000000
0.000000
0.000000
