0.000000
0.000000
0.919653
4.281934
20.858926
39.599619
60.818999
135.418849
243.812780
430.389527
696.270540
1028.227846
1466.633320
2061.931969
2850.166392
3671.892603
4765.741636
6117.273003
7783.731098
9438.991088
11391.940406
13550.103964
15768.532311
18206.940611
20795.856701
23651.407666
26358.256693
29046.906297
32116.079645
35220.827090
38152.417083
41142.899012
43799.048850
46626.611351
49084.044606
51894.367416
54693.135762
57061.493240
59231.104549
61634.664001
63989.578599
65966.381904
67844.679118
69138.869460
70895.727545
72548.929984
73995.635249
75168.474207
76417.474953
76896.150864
77639.882730
78142.327106
79083.559947
79591.811982
80080.864301
80718.083330
81331.095311
81664.847059
82187.624751
82364.625393
82305.809946
82371.004006
82388.106726
82426.920823
82318.295536
82020.631492
81563.264872
80973.274076
80788.191201
80348.077772
80320.256567
79679.539758
79158.663322
78746.928855
77990.759666
77559.115322
77101.291776
76633.922217
76138.485946
75593.112334
74946.571851
74412.488336
73963.654795
73256.291983
72762.948846
72147.696757
71638.033300
71255.172868
70624.690086
70152.171029
69521.319025
68896.705153
68114.471414
67524.336900
66843.722832
66223.478299
65625.506212
65094.959703
64558.577473
63986.831281
63447.945686
62739.660081
62194.123785
61635.950962
61040.026513
60567.301116
59997.523807
59365.978229
58694.927423
57986.013612
57554.107186
56987.587002
56412.905476
55851.104758
55316.386423
54622.529904
54092.554598
53609.425244
53053.793495
52590.898949
52128.228840
51764.153123
51219.220557
50803.040758
50307.755418
49796.341805
49436.889721
48816.720871
48346.332794
47826.551046
47368.379122
46917.381779
46330.054888
45732.059715
45298.324330
44623.394875
44264.864886
43851.958913
43360.999289
42804.380332
42285.892056
41687.010960
41230.811479
40871.759287
40349.919103
39886.951146
39438.506922
39076.700585
38706.110914
38376.300537
38022.899056
37551.129513
37062.610808
36660.382619
36086.854809
35634.144617
35322.179832
34901.705422
34445.587375
34137.242593
33735.742083
33376.660355
32953.554078
32563.118389
32102.331543
31741.278145
31305.795741
30749.772357
30371.089488
30008.290517
29570.907324
29197.954188
28832.790071
28415.940513
28065.170430
27700.745142
27299.217955
26999.469303
26715.968787
26359.762566
25864.398343
25539.025982
25169.165903
24782.793646
24467.263956
24096.094642
23714.245968
23360.588304
22986.441872
22665.520910
22291.453407
21946.662204
21534.356035
21192.860963
20826.575107
20563.683867
20220.922987
19879.123170
19584.333257
19245.576257
18902.270418
18594.669400
18255.870228
18033.202314
17697.018252
17451.980120
17129.417083
16836.384215
16523.191015
16217.042281
15925.722863
15581.925931
15293.579212
14981.760043
14683.475750
14359.627669
14044.448067
13755.002832
13518.535314
13238.677875
12960.576690
12728.825389
12471.083781
12143.504523
11806.023288
11570.866066
11298.196488
11060.020277
10831.720631
10525.440104
10288.013364
10076.545327
9847.842141
9618.821933
9399.841858
9186.783371
8965.082605
8789.018110
8556.383417
8372.204505
8149.028663
7997.447911
7795.702559
7632.024172
7372.939710
7210.079778
6976.706439
6818.466733
6633.545433
6447.646542
6297.508708
6114.722222
5971.788336
5779.995229
5600.395517
5451.063488
5293.511049
5171.568667
5007.882080
4851.725486
4752.135467
4639.779052
4537.877417
4425.488532
4347.931705
4229.955537
4143.930365
4025.214349
3937.516880
3802.582731
3675.882585
3553.953121
3430.919895
3326.079883
3258.558079
3168.744876
3073.687712
2960.351805
2886.368823
2773.884502
2691.329437
2593.350660
2493.237621
2408.161543
2314.720623
2253.229642
2182.717749
2108.120774
2035.309259
1973.398099
1899.245950
1836.421791
1770.026196
1713.036198
1662.500762
1583.129360
1524.200439
1472.118712
1425.273756
1372.249123
1324.595516
1276.335450
1223.289414
1177.451473
1128.831769
1093.666915
1047.715582
1012.015195
954.175726
919.474391
896.334963
866.408722
838.184425
802.216438
780.430132
760.887089
725.561231
696.022383
685.950746
656.434937
630.726042
600.053998
575.782981
553.772930
536.686091
520.036568
503.664939
485.387666
480.838932
452.656927
436.342470
422.424149
396.444503
380.023747
362.561320
352.244029
340.774955
320.048213
302.949392
283.382102
269.974867
255.381774
242.572748
228.993024
221.211080
211.309916
196.542282
190.320470
184.195051
174.533656
172.449829
166.925576
155.917945
152.396483
143.275127
136.613632
128.884308
120.695233
113.068190
108.913144
104.691763
99.805071
89.010761
85.460835
77.496572
72.585004
70.813932
65.299750
66.212201
64.334492
60.997678
55.989972
52.823365
52.423128
49.011309
47.615481
43.773334
42.829481
41.641800
37.599851
35.683593
33.798893
31.752098
30.381000
28.619571
29.718861
28.705384
25.706526
24.756972
22.917062
21.514622
18.496796
18.444705
19.811945
18.709495
17.020420
16.143641
14.387596
13.381962
11.193679
10.987447
9.671408
9.714335
9.075539
9.376904
8.753276
8.723150
7.158156
6.985001
6.531952
5.786827
5.282971
5.246288
4.311454
4.053301
3.414712
3.023361
2.600234
2.241019
1.867744
1.741782
2.025550
1.251996
1.082002
1.299051
1.380726
1.089376
1.141252
1.042832
1.293691
1.844994
1.841073
1.611734
1.520169
1.094996
0.881206
0.860381
0.435272
0.399095
0.276876
0.147179
0.164598
0.188028
0.211313
0.150798
0.088013
0.024087
0.000000
0.000000
0.000000
0.000000
0.000000
0.000000
0.000000
0.000000
0.000000
0.000000
0.000000
0.000000
0.000000
0.000000
0.000000
0.000000
0.000000
0.000000
0.000000
0.000000
0.000000
0.000000
0.000000
0.000000
0.000000
0.000000
0.000000
0.000000
0.000000
0.000000
0.000000
0.000000
0.000000
0.000000
0.000000
0.000000
0.000000
0.000000
0.000000
0.000000
0.000000
0.000000
0.000000
0.000000
0.000000
0.000000
0.000000
0.000000
0.000000
0.000000
0.000000
0.000000
0.000000
0.000000
0.000000
0.000000
0.000000
0.000000
0.000000
0.000000
0.000000
0.000000
0.000000
0.000000
0.000000
0.000000
0.000000
0.000000
0.000000
0.000000
0.000000
0.000000
0.000000
0.000000
0.000000
0.000000
0.000000
0.000000
0.000000
0.000000
0.000000
0.000000
0.000000
0.000000
0.000000
0.000000
0.000000
0.000000
0.000000
0.000000
0.000000
0.000000
0.000000
0.000000
0.000000
0.000000
0.000000
0.000000
0.000000
0.000000
0.000000
0.000000
0.000000
0.000000
0.000000
0.000000
0.000000
0.000000
0.000000
0.000000
0.000000
0.000000
0.000000
0.000000
0.000000
0.000000
0.000000
0.000000
0.000000
0.000000
0.000000
0.000000
0.000000
0.000000
0.000000
0.000000
0.000000
0.000000
0.000000
0.000000
0.000000
0.000000
0.000000
0.000000
0.000000
0.000000
0.000000
0.000000
0.000000
0.000000
0.000000
0.000000
0.000000
0.000000
0.000000
0.000000
0.000000
0.000000
0.000000
0.000000
0.000000
0.000000
0.000000
0.000000
0.000000
0.000000
0.000000
0.000000
0.000000
0.000000
0.000000
0.000000
0.000000
0.000000
0.000000
0.000000
0.000000
0.000000
0.000000
0.000000
0.000000
0.000000
0.000000
0.000000
0.000000
0.000000
0.000000
0.000000
0.000000
0.000000
0.000000
0.000000
0.000000
0.000000
0.000000
0.000000
0.000000
0.000000
0.000000
0.000000
0.000000
0.000000
0.000000
0.000000
0.000000
0.000000
0.000000
0.000000
0.000000
0.000000
0.000000
0.000000
0.000000
0.000000
0.000000
0.000000
0.000000
0.000000
0.000000
0.000000
0.000000
0.000000
0.000000
0.000000
0.000000
0.000000
0.000000
0.000000
0.000000
0.000000
0.000000
0.000000
0.000000
0.000000
0.000000
0.000000
0.000000
0.000000
0.000000
0.000000
0.000000
0.000000
0.000000
0.000000
0.000000
0.000000
0.000000
0.000000
0.000000
0.000000
0.000000
0.000000
0.000000
0.000000
0.000000
0.000000
0.000000
0.000000
0.000000
0.000000
0.000000
0.000000
0.000000
0.000000
0.000000
0.000000
0.000000
0.000000
0.000000
0.000000
0.000000
0.000000
0.000000
0.000000
0.000000
0.000000
0.000000
0.000000
0.000000
0.000000
0.000000
0.000000
0.000000
0.000000
0.000000
0.000000
0.000000
0.000000
0.000000
0.000000
0.000000
0.000000
0.000000
0.000000
0.000000
0.000000
0.000000
0.000000
0.000000
0.000000
0.000000
0.000000
0.000000
0.000000
0.000000
0.000000
0.000000
0.000000
0.000000
0.000000
0.000000
0.000000
0.000000
0.000000
0.000000
0.000000
0.000000
0.000000
0.000000
0.000000
0.000000
0.000000
0.000000
0.000000
0.000000
0.000000
0.000000
0.000000
0.000000
0.000000
0.000000
0.000000
0.000000
0.000000
0.000000
0.000000
0.000000
0.000000
0.000000
0.000000
0.000000
0.000000
0.000000
0.000000
0.000000
0.000000
0.000000
0.000000
0.000000
0.000000
0.000000
0.000000
0.000000
0.000000
0.000000
0.000000
0.000000
0.000000
0.000000
0.000000
0.000000
0.000000
0.000000
0.000000
0.000000
0.000000
0.000000
0.000000
0.000000
0.000000
0.000000
0.000000
0.000000
0.000000
0.000000
0.000000
0.000000
0.000000
0.000000
0.000000
0.000000
0.000000
0.000000
0.000000
0.000000
0.000000
0.000000
0.000000
0.000000
0.000000
0.000000
0.000000
0.000000
0.000000
0.000000
0.000000
0.000000
0.000000
0.000000
0.000000
0.000000
0.000000
0.000000
0.000000
0.000000
0.000000
0.000000
0.000000
0.000000
0.000000
0.000000
0.000000
0.000000
0.000000
0.000000
0.000000
0.000000
0.000000
0.000000
0.000000
0.000000
0.000000
0.000000
0.000000
0.000000
0.000000
0.000000
0.000000
0.000000
0.000000
0.000000
0.000000
0.000000
0.000000
0.000000
0.000000
0.000000
0.000000
0.000000
0.000000
0.000000
0.000000
0.000000
0.000000
0.000000
0.000000
0.000000
0.000000
0.000000
0.000000
0.000000
0.000000
0.000000
0.000000
0.000000
0.000000
0.000000
0.000000
0.000000
0.000000
0.000000
0.000000
0.000000
0.000000
0.000000
0.000000
0.000000
0.000000
0.000000
0.000000
0.000000
0.000000
0.000000
0.000000
0.000000
0.000000
0.000000
0.000000
0.000000
0.000000
0.000000
0.000000
0.000000
0.000000
0.000000
0.000000
0.000000
0.000000
0.000000
0.000000
0.000000
0.000000
0.000000
0.000000
0.000000
0.000000
0.000000
0.000000
0.000000
0.000000
0.000000
0.000000
0.000000
0.000000
0.000000
0.000000
0.000000
0.000000
0.000000
0.000000
0.000000
0.000000
0.000000
0.000000
0.000000
0.000000
0.000000
0.000000
0.000000
0.000000
0.000000
0.000000
0.000000
0.000000
0.000000
0.000000
0.000000
0.000000
0.000000
0.000000
0.000000
0.000000
0.000000
0.000000
0.000000
0.000000
0.000000
0.000000
0.000000
0.000000
0.000000
0.000000
0.000000
0.000000
0.000000
0.000000
0.000000
0.000000
0.000000
0.000000
0.000000
0.000000
0.000000
0.000000
0.000000
0.000000
0.000000
0.000000
0.000000
0.000000
0.000000
0.000000
0.000000
0.000000
