0.000000
0.000000
0.000000
4.919734
15.899663
29.068034
76.347734
170.215377
294.179978
500.400235
872.617864
1334.387602
1983.772192
2827.719712
3841.688332
5234.470908
6728.504091
8520.218757
10661.861480
13305.721915
16015.199808
19002.931714
22279.605778
25589.415308
29253.763684
32703.026188
36303.428099
40190.383381
44123.237170
47733.404019
51411.900656
54933.252434
58003.487290
60848.545770
63734.540764
66711.462313
69309.401501
71859.933118
74030.497497
75948.589205
77798.678889
79345.406642
81056.286628
82240.878983
82862.198221
83779.764459
84456.137286
84782.132439
85243.446675
84951.133301
85042.958580
85099.761940
84876.900838
84566.290990
84151.679475
83915.187039
83232.965391
82745.235611
82115.820586
81541.549414
80956.868221
80307.709153
79668.851593
79164.969220
78736.509907
78174.403591
77689.178511
76739.339481
75683.255627
74865.951298
74082.897374
73283.099991
72479.944797
71655.723599
70821.965379
70178.423375
69452.028000
68777.394478
68173.471697
67494.642809
66717.261680
66056.783011
65387.207965
64577.001401
63969.562511
63196.740049
62383.191789
61862.544344
61115.163128
60347.432292
59826.955154
59139.583962
58776.443949
58145.797683
57630.533627
57111.659254
56373.409822
55895.694391
55420.766403
54707.900451
54286.110351
53805.415072
53346.517314
52848.201306
52180.883223
51555.150083
51099.881561
50674.712478
50285.675757
50001.330871
49434.678467
49229.488873
48704.017416
48405.728338
48039.605632
47681.071887
47343.222218
46838.465471
46496.699303
46092.678938
45705.349803
45244.201857
44921.426828
44460.545019
44074.937723
43699.885997
43344.975901
42959.328796
42660.302630
42509.746421
41936.933652
41684.344860
41237.302081
40867.805759
40767.690979
40452.577280
40107.385146
39939.505507
39516.216090
39079.649411
38783.023894
38465.208618
38233.110734
38001.501818
37710.384852
37387.691552
37227.936966
36883.815573
36481.177019
36135.119168
35809.000314
35603.056459
35352.586857
35164.641888
34920.982204
34606.284108
34425.796765
34087.178910
33674.214968
33390.325340
33025.253067
32758.641023
32431.792283
32076.918238
31792.992555
31454.700891
31272.363832
31055.025333
30742.252668
30351.971107
30041.293662
29661.934540
29321.088731
28998.937780
28607.902457
28306.654277
28088.444398
27780.243333
27533.182159
27257.713162
26828.845104
26470.983307
26234.733615
25996.796612
25742.411137
25530.826232
25269.851755
24977.836343
24650.779649
24356.623807
24137.914122
23821.292381
23540.726392
23200.441165
22898.797022
22610.645207
22311.935233
21993.977714
21660.670752
21381.092303
21133.025105
20856.370525
20636.914617
20274.396727
19876.385065
19556.111124
19257.212203
18941.889996
18640.355861
18333.569105
18135.759986
17821.914816
17476.613904
17184.162865
16835.389517
16520.723741
16191.268784
15891.898742
15635.771369
15389.804666
15147.417512
14825.128961
14479.435712
14195.660298
13914.023558
13620.229298
13305.053431
13081.013906
12781.148301
12516.656865
12264.773763
11982.979275
11756.849675
11505.663263
11294.533286
11042.931124
10810.499703
10583.541211
10362.125497
10175.236342
9983.188093
9727.895378
9541.905915
9305.040362
9080.517294
8854.650388
8685.171572
8480.684882
8260.197161
8057.083262
7895.002528
7714.198094
7521.307973
7345.082478
7180.610325
6999.955710
6819.379852
6651.646388
6495.668790
6365.298990
6200.369714
6058.310379
5912.844567
5703.016172
5566.267210
5409.059684
5260.288051
5143.186465
4991.535279
4885.458610
4732.329167
4613.675048
4494.541089
4388.976240
4259.071495
4161.229840
4065.153785
3929.514587
3822.431994
3695.679974
3591.359811
3460.439615
3372.542310
3280.659357
3167.951315
3080.384902
2980.383040
2883.974662
2780.387231
2707.021425
2602.599041
2515.657459
2428.183288
2353.646187
2248.136397
2168.163055
2102.165043
2042.166710
1975.240584
1904.991950
1838.475053
1774.112373
1714.019858
1641.355644
1574.190759
1506.916313
1443.749046
1397.822873
1345.569198
1285.131267
1232.167724
1170.406741
1115.945715
1075.805594
1042.006705
993.047239
958.803882
933.326890
895.438862
862.808146
843.132169
809.685624
777.038369
743.057746
708.874665
668.785557
636.003065
610.137889
587.487514
566.907451
549.608764
524.565165
502.847563
496.394858
477.088373
455.833447
439.385523
420.136505
395.966336
378.775609
362.896688
345.245348
325.850490
313.547746
297.966974
279.820664
267.833656
256.508288
244.116187
229.820382
225.422717
223.883957
206.686145
192.429683
182.150183
169.614379
158.668827
149.440772
145.855503
141.233708
129.422099
123.515038
117.165842
110.459829
107.968468
101.329295
94.779255
91.087907
87.411269
81.472349
75.633986
72.802061
68.554875
64.166071
63.565736
59.331759
60.255336
57.672270
54.874130
51.887372
46.627152
41.544078
38.282518
36.384781
32.971612
29.492039
27.413747
26.832948
26.333283
28.722787
27.215070
25.447026
21.879459
20.727247
20.644937
20.025201
17.517631
17.897848
17.728915
17.120893
16.210003
15.573503
14.911600
15.355014
15.253639
15.173622
13.766244
12.417126
11.930076
11.648913
12.416054
11.411262
10.078948
9.304649
8.081931
6.613222
7.011913
6.296488
5.850620
4.995932
4.742710
4.123201
4.089665
3.066003
3.513016
2.886740
2.766187
2.738287
2.709379
3.029915
2.942804
2.446478
2.170918
2.164644
1.600935
1.916092
1.343788
1.045414
0.626614
0.700221
0.359985
0.269630
0.240088
0.164290
0.168319
0.055177
0.064393
0.025365
0.000000
0.000000
0.000000
0.000000
0.000000
0.000000
0.000000
0.000000
0.000000
0.000000
0.000000
0.000000
0.000000
0.000000
0.000000
0.000000
0.000000
0.000000
0.000000
0.000000
0.000000
0.000000
0.000000
0.000000
0.000000
0.000000
0.000000
0.000000
0.000000
0.000000
0.000000
0.000000
0.000000
0.000000
0.000000
0.000000
0.000000
0.000000
0.000000
0.000000
0.000000
0.000000
0.000000
0.000000
0.000000
0.000000
0.000000
0.000000
0.000000
0.000000
0.000000
0.000000
0.000000
0.000000
0.000000
0.000000
0.000000
0.000000
0.000000
0.000000
0.000000
0.000000
0.000000
0.000000
0.000000
0.000000
0.000000
0.000000
0.000000
0.000000
0.000000
0.000000
0.000000
0.000000
0.000000
0.000000
0.000000
0.000000
0.000000
0.000000
0.000000
0.000000
0.000000
0.000000
0.000000
0.000000
0.000000
0.000000
0.000000
0.000000
0.000000
0.000000
0.000000
0.000000
0.000000
0.000000
0.000000
0.000000
0.000000
0.000000
0.000000
0.000000
0.000000
0.000000
0.000000
0.000000
0.000000
0.000000
0.000000
0.000000
0.000000
0.000000
0.000000
0.000000
0.000000
0.000000
0.000000
0.000000
0.000000
0.000000
0.000000
0.000000
0.000000
0.000000
0.000000
0.000000
0.000000
0.000000
0.000000
0.000000
0.000000
0.000000
0.000000
0.000000
0.000000
0.000000
0.000000
0.000000
0.000000
0.000000
0.000000
0.000000
0.000000
0.000000
0.000000
0.000000
0.000000
0.000000
0.000000
0.000000
0.000000
0.000000
0.000000
0.000000
0.000000
0.000000
0.000000
0.000000
0.000000
0.000000
0.000000
0.000000
0.000000
0.000000
0.000000
0.000000
0.000000
0.000000
0.000000
0.000000
0.000000
0.000000
0.000000
0.000000
0.000000
0.000000
0.000000
0.000000
0.000000
0.000000
0.000000
0.000000
0.000000
0.000000
0.000000
0.000000
0.000000
0.000000
0.000000
0.000000
0.000000
0.000000
0.000000
0.000000
0.000000
0.000000
0.000000
0.000000
0.000000
0.000000
0.000000
0.000000
0.000000
0.000000
0.000000
0.000000
0.000000
0.000000
0.000000
0.000000
0.000000
0.000000
0.000000
0.000000
0.000000
0.000000
0.000000
0.000000
0.000000
0.000000
0.000000
0.000000
0.000000
0.000000
0.000000
0.000000
0.000000
0.000000
0.000000
0.000000
0.000000
0.000000
0.000000
0.000000
0.000000
0.000000
0.000000
0.000000
0.000000
0.000000
0.000000
0.000000
0.000000
0.000000
0.000000
0.000000
0.000000
0.000000
0.000000
0.000000
0.000000
0.000000
0.000000
0.000000
0.000000
0.000000
0.000000
0.000000
0.000000
0.000000
0.000000
0.000000
0.000000
0.000000
0.000000
0.000000
0.000000
0.000000
0.000000
0.000000
0.000000
0.000000
0.000000
0.000000
0.000000
0.000000
0.000000
0.000000
0.000000
0.000000
0.000000
0.000000
0.000000
0.000000
0.000000
0.000000
0.000000
0.000000
0.000000
0.000000
0.000000
0.000000
0.000000
0.000000
0.000000
0.000000
0.000000
0.000000
0.000000
0.000000
0.000000
0.000000
0.000000
0.000000
0.000000
0.000000
0.000000
0.000000
0.000000
0.000000
0.000000
0.000000
0.000000
0.000000
0.000000
0.000000
0.000000
0.000000
0.000000
0.000000
0.000000
0.000000
0.000000
0.000000
0.000000
0.000000
0.000000
0.000000
0.000000
0.000000
0.000000
0.000000
0.000000
0.000000
0.000000
0.000000
0.000000
0.000000
0.000000
0.000000
0.000000
0.000000
0.000000
0.000000
0.000000
0.000000
0.000000
0.000000
0.000000
0.000000
0.000000
0.000000
0.000000
0.000000
0.000000
0.000000
0.000000
0.000000
0.000000
0.000000
0.000000
0.000000
0.000000
0.000000
0.000000
0.000000
0.000000
0.000000
0.000000
0.000000
0.000000
0.000000
0.000000
0.000000
0.000000
0.000000
0.000000
0.000000
0.000000
0.000000
0.000000
0.000000
0.000000
0.000000
0.000000
0.000000
0.000000
0.000000
0.000000
0.000000
0.000000
0.000000
0.000000
0.000000
0.000000
0.000000
0.000000
0.000000
0.000000
0.000000
0.000000
0.000000
0.000000
0.000000
0.000000
0.000000
0.000000
0.000000
0.000000
0.000000
0.000000
0.000000
0.000000
0.000000
0.000000
0.000000
0.000000
0.000000
0.000000
0.000000
0.000000
0.000000
0.000000
0.000000
0.000000
0.000000
0.000000
0.000000
0.000000
0.000000
0.000000
0.000000
0.000000
0.000000
0.000000
0.000000
0.000000
0.000000
0.000000
0.000000
0.000000
0.000000
0.000000
0.000000
0.000000
0.000000
0.000000
0.000000
0.000000
0.000000
0.000000
0.000000
0.000000
0.000000
0.000000
0.000000
0.000000
0.000000
0.000000
0.000000
0.000000
0.000000
0.000000
0.000000
0.000000
0.000000
0.000000
0.000000
0.000000
0.000000
0.000000
0.000000
0.000000
0.000000
0.000000
0.000000
0.000000
0.000000
0.000000
0.000000
0.000000
0.000000
0.000000
0.000000
0.000000
0.000000
0.000000
0.000000
0.000000
0.000000
0.000000
0.000000
0.000000
0.000000
0.000000
0.000000
0.000000
0.000000
0.000000
0.000000
0.000000
0.000000
0.000000
0.000000
0.000000
0.000000
0.000000
0.000000
0.000000
0.000000
0.000000
0.000000
0.000000
0.000000
0.000000
0.000000
0.000000
0.000000
0.000000
0.000000
0.000000
0.000000
0.000000
0.000000
0.000000
0.000000
0.000000
0.000000
0.000000
0.000000
0.000000
0.000000
0.000000
0.000000
0.000000
0.000000
0.000000
0.000000
0.000000
0.000000
0.000000
0.000000
0.000000
0.000000
0.000000
0.000000
0.000000
0.000000
0.000000
0.000000
0.000000
0.000000
0.000000
