0.000000
0.000000
0.000000
0.000000
0.000000
0.000000
0.000000
0.000000
0.000000
0.000000
0.000000
0.000000
0.000000
0.000000
0.000000
0.000000
0.000000
0.000000
0.000000
0.000000
0.000000
0.000000
0.000000
0.000150
0.051280
0.057064
0.191654
0.455239
1.523389
2.862623
4.706928
7.254173
13.581102
20.838346
32.051136
49.652125
74.517091
109.681877
158.829190
231.531609
330.147371
461.166768
639.757693
878.954903
1176.424480
1558.020040
2049.549644
2670.450186
3424.103667
4328.522693
5416.377730
6714.101605
8208.277841
9975.006480
11998.748854
14309.602469
16937.711680
19880.090130
23108.369012
26647.134516
30504.773483
34705.358062
39284.657696
44115.377940
49274.488511
54687.967513
60379.168365
66242.352616
72285.095760
78461.221122
84732.191446
91157.386799
97557.510379
104016.737565
110380.469599
116766.159060
122945.212348
129001.146273
134856.124707
140475.294858
145963.202515
151091.343328
155934.171410
160477.541779
164644.754715
168443.365986
171954.076211
175015.373535
177751.780468
180068.124678
181993.780240
183606.146947
184661.806780
185371.988630
185652.047049
185611.382314
185227.189835
184448.115286
183367.046133
181989.563037
180212.393438
178175.311547
175891.563406
173322.724985
170518.771353
167483.613839
164211.686342
160709.972606
157088.877865
153296.022932
149370.991717
145320.883787
141159.148771
136879.921324
132572.608797
128168.935639
123739.219944
119282.963159
114809.129225
110350.001365
105833.928924
101350.413323
96924.780868
92502.539558
88157.089514
83918.750672
79673.268326
75559.234200
71529.566953
67611.322174
63770.871216
60066.241240
56444.208066
52979.906082
49629.763301
46393.204000
43294.997233
40328.300496
37513.823872
34815.547806
32238.760809
29803.948348
27491.031461
25318.181128
23273.724820
21354.025250
19533.749160
17848.989768
16271.025904
14805.928886
13454.621974
12187.672491
11027.183785
9949.835004
8953.588430
8044.749255
7211.027010
6449.293898
5755.365965
5130.271644
4559.833356
4047.207077
3580.455217
3165.874859
2789.908576
2456.526165
2158.574427
1891.634801
1654.267227
1440.601447
1250.928694
1088.297333
941.274033
814.440944
699.877495
604.520400
518.973103
445.196431
379.917539
323.863030
274.856807
232.958347
197.557141
167.034746
141.611723
118.616824
98.813226
83.162693
68.669999
57.337542
46.835438
39.362653
31.852129
26.480249
21.801589
17.926200
14.827062
11.973053
9.511055
7.844369
6.165722
5.156045
4.125297
3.325039
2.666844
2.162076
1.667622
1.322786
1.020306
0.901560
0.694757
0.542417
0.404389
0.315561
0.280800
0.215829
0.151222
0.125569
0.093224
0.060191
0.038302
0.024858
0.020770
0.014341
0.011624
0.005868
0.006637
0.002212
0.000987
0.000000
0.000000
0.000000
0.000000
0.000000
0.000000
0.000000
0.000000
0.000000
0.000000
0.000000
0.000000
0.000000
0.000000
0.000000
0.000000
0.000000
0.000000
0.000000
0.000000
0.000000
0.000000
0.000000
0.000000
0.000000
0.000000
0.000000
0.000000
0.000000
0.000000
0.000000
0.000000
0.000000
0.000000
0.000000
0.000000
0.000000
0.000000
0.000000
0.000000
0.000000
0.000000
0.000000
0.000000
0.000000
0.000000
0.000000
0.000000
0.000000
0.000000
0.000000
0.000000
0.000000
0.000000
0.000000
0.000000
0.000000
0.000000
0.000000
0.000000
0.000000
0.000000
0.000000
0.000000
0.000000
0.000000
0.000000
0.000000
0.000000
0.000000
0.000000
0.000000
0.000000
0.000000
0.000000
0.000000
0.000000
0.000000
0.000000
0.000000
0.000000
0.000000
0.000000
0.000000
0.000000
0.000000
0.000000
0.000000
0.000000
0.000000
0.000000
0.000000
0.000000
0.000000
0.000000
0.000000
0.000000
0.000000
0.000000
0.000000
0.000000
0.000000
0.000000
0.000000
0.000000
0.000000
0.000000
0.000000
0.000000
0.000000
0.000000
0.000000
0.000000
0.000000
0.000000
0.000000
0.000000
0.000000
0.000000
0.000000
0.000000
0.000000
0.000000
0.000000
0.000000
0.000000
0.000000
0.000000
0.000000
0.000000
0.000000
0.000000
0.000000
0.000000
0.000000
0.000000
0.000000
0.000000
0.000000
0.000000
0.000000
0.000000
0.000000
0.000000
0.000000
0.000000
0.000000
0.000000
0.000000
0.000000
0.000000
0.000000
0.000000
0.000000
0.000000
0.000000
0.000000
0.000000
0.000000
0.000000
0.000000
0.000000
0.000000
0.000000
0.000000
0.000000
0.000000
0.000000
0.000000
0.000000
0.000000
0.000000
0.000000
0.000000
0.000000
0.000000
0.000000
0.000000
0.000000
0.000000
0.000000
0.000000
0.000000
0.000000
0.000000
0.000000
0.000000
0.000000
0.000000
0.000000
0.000000
0.000000
0.000000
0.000000
0.000000
0.000000
0.000000
0.000000
0.000000
0.000000
0.000000
0.000000
0.000000
0.000000
0.000000
0.000000
0.000000
0.000000
0.000000
0.000000
0.000000
0.000000
0.000000
0.000000
0.000000
0.000000
0.000000
0.000000
0.000000
0.000000
0.000000
0.000000
0.000000
0.000000
0.000000
0.000000
0.000000
0.000000
0.000000
0.000000
0.000000
0.000000
0.000000
0.000000
0.000000
0.000000
0.000000
0.000000
0.000000
0.000000
0.000000
0.000000
0.000000
0.000000
0.000000
0.000000
0.000000
0.000000
0.000000
0.000000
0.000000
0.000000
0.000000
0.000000
0.000000
0.000000
0.000000
0.000000
0.000000
0.000000
0.000000
0.000000
0.000000
0.000000
0.000000
0.000000
0.000000
0.000000
0.000000
0.000000
0.000000
0.000000
