361.026803
1593.362409
4974.930103
11601.718639
21458.479497
35533.254207
53008.066494
73704.980204
95411.523203
119593.239461
142633.918829
165471.844155
186603.525069
203893.812158
218366.905621
230436.618315
238769.079811
243819.777976
246473.615034
246904.482529
245168.425024
240127.629937
235386.668232
227599.483722
218536.385589
209575.147246
199948.149097
190690.219017
180715.905409
172105.633919
162452.595705
153000.206352
144539.482234
135745.051613
127609.458649
120090.027793
112710.015581
106058.263935
99237.580659
93045.126748
87186.823332
82394.143302
77814.932655
73296.949186
69168.085381
65217.515083
61431.955389
58099.692405
54874.889528
51910.993562
49300.568992
46623.913695
44147.212630
42015.206261
40020.072821
38274.410418
36471.342856
34673.753737
33130.474352
31658.552954
30116.443274
28914.944851
27839.276181
26692.441435
25661.070019
24729.335482
23792.093500
22895.752779
22134.910041
21542.686592
20905.896811
20361.746193
19726.190679
19168.870354
18448.906736
17819.597687
17278.660139
16817.877112
16231.909177
15807.241624
15356.565137
15032.137408
14696.007281
14456.294895
14080.943221
13804.131254
13548.876304
13435.668262
13134.212280
12899.337901
12710.053184
12484.632366
12307.565927
12114.552724
11982.841380
11885.938716
11742.330185
11559.066903
11376.214889
11288.302129
11096.035683
10972.920245
10905.758871
10726.785424
10549.388930
10439.916673
10307.932127
10217.718426
10166.123759
10100.977690
10021.278703
9937.480626
9854.987499
9770.397623
9716.063251
9697.361849
9629.124509
9568.794628
9524.768179
9508.760124
9502.991495
9562.828393
9547.256693
9540.104813
9607.648796
9593.864958
9549.553553
9597.145322
9616.444795
9613.651932
9612.634989
9624.734456
9623.412455
9668.307380
9759.536082
9804.880352
9813.954863
9826.997411
9826.332422
9843.588982
9878.717249
9885.905157
9972.526342
10019.704074
10033.611340
10120.560306
10158.324322
10192.359914
10275.349641
10259.383977
10256.745339
10273.720495
10275.975025
10347.954277
10377.580208
10479.379945
10492.478951
10543.675358
10615.663377
10725.571034
10739.679290
10868.600698
10957.245069
11019.461126
11039.266380
11081.377193
11141.119051
11140.881079
11190.163257
11254.137042
11303.312268
11319.122134
11354.513924
11421.231584
11414.542791
11398.199371
11424.273818
11403.719275
11380.065196
11352.797833
11327.721269
11375.701262
11398.167021
11412.125656
11494.446151
11510.334077
11526.992675
11532.395032
11562.433085
11582.217870
11612.629469
11591.421854
11630.799804
11662.269731
11674.570164
11700.344714
11716.717864
11729.328056
11732.490172
11774.102427
11838.094010
11828.021434
11853.416187
11849.477694
11880.979139
11792.061794
11820.279343
11800.252276
11816.237849
11831.942714
11864.787377
11778.224834
11795.053064
11780.536738
11825.794937
11824.648097
11842.744670
11832.099465
11811.223031
11772.612900
11780.057439
11772.887474
11742.370504
11670.870645
11628.837511
11586.268299
11641.428810
11567.000342
11611.388986
11577.943676
11543.597646
11538.477307
11460.903052
11438.622140
11387.796545
11368.416369
11349.611991
11301.889553
11308.167732
11253.282795
11141.691404
11086.992909
11054.604020
11037.143507
10947.236954
10888.387425
10848.218857
10808.776795
10727.887996
10649.967396
10594.413403
10515.929393
10474.464814
10371.783034
10318.350415
10201.775238
10131.183041
10078.642522
10085.910589
10040.651190
9921.362443
9841.740798
9760.683682
9630.422551
9543.260690
9480.301233
9447.425528
9324.816619
9219.596707
9102.824627
8999.086432
8891.554031
8808.408556
8678.612249
8583.534769
8513.519481
8432.024760
8344.155941
8256.823202
8175.619690
8096.274110
7993.654843
7872.893610
7804.043006
7704.961423
7591.103633
7484.823305
7371.479875
7267.359673
7146.852065
7046.346753
6917.243792
6817.392013
6722.898149
6615.020486
6515.815521
6389.676275
6299.456702
6210.702556
6093.188714
5998.968098
5881.012403
5809.230935
5716.762247
5602.696277
5491.893766
5413.873560
5319.182639
5219.448193
5119.398033
5043.471161
4963.990596
4869.306368
4755.889795
4680.407986
4594.164924
4521.769198
4416.738839
4349.006433
4236.215894
4147.377303
4050.434029
3961.085626
3862.822967
3761.067855
3647.945889
3557.478383
3464.310465
3366.366795
3292.676830
3208.615760
3149.265996
3076.085822
2998.023783
2919.908846
2824.892598
2772.456071
2698.350064
2627.878857
2562.738972
2490.377169
2425.421501
2380.032468
2309.933637
2249.670996
2189.360587
2166.341323
2130.747034
2063.255569
2020.983209
1952.165008
1907.212783
1860.389114
1794.537810
1746.893498
1708.656128
1665.160721
1614.734964
1565.052849
1517.433890
1471.083339
1430.301795
1399.393761
1354.055905
1311.972267
1270.469057
1232.677272
1190.419480
1148.227054
1117.525131
1077.226328
1052.886546
1030.899589
992.319814
967.994161
929.842293
898.517382
863.052389
838.439967
816.369122
782.694479
763.236147
743.183555
717.136272
689.133931
671.630873
655.626117
637.265850
614.795386
593.085184
570.546284
552.009967
537.659489
519.882531
500.234484
484.876592
466.753494
454.555243
437.463732
429.853739
421.702928
403.452176
387.767128
377.048801
368.664840
353.860727
338.334231
323.674050
312.861951
305.699846
290.577297
276.797415
265.222568
256.052022
243.705967
235.728058
222.974745
217.872011
203.629341
193.817268
179.847987
169.041119
160.214997
154.839227
145.904293
140.604028
134.529991
129.820723
123.792255
118.034161
114.213559
111.555088
108.744579
104.180028
101.780610
95.491216
93.146532
85.925301
81.519308
75.534334
69.760763
67.370324
67.080919
64.183658
58.641530
58.505128
57.662237
53.534554
54.539611
48.800557
47.961541
45.867619
44.958551
45.068599
43.495081
41.284049
37.797929
37.690264
34.911478
32.278067
32.668965
32.654084
30.998009
26.710245
25.998911
26.748918
25.549839
22.940432
20.113426
19.178388
18.221995
16.824207
15.623163
14.703469
14.181765
13.719576
11.660811
11.387955
10.596284
9.244918
7.414321
6.456152
6.129727
5.094789
4.772027
4.888629
4.877230
5.348557
4.637354
4.408227
3.000661
3.178199
3.421848
3.072549
3.127358
2.680997
2.979101
2.732627
2.651838
2.584692
2.117069
1.755769
1.925990
1.402382
1.620679
1.447025
1.548655
1.193168
1.067590
0.803029
0.866970
1.095324
1.063614
1.126007
0.650157
0.592691
0.550321
0.250455
0.087030
0.126706
0.225228
0.193308
0.294999
0.298407
0.244378
0.405936
0.339487
0.363757
0.188419
0.304390
0.240844
0.200271
0.100047
0.113241
0.102272
0.065078
0.059115
0.063697
0.126055
0.190367
0.128622
0.232985
0.197180
0.157277
0.150532
0.171958
0.304593
0.136623
0.128870
0.104441
0.112175
0.074034
0.099882
0.136622
0.097590
0.090397
0.079488
0.014367
0.058882
0.064204
0.008027
0.000000
0.000000
0.000000
0.000000
0.000000
0.000000
0.000000
0.000000
0.000000
0.000000
0.000000
0.000000
0.000000
0.000000
0.000000
0.000000
0.000000
0.000000
0.000000
0.000000
0.000000
0.000000
0.000000
0.000000
0.000000
0.000000
0.000000
0.000000
0.000000
0.000000
0.000000
0.000000
0.000000
0.000000
0.000000
0.000000
0.000000
0.000000
0.000000
0.000000
0.000000
0.000000
0.000000
0.000000
0.000000
0.000000
0.000000
0.000000
0.000000
0.000000
0.000000
0.000000
0.000000
0.000000
0.000000
0.000000
0.000000
0.000000
0.000000
0.000000
0.000000
0.000000
0.000000
0.000000
0.000000
0.000000
0.000000
0.000000
0.000000
0.000000
0.000000
0.000000
0.000000
0.000000
0.000000
0.000000
0.000000
0.000000
0.000000
0.000000
0.000000
0.000000
0.000000
0.000000
0.000000
0.000000
0.000000
0.000000
0.000000
0.000000
0.000000
0.000000
0.000000
0.000000
0.000000
0.000000
0.000000
0.000000
0.000000
0.000000
0.000000
0.000000
0.000000
0.000000
0.000000
0.000000
0.000000
0.000000
0.000000
0.000000
0.000000
0.000000
0.000000
0.000000
0.000000
0.000000
0.000000
0.000000
0.000000
0.000000
0.000000
0.000000
0.000000
0.000000
0.000000
0.000000
0.000000
0.000000
0.000000
0.000000
0.000000
0.000000
0.000000
0.000000
0.000000
0.000000
0.000000
0.000000
0.000000
0.000000
0.000000
0.000000
0.000000
0.000000
0.000000
0.000000
0.000000
0.000000
0.000000
0.000000
0.000000
0.000000
0.000000
0.000000
0.000000
0.000000
0.000000
0.000000
0.000000
0.000000
0.000000
0.000000
0.000000
0.000000
0.000000
0.000000
0.000000
0.000000
0.000000
0.000000
0.000000
0.000000
0.000000
0.000000
0.000000
0.000000
0.000000
0.000000
0.000000
0.000000
0.000000
0.000000
0.000000
0.000000
0.000000
0.000000
0.000000
0.000000
0.000000
0.000000
0.000000
0.000000
0.000000
0.000000
0.000000
0.000000
0.000000
0.000000
0.000000
0.000000
0.000000
0.000000
0.000000
0.000000
0.000000
0.000000
0.000000
0.000000
0.000000
0.000000
0.000000
0.000000
0.000000
0.000000
0.000000
0.000000
0.000000
0.000000
0.000000
0.000000
0.000000
0.000000
0.000000
0.000000
0.000000
0.000000
0.000000
0.000000
0.000000
0.000000
0.000000
0.000000
0.000000
0.000000
0.000000
0.000000
0.000000
0.000000
0.000000
0.000000
0.000000
0.000000
0.000000
0.000000
0.000000
0.000000
0.000000
0.000000
0.000000
0.000000
0.000000
0.000000
0.000000
0.000000
0.000000
0.000000
0.000000
0.000000
0.000000
0.000000
0.000000
0.000000
0.000000
0.000000
0.000000
0.000000
0.000000
0.000000
0.000000
0.000000
0.000000
0.000000
0.000000
0.000000
0.000000
0.000000
0.000000
0.000000
0.000000
0.000000
0.000000
0.000000
0.000000
0.000000
0.000000
0.000000
0.000000
0.000000
0.000000
0.000000
0.000000
0.000000
0.000000
0.000000
0.000000
0.000000
0.000000
0.000000
0.000000
0.000000
0.000000
0.000000
0.000000
0.000000
0.000000
0.000000
0.000000
0.000000
0.000000
0.000000
0.000000
0.000000
0.000000
0.000000
0.000000
0.000000
0.000000
0.000000
0.000000
0.000000
0.000000
0.000000
0.000000
0.000000
0.000000
0.000000
0.000000
0.000000
0.000000
0.000000
0.000000
0.000000
0.000000
0.000000
0.000000
0.000000
0.000000
0.000000
0.000000
0.000000
0.000000
0.000000
0.000000
0.000000
0.000000
0.000000
0.000000
0.000000
0.000000
0.000000
0.000000
0.000000
0.000000
0.000000
0.000000
0.000000
0.000000
0.000000
0.000000
0.000000
0.000000
0.000000
0.000000
0.000000
0.000000
0.000000
0.000000
0.000000
0.000000
0.000000
0.000000
0.000000
0.000000
0.000000
0.000000
0.000000
0.000000
0.000000
0.000000
0.000000
0.000000
0.000000
0.000000
0.000000
0.000000
0.000000
0.000000
0.000000
0.000000
0.000000
0.000000
0.000000
0.000000
0.000000
0.000000
0.000000
0.000000
0.000000
0.000000
0.000000
0.000000
0.000000
0.000000
0.000000
0.000000
0.000000
0.000000
0.000000
0.000000
0.000000
0.000000
0.000000
0.000000
0.000000
0.000000
0.000000
0.000000
0.000000
0.000000
0.000000
0.000000
0.000000
0.000000
0.000000
0.000000
0.000000
0.000000
0.000000
0.000000
0.000000
0.000000
0.000000
0.000000
0.000000
0.000000
0.000000
0.000000
0.000000
0.000000
0.000000
