0.000000
0.000000
0.000000
0.000000
0.000000
0.000000
0.000000
0.000000
0.000000
0.000000
0.683534
2.048810
6.818902
10.655782
20.615131
32.816711
46.381474
71.742114
111.522570
161.939482
251.049430
335.015629
461.247725
597.673689
798.394854
1085.554097
1437.406203
1872.791150
2322.507381
2921.644836
3587.545896
4361.708655
5262.506747
6286.228508
7419.561702
8729.187391
10230.510164
11795.590220
13641.841120
15488.248805
17583.324387
19723.272248
21895.410059
24287.672928
26745.284489
29459.543161
32159.747761
34939.951905
37792.920354
40757.628038
43827.913272
46936.925733
50186.161320
52981.871501
56312.946629
59327.052359
62438.213919
65514.677021
68218.946808
71021.674012
74031.969817
76751.827348
79306.706576
81934.961231
84670.463435
87043.156295
89240.715949
91516.803704
93794.595202
95602.096011
97299.959308
98999.887421
100576.839391
102199.546977
103895.702540
105054.361283
106335.167037
107571.503631
108503.716531
109329.864712
110174.764269
110643.798366
111257.925052
111483.110560
111811.057288
111747.926000
111799.706655
111639.282940
111651.868193
111535.342972
111600.501385
111175.335233
110790.197323
110174.947922
109520.805450
108673.476649
107948.077541
107048.648106
106391.595605
105177.375141
104533.757997
103722.205477
102648.491594
101607.611527
100432.365129
99566.129598
98345.519346
97219.286217
95916.333425
94730.546161
93308.086273
91923.823856
90668.678074
89201.647931
87812.981669
86589.022284
85238.366373
83933.777442
82431.319875
81028.570337
79775.943909
78349.018845
77057.927157
75403.075682
74150.132345
72546.804535
71048.987545
69490.183869
68094.913181
66712.223790
65116.597263
63607.025588
62385.191808
60995.168033
59703.128039
58533.901832
57328.516900
56140.428872
54969.522912
53691.795988
52412.006986
51180.941271
49852.272332
48608.771651
47603.313156
46461.400972
45323.884857
44306.629753
43151.950658
42074.349465
41081.242482
40033.798200
39020.109930
37915.888140
36922.653019
35985.712835
34997.716702
34005.298369
33055.545773
32130.675871
31293.220886
30376.129097
29456.933677
28638.596051
27748.794341
27003.382140
26150.811048
25411.496115
24653.027857
23817.606971
23154.590099
22570.728699
21864.151466
21214.701435
20419.502530
19705.580616
19045.637348
18410.624092
17830.703468
17242.172755
16661.791386
16142.508903
15611.200858
15116.220022
14568.853236
14026.002413
13560.150398
13043.647627
12601.445669
12166.637628
11725.165528
11314.831714
10908.208799
10503.786629
10166.331497
9856.036639
9530.361933
9128.791347
8771.347283
8408.158044
8050.474118
7724.421844
7420.966674
7128.163771
6864.877795
6620.390437
6385.769877
6123.672725
5866.001586
5649.570582
5411.813275
5199.811893
4952.022677
4781.523112
4576.699024
4379.641479
4208.567900
4040.678373
3875.714385
3742.798367
3568.331957
3428.618659
3296.513855
3180.005737
3044.063663
2915.205300
2802.202915
2704.004602
2572.369341
2492.302330
2375.816676
2271.358285
2163.205705
2085.698386
1966.646289
1874.075819
1781.702153
1696.110451
1610.681756
1545.986609
1467.851639
1412.022137
1361.170669
1295.024111
1220.007737
1155.391358
1119.465652
1058.038047
1011.797285
956.609413
898.531715
851.506214
811.946852
772.128428
729.510178
693.146766
659.787042
626.837273
596.398515
566.207693
520.071732
499.637714
472.441809
448.686504
421.583659
398.863229
375.912718
359.589430
337.184701
327.136422
303.680135
284.263798
266.250132
246.364990
236.104692
215.306675
199.113972
192.194251
178.579927
169.537435
160.351839
149.295412
144.569478
134.083494
130.889419
120.305964
111.011427
102.681105
96.762434
90.529455
81.507469
76.804733
72.739675
67.130691
67.322489
61.636049
59.725421
57.995282
55.072783
51.456210
49.855247
46.560138
46.705053
41.051283
39.503038
35.457963
32.889759
31.546745
31.356678
29.734250
27.844806
25.759558
22.663003
21.939562
20.353801
19.762042
19.655821
17.585201
14.526447
13.439477
13.691809
13.958887
12.633798
13.034540
11.584274
9.761616
7.911690
7.960439
7.195714
5.986764
5.835105
5.110427
4.840681
4.404153
3.165947
3.693950
3.006828
2.491658
3.057732
2.361683
2.384307
2.105020
1.664431
1.375754
1.158999
0.991489
0.766464
0.603890
0.492084
0.564940
0.448843
0.102074
0.028364
0.000000
0.000000
0.000000
0.000000
0.000000
0.000000
0.000000
0.000000
0.000000
0.000000
0.000000
0.000000
0.000000
0.000000
0.000000
0.000000
0.000000
0.000000
0.000000
0.000000
0.000000
0.000000
0.000000
0.000000
0.000000
0.000000
0.000000
0.000000
0.000000
0.000000
0.000000
0.000000
0.000000
0.000000
0.000000
0.000000
0.000000
0.000000
0.000000
0.000000
0.000000
0.000000
0.000000
0.000000
0.000000
0.000000
0.000000
0.000000
0.000000
0.000000
0.000000
0.000000
0.000000
0.000000
0.000000
0.000000
0.000000
0.000000
0.000000
0.000000
0.000000
0.000000
0.000000
0.000000
0.000000
0.000000
0.000000
0.000000
0.000000
0.000000
0.000000
0.000000
0.000000
0.000000
0.000000
0.000000
0.000000
0.000000
0.000000
0.000000
0.000000
0.000000
0.000000
0.000000
0.000000
0.000000
0.000000
0.000000
0.000000
0.000000
0.000000
0.000000
0.000000
0.000000
0.000000
0.000000
0.000000
0.000000
0.000000
0.000000
0.000000
0.000000
0.000000
0.000000
0.000000
0.000000
0.000000
0.000000
0.000000
0.000000
0.000000
0.000000
0.000000
0.000000
0.000000
0.000000
0.000000
0.000000
0.000000
0.000000
0.000000
0.000000
0.000000
0.000000
0.000000
0.000000
0.000000
0.000000
0.000000
0.000000
0.000000
0.000000
0.000000
0.000000
0.000000
0.000000
0.000000
0.000000
0.000000
0.000000
0.000000
0.000000
0.000000
0.000000
0.000000
0.000000
0.000000
0.000000
0.000000
0.000000
0.000000
0.000000
0.000000
0.000000
0.000000
0.000000
0.000000
0.000000
0.000000
0.000000
0.000000
0.000000
0.000000
0.000000
0.000000
0.000000
0.000000
0.000000
0.000000
0.000000
0.000000
0.000000
0.000000
0.000000
0.000000
0.000000
0.000000
0.000000
0.000000
0.000000
0.000000
0.000000
0.000000
0.000000
0.000000
0.000000
0.000000
0.000000
0.000000
0.000000
0.000000
0.000000
0.000000
0.000000
0.000000
0.000000
0.000000
0.000000
0.000000
0.000000
0.000000
0.000000
0.000000
0.000000
0.000000
0.000000
0.000000
0.000000
0.000000
0.000000
0.000000
0.000000
0.000000
0.000000
0.000000
0.000000
0.000000
0.000000
0.000000
0.000000
0.000000
0.000000
0.000000
0.000000
0.000000
0.000000
0.000000
0.000000
0.000000
0.000000
0.000000
0.000000
0.000000
0.000000
0.000000
0.000000
0.000000
0.000000
0.000000
0.000000
0.000000
0.000000
0.000000
0.000000
0.000000
0.000000
0.000000
0.000000
0.000000
0.000000
0.000000
0.000000
0.000000
0.000000
0.000000
0.000000
0.000000
0.000000
0.000000
0.000000
0.000000
0.000000
0.000000
0.000000
0.000000
0.000000
0.000000
0.000000
0.000000
0.000000
0.000000
0.000000
0.000000
0.000000
0.000000
0.000000
0.000000
0.000000
0.000000
0.000000
0.000000
0.000000
0.000000
0.000000
0.000000
0.000000
0.000000
0.000000
0.000000
0.000000
0.000000
0.000000
0.000000
0.000000
0.000000
0.000000
0.000000
0.000000
0.000000
0.000000
0.000000
0.000000
0.000000
0.000000
0.000000
0.000000
0.000000
0.000000
0.000000
0.000000
0.000000
0.000000
0.000000
0.000000
0.000000
0.000000
0.000000
0.000000
0.000000
0.000000
0.000000
0.000000
0.000000
0.000000
0.000000
0.000000
0.000000
0.000000
0.000000
0.000000
0.000000
0.000000
0.000000
0.000000
0.000000
0.000000
0.000000
0.000000
0.000000
0.000000
0.000000
0.000000
0.000000
0.000000
0.000000
0.000000
0.000000
0.000000
0.000000
0.000000
0.000000
0.000000
0.000000
0.000000
0.000000
0.000000
0.000000
0.000000
0.000000
0.000000
0.000000
0.000000
0.000000
0.000000
0.000000
0.000000
0.000000
0.000000
0.000000
0.000000
0.000000
0.000000
0.000000
0.000000
0.000000
0.000000
0.000000
0.000000
0.000000
0.000000
0.000000
0.000000
0.000000
0.000000
0.000000
0.000000
0.000000
0.000000
0.000000
0.000000
0.000000
0.000000
0.000000
0.000000
0.000000
0.000000
0.000000
0.000000
0.000000
0.000000
0.000000
0.000000
0.000000
0.000000
0.000000
0.000000
0.000000
0.000000
0.000000
0.000000
0.000000
0.000000
0.000000
0.000000
0.000000
0.000000
0.000000
0.000000
0.000000
0.000000
0.000000
0.000000
0.000000
0.000000
0.000000
0.000000
0.000000
0.000000
0.000000
0.000000
0.000000
0.000000
0.000000
0.000000
0.000000
0.000000
0.000000
0.000000
0.000000
0.000000
0.000000
0.000000
0.000000
0.000000
0.000000
0.000000
0.000000
0.000000
0.000000
0.000000
0.000000
0.000000
0.000000
0.000000
0.000000
0.000000
0.000000
0.000000
0.000000
0.000000
0.000000
0.000000
0.000000
0.000000
0.000000
0.000000
0.000000
0.000000
0.000000
0.000000
0.000000
0.000000
0.000000
0.000000
0.000000
0.000000
0.000000
0.000000
0.000000
0.000000
0.000000
0.000000
0.000000
0.000000
0.000000
0.000000
0.000000
0.000000
0.000000
0.000000
0.000000
0.000000
0.000000
0.000000
0.000000
0.000000
0.000000
0.000000
0.000000
0.000000
0.000000
0.000000
0.000000
0.000000
0.000000
0.000000
0.000000
0.000000
0.000000
0.000000
0.000000
0.000000
0.000000
0.000000
0.000000
0.000000
0.000000
0.000000
0.000000
0.000000
0.000000
0.000000
0.000000
0.000000
0.000000
0.000000
0.000000
0.000000
0.000000
0.000000
0.000000
0.000000
0.000000
0.000000
0.000000
0.000000
0.000000
0.000000
0.000000
0.000000
0.000000
0.000000
0.000000
0.000000
0.000000
0.000000
0.000000
0.000000
0.000000
0.000000
0.000000
0.000000
0.000000
0.000000
0.000000
0.000000
0.000000
0.000000
0.000000
0.000000
0.000000
0.000000
0.000000
0.000000
0.000000
0.000000
0.000000
0.000000
0.000000
0.000000
0.000000
0.000000
0.000000
0.000000
0.000000
0.000000
0.000000
0.000000
0.000000
0.000000
0.000000
0.000000
0.000000
0.000000
0.000000
0.000000
0.000000
0.000000
0.000000
0.000000
0.000000
0.000000
0.000000
0.000000
0.000000
0.000000
0.000000
0.000000
0.000000
0.000000
0.000000
0.000000
0.000000
0.000000
0.000000
0.000000
0.000000
0.000000
0.000000
0.000000
0.000000
0.000000
0.000000
0.000000
0.000000
0.000000
0.000000
0.000000
0.000000
0.000000
0.000000
0.000000
0.000000
0.000000
0.000000
0.000000
0.000000
0.000000
0.000000
0.000000
0.000000
0.000000
0.000000
0.000000
0.000000
0.000000
0.000000
0.000000
0.000000
0.000000
0.000000
0.000000
0.000000
0.000000
0.000000
0.000000
0.000000
0.000000
