0.000000
0.000000
0.000000
0.000000
0.000000
0.000000
0.000000
0.000000
0.000000
0.000000
0.000000
0.000000
0.000000
0.000000
0.000000
0.000000
0.000000
0.000000
0.000000
0.000000
0.000000
0.000000
0.004684
0.012195
0.043046
0.034234
0.053988
0.031261
0.086384
0.105286
0.092401
0.238766
0.411181
0.782063
1.064450
1.898416
3.524842
5.778049
9.513445
15.163027
24.246170
38.189815
57.831928
87.440742
129.526643
186.756513
266.471663
375.407849
522.496861
713.369566
963.878141
1294.326469
1713.452564
2241.903831
2909.054147
3742.728070
4743.492792
5958.924570
7433.918057
9145.010267
11158.883368
13529.084438
16248.984648
19375.651820
22913.741787
26899.197787
31337.167123
36226.003218
41576.055906
47400.765078
53707.202869
60506.553129
67721.473277
75337.887610
83310.707916
91613.388116
100179.273111
109007.929582
117943.566329
126948.119515
135964.521761
144954.752019
153830.107744
162500.448762
170888.125937
178957.056783
186615.844807
193795.960752
200457.077097
206525.121836
211975.581765
216751.703573
220784.631394
224054.950627
226621.898921
228453.100631
229474.414920
229776.268673
229274.851654
228102.234563
226157.595681
223626.550528
220337.715162
216569.719643
212194.305276
207317.613893
202063.763203
196299.716831
190213.093938
183796.889478
177088.725827
170207.631151
163176.523505
156017.278736
148839.534260
141632.389389
134421.864498
127306.197077
120211.264785
113267.705859
106433.801052
99806.278518
93360.924823
87155.298261
81135.930115
75368.954656
69865.739550
64613.974864
59603.752025
54859.686602
50353.687776
46142.914336
42171.649868
38437.925909
34940.081680
31712.825545
28725.666177
25959.990641
23382.627727
21028.491690
18859.199226
16875.927167
15094.732414
13433.248255
11949.317260
10588.428124
9358.294959
8259.535604
7272.676345
6383.719184
5609.022643
4899.251985
4272.959415
3724.680852
3231.395524
2804.317285
2419.591531
2083.515068
1794.225384
1536.952397
1320.084826
1126.051569
956.047511
811.724063
688.925566
584.525428
492.752907
415.123900
350.107582
293.235218
245.917279
205.344350
170.158561
140.871580
116.592208
96.491147
80.278765
66.363720
54.893064
45.151297
37.198162
29.735304
24.689612
19.905781
16.226585
13.058976
10.760671
8.657735
7.009897
5.542084
4.524302
3.626346
2.736221
2.185268
1.763932
1.444662
1.155466
0.899787
0.730723
0.579816
0.454805
0.353142
0.260082
0.238943
0.157268
0.147735
0.100324
0.109789
0.072895
0.073182
0.043826
0.035804
0.018287
0.019549
0.006550
0.007440
0.001840
0.000404
0.000008
0.000049
0.000000
0.000000
0.000000
0.000000
0.000000
0.000000
0.000000
0.000000
0.000000
0.000000
0.000000
0.000000
0.000000
0.000000
0.000000
0.000000
0.000000
0.000000
0.000000
0.000000
0.000000
0.000000
0.000000
0.000000
0.000000
0.000000
0.000000
0.000000
0.000000
0.000000
0.000000
0.000000
0.000000
0.000000
0.000000
0.000000
0.000000
0.000000
0.000000
0.000000
0.000000
0.000000
0.000000
0.000000
0.000000
0.000000
0.000000
0.000000
0.000000
0.000000
0.000000
0.000000
0.000000
0.000000
0.000000
0.000000
0.000000
0.000000
0.000000
0.000000
0.000000
0.000000
0.000000
0.000000
0.000000
0.000000
0.000000
0.000000
0.000000
0.000000
0.000000
0.000000
0.000000
0.000000
0.000000
0.000000
0.000000
0.000000
0.000000
0.000000
0.000000
0.000000
0.000000
0.000000
0.000000
0.000000
0.000000
0.000000
0.000000
0.000000
0.000000
0.000000
0.000000
0.000000
0.000000
0.000000
0.000000
0.000000
0.000000
0.000000
0.000000
0.000000
0.000000
0.000000
0.000000
0.000000
0.000000
0.000000
0.000000
0.000000
0.000000
0.000000
0.000000
0.000000
0.000000
0.000000
0.000000
0.000000
0.000000
0.000000
0.000000
0.000000
0.000000
0.000000
0.000000
0.000000
0.000000
0.000000
0.000000
0.000000
0.000000
0.000000
0.000000
0.000000
0.000000
0.000000
0.000000
0.000000
0.000000
0.000000
0.000000
0.000000
0.000000
0.000000
0.000000
0.000000
0.000000
0.000000
0.000000
0.000000
0.000000
0.000000
0.000000
0.000000
0.000000
0.000000
0.000000
0.000000
0.000000
0.000000
0.000000
0.000000
0.000000
0.000000
0.000000
0.000000
0.000000
0.000000
0.000000
0.000000
0.000000
0.000000
0.000000
0.000000
0.000000
0.000000
0.000000
0.000000
0.000000
0.000000
0.000000
0.000000
0.000000
0.000000
0.000000
0.000000
0.000000
0.000000
0.000000
0.000000
0.000000
0.000000
0.000000
0.000000
0.000000
0.000000
0.000000
0.000000
0.000000
0.000000
0.000000
0.000000
0.000000
0.000000
0.000000
0.000000
0.000000
0.000000
0.000000
0.000000
0.000000
0.000000
0.000000
0.000000
0.000000
0.000000
0.000000
0.000000
0.000000
0.000000
0.000000
0.000000
0.000000
0.000000
0.000000
0.000000
0.000000
0.000000
0.000000
0.000000
0.000000
0.000000
0.000000
0.000000
0.000000
0.000000
0.000000
0.000000
0.000000
0.000000
0.000000
0.000000
0.000000
0.000000
0.000000
0.000000
0.000000
0.000000
0.000000
0.000000
0.000000
0.000000
0.000000
0.000000
0.000000
0.000000
0.000000
0.000000
0.000000
0.000000
0.000000
0.000000
0.000000
0.000000
0.000000
0.000000
0.000000
0.000000
0.000000
0.000000
0.000000
0.000000
0.000000
0.000000
0.000000
0.000000
0.000000
0.000000
0.000000
0.000000
0.000000
