0.000000
0.000000
0.000000
2.660456
9.956237
26.842896
56.086195
154.809269
315.028635
550.137139
962.828000
1640.691055
2532.354249
3752.706412
5185.312793
7128.046951
9584.659216
12141.169537
15434.467136
18850.740321
22812.935008
26857.751524
31384.145156
35717.912658
40280.025018
44558.674426
49094.830727
53514.668795
57610.791910
61317.202880
65136.140310
68329.040601
71291.340396
74323.213931
76815.174967
78896.050467
80837.183423
82614.816956
84207.151847
85595.784544
87099.582801
88035.384060
88972.164796
89034.587430
89021.443455
88826.852089
88368.545151
88051.008455
87513.790453
87079.944636
86594.304464
85748.279258
85042.417809
84512.777481
83903.373452
83033.339465
82346.279249
81510.380263
80695.908196
79713.500737
78702.718090
77795.738311
76910.678570
75491.565229
74450.914359
73537.271287
72414.480537
71358.868435
70398.304355
69401.774032
68399.072718
67686.706029
66778.271148
65944.996547
64970.793525
64207.028519
63640.755168
62687.988574
61783.424502
61008.787277
60239.931491
59544.339217
58847.856859
58294.607817
57540.865950
56925.864645
56374.940364
55841.649382
55191.308612
54752.594738
54256.357293
53759.755137
53209.147595
52622.060812
52253.562955
51834.771904
51219.755198
50768.135076
50205.735675
49776.298466
49266.319701
48685.903354
48225.213340
47808.895294
47334.420422
46977.897148
46682.582117
46366.290265
45871.286239
45556.078027
45132.181859
44774.753511
44364.104332
44078.916922
43814.961634
43675.673828
43423.972161
43012.404102
42735.981722
42330.084256
42123.880080
41747.002723
41420.281779
41129.408462
40750.678122
40361.456709
39904.211623
39590.811325
39363.003861
39061.986901
38758.079274
38313.323236
38104.448275
37825.468535
37655.960448
37273.536187
37075.813429
36871.100225
36573.187414
36192.219889
35924.355062
35721.360332
35515.576900
35205.605910
35003.954510
34801.382182
34556.619963
34443.106538
34279.450851
34082.562260
33891.007212
33632.536110
33331.671355
33204.389161
32979.546492
32739.710225
32372.385191
32171.166936
31847.299402
31583.517969
31336.668261
31181.520228
30916.198496
30707.310794
30573.769943
30366.701052
30090.782288
29948.361276
29740.935820
29509.664408
29201.561191
28996.439697
28868.782807
28608.332693
28354.608158
28146.236839
28007.467518
27760.013308
27527.120517
27303.270327
27076.078115
26818.467248
26628.612446
26326.973595
26109.365578
25805.094187
25525.112383
25254.219829
25019.838671
24819.983473
24571.292254
24346.493105
23989.026097
23631.815354
23388.985551
23105.596095
22901.392218
22619.851227
22318.202077
22087.373988
21852.661612
21552.522629
21355.651296
21053.586044
20707.466706
20391.733836
20168.903197
19797.557194
19496.815380
19230.567479
18945.761941
18706.128142
18485.676000
18201.695403
17971.733715
17584.074881
17299.012384
17061.322674
16766.842518
16533.058927
16212.509988
15928.263561
15713.014257
15390.750905
15098.637174
14866.047970
14649.811365
14406.693618
14127.652592
13848.797058
13596.378463
13393.038194
13146.345570
12932.091148
12738.471221
12505.177687
12328.500238
12087.294425
11829.425116
11598.263341
11385.793518
11170.009654
10977.521929
10743.860504
10542.795216
10349.296554
10172.752359
9967.898225
9716.493858
9494.782050
9297.070613
9102.341253
8886.188199
8692.443599
8492.998720
8313.950312
8105.123478
7901.149380
7688.135487
7514.298759
7364.769958
7207.904582
7005.467625
6808.615107
6624.286679
6432.264297
6288.642785
6106.946583
5967.085475
5792.181086
5667.097353
5510.630753
5349.070623
5191.164384
5057.502240
4897.982316
4764.962034
4641.745840
4519.903646
4404.188055
4272.795971
4181.938563
4098.962548
3977.239031
3859.137232
3765.087582
3644.469191
3517.209602
3372.779753
3269.055205
3147.613049
3039.226732
2936.651824
2826.548030
2727.230454
2630.056143
2534.000575
2434.314866
2357.370079
2280.170879
2214.455789
2143.473976
2063.360371
1994.261971
1921.630133
1870.561924
1810.641589
1747.148020
1712.023505
1656.888416
1618.718803
1560.636397
1512.193546
1453.435014
1391.440036
1349.053346
1315.098890
1274.699842
1230.541826
1177.269360
1149.324847
1107.125685
1055.907016
1025.081706
982.118545
957.090532
933.199206
883.938803
839.651260
801.817086
765.478621
726.844330
691.267790
668.244640
637.817137
619.730585
595.466718
567.485788
539.769490
521.572592
488.265610
465.308535
442.502930
429.504827
411.231933
390.228700
372.184284
348.730444
330.266085
318.735500
306.474352
289.236516
270.111773
261.132931
246.113223
235.666309
220.497960
210.426701
198.829382
186.006737
178.671578
167.104149
163.581145
153.345461
146.993902
139.294559
133.201845
124.564098
115.830046
110.823164
103.118663
100.375945
95.584537
90.600332
88.402796
84.765861
79.959218
77.821043
71.338540
68.404493
67.473519
63.726811
60.946794
57.168617
53.479647
51.267777
48.564707
42.709348
38.612343
34.962210
32.862404
28.122381
27.413635
25.141868
23.271637
21.082587
18.342131
18.371424
15.896579
15.653690
14.926901
14.160776
13.989087
12.240502
11.522346
10.197173
9.783366
9.700303
7.915718
7.186889
7.375264
6.674885
6.807193
6.917452
6.395522
5.984350
6.062530
5.766929
5.434335
5.452465
5.296234
5.978697
5.721101
5.790302
5.180274
4.664395
4.926256
3.643118
3.528382
3.241200
3.210696
2.898105
2.192239
1.496271
1.074791
1.081345
0.931539
0.789999
0.958167
0.659648
0.735009
0.710482
0.568219
1.087725
1.001080
1.097094
0.999171
0.943191
1.020166
0.873099
0.587784
0.819771
0.956900
0.772882
1.021004
1.312328
1.121801
0.774223
0.679684
0.394451
0.267667
0.302544
0.323158
0.250185
0.193985
0.095055
0.088870
0.000000
0.000000
0.000000
0.000000
0.000000
0.000000
0.000000
0.000000
0.000000
0.000000
0.000000
0.000000
0.000000
0.000000
0.000000
0.000000
0.000000
0.000000
0.000000
0.000000
0.000000
0.000000
0.000000
0.000000
0.000000
0.000000
0.000000
0.000000
0.000000
0.000000
0.000000
0.000000
0.000000
0.000000
0.000000
0.000000
0.000000
0.000000
0.000000
0.000000
0.000000
0.000000
0.000000
0.000000
0.000000
0.000000
0.000000
0.000000
0.000000
0.000000
0.000000
0.000000
0.000000
0.000000
0.000000
0.000000
0.000000
0.000000
0.000000
0.000000
0.000000
0.000000
0.000000
0.000000
0.000000
0.000000
0.000000
0.000000
0.000000
0.000000
0.000000
0.000000
0.000000
0.000000
0.000000
0.000000
0.000000
0.000000
0.000000
0.000000
0.000000
0.000000
0.000000
0.000000
0.000000
0.000000
0.000000
0.000000
0.000000
0.000000
0.000000
0.000000
0.000000
0.000000
0.000000
0.000000
0.000000
0.000000
0.000000
0.000000
0.000000
0.000000
0.000000
0.000000
0.000000
0.000000
0.000000
0.000000
0.000000
0.000000
0.000000
0.000000
0.000000
0.000000
0.000000
0.000000
0.000000
0.000000
0.000000
0.000000
0.000000
0.000000
0.000000
0.000000
0.000000
0.000000
0.000000
0.000000
0.000000
0.000000
0.000000
0.000000
0.000000
0.000000
0.000000
0.000000
0.000000
0.000000
0.000000
0.000000
0.000000
0.000000
0.000000
0.000000
0.000000
0.000000
0.000000
0.000000
0.000000
0.000000
0.000000
0.000000
0.000000
0.000000
0.000000
0.000000
0.000000
0.000000
0.000000
0.000000
0.000000
0.000000
0.000000
0.000000
0.000000
0.000000
0.000000
0.000000
0.000000
0.000000
0.000000
0.000000
0.000000
0.000000
0.000000
0.000000
0.000000
0.000000
0.000000
0.000000
0.000000
0.000000
0.000000
0.000000
0.000000
0.000000
0.000000
0.000000
0.000000
0.000000
0.000000
0.000000
0.000000
0.000000
0.000000
0.000000
0.000000
0.000000
0.000000
0.000000
0.000000
0.000000
0.000000
0.000000
0.000000
0.000000
0.000000
0.000000
0.000000
0.000000
0.000000
0.000000
0.000000
0.000000
0.000000
0.000000
0.000000
0.000000
0.000000
0.000000
0.000000
0.000000
0.000000
0.000000
0.000000
0.000000
0.000000
0.000000
0.000000
0.000000
0.000000
0.000000
0.000000
0.000000
0.000000
0.000000
0.000000
0.000000
0.000000
0.000000
0.000000
0.000000
0.000000
0.000000
0.000000
0.000000
0.000000
0.000000
0.000000
0.000000
0.000000
0.000000
0.000000
0.000000
0.000000
0.000000
0.000000
0.000000
0.000000
0.000000
0.000000
0.000000
0.000000
0.000000
0.000000
0.000000
0.000000
0.000000
0.000000
0.000000
0.000000
0.000000
0.000000
0.000000
0.000000
0.000000
0.000000
0.000000
0.000000
0.000000
0.000000
0.000000
0.000000
0.000000
0.000000
0.000000
0.000000
0.000000
0.000000
0.000000
0.000000
0.000000
0.000000
0.000000
0.000000
0.000000
0.000000
0.000000
0.000000
0.000000
0.000000
0.000000
0.000000
0.000000
0.000000
0.000000
0.000000
0.000000
0.000000
0.000000
0.000000
0.000000
0.000000
0.000000
0.000000
0.000000
0.000000
0.000000
0.000000
0.000000
0.000000
0.000000
0.000000
0.000000
0.000000
0.000000
0.000000
0.000000
0.000000
0.000000
0.000000
0.000000
0.000000
0.000000
0.000000
0.000000
0.000000
0.000000
0.000000
0.000000
0.000000
0.000000
0.000000
0.000000
0.000000
0.000000
0.000000
0.000000
0.000000
0.000000
0.000000
0.000000
0.000000
0.000000
0.000000
0.000000
0.000000
0.000000
0.000000
0.000000
0.000000
0.000000
0.000000
0.000000
0.000000
0.000000
0.000000
0.000000
0.000000
0.000000
0.000000
0.000000
0.000000
0.000000
0.000000
0.000000
0.000000
0.000000
0.000000
0.000000
0.000000
0.000000
0.000000
0.000000
0.000000
0.000000
0.000000
0.000000
0.000000
0.000000
0.000000
0.000000
0.000000
0.000000
0.000000
0.000000
0.000000
0.000000
0.000000
0.000000
0.000000
0.000000
0.000000
0.000000
0.000000
0.000000
0.000000
0.000000
0.000000
0.000000
0.000000
0.000000
0.000000
0.000000
0.000000
0.000000
0.000000
0.000000
0.000000
0.000000
0.000000
0.000000
0.000000
0.000000
0.000000
0.000000
0.000000
0.000000
0.000000
0.000000
0.000000
0.000000
0.000000
0.000000
0.000000
0.000000
0.000000
0.000000
0.000000
0.000000
0.000000
0.000000
0.000000
0.000000
0.000000
0.000000
0.000000
0.000000
0.000000
0.000000
0.000000
0.000000
0.000000
0.000000
0.000000
0.000000
0.000000
0.000000
0.000000
0.000000
0.000000
0.000000
0.000000
0.000000
0.000000
0.000000
0.000000
0.000000
0.000000
0.000000
0.000000
0.000000
0.000000
0.000000
0.000000
0.000000
0.000000
0.000000
0.000000
0.000000
0.000000
0.000000
0.000000
0.000000
0.000000
0.000000
0.000000
0.000000
0.000000
0.000000
0.000000
0.000000
0.000000
0.000000
0.000000
0.000000
0.000000
0.000000
0.000000
0.000000
0.000000
0.000000
0.000000
0.000000
0.000000
0.000000
0.000000
0.000000
0.000000
0.000000
0.000000
0.000000
0.000000
0.000000
0.000000
0.000000
0.000000
0.000000
0.000000
0.000000
0.000000
0.000000
0.000000
0.000000
0.000000
0.000000
0.000000
0.000000
0.000000
0.000000
0.000000
0.000000
0.000000
0.000000
