0.000000
0.000000
0.000000
0.000000
0.000000
0.022244
0.178617
0.759319
1.541738
3.733551
7.441213
14.253020
26.964967
41.800847
69.265225
106.260360
167.289026
254.545744
373.099056
516.006974
699.679900
941.258976
1245.336424
1612.985054
2067.150143
2604.061629
3279.810137
4038.322936
4905.997269
5936.770343
7111.840478
8403.325420
9841.185402
11399.396605
13158.960952
15022.170518
17013.141376
19125.785241
21368.385401
23709.820071
26163.129405
28718.552680
31383.985854
34121.634275
36921.645678
39819.797756
42669.476322
45560.379981
48523.225154
51475.034636
54418.679754
57375.539714
60360.732694
63197.115646
65993.751987
68797.284841
71578.172413
74257.190219
76889.296788
79440.674773
81805.040967
84228.533218
86462.851097
88595.472589
90661.511183
92603.091659
94444.785279
96195.293306
97797.600539
99229.786356
100558.197271
101767.501864
102995.059847
104053.303777
104922.960590
105770.357692
106537.070697
107258.976847
107769.467434
108310.260933
108598.158098
108724.334665
108927.370551
108978.069060
108935.345366
108809.089062
108610.889664
108341.807724
107979.018380
107554.848446
107115.901005
106519.657798
105896.907702
105256.624999
104552.121102
103840.597106
103088.970371
102250.412824
101327.306218
100343.546323
99370.468774
98381.647472
97424.903536
96357.874141
95339.664743
94253.705778
93114.607586
91958.100960
90728.673342
89561.406438
88323.043145
87156.896951
85923.064057
84766.834484
83422.508226
82142.293910
80870.535313
79634.948691
78365.174937
77029.985328
75747.408196
74374.060717
73026.366666
71707.439637
70437.231680
69149.174856
67853.529967
66551.170597
65214.206908
63966.318432
62654.636771
61446.517896
60187.654407
58930.173328
57692.777055
56445.941907
55202.080924
53904.141534
52667.362378
51454.748889
50225.007232
49087.587660
47944.488623
46760.082072
45590.361044
44510.975909
43398.548172
42269.189928
41214.841357
40115.826518
39092.005425
38085.765405
37122.409329
36143.438109
35172.543101
34239.841524
33285.031672
32371.516210
31492.447352
30569.437949
29681.456916
28820.672390
27982.244052
27125.269092
26362.758920
25555.284832
24794.126595
24073.170806
23370.831064
22665.567826
21952.100597
21276.622922
20597.154285
19914.708475
19281.258431
18681.199550
18051.470916
17447.569915
16845.232207
16261.012748
15701.530924
15167.233838
14651.057575
14165.248336
13688.280920
13196.154527
12719.079630
12266.052109
11803.531338
11360.830630
10938.939504
10538.832718
10151.534543
9756.757198
9393.946812
9032.687449
8679.372453
8341.960236
8015.698537
7696.711410
7387.691001
7092.178761
6811.897762
6533.296704
6264.092283
6000.283270
5751.067385
5495.934460
5262.691277
5045.406585
4824.290909
4619.915966
4409.942498
4219.001391
4039.325991
3862.729654
3697.214349
3523.819250
3365.155976
3206.555795
3053.642411
2910.505072
2766.883632
2631.198871
2510.808718
2395.283096
2282.552883
2176.743650
2071.538399
1967.490112
1871.505486
1776.678456
1692.333647
1607.678710
1527.693204
1442.310414
1368.823249
1299.179716
1227.016723
1164.745757
1103.918014
1045.946468
991.384347
936.620159
879.094899
832.002567
789.066730
747.130081
706.931997
663.293172
627.077855
588.838283
553.462510
525.321233
496.170231
469.794283
444.875436
417.383229
395.640957
370.360100
348.505624
329.301731
310.912400
291.697152
274.636566
258.866950
240.804545
225.230986
211.028156
199.854950
186.961323
175.300345
163.278421
153.077743
144.013661
134.288117
126.179605
118.202970
111.352981
102.290697
95.933624
88.764467
83.130355
77.380479
70.660865
66.191861
62.585129
58.954920
55.607596
52.395483
47.872147
44.256578
41.455312
38.373029
35.563425
33.537204
30.338682
27.566421
25.539739
22.743207
21.001658
19.605923
17.818596
16.171782
15.415994
14.940636
13.736065
12.732759
12.121902
11.168092
10.120068
9.375978
8.891745
8.146777
8.011377
7.567501
7.139206
6.798070
5.944295
5.496550
5.219547
4.707341
4.039540
3.608431
3.246167
3.124769
2.882713
2.731530
2.623358
2.398389
2.327423
2.102196
2.117309
2.020795
2.025421
1.885796
1.747695
1.706518
1.629616
1.490741
1.487849
1.378381
1.224539
1.055488
0.915962
0.882102
1.011420
0.944434
0.917492
0.897227
0.803407
0.729788
0.657625
0.569535
0.435104
0.365907
0.356856
0.402348
0.358411
0.434577
0.484463
0.389147
0.313846
0.379258
0.298799
0.332547
0.282939
0.325342
0.302613
0.236928
0.222030
0.168184
0.138607
0.107315
0.138173
0.123279
0.090585
0.066018
0.065023
0.055325
0.030448
0.004667
0.000000
0.000000
0.000000
0.000000
0.000000
0.000000
0.000000
0.000000
0.000000
0.000000
0.000000
0.000000
0.000000
0.000000
0.000000
0.000000
0.000000
0.000000
0.000000
0.000000
0.000000
0.000000
0.000000
0.000000
0.000000
0.000000
0.000000
0.000000
0.000000
0.000000
0.000000
0.000000
0.000000
0.000000
0.000000
0.000000
0.000000
0.000000
0.000000
0.000000
0.000000
0.000000
0.000000
0.000000
0.000000
0.000000
0.000000
0.000000
0.000000
0.000000
0.000000
0.000000
0.000000
0.000000
0.000000
0.000000
0.000000
0.000000
0.000000
0.000000
0.000000
0.000000
0.000000
0.000000
0.000000
0.000000
0.000000
0.000000
0.000000
0.000000
0.000000
0.000000
0.000000
0.000000
0.000000
0.000000
0.000000
0.000000
0.000000
0.000000
0.000000
0.000000
0.000000
0.000000
0.000000
0.000000
0.000000
0.000000
0.000000
0.000000
0.000000
0.000000
0.000000
0.000000
0.000000
0.000000
0.000000
0.000000
0.000000
0.000000
0.000000
0.000000
0.000000
0.000000
0.000000
0.000000
0.000000
0.000000
0.000000
0.000000
0.000000
0.000000
0.000000
0.000000
0.000000
0.000000
0.000000
0.000000
0.000000
0.000000
0.000000
0.000000
0.000000
0.000000
0.000000
0.000000
0.000000
0.000000
0.000000
0.000000
0.000000
0.000000
0.000000
0.000000
0.000000
0.000000
0.000000
0.000000
0.000000
0.000000
0.000000
0.000000
0.000000
0.000000
0.000000
0.000000
0.000000
0.000000
0.000000
0.000000
0.000000
0.000000
0.000000
0.000000
0.000000
0.000000
0.000000
0.000000
0.000000
0.000000
0.000000
0.000000
0.000000
0.000000
0.000000
0.000000
0.000000
0.000000
0.000000
0.000000
0.000000
0.000000
0.000000
0.000000
0.000000
0.000000
0.000000
0.000000
0.000000
0.000000
0.000000
0.000000
0.000000
0.000000
0.000000
0.000000
0.000000
0.000000
0.000000
0.000000
0.000000
0.000000
0.000000
0.000000
0.000000
0.000000
0.000000
0.000000
0.000000
0.000000
0.000000
0.000000
0.000000
0.000000
0.000000
0.000000
0.000000
0.000000
0.000000
0.000000
0.000000
0.000000
0.000000
0.000000
0.000000
0.000000
0.000000
0.000000
0.000000
0.000000
0.000000
0.000000
0.000000
0.000000
0.000000
0.000000
0.000000
0.000000
0.000000
0.000000
0.000000
0.000000
0.000000
0.000000
0.000000
0.000000
0.000000
0.000000
0.000000
0.000000
0.000000
0.000000
0.000000
0.000000
0.000000
0.000000
0.000000
0.000000
0.000000
0.000000
0.000000
0.000000
0.000000
0.000000
0.000000
0.000000
0.000000
0.000000
0.000000
0.000000
0.000000
0.000000
0.000000
0.000000
0.000000
0.000000
0.000000
0.000000
0.000000
0.000000
0.000000
0.000000
0.000000
0.000000
0.000000
0.000000
0.000000
0.000000
0.000000
0.000000
0.000000
0.000000
0.000000
0.000000
0.000000
0.000000
0.000000
0.000000
0.000000
0.000000
0.000000
0.000000
0.000000
0.000000
0.000000
0.000000
0.000000
0.000000
0.000000
0.000000
0.000000
0.000000
0.000000
0.000000
0.000000
0.000000
0.000000
0.000000
0.000000
0.000000
0.000000
0.000000
0.000000
0.000000
0.000000
0.000000
0.000000
0.000000
0.000000
0.000000
0.000000
0.000000
0.000000
0.000000
0.000000
0.000000
0.000000
0.000000
0.000000
0.000000
0.000000
0.000000
0.000000
0.000000
0.000000
0.000000
0.000000
0.000000
0.000000
0.000000
0.000000
0.000000
0.000000
0.000000
0.000000
0.000000
0.000000
0.000000
0.000000
0.000000
0.000000
0.000000
0.000000
0.000000
0.000000
0.000000
0.000000
0.000000
0.000000
0.000000
0.000000
0.000000
0.000000
0.000000
0.000000
0.000000
0.000000
0.000000
0.000000
0.000000
0.000000
0.000000
0.000000
0.000000
0.000000
0.000000
0.000000
0.000000
0.000000
0.000000
0.000000
0.000000
0.000000
0.000000
0.000000
0.000000
0.000000
0.000000
0.000000
0.000000
0.000000
0.000000
0.000000
0.000000
0.000000
0.000000
0.000000
0.000000
0.000000
0.000000
0.000000
0.000000
0.000000
0.000000
0.000000
0.000000
0.000000
0.000000
0.000000
0.000000
0.000000
0.000000
0.000000
0.000000
0.000000
0.000000
0.000000
0.000000
0.000000
0.000000
0.000000
0.000000
0.000000
0.000000
0.000000
0.000000
0.000000
0.000000
0.000000
0.000000
0.000000
0.000000
0.000000
0.000000
0.000000
0.000000
0.000000
0.000000
0.000000
0.000000
0.000000
0.000000
0.000000
0.000000
0.000000
0.000000
0.000000
0.000000
0.000000
0.000000
0.000000
0.000000
0.000000
0.000000
0.000000
0.000000
0.000000
0.000000
0.000000
0.000000
0.000000
0.000000
0.000000
0.000000
0.000000
0.000000
0.000000
0.000000
0.000000
0.000000
0.000000
0.000000
0.000000
0.000000
0.000000
0.000000
0.000000
0.000000
0.000000
0.000000
0.000000
0.000000
0.000000
0.000000
0.000000
0.000000
0.000000
0.000000
0.000000
0.000000
0.000000
0.000000
0.000000
0.000000
0.000000
0.000000
0.000000
0.000000
0.000000
0.000000
0.000000
0.000000
0.000000
0.000000
0.000000
0.000000
0.000000
0.000000
0.000000
0.000000
0.000000
0.000000
0.000000
0.000000
0.000000
0.000000
0.000000
0.000000
0.000000
0.000000
0.000000
0.000000
0.000000
0.000000
0.000000
0.000000
0.000000
0.000000
0.000000
0.000000
0.000000
0.000000
0.000000
0.000000
0.000000
0.000000
0.000000
0.000000
0.000000
0.000000
0.000000
0.000000
0.000000
0.000000
0.000000
0.000000
0.000000
0.000000
0.000000
0.000000
0.000000
0.000000
0.000000
0.000000
0.000000
0.000000
0.000000
0.000000
0.000000
0.000000
0.000000
0.000000
0.000000
0.000000
0.000000
0.000000
0.000000
0.000000
0.000000
0.000000
0.000000
0.000000
0.000000
0.000000
0.000000
0.000000
0.000000
0.000000
0.000000
0.000000
0.000000
0.000000
0.000000
0.000000
0.000000
0.000000
0.000000
0.000000
0.000000
0.000000
0.000000
0.000000
0.000000
0.000000
0.000000
0.000000
0.000000
0.000000
0.000000
0.000000
0.000000
0.000000
0.000000
0.000000
0.000000
0.000000
0.000000
0.000000
0.000000
0.000000
0.000000
0.000000
0.000000
0.000000
0.000000
0.000000
0.000000
0.000000
0.000000
