0.000000
0.000000
0.000000
0.000000
0.000000
0.000000
0.000000
0.000000
0.001471
0.014418
0.044839
0.050640
0.241964
0.408806
1.342120
2.757440
6.183723
13.649543
26.280793
51.899069
96.081254
169.469546
296.097285
490.165624
799.255400
1249.080471
1909.164319
2825.694805
4096.347502
5782.722388
7989.750899
10801.908446
14282.279399
18543.054820
23616.263774
29533.959967
36380.311066
44047.603891
52511.138252
61698.611900
71518.700531
81843.828042
92459.050436
103320.127622
114074.534232
124661.336061
134870.362715
144454.277791
153415.206906
161450.265598
168611.507443
174648.177902
179688.953521
183516.833924
186215.559765
187886.218135
188423.799624
188006.453238
186522.250989
184326.700362
181282.200476
177552.876556
173320.997201
168536.521114
163383.902405
157956.387756
152288.396926
146467.431961
140604.584437
134679.292886
128880.969042
123088.508146
117461.007615
111961.267208
106674.394941
101557.936551
96672.899499
92030.807657
87588.195572
83427.281980
79455.638338
75772.514762
72287.534731
69047.024764
66024.200616
63227.221709
60642.289544
58240.934658
56025.456135
54013.195630
52169.479893
50483.906622
48963.509614
47596.159908
46353.444435
45270.311320
44291.177532
43450.824337
42714.281555
42094.563172
41579.813227
41140.616715
40802.133828
40568.942946
40400.871372
40311.707470
40292.125596
40363.805421
40476.870852
40659.215979
40902.082894
41189.805985
41544.523968
41929.590269
42373.096836
42829.593976
43345.442171
43851.960012
44396.119278
44951.402751
45527.499971
46085.126445
46676.939585
47224.823479
47787.088154
48301.346815
48808.098756
49260.281333
49692.545722
50058.360143
50377.902066
50628.372560
50829.301450
50946.359661
50983.876330
50956.518957
50826.885614
50628.161256
50323.743520
49921.291915
49453.337698
48857.803500
48197.764674
47414.634726
46575.443897
45625.360356
44598.863549
43511.118541
42314.461459
41081.046260
39771.267428
38408.350299
37008.453698
35554.960439
34079.537488
32577.778960
31064.455950
29524.666202
27998.679278
26481.836533
24974.828695
23483.199630
22026.684362
20601.373593
19209.499840
17863.102889
16559.681540
15312.775222
14109.232338
12972.052501
11885.056448
10868.215336
9894.948947
8991.404424
8139.036764
7349.114208
6612.261195
5937.423650
5311.104469
4740.654625
4215.493778
3738.034320
3305.528005
2914.031485
2561.144272
2242.950377
1959.537233
1706.180149
1480.026149
1281.965697
1105.167459
951.871765
814.782073
698.171120
593.529484
504.637366
427.304242
360.808594
304.248235
254.915335
214.180242
177.932995
148.750986
122.925041
101.827075
83.496974
68.807014
56.272245
45.792505
37.514771
30.182843
24.561772
19.594202
15.967458
12.675941
10.179075
8.133542
6.440107
5.094182
4.057060
3.167727
2.514005
1.959854
1.533427
1.170609
0.874441
0.709696
0.487604
0.403318
0.285819
0.238709
0.164824
0.140789
0.092509
0.085199
0.053153
0.049984
0.026361
0.029022
0.017265
0.015599
0.011766
0.010126
0.004534
0.004322
0.002543
0.002950
0.000856
0.000436
0.001244
0.000282
0.000757
0.000387
0.000272
0.000986
0.000160
0.000331
0.000000
0.000199
0.000000
0.000000
0.000000
0.000000
0.000000
0.000000
0.000000
0.000000
0.000000
0.000000
0.000000
0.000000
0.000000
0.000000
0.000000
0.000000
0.000000
0.000000
0.000000
0.000000
0.000000
0.000000
0.000000
0.000000
0.000000
0.000000
0.000000
0.000000
0.000000
0.000000
0.000000
0.000000
0.000000
0.000000
0.000000
0.000000
0.000000
0.000000
0.000000
0.000000
0.000000
0.000000
0.000000
0.000000
0.000000
0.000000
0.000000
0.000000
0.000000
0.000000
0.000000
0.000000
0.000000
0.000000
0.000000
0.000000
0.000000
0.000000
0.000000
0.000000
0.000000
0.000000
0.000000
0.000000
0.000000
0.000000
0.000000
0.000000
0.000000
0.000000
0.000000
0.000000
0.000000
0.000000
0.000000
0.000000
0.000000
0.000000
0.000000
0.000000
0.000000
0.000000
0.000000
0.000000
0.000000
0.000000
0.000000
0.000000
0.000000
0.000000
0.000000
0.000000
0.000000
0.000000
0.000000
0.000000
0.000000
0.000000
0.000000
0.000000
0.000000
0.000000
0.000000
0.000000
0.000000
0.000000
0.000000
0.000000
0.000000
0.000000
0.000000
0.000000
0.000000
0.000000
0.000000
0.000000
0.000000
0.000000
0.000000
0.000000
0.000000
0.000000
0.000000
0.000000
0.000000
0.000000
0.000000
0.000000
0.000000
0.000000
0.000000
0.000000
0.000000
0.000000
0.000000
0.000000
0.000000
0.000000
0.000000
0.000000
0.000000
0.000000
0.000000
0.000000
0.000000
0.000000
0.000000
0.000000
0.000000
0.000000
0.000000
0.000000
0.000000
0.000000
0.000000
0.000000
0.000000
0.000000
0.000000
0.000000
0.000000
0.000000
0.000000
0.000000
0.000000
0.000000
0.000000
0.000000
0.000000
0.000000
0.000000
0.000000
0.000000
0.000000
0.000000
0.000000
0.000000
0.000000
0.000000
0.000000
0.000000
0.000000
0.000000
0.000000
0.000000
0.000000
0.000000
0.000000
0.000000
0.000000
0.000000
0.000000
0.000000
0.000000
0.000000
0.000000
0.000000
0.000000
0.000000
0.000000
0.000000
0.000000
0.000000
0.000000
0.000000
0.000000
0.000000
0.000000
0.000000
0.000000
0.000000
0.000000
0.000000
0.000000
0.000000
0.000000
0.000000
0.000000
0.000000
0.000000
0.000000
0.000000
0.000000
0.000000
0.000000
0.000000
0.000000
0.000000
0.000000
0.000000
0.000000
0.000000
0.000000
0.000000
0.000000
0.000000
0.000000
0.000000
0.000000
0.000000
0.000000
0.000000
