0.000000
0.000000
0.000000
0.000000
0.000000
0.000000
0.000000
0.000000
0.000000
0.000000
0.000000
0.000000
0.000000
0.000000
0.000000
0.000000
0.059508
0.064569
0.441376
0.756227
1.294604
2.810150
5.976252
11.105217
21.996000
39.146212
66.154497
105.354977
164.532120
254.416555
383.540748
569.447436
826.259276
1167.707224
1597.499795
2170.797260
2882.310455
3790.512855
4888.465668
6202.396862
7778.557806
9648.404445
11796.668521
14197.938586
16902.382056
19885.338458
23261.235357
26835.152995
30648.454370
34768.860495
39108.759114
43581.520473
48222.367059
52874.472289
57673.046357
62509.077629
67333.038462
72127.735355
76737.548090
81298.375674
85596.291557
89627.759610
93598.512242
97226.029388
100635.007800
103760.931297
106587.661394
109310.741996
111716.425025
113893.750207
115726.158731
117396.634655
118814.534427
120070.645237
120986.600483
121725.858545
122233.004648
122572.376359
122835.866891
122843.388454
122668.189882
122489.830030
122155.619887
121814.131016
121416.888735
120803.758861
120237.252851
119497.541160
118803.036717
117974.736373
117086.966041
116262.143776
115321.403010
114423.473870
113468.114796
112553.908014
111637.856247
110651.878870
109726.046231
108737.724988
107753.876525
106801.796119
105822.946873
104823.625019
103905.612575
102922.552575
101922.960573
100998.607132
100139.045275
99137.952255
98131.225425
97121.415266
96126.568513
95100.606347
94092.633255
93063.979490
91960.816716
90889.436748
89754.508889
88661.509203
87476.945591
86319.816328
85128.329086
83858.722393
82574.522180
81300.578538
79990.881191
78615.418575
77199.429170
75769.125388
74300.111442
72723.487707
71191.129777
69635.573746
68008.211406
66354.082576
64681.752430
62987.659867
61297.812506
59566.015599
57806.551698
56045.542751
54292.925409
52500.762711
50702.719431
48953.681325
47148.690135
45368.914563
43609.829878
41859.962430
40117.352236
38405.441615
36698.848745
35042.176086
33425.947709
31829.212156
30265.116532
28749.402319
27242.024325
25804.049451
24392.465625
23040.828256
21719.465387
20437.502187
19220.547068
18026.021243
16874.393770
15779.703053
14726.443032
13727.447471
12768.639872
11872.111713
11023.859677
10216.692911
9459.682325
8749.647149
8065.193782
7431.717464
6828.270942
6267.269075
5735.121433
5242.176492
4783.145441
4356.281345
3962.650312
3597.622593
3260.146018
2946.514144
2661.885101
2400.055526
2163.599401
1945.578270
1747.075967
1562.289759
1399.622901
1249.269861
1113.904829
988.036416
875.452320
774.526101
684.639349
607.675024
536.478738
471.716234
414.001460
363.766052
316.663572
275.852628
241.625279
211.620682
183.842579
158.162460
135.994416
117.999625
101.196455
86.580961
74.202274
63.737786
54.181468
45.995400
39.022360
33.337250
28.325347
23.960963
20.889915
17.725725
14.763598
12.258741
10.279919
8.567083
7.167008
5.983923
4.934147
4.104959
3.315567
2.799286
2.189270
1.847621
1.479300
1.307842
1.194147
0.979755
0.817510
0.629184
0.504339
0.378756
0.323747
0.243670
0.193073
0.174952
0.141382
0.085757
0.075970
0.060549
0.030952
0.010116
0.006953
0.001971
0.004399
0.001294
0.000041
0.002154
0.000000
0.000000
0.000000
0.000000
0.000000
0.000000
0.000000
0.000000
0.000000
0.000000
0.000000
0.000000
0.000000
0.000000
0.000000
0.000000
0.000000
0.000000
0.000000
0.000000
0.000000
0.000000
0.000000
0.000000
0.000000
0.000000
0.000000
0.000000
0.000000
0.000000
0.000000
0.000000
0.000000
0.000000
0.000000
0.000000
0.000000
0.000000
0.000000
0.000000
0.000000
0.000000
0.000000
0.000000
0.000000
0.000000
0.000000
0.000000
0.000000
0.000000
0.000000
0.000000
0.000000
0.000000
0.000000
0.000000
0.000000
0.000000
0.000000
0.000000
0.000000
0.000000
0.000000
0.000000
0.000000
0.000000
0.000000
0.000000
0.000000
0.000000
0.000000
0.000000
0.000000
0.000000
0.000000
0.000000
0.000000
0.000000
0.000000
0.000000
0.000000
0.000000
0.000000
0.000000
0.000000
0.000000
0.000000
0.000000
0.000000
0.000000
0.000000
0.000000
0.000000
0.000000
0.000000
0.000000
0.000000
0.000000
0.000000
0.000000
0.000000
0.000000
0.000000
0.000000
0.000000
0.000000
0.000000
0.000000
0.000000
0.000000
0.000000
0.000000
0.000000
0.000000
0.000000
0.000000
0.000000
0.000000
0.000000
0.000000
0.000000
0.000000
0.000000
0.000000
0.000000
0.000000
0.000000
0.000000
0.000000
0.000000
0.000000
0.000000
0.000000
0.000000
0.000000
0.000000
0.000000
0.000000
0.000000
0.000000
0.000000
0.000000
0.000000
0.000000
0.000000
0.000000
0.000000
0.000000
0.000000
0.000000
0.000000
0.000000
0.000000
0.000000
0.000000
0.000000
0.000000
0.000000
0.000000
0.000000
0.000000
0.000000
0.000000
0.000000
0.000000
0.000000
0.000000
0.000000
0.000000
0.000000
0.000000
0.000000
0.000000
0.000000
0.000000
0.000000
0.000000
0.000000
0.000000
0.000000
0.000000
0.000000
0.000000
0.000000
0.000000
0.000000
0.000000
0.000000
0.000000
0.000000
0.000000
0.000000
0.000000
0.000000
0.000000
0.000000
0.000000
0.000000
0.000000
0.000000
0.000000
0.000000
0.000000
0.000000
0.000000
0.000000
0.000000
0.000000
0.000000
0.000000
0.000000
0.000000
0.000000
0.000000
0.000000
0.000000
0.000000
0.000000
0.000000
0.000000
0.000000
0.000000
0.000000
0.000000
0.000000
0.000000
0.000000
0.000000
0.000000
0.000000
0.000000
0.000000
0.000000
0.000000
0.000000
0.000000
0.000000
0.000000
0.000000
