0.000000
0.000000
0.000000
0.000000
0.000000
0.000000
0.000000
0.000815
0.033488
0.063591
0.090165
0.196458
0.399236
0.968500
2.020475
3.545594
6.066652
9.883008
15.518902
24.071164
36.669123
54.654193
80.302501
115.800389
163.780027
228.644157
310.186939
414.794886
550.406934
725.179032
938.177882
1200.858040
1518.177270
1899.168129
2357.430073
2894.603769
3534.167930
4262.932407
5103.339034
6055.165071
7141.652335
8352.928425
9716.482984
11223.705808
12877.447160
14674.056977
16623.025496
18749.063048
21031.378604
23466.156735
26064.322420
28816.315156
31740.408849
34801.345346
38014.182142
41357.861113
44789.630753
48308.374864
51968.574018
55691.459431
59512.062839
63379.114736
67288.108539
71221.762610
75175.459639
79104.934520
83043.481578
86949.285636
90829.608869
94642.783323
98369.896438
102017.307157
105534.276949
108952.541104
112238.814798
115385.675162
118378.617481
121231.813404
123962.633951
126507.266078
128837.993738
131001.950019
132994.173767
134760.133113
136375.840662
137806.228162
139027.066159
140062.447915
140901.891190
141530.655440
141974.329229
142225.733464
142300.308824
142175.762912
141888.984889
141436.185929
140805.610928
140044.686315
139106.325239
138029.852554
136830.713726
135470.324335
133989.732800
132400.630969
130719.348088
128906.800964
127003.382158
125022.239064
122941.901648
120771.938786
118563.208212
116285.450421
113950.905813
111548.177083
109112.679014
106661.449231
104171.695082
101648.187556
99120.259879
96568.036193
94017.350869
91440.657695
88866.968566
86298.616740
83737.781018
81212.881951
78688.975246
76201.240385
73734.479531
71296.794269
68901.748170
66539.664520
64233.273606
61949.613124
59718.558910
57517.383001
55360.272832
53255.405210
51187.361381
49176.047453
47222.271713
45324.264024
43473.743558
41675.749475
39930.738621
38235.214251
36581.535316
35000.142075
33452.904213
31958.138729
30522.171079
29130.637060
27781.799052
26484.391693
25217.392508
24000.697921
22828.982221
21712.189769
20638.783965
19594.253687
18602.660358
17655.968844
16743.194345
15872.331588
15036.250004
14240.929393
13486.200636
12754.372085
12060.498238
11399.384245
10761.938546
10152.361069
9573.838724
9027.058998
8506.247232
8011.785316
7545.349251
7099.821619
6679.635391
6273.166539
5890.838452
5529.716307
5184.060578
4859.071574
4553.544067
4264.903367
3993.810498
3738.735312
3498.074184
3272.147280
3058.315292
2854.333857
2665.280557
2484.486038
2317.121367
2160.828947
2015.754498
1878.617359
1749.448263
1627.371843
1512.935824
1406.460778
1306.638516
1214.333558
1126.752650
1045.254760
968.829486
898.337174
833.710530
772.798214
715.807906
662.635326
612.412424
566.417588
524.422420
484.679331
447.961568
414.171339
382.675580
352.912529
325.218874
300.581511
277.419026
255.759112
234.394900
215.529517
198.043747
182.444315
168.232871
155.006213
142.918013
131.386682
119.862522
109.804077
101.121271
93.592846
85.800017
78.382266
71.718106
65.396891
59.762735
54.742981
49.445091
45.161240
41.185270
37.195683
33.696909
30.564226
27.895809
25.493316
23.228223
21.038733
19.132903
17.292442
15.722861
14.052183
12.817641
11.673156
10.581168
9.548717
8.618524
7.776577
6.942907
6.282066
5.665416
5.167084
4.649870
4.153042
3.738744
3.287074
2.950661
2.616048
2.362067
2.094884
1.924881
1.728160
1.583015
1.401474
1.224769
1.063652
0.935417
0.844738
0.742349
0.622235
0.579476
0.489855
0.439653
0.350770
0.304686
0.256989
0.197254
0.172562
0.125984
0.114561
0.103742
0.100172
0.093034
0.080806
0.063249
0.046686
0.039223
0.038034
0.026990
0.029632
0.027856
0.020935
0.016885
0.010096
0.011913
0.007408
0.007101
0.003499
0.002733
0.003062
0.002908
0.001329
0.000480
0.000592
0.000873
0.000727
0.000136
0.000000
0.000000
0.000000
0.000000
0.000000
0.000000
0.000000
0.000000
0.000000
0.000000
0.000000
0.000000
0.000000
0.000000
0.000000
0.000000
0.000000
0.000000
0.000000
0.000000
0.000000
0.000000
0.000000
0.000000
0.000000
0.000000
0.000000
0.000000
0.000000
0.000000
0.000000
0.000000
0.000000
0.000000
0.000000
0.000000
0.000000
0.000000
0.000000
0.000000
0.000000
0.000000
0.000000
0.000000
0.000000
0.000000
0.000000
0.000000
0.000000
0.000000
0.000000
0.000000
0.000000
0.000000
0.000000
0.000000
0.000000
0.000000
0.000000
0.000000
0.000000
0.000000
0.000000
0.000000
0.000000
0.000000
0.000000
0.000000
0.000000
0.000000
0.000000
0.000000
0.000000
0.000000
0.000000
0.000000
0.000000
0.000000
0.000000
0.000000
0.000000
0.000000
0.000000
0.000000
0.000000
0.000000
0.000000
0.000000
0.000000
0.000000
0.000000
0.000000
0.000000
0.000000
0.000000
0.000000
0.000000
0.000000
0.000000
0.000000
0.000000
0.000000
0.000000
0.000000
0.000000
0.000000
0.000000
0.000000
0.000000
0.000000
0.000000
0.000000
0.000000
0.000000
0.000000
0.000000
0.000000
0.000000
0.000000
0.000000
0.000000
0.000000
0.000000
0.000000
0.000000
0.000000
0.000000
0.000000
0.000000
0.000000
0.000000
0.000000
0.000000
0.000000
0.000000
0.000000
0.000000
0.000000
0.000000
0.000000
0.000000
0.000000
0.000000
0.000000
0.000000
0.000000
0.000000
0.000000
0.000000
0.000000
0.000000
0.000000
0.000000
0.000000
0.000000
0.000000
0.000000
0.000000
0.000000
0.000000
0.000000
0.000000
0.000000
0.000000
0.000000
0.000000
0.000000
0.000000
0.000000
0.000000
0.000000
0.000000
0.000000
0.000000
0.000000
0.000000
0.000000
0.000000
0.000000
0.000000
0.000000
0.000000
0.000000
0.000000
0.000000
0.000000
0.000000
0.000000
0.000000
0.000000
0.000000
0.000000
0.000000
0.000000
0.000000
0.000000
0.000000
0.000000
0.000000
0.000000
0.000000
0.000000
0.000000
0.000000
0.000000
0.000000
0.000000
0.000000
0.000000
0.000000
0.000000
0.000000
0.000000
0.000000
0.000000
0.000000
0.000000
0.000000
0.000000
0.000000
0.000000
0.000000
0.000000
0.000000
0.000000
0.000000
0.000000
0.000000
0.000000
0.000000
0.000000
0.000000
0.000000
0.000000
0.000000
0.000000
0.000000
0.000000
0.000000
0.000000
0.000000
0.000000
0.000000
0.000000
0.000000
0.000000
0.000000
0.000000
0.000000
0.000000
0.000000
0.000000
0.000000
0.000000
0.000000
0.000000
0.000000
0.000000
0.000000
0.000000
0.000000
0.000000
0.000000
0.000000
0.000000
0.000000
0.000000
0.000000
0.000000
0.000000
0.000000
0.000000
0.000000
0.000000
0.000000
0.000000
0.000000
0.000000
0.000000
0.000000
0.000000
0.000000
0.000000
0.000000
0.000000
0.000000
0.000000
0.000000
0.000000
0.000000
0.000000
0.000000
0.000000
0.000000
0.000000
0.000000
0.000000
0.000000
0.000000
0.000000
0.000000
0.000000
0.000000
0.000000
0.000000
0.000000
0.000000
0.000000
0.000000
0.000000
0.000000
0.000000
0.000000
0.000000
0.000000
0.000000
0.000000
0.000000
0.000000
0.000000
0.000000
0.000000
0.000000
0.000000
0.000000
0.000000
0.000000
0.000000
0.000000
0.000000
0.000000
0.000000
0.000000
0.000000
0.000000
0.000000
0.000000
0.000000
0.000000
0.000000
0.000000
0.000000
0.000000
0.000000
0.000000
0.000000
0.000000
0.000000
0.000000
0.000000
0.000000
0.000000
0.000000
0.000000
0.000000
0.000000
0.000000
0.000000
0.000000
0.000000
0.000000
0.000000
0.000000
0.000000
0.000000
0.000000
0.000000
0.000000
0.000000
0.000000
0.000000
0.000000
0.000000
0.000000
0.000000
0.000000
0.000000
0.000000
0.000000
0.000000
0.000000
0.000000
0.000000
0.000000
0.000000
0.000000
0.000000
0.000000
0.000000
0.000000
0.000000
0.000000
0.000000
0.000000
0.000000
0.000000
0.000000
0.000000
0.000000
0.000000
0.000000
0.000000
0.000000
0.000000
0.000000
0.000000
0.000000
0.000000
0.000000
0.000000
0.000000
0.000000
0.000000
0.000000
0.000000
0.000000
0.000000
0.000000
0.000000
0.000000
0.000000
0.000000
0.000000
0.000000
0.000000
0.000000
0.000000
0.000000
0.000000
0.000000
0.000000
0.000000
0.000000
0.000000
0.000000
0.000000
0.000000
0.000000
0.000000
0.000000
0.000000
0.000000
0.000000
0.000000
0.000000
0.000000
0.000000
0.000000
0.000000
0.000000
0.000000
0.000000
0.000000
0.000000
0.000000
0.000000
0.000000
0.000000
0.000000
0.000000
0.000000
0.000000
0.000000
0.000000
0.000000
0.000000
0.000000
0.000000
0.000000
0.000000
0.000000
0.000000
0.000000
0.000000
0.000000
0.000000
0.000000
0.000000
0.000000
0.000000
0.000000
0.000000
0.000000
0.000000
0.000000
0.000000
0.000000
0.000000
0.000000
0.000000
0.000000
0.000000
0.000000
0.000000
0.000000
0.000000
0.000000
0.000000
0.000000
0.000000
0.000000
0.000000
0.000000
0.000000
0.000000
0.000000
0.000000
0.000000
0.000000
0.000000
0.000000
0.000000
0.000000
0.000000
0.000000
0.000000
0.000000
0.000000
0.000000
0.000000
0.000000
0.000000
0.000000
0.000000
0.000000
0.000000
0.000000
0.000000
0.000000
0.000000
0.000000
0.000000
0.000000
0.000000
0.000000
0.000000
0.000000
0.000000
0.000000
0.000000
0.000000
0.000000
0.000000
0.000000
0.000000
0.000000
0.000000
0.000000
0.000000
0.000000
0.000000
0.000000
0.000000
0.000000
0.000000
0.000000
0.000000
0.000000
0.000000
0.000000
0.000000
0.000000
0.000000
0.000000
0.000000
0.000000
0.000000
0.000000
0.000000
0.000000
0.000000
0.000000
0.000000
0.000000
0.000000
0.000000
0.000000
0.000000
0.000000
0.000000
0.000000
0.000000
0.000000
0.000000
0.000000
0.000000
0.000000
0.000000
0.000000
0.000000
0.000000
0.000000
0.000000
0.000000
0.000000
0.000000
0.000000
0.000000
0.000000
0.000000
0.000000
0.000000
0.000000
0.000000
0.000000
0.000000
0.000000
0.000000
0.000000
0.000000
0.000000
0.000000
0.000000
0.000000
0.000000
0.000000
0.000000
0.000000
0.000000
0.000000
0.000000
0.000000
0.000000
0.000000
0.000000
0.000000
0.000000
0.000000
0.000000
0.000000
0.000000
0.000000
0.000000
0.000000
0.000000
0.000000
0.000000
0.000000
0.000000
0.000000
0.000000
0.000000
0.000000
0.000000
0.000000
0.000000
0.000000
0.000000
0.000000
0.000000
0.000000
0.000000
0.000000
0.000000
0.000000
0.000000
0.000000
0.000000
0.000000
0.000000
0.000000
0.000000
0.000000
0.000000
0.000000
0.000000
0.000000
0.000000
0.000000
0.000000
0.000000
0.000000
0.000000
0.000000
0.000000
0.000000
0.000000
0.000000
0.000000
0.000000
