0.000000
15.951659
33.994186
128.774702
314.168835
645.494206
1268.370604
2360.604300
3917.718136
6034.544149
8882.939785
12520.183618
16873.677805
21897.468436
27507.882063
33866.620054
40468.435861
47186.948488
53573.428224
60238.002232
67122.231227
73266.158728
79148.321298
84756.704625
90154.639826
94875.545788
99245.069704
102634.540155
105376.366157
107070.267482
108687.340306
109893.326594
109990.890789
110072.118212
109863.636175
109386.106545
109161.155630
108142.782835
107187.013924
105893.411948
104477.943848
102766.878302
100962.865340
98947.657326
97058.135250
95009.246697
92909.060929
90882.599434
88971.835940
86465.620908
84434.378075
82332.993586
80250.076975
78648.726851
76890.019518
74829.759015
73136.300538
71362.721467
70045.624389
68426.228388
67037.345264
65629.359951
63915.197481
62487.625323
61173.093090
59998.283701
58834.951155
57406.345278
56126.682307
54961.762155
53949.846445
52776.927557
51687.630736
50587.436414
49512.111955
48292.796491
47360.222724
46678.482143
45991.437854
45118.775592
44350.115882
43726.212044
43071.438258
42272.033949
41655.799660
40980.093184
40478.527088
39870.096792
39452.065539
38883.695697
38375.834288
38126.218582
37710.557823
37279.184242
36891.077168
36388.755220
36055.397231
35597.524580
35221.263627
34773.187136
34404.473473
34213.473617
33873.719563
33492.009128
33265.486131
33051.500294
32828.730869
32476.847714
32224.180349
31997.115939
31771.409436
31589.543182
31331.088594
31077.126862
30985.746484
30706.288205
30507.694605
30276.741087
30091.363471
29935.745820
29845.417625
29712.963052
29620.215896
29407.161379
29220.737357
29059.560052
28928.523805
28901.422539
28740.650537
28681.714005
28555.581908
28421.431325
28343.886100
28108.716267
28030.686266
27957.555893
27851.951840
27697.621359
27625.409171
27418.617129
27274.083342
27125.363289
27008.576567
26888.685433
26870.674992
26721.669927
26627.303862
26567.571912
26454.495445
26477.238398
26369.125372
26365.689048
26336.445870
26274.510787
26068.017178
26001.687091
25995.633293
25902.805431
25796.664453
25775.062360
25714.253111
25814.132639
25698.895315
25627.941298
25574.431437
25526.956544
25471.101341
25315.888363
25197.185032
25054.271763
24983.772536
24870.561377
24701.142452
24671.648361
24609.616580
24506.584872
24393.930588
24308.515635
24216.688727
24137.111270
24050.376963
23965.821547
23981.685391
23816.446699
23615.803331
23458.097067
23323.423271
23219.072842
23077.480152
22925.292772
22824.999823
22752.338530
22644.973266
22470.494155
22359.463205
22297.158719
22248.091993
22092.011639
21938.433809
21761.901344
21676.025962
21464.787393
21381.627062
21158.949964
20997.783896
20826.944619
20663.558800
20476.904111
20315.793531
20182.891043
19954.582224
19725.603092
19539.747089
19340.085891
19109.495610
18859.734511
18627.623365
18531.028419
18390.316591
18139.617593
17965.994092
17864.195220
17648.609612
17435.490884
17238.808525
17104.312770
16960.868192
16777.246458
16604.962141
16347.556043
16165.103934
15982.983381
15777.153651
15584.855294
15369.718561
15214.544689
15065.880717
14913.185500
14683.024910
14455.514513
14236.483896
14037.338216
13878.956734
13711.514066
13500.462807
13309.144376
13116.157167
12852.648683
12622.585460
12434.324409
12205.570030
12022.461826
11765.319214
11568.489873
11426.622347
11232.274497
11031.400826
10791.354406
10638.829247
10436.364280
10277.488207
10113.141529
9902.507254
9709.013600
9492.966289
9349.692310
9147.588369
8930.757006
8716.795954
8559.617018
8410.476715
8233.832916
8072.729108
7884.104598
7737.052571
7552.613500
7384.421939
7240.174084
7081.404829
6894.879007
6768.927669
6571.073021
6423.084433
6271.231474
6132.719174
6008.839745
5873.299716
5720.736674
5577.818994
5439.021526
5277.081509
5180.772139
5081.895227
4945.153635
4813.453502
4683.824243
4561.133730
4428.042408
4304.086921
4211.732649
4113.627387
3996.381376
3888.894710
3796.559521
3690.120198
3582.166330
3443.095252
3309.721509
3213.418224
3118.556006
3034.802437
2949.146544
2854.205113
2771.405514
2681.543735
2598.806425
2527.285867
2459.061842
2395.802381
2313.458946
2252.881850
2179.878332
2113.241817
2055.222484
1979.410654
1899.466099
1831.877542
1767.928283
1688.301971
1632.250613
1605.922625
1539.024326
1479.108413
1412.555961
1373.173359
1324.934860
1280.282318
1229.458699
1189.869926
1137.717421
1093.000005
1048.608798
1011.626452
967.109072
931.696575
877.319671
842.151033
812.973779
774.313506
737.662191
702.979681
681.800286
645.824600
617.079710
590.838805
560.802667
538.487319
518.357077
492.130154
476.133961
458.244901
432.966710
412.681431
392.681763
374.596206
352.435572
342.160211
327.674793
315.639875
295.408661
287.287579
279.040988
268.600245
255.857418
244.521080
228.372491
221.241646
213.714840
199.694155
187.988070
183.937324
174.357307
165.646000
157.298117
151.175855
141.139354
132.968090
125.859584
119.545920
112.582682
107.413848
106.194326
103.490746
97.038891
91.018340
88.683518
83.529154
77.745177
72.576297
68.881818
63.440885
59.356528
58.307791
57.090765
52.047270
49.647525
47.650156
43.305195
43.152983
41.320973
40.717819
40.274902
39.253938
35.806502
33.124886
30.754893
29.251580
27.425122
24.664873
22.647137
20.828953
18.247355
20.656383
18.007368
16.892315
15.607153
13.862563
12.273753
11.010056
8.693309
7.784513
7.755016
8.124387
8.316038
6.477025
5.286707
4.946202
4.797695
4.422402
4.720056
5.524580
4.889718
4.459035
3.860062
3.831492
3.435330
2.900591
2.453259
2.055107
1.719513
1.796338
1.571624
0.914427
0.719272
0.779672
0.445022
0.322642
0.300421
0.354992
0.365279
0.179699
0.217014
0.133271
0.080120
0.076941
0.062499
0.038921
0.086465
0.058823
0.148974
0.096941
0.145857
0.122766
0.150797
0.074609
0.118463
0.078405
0.092187
0.135859
0.206496
0.203992
0.061854
0.191187
0.128145
0.097339
0.078277
0.029454
0.005705
0.000000
0.000000
0.000000
0.000000
0.000000
0.000000
0.000000
0.000000
0.000000
0.000000
0.000000
0.000000
0.000000
0.000000
0.000000
0.000000
0.000000
0.000000
0.000000
0.000000
0.000000
0.000000
0.000000
0.000000
0.000000
0.000000
0.000000
0.000000
0.000000
0.000000
0.000000
0.000000
0.000000
0.000000
0.000000
0.000000
0.000000
0.000000
0.000000
0.000000
0.000000
0.000000
0.000000
0.000000
0.000000
0.000000
0.000000
0.000000
0.000000
0.000000
0.000000
0.000000
0.000000
0.000000
0.000000
0.000000
0.000000
0.000000
0.000000
0.000000
0.000000
0.000000
0.000000
0.000000
0.000000
0.000000
0.000000
0.000000
0.000000
0.000000
0.000000
0.000000
0.000000
0.000000
0.000000
0.000000
0.000000
0.000000
0.000000
0.000000
0.000000
0.000000
0.000000
0.000000
0.000000
0.000000
0.000000
0.000000
0.000000
0.000000
0.000000
0.000000
0.000000
0.000000
0.000000
0.000000
0.000000
0.000000
0.000000
0.000000
0.000000
0.000000
0.000000
0.000000
0.000000
0.000000
0.000000
0.000000
0.000000
0.000000
0.000000
0.000000
0.000000
0.000000
0.000000
0.000000
0.000000
0.000000
0.000000
0.000000
0.000000
0.000000
0.000000
0.000000
0.000000
0.000000
0.000000
0.000000
0.000000
0.000000
0.000000
0.000000
0.000000
0.000000
0.000000
0.000000
0.000000
0.000000
0.000000
0.000000
0.000000
0.000000
0.000000
0.000000
0.000000
0.000000
0.000000
0.000000
0.000000
0.000000
0.000000
0.000000
0.000000
0.000000
0.000000
0.000000
0.000000
0.000000
0.000000
0.000000
0.000000
0.000000
0.000000
0.000000
0.000000
0.000000
0.000000
0.000000
0.000000
0.000000
0.000000
0.000000
0.000000
0.000000
0.000000
0.000000
0.000000
0.000000
0.000000
0.000000
0.000000
0.000000
0.000000
0.000000
0.000000
0.000000
0.000000
0.000000
0.000000
0.000000
0.000000
0.000000
0.000000
0.000000
0.000000
0.000000
0.000000
0.000000
0.000000
0.000000
0.000000
0.000000
0.000000
0.000000
0.000000
0.000000
0.000000
0.000000
0.000000
0.000000
0.000000
0.000000
0.000000
0.000000
0.000000
0.000000
0.000000
0.000000
0.000000
0.000000
0.000000
0.000000
0.000000
0.000000
0.000000
0.000000
0.000000
0.000000
0.000000
0.000000
0.000000
0.000000
0.000000
0.000000
0.000000
0.000000
0.000000
0.000000
0.000000
0.000000
0.000000
0.000000
0.000000
0.000000
0.000000
0.000000
0.000000
0.000000
0.000000
0.000000
0.000000
0.000000
0.000000
0.000000
0.000000
0.000000
0.000000
0.000000
0.000000
0.000000
0.000000
0.000000
0.000000
0.000000
0.000000
0.000000
0.000000
0.000000
0.000000
0.000000
0.000000
0.000000
0.000000
0.000000
0.000000
0.000000
0.000000
0.000000
0.000000
0.000000
0.000000
0.000000
0.000000
0.000000
0.000000
0.000000
0.000000
0.000000
0.000000
0.000000
0.000000
0.000000
0.000000
0.000000
0.000000
0.000000
0.000000
0.000000
0.000000
0.000000
0.000000
0.000000
0.000000
0.000000
0.000000
0.000000
0.000000
0.000000
0.000000
0.000000
0.000000
0.000000
0.000000
0.000000
0.000000
0.000000
0.000000
0.000000
0.000000
0.000000
0.000000
0.000000
0.000000
0.000000
0.000000
0.000000
0.000000
0.000000
0.000000
0.000000
0.000000
0.000000
0.000000
0.000000
0.000000
0.000000
0.000000
0.000000
0.000000
0.000000
0.000000
0.000000
0.000000
0.000000
0.000000
0.000000
0.000000
0.000000
0.000000
0.000000
0.000000
0.000000
0.000000
0.000000
0.000000
0.000000
0.000000
0.000000
0.000000
0.000000
0.000000
0.000000
0.000000
0.000000
0.000000
0.000000
0.000000
0.000000
0.000000
0.000000
0.000000
0.000000
0.000000
0.000000
0.000000
0.000000
0.000000
0.000000
0.000000
0.000000
0.000000
0.000000
0.000000
0.000000
0.000000
0.000000
0.000000
0.000000
0.000000
0.000000
0.000000
0.000000
0.000000
0.000000
0.000000
0.000000
0.000000
0.000000
0.000000
0.000000
0.000000
0.000000
0.000000
0.000000
0.000000
0.000000
0.000000
0.000000
0.000000
0.000000
0.000000
0.000000
0.000000
0.000000
0.000000
0.000000
0.000000
0.000000
0.000000
0.000000
0.000000
0.000000
0.000000
0.000000
0.000000
0.000000
0.000000
0.000000
0.000000
0.000000
0.000000
0.000000
0.000000
0.000000
0.000000
0.000000
0.000000
0.000000
0.000000
0.000000
0.000000
0.000000
0.000000
0.000000
0.000000
0.000000
0.000000
0.000000
0.000000
0.000000
0.000000
0.000000
0.000000
0.000000
0.000000
0.000000
0.000000
0.000000
0.000000
0.000000
0.000000
0.000000
0.000000
0.000000
0.000000
0.000000
0.000000
0.000000
0.000000
0.000000
0.000000
0.000000
0.000000
0.000000
0.000000
0.000000
0.000000
0.000000
0.000000
0.000000
0.000000
0.000000
0.000000
0.000000
0.000000
0.000000
0.000000
0.000000
0.000000
0.000000
0.000000
0.000000
0.000000
0.000000
0.000000
0.000000
0.000000
0.000000
0.000000
0.000000
0.000000
0.000000
0.000000
0.000000
0.000000
0.000000
0.000000
0.000000
0.000000
0.000000
0.000000
0.000000
0.000000
