0.000000
0.000000
0.000000
0.000000
0.000000
0.000000
0.000000
0.000000
0.000000
0.010532
0.032384
0.079608
0.208559
0.409465
0.958267
1.831856
3.441048
6.122886
10.654839
17.539570
28.961863
45.640769
71.314332
108.622029
160.376538
234.474286
333.716474
467.949268
644.557843
861.616837
1129.477718
1469.558958
1890.033168
2390.676269
2983.634193
3692.072374
4515.762244
5465.554537
6549.413960
7775.099094
9157.969091
10701.976356
12399.319091
14278.194958
16336.292286
18561.801734
20940.119563
23486.212305
26179.061221
29039.703348
32042.009945
35178.335976
38432.043289
41815.824412
45295.829553
48881.171909
52513.139815
56187.367565
59945.546309
63694.161784
67452.424924
71198.818451
74942.888881
78663.114781
82332.113147
85951.688397
89483.651024
92950.597041
96317.859067
99616.954863
102812.431020
105872.524019
108775.658744
111577.775296
114218.932172
116725.112560
119061.767162
121250.038980
123319.194349
125170.251272
126880.712674
128397.210415
129713.502014
130872.916346
131898.829741
132659.169631
133297.465313
133780.445049
134104.498510
134281.155266
134314.788282
134196.786330
133935.657512
133518.792831
132946.384697
132251.089290
131449.421377
130518.019162
129467.506093
128295.224652
127056.508831
125705.521164
124293.902931
122768.045727
121154.060305
119456.658092
117715.269520
115920.340072
114054.391838
112145.804215
110197.835058
108183.218061
106187.924525
104144.880206
102081.863955
100016.504947
97920.198910
95782.622964
93656.952646
91498.361220
89338.066262
87165.861892
84985.179383
82809.002484
80623.960162
78454.313630
76314.107490
74164.342006
72048.341647
69946.871952
67864.254139
65805.053584
63755.137553
61747.399660
59758.711341
57811.228055
55877.509383
53983.310739
52137.049301
50300.140383
48504.664529
46770.494803
45075.686763
43414.220272
41802.155679
40218.400928
38682.621228
37192.616076
35727.127301
34306.133517
32952.702470
31622.707617
30326.266338
29077.663472
27855.476644
26682.577720
25541.480129
24435.136691
23364.709099
22327.266994
21322.739698
20351.008997
19408.836021
18509.813542
17643.803239
16806.729353
15996.220565
15216.597753
14474.617328
13758.256870
13074.951315
12409.408334
11768.393362
11154.186145
10573.439367
10014.478390
9481.210692
8964.585996
8476.252311
8012.852532
7567.416237
7150.561843
6754.003148
6368.197446
6001.199726
5658.859278
5329.824854
5018.911102
4721.536652
4440.545852
4170.599027
3915.128290
3675.892813
3452.682180
3237.928528
3037.248357
2847.422594
2667.383705
2496.526686
2336.165428
2186.963786
2048.010516
1915.378777
1791.797947
1675.655172
1563.340326
1457.375518
1359.736107
1266.377405
1179.343679
1097.608970
1019.089523
944.738364
876.456193
811.518651
751.498483
695.897437
642.889684
595.425694
551.466639
508.403236
469.124730
433.124750
399.830302
368.670902
339.899790
312.378737
287.896023
265.185609
243.751826
224.261381
206.325202
189.497801
174.633488
160.929761
147.403015
135.244617
124.028661
113.485485
103.253303
94.675270
86.589188
78.940259
71.915790
65.391805
59.229695
54.244993
49.301883
44.206844
39.986380
36.250910
32.977644
29.762591
26.548433
23.721767
21.307198
19.343445
17.353879
15.701092
14.118026
12.663444
11.396959
10.124461
9.047350
8.034853
7.137025
6.312672
5.577958
4.928836
4.229211
3.612336
3.079619
2.593995
2.204902
1.770816
1.501916
1.281176
1.114520
0.908976
0.736733
0.680073
0.578456
0.468180
0.388443
0.361359
0.325455
0.284413
0.259833
0.241571
0.247881
0.224928
0.177964
0.192394
0.168100
0.161664
0.143815
0.136626
0.119812
0.104288
0.089488
0.081258
0.068181
0.055131
0.044244
0.035879
0.036042
0.027428
0.025976
0.020886
0.017288
0.009253
0.006558
0.004190
0.003204
0.001924
0.000950
0.000585
0.000245
0.000000
0.000000
0.000000
0.000000
0.000000
0.000000
0.000000
0.000000
0.000000
0.000000
0.000000
0.000000
0.000000
0.000000
0.000000
0.000000
0.000000
0.000000
0.000000
0.000000
0.000000
0.000000
0.000000
0.000000
0.000000
0.000000
0.000000
0.000000
0.000000
0.000000
0.000000
0.000000
0.000000
0.000000
0.000000
0.000000
0.000000
0.000000
0.000000
0.000000
0.000000
0.000000
0.000000
0.000000
0.000000
0.000000
0.000000
0.000000
0.000000
0.000000
0.000000
0.000000
0.000000
0.000000
0.000000
0.000000
0.000000
0.000000
0.000000
0.000000
0.000000
0.000000
0.000000
0.000000
0.000000
0.000000
0.000000
0.000000
0.000000
0.000000
0.000000
0.000000
0.000000
0.000000
0.000000
0.000000
0.000000
0.000000
0.000000
0.000000
0.000000
0.000000
0.000000
0.000000
0.000000
0.000000
0.000000
0.000000
0.000000
0.000000
0.000000
0.000000
0.000000
0.000000
0.000000
0.000000
0.000000
0.000000
0.000000
0.000000
0.000000
0.000000
0.000000
0.000000
0.000000
0.000000
0.000000
0.000000
0.000000
0.000000
0.000000
0.000000
0.000000
0.000000
0.000000
0.000000
0.000000
0.000000
0.000000
0.000000
0.000000
0.000000
0.000000
0.000000
0.000000
0.000000
0.000000
0.000000
0.000000
0.000000
0.000000
0.000000
0.000000
0.000000
0.000000
0.000000
0.000000
0.000000
0.000000
0.000000
0.000000
0.000000
0.000000
0.000000
0.000000
0.000000
0.000000
0.000000
0.000000
0.000000
0.000000
0.000000
0.000000
0.000000
0.000000
0.000000
0.000000
0.000000
0.000000
0.000000
0.000000
0.000000
0.000000
0.000000
0.000000
0.000000
0.000000
0.000000
0.000000
0.000000
0.000000
0.000000
0.000000
0.000000
0.000000
0.000000
0.000000
0.000000
0.000000
0.000000
0.000000
0.000000
0.000000
0.000000
0.000000
0.000000
0.000000
0.000000
0.000000
0.000000
0.000000
0.000000
0.000000
0.000000
0.000000
0.000000
0.000000
0.000000
0.000000
0.000000
0.000000
0.000000
0.000000
0.000000
0.000000
0.000000
0.000000
0.000000
0.000000
0.000000
0.000000
0.000000
0.000000
0.000000
0.000000
0.000000
0.000000
0.000000
0.000000
0.000000
0.000000
0.000000
0.000000
0.000000
0.000000
0.000000
0.000000
0.000000
0.000000
0.000000
0.000000
0.000000
0.000000
0.000000
0.000000
0.000000
0.000000
0.000000
0.000000
0.000000
0.000000
0.000000
0.000000
0.000000
0.000000
0.000000
0.000000
0.000000
0.000000
0.000000
0.000000
0.000000
0.000000
0.000000
0.000000
0.000000
0.000000
0.000000
0.000000
0.000000
0.000000
0.000000
0.000000
0.000000
0.000000
0.000000
0.000000
0.000000
0.000000
0.000000
0.000000
0.000000
0.000000
0.000000
0.000000
0.000000
0.000000
0.000000
0.000000
0.000000
0.000000
0.000000
0.000000
0.000000
0.000000
0.000000
0.000000
0.000000
0.000000
0.000000
0.000000
0.000000
0.000000
0.000000
0.000000
0.000000
0.000000
0.000000
0.000000
0.000000
0.000000
0.000000
0.000000
0.000000
0.000000
0.000000
0.000000
0.000000
0.000000
0.000000
0.000000
0.000000
0.000000
0.000000
0.000000
0.000000
0.000000
0.000000
0.000000
0.000000
0.000000
0.000000
0.000000
0.000000
0.000000
0.000000
0.000000
0.000000
0.000000
0.000000
0.000000
0.000000
0.000000
0.000000
0.000000
0.000000
0.000000
0.000000
0.000000
0.000000
0.000000
0.000000
0.000000
0.000000
0.000000
0.000000
0.000000
0.000000
0.000000
0.000000
0.000000
0.000000
0.000000
0.000000
0.000000
0.000000
0.000000
0.000000
0.000000
0.000000
0.000000
0.000000
0.000000
0.000000
0.000000
0.000000
0.000000
0.000000
0.000000
0.000000
0.000000
0.000000
0.000000
0.000000
0.000000
0.000000
0.000000
0.000000
0.000000
0.000000
0.000000
0.000000
0.000000
0.000000
0.000000
0.000000
0.000000
0.000000
0.000000
0.000000
0.000000
0.000000
0.000000
0.000000
0.000000
0.000000
0.000000
0.000000
0.000000
0.000000
0.000000
0.000000
0.000000
0.000000
0.000000
0.000000
0.000000
0.000000
0.000000
0.000000
0.000000
0.000000
0.000000
0.000000
0.000000
0.000000
0.000000
0.000000
0.000000
0.000000
0.000000
0.000000
0.000000
0.000000
0.000000
0.000000
0.000000
0.000000
0.000000
0.000000
0.000000
0.000000
0.000000
0.000000
0.000000
0.000000
0.000000
0.000000
0.000000
0.000000
0.000000
0.000000
0.000000
0.000000
0.000000
0.000000
0.000000
0.000000
0.000000
0.000000
0.000000
0.000000
0.000000
0.000000
0.000000
0.000000
0.000000
0.000000
0.000000
0.000000
0.000000
0.000000
0.000000
0.000000
0.000000
0.000000
0.000000
0.000000
0.000000
0.000000
0.000000
0.000000
0.000000
0.000000
0.000000
0.000000
0.000000
0.000000
0.000000
0.000000
0.000000
0.000000
0.000000
0.000000
0.000000
0.000000
0.000000
0.000000
0.000000
0.000000
0.000000
0.000000
0.000000
0.000000
0.000000
0.000000
0.000000
0.000000
0.000000
0.000000
0.000000
0.000000
0.000000
0.000000
0.000000
0.000000
0.000000
0.000000
0.000000
0.000000
0.000000
0.000000
0.000000
0.000000
0.000000
0.000000
0.000000
0.000000
0.000000
0.000000
0.000000
0.000000
0.000000
0.000000
0.000000
0.000000
0.000000
0.000000
0.000000
0.000000
0.000000
0.000000
0.000000
0.000000
0.000000
0.000000
0.000000
0.000000
0.000000
0.000000
0.000000
0.000000
0.000000
0.000000
0.000000
0.000000
0.000000
0.000000
0.000000
0.000000
0.000000
0.000000
0.000000
0.000000
0.000000
0.000000
0.000000
0.000000
0.000000
0.000000
0.000000
0.000000
0.000000
0.000000
0.000000
0.000000
0.000000
0.000000
0.000000
0.000000
0.000000
0.000000
0.000000
0.000000
0.000000
0.000000
0.000000
0.000000
0.000000
0.000000
0.000000
0.000000
0.000000
0.000000
0.000000
0.000000
0.000000
0.000000
0.000000
0.000000
0.000000
0.000000
0.000000
0.000000
0.000000
0.000000
0.000000
0.000000
0.000000
0.000000
0.000000
0.000000
0.000000
0.000000
0.000000
0.000000
0.000000
0.000000
0.000000
0.000000
0.000000
0.000000
0.000000
0.000000
0.000000
0.000000
0.000000
0.000000
0.000000
0.000000
0.000000
0.000000
0.000000
0.000000
0.000000
0.000000
0.000000
0.000000
0.000000
0.000000
0.000000
0.000000
0.000000
0.000000
0.000000
0.000000
0.000000
0.000000
0.000000
0.000000
0.000000
0.000000
0.000000
0.000000
0.000000
0.000000
0.000000
0.000000
0.000000
0.000000
0.000000
0.000000
0.000000
0.000000
0.000000
0.000000
0.000000
0.000000
0.000000
0.000000
0.000000
0.000000
0.000000
0.000000
0.000000
0.000000
0.000000
0.000000
0.000000
0.000000
0.000000
0.000000
0.000000
0.000000
0.000000
0.000000
0.000000
0.000000
0.000000
0.000000
0.000000
0.000000
0.000000
