0.000000
0.000000
0.000000
0.000000
0.000000
0.000000
1.054221
3.903716
1.583323
5.608480
18.202794
33.122925
71.054940
128.260669
217.482731
374.324046
554.815159
834.599749
1223.704377
1699.530952
2354.649627
3238.018662
4207.859800
5389.148117
6621.897179
8050.176689
9714.071686
11574.719945
13561.894289
15809.431798
18043.847035
20524.195555
23190.720081
25956.149817
28876.467111
31679.666033
34649.849024
37964.035571
40830.668303
43686.654880
46420.935943
49200.539792
52338.434814
55107.379354
57907.961995
60467.144402
62876.179922
65383.702996
67543.981560
69647.379904
71791.042366
73584.328936
75425.194431
76962.996112
78421.191060
79933.222295
81420.321719
82915.255002
83852.919141
84892.510130
85725.789460
86184.737126
86871.628062
87375.396071
87801.845613
88347.069510
88647.771149
88957.966394
88953.924853
89203.963876
89229.085458
88987.650899
88947.201517
88955.332867
88743.169799
88541.068799
88264.065270
88000.843424
87599.664237
86964.562409
86656.592309
86370.615477
85888.763509
85232.267536
84772.770779
84245.025285
83940.853224
83507.622354
82639.593942
81925.710210
81279.897747
80436.397030
79875.123142
79271.620572
78732.024916
78136.677586
77454.966292
76615.548400
76038.996751
75370.479166
74835.344415
74345.339451
73609.079686
73055.177239
72154.542018
71662.103340
70789.444817
70303.882020
69591.723620
68784.361954
68034.087580
67476.331029
66645.288587
65815.721664
65024.354262
64340.770570
63707.283325
63043.248420
62206.044885
61443.447641
60671.712292
60186.610813
59499.458884
58753.336565
58162.426617
57483.902059
56826.891898
56203.847314
55521.135775
54885.837939
54237.186391
53513.680363
52922.374160
52406.132983
51718.483636
50996.975776
50397.819165
49599.937108
48992.418987
48194.695478
47447.681066
46855.968446
46245.230529
45563.672611
44859.128999
44267.365985
43727.812495
43005.745277
42232.840616
41579.131514
41018.881675
40547.604547
39993.027330
39324.213291
38691.503903
38045.301248
37406.762497
36742.562592
36241.308116
35692.799413
35090.243506
34402.135821
33802.580606
33164.492896
32505.214822
32054.153138
31593.113275
31098.914434
30602.615484
30133.220596
29548.409877
29011.251222
28444.084081
27827.381793
27297.903792
26759.444520
26269.019670
25765.131164
25258.210224
24732.309059
24312.711982
23931.327774
23388.912124
22936.130286
22486.453751
22046.964508
21630.918422
21209.318150
20643.066565
20197.228815
19863.408907
19429.167390
18961.223247
18602.497456
18123.667410
17765.304276
17405.001701
17032.024161
16714.162651
16282.040277
15879.865175
15510.929543
15209.293160
14904.801969
14568.282850
14210.767546
13900.290580
13548.068853
13216.232872
12935.865152
12647.320945
12339.846550
12063.412868
11803.738052
11537.532931
11281.486959
10958.635701
10719.006889
10400.536094
10144.817356
9898.948361
9676.303129
9414.140185
9131.705682
8840.715819
8581.902691
8338.867432
8066.642384
7823.297814
7560.369477
7342.457403
7097.159866
6877.186630
6664.213440
6476.514458
6317.721730
6112.852885
5912.540297
5729.078426
5558.873967
5378.879883
5193.744885
5004.622391
4849.139193
4670.844381
4538.302465
4378.177283
4212.145410
4024.920067
3902.902106
3787.619535
3644.816776
3498.283881
3388.442523
3294.129734
3170.951448
3061.027687
2983.958826
2862.149634
2768.304435
2648.208421
2570.196946
2493.884185
2415.511926
2338.461654
2246.717834
2188.830532
2096.226435
2020.487099
1944.634762
1876.675135
1795.278792
1711.779678
1654.999762
1591.455339
1540.090023
1477.432892
1402.968433
1358.787286
1316.028121
1271.051207
1219.755420
1189.833790
1148.035076
1109.418365
1077.843183
1025.641706
983.046475
946.299483
899.738384
864.500611
827.924954
809.427962
772.471273
739.291266
699.451030
663.985930
623.650171
599.896286
573.552071
549.801556
527.198712
499.636713
475.223034
456.821299
434.348894
411.870849
391.631024
381.036117
358.496190
341.881529
324.758378
303.066621
292.323475
279.409440
266.398194
254.371133
236.505341
224.058461
217.958078
213.457567
201.251537
192.659158
185.149959
176.494106
168.233297
160.690024
158.160839
152.683252
144.229069
133.496996
132.127370
125.653373
118.134983
110.205137
107.912558
101.078422
94.331550
92.993349
90.902981
84.034578
79.169405
72.586090
74.109538
68.702671
65.499630
64.119986
59.712892
55.553533
53.144732
50.519415
48.787865
45.779773
43.987875
40.156836
38.713674
37.522298
35.668068
34.308032
31.644175
30.228284
29.983621
30.025476
25.793515
23.961131
23.843648
21.413864
19.132877
17.702249
16.749798
16.068794
16.106603
14.331087
13.382039
11.613140
10.649011
9.308010
8.196708
6.394723
6.031548
5.549856
5.689008
5.923563
6.205089
5.863721
7.425055
7.056845
6.959576
8.294251
8.323534
8.167264
8.524754
8.470723
8.325342
7.842017
6.963986
7.215923
5.895456
5.566924
4.111934
3.935410
3.366232
2.871782
3.051889
3.448638
3.176046
3.248796
2.653821
2.027427
2.081716
1.863398
1.388567
1.306949
0.925990
1.015560
1.216048
1.270903
1.411692
1.574657
1.674150
1.997476
1.846268
1.781040
1.769075
1.525451
1.250142
1.125389
0.950119
0.579811
0.643071
0.555825
0.529268
0.373050
0.383014
0.268846
0.203246
0.126321
0.222693
0.065921
0.241947
0.171614
0.054169
0.021808
0.007789
0.045240
0.017265
0.047383
0.039603
0.029698
0.072138
0.047623
0.070952
0.069516
0.030158
0.003394
0.000000
0.000000
0.000000
0.000000
0.000000
0.000000
0.000000
0.000000
0.000000
0.000000
0.000000
0.000000
0.000000
0.000000
0.000000
0.000000
0.000000
0.000000
0.000000
0.000000
0.000000
0.000000
0.000000
0.000000
0.000000
0.000000
0.000000
0.000000
0.000000
0.000000
0.000000
0.000000
0.000000
0.000000
0.000000
0.000000
0.000000
0.000000
0.000000
0.000000
0.000000
0.000000
0.000000
0.000000
0.000000
0.000000
0.000000
0.000000
0.000000
0.000000
0.000000
0.000000
0.000000
0.000000
0.000000
0.000000
0.000000
0.000000
0.000000
0.000000
0.000000
0.000000
0.000000
0.000000
0.000000
0.000000
0.000000
0.000000
0.000000
0.000000
0.000000
0.000000
0.000000
0.000000
0.000000
0.000000
0.000000
0.000000
0.000000
0.000000
0.000000
0.000000
0.000000
0.000000
0.000000
0.000000
0.000000
0.000000
0.000000
0.000000
0.000000
0.000000
0.000000
0.000000
0.000000
0.000000
0.000000
0.000000
0.000000
0.000000
0.000000
0.000000
0.000000
0.000000
0.000000
0.000000
0.000000
0.000000
0.000000
0.000000
0.000000
0.000000
0.000000
0.000000
0.000000
0.000000
0.000000
0.000000
0.000000
0.000000
0.000000
0.000000
0.000000
0.000000
0.000000
0.000000
0.000000
0.000000
0.000000
0.000000
0.000000
0.000000
0.000000
0.000000
0.000000
0.000000
0.000000
0.000000
0.000000
0.000000
0.000000
0.000000
0.000000
0.000000
0.000000
0.000000
0.000000
0.000000
0.000000
0.000000
0.000000
0.000000
0.000000
0.000000
0.000000
0.000000
0.000000
0.000000
0.000000
0.000000
0.000000
0.000000
0.000000
0.000000
0.000000
0.000000
0.000000
0.000000
0.000000
0.000000
0.000000
0.000000
0.000000
0.000000
0.000000
0.000000
0.000000
0.000000
0.000000
0.000000
0.000000
0.000000
0.000000
0.000000
0.000000
0.000000
0.000000
0.000000
0.000000
0.000000
0.000000
0.000000
0.000000
0.000000
0.000000
0.000000
0.000000
0.000000
0.000000
0.000000
0.000000
0.000000
0.000000
0.000000
0.000000
0.000000
0.000000
0.000000
0.000000
0.000000
0.000000
0.000000
0.000000
0.000000
0.000000
0.000000
0.000000
0.000000
0.000000
0.000000
0.000000
0.000000
0.000000
0.000000
0.000000
0.000000
0.000000
0.000000
0.000000
0.000000
0.000000
0.000000
0.000000
0.000000
0.000000
0.000000
0.000000
0.000000
0.000000
0.000000
0.000000
0.000000
0.000000
0.000000
0.000000
0.000000
0.000000
0.000000
0.000000
0.000000
0.000000
0.000000
0.000000
0.000000
0.000000
0.000000
0.000000
0.000000
0.000000
0.000000
0.000000
0.000000
0.000000
0.000000
0.000000
0.000000
0.000000
0.000000
0.000000
0.000000
0.000000
0.000000
0.000000
0.000000
0.000000
0.000000
0.000000
0.000000
0.000000
0.000000
0.000000
0.000000
0.000000
0.000000
0.000000
0.000000
0.000000
0.000000
0.000000
0.000000
0.000000
0.000000
0.000000
0.000000
0.000000
0.000000
0.000000
0.000000
0.000000
0.000000
0.000000
0.000000
0.000000
0.000000
0.000000
0.000000
0.000000
0.000000
0.000000
0.000000
0.000000
0.000000
0.000000
0.000000
0.000000
0.000000
0.000000
0.000000
0.000000
0.000000
0.000000
0.000000
0.000000
0.000000
0.000000
0.000000
0.000000
0.000000
0.000000
0.000000
0.000000
0.000000
0.000000
0.000000
0.000000
0.000000
0.000000
0.000000
0.000000
0.000000
0.000000
0.000000
0.000000
0.000000
0.000000
0.000000
0.000000
0.000000
0.000000
0.000000
0.000000
0.000000
0.000000
0.000000
0.000000
0.000000
0.000000
0.000000
0.000000
0.000000
0.000000
0.000000
0.000000
0.000000
0.000000
0.000000
0.000000
0.000000
0.000000
0.000000
0.000000
0.000000
0.000000
0.000000
0.000000
0.000000
0.000000
0.000000
0.000000
0.000000
0.000000
0.000000
0.000000
0.000000
0.000000
0.000000
0.000000
0.000000
0.000000
0.000000
0.000000
0.000000
0.000000
0.000000
0.000000
0.000000
0.000000
0.000000
0.000000
0.000000
0.000000
0.000000
0.000000
0.000000
0.000000
0.000000
0.000000
0.000000
0.000000
0.000000
0.000000
0.000000
0.000000
0.000000
0.000000
0.000000
0.000000
0.000000
0.000000
0.000000
0.000000
0.000000
0.000000
0.000000
0.000000
0.000000
0.000000
0.000000
0.000000
0.000000
0.000000
0.000000
0.000000
0.000000
0.000000
0.000000
0.000000
0.000000
0.000000
0.000000
0.000000
0.000000
0.000000
0.000000
0.000000
0.000000
0.000000
0.000000
0.000000
0.000000
0.000000
0.000000
0.000000
0.000000
0.000000
0.000000
0.000000
0.000000
0.000000
0.000000
0.000000
0.000000
0.000000
0.000000
0.000000
0.000000
0.000000
0.000000
0.000000
0.000000
0.000000
0.000000
0.000000
0.000000
0.000000
0.000000
0.000000
0.000000
0.000000
0.000000
0.000000
0.000000
0.000000
0.000000
0.000000
0.000000
0.000000
0.000000
0.000000
0.000000
0.000000
0.000000
0.000000
0.000000
0.000000
0.000000
0.000000
0.000000
0.000000
0.000000
0.000000
0.000000
0.000000
0.000000
0.000000
0.000000
0.000000
0.000000
0.000000
0.000000
0.000000
0.000000
0.000000
0.000000
0.000000
0.000000
0.000000
0.000000
0.000000
0.000000
0.000000
0.000000
0.000000
0.000000
0.000000
0.000000
0.000000
0.000000
0.000000
0.000000
0.000000
0.000000
0.000000
0.000000
0.000000
0.000000
0.000000
0.000000
0.000000
0.000000
0.000000
0.000000
0.000000
0.000000
0.000000
0.000000
