0.000000
0.000000
0.000000
0.000000
0.000000
0.000000
0.000000
0.000000
0.000000
0.000000
0.000000
0.000000
0.000000
0.000000
0.000000
0.000000
0.000000
0.000000
0.000000
0.000000
0.000000
0.000000
0.000000
0.000000
0.000000
0.000000
0.000334
0.023441
0.213137
0.262985
0.608672
1.114913
2.123810
3.712011
6.821467
10.481066
15.329467
25.368561
37.792419
59.327548
86.945592
128.633776
185.123468
271.180151
385.736250
540.360710
751.988668
1017.864660
1352.844600
1794.498483
2325.579520
2986.836256
3798.491524
4798.551739
5962.320700
7362.103770
9012.554518
10962.011187
13210.973709
15750.011802
18608.923922
21820.481724
25413.251271
29313.646497
33619.543581
38298.610245
43286.479777
48673.752364
54375.257935
60429.361276
66698.341770
73169.858846
79916.052848
86752.510582
93830.628140
100949.337815
108038.379006
115213.067778
122272.042438
129329.421803
136196.975879
142859.791215
149338.688602
155482.226345
161314.712793
166723.835397
171786.515849
176457.697404
180794.263587
184647.679402
188066.577346
191013.253846
193496.188353
195294.188908
196813.138035
197776.702047
198142.753400
198012.608527
197484.898053
196496.761983
195121.200274
193409.002456
191240.577813
188679.445346
185763.354932
182476.233354
178869.253054
175014.417598
170957.085076
166723.886241
162383.921421
157762.650657
152970.397233
148108.897677
143108.030171
138069.685912
132921.140902
127763.634362
122700.669859
117574.499489
112404.022681
107394.940035
102341.644389
97362.698571
92527.368032
87737.898768
83060.412308
78500.708641
74101.730325
69771.942725
65596.208773
61587.638669
57728.298388
54001.468308
50445.687795
47015.359295
43765.683486
40692.909787
37758.096483
35003.316249
32382.870506
29903.001597
27578.003833
25375.192406
23288.263511
21349.828562
19540.407094
17873.902702
16300.538693
14855.345944
13505.889035
12262.508708
11103.193827
10071.816207
9098.551573
8198.839808
7386.567452
6639.300070
5961.411165
5326.757866
4765.982936
4257.349739
3793.776507
3376.490616
2993.003588
2656.669812
2353.315334
2085.613504
1835.860899
1615.281663
1421.491367
1252.506707
1095.114625
956.220236
831.027485
724.233220
628.078724
542.555525
473.001665
407.213087
353.502449
304.651888
261.720483
226.633883
196.639757
168.517002
143.521596
122.970709
103.319151
88.603026
75.624327
64.233908
53.524483
45.367541
38.984028
34.126140
28.614892
24.415306
20.753302
16.952398
14.591581
12.278723
10.474509
8.554093
7.088750
5.705498
4.848778
4.036182
3.229177
2.810868
2.415550
2.006065
1.772109
1.498046
1.288534
1.063108
0.873849
0.751120
0.648594
0.542541
0.374524
0.287798
0.254482
0.191449
0.133916
0.128209
0.081554
0.082461
0.063383
0.039878
0.014616
0.006161
0.007776
0.002066
0.000785
0.001307
0.000000
0.000000
0.000000
0.000000
0.000000
0.000000
0.000000
0.000000
0.000000
0.000000
0.000000
0.000000
0.000000
0.000000
0.000000
0.000000
0.000000
0.000000
0.000000
0.000000
0.000000
0.000000
0.000000
0.000000
0.000000
0.000000
0.000000
0.000000
0.000000
0.000000
0.000000
0.000000
0.000000
0.000000
0.000000
0.000000
0.000000
0.000000
0.000000
0.000000
0.000000
0.000000
0.000000
0.000000
0.000000
0.000000
0.000000
0.000000
0.000000
0.000000
0.000000
0.000000
0.000000
0.000000
0.000000
0.000000
0.000000
0.000000
0.000000
0.000000
0.000000
0.000000
0.000000
0.000000
0.000000
0.000000
0.000000
0.000000
0.000000
0.000000
0.000000
0.000000
0.000000
0.000000
0.000000
0.000000
0.000000
0.000000
0.000000
0.000000
0.000000
0.000000
0.000000
0.000000
0.000000
0.000000
0.000000
0.000000
0.000000
0.000000
0.000000
0.000000
0.000000
0.000000
0.000000
0.000000
0.000000
0.000000
0.000000
0.000000
0.000000
0.000000
0.000000
0.000000
0.000000
0.000000
0.000000
0.000000
0.000000
0.000000
0.000000
0.000000
0.000000
0.000000
0.000000
0.000000
0.000000
0.000000
0.000000
0.000000
0.000000
0.000000
0.000000
0.000000
0.000000
0.000000
0.000000
0.000000
0.000000
0.000000
0.000000
0.000000
0.000000
0.000000
0.000000
0.000000
0.000000
0.000000
0.000000
0.000000
0.000000
0.000000
0.000000
0.000000
0.000000
0.000000
0.000000
0.000000
0.000000
0.000000
0.000000
0.000000
0.000000
0.000000
0.000000
0.000000
0.000000
0.000000
0.000000
0.000000
0.000000
0.000000
0.000000
0.000000
0.000000
0.000000
0.000000
0.000000
0.000000
0.000000
0.000000
0.000000
0.000000
0.000000
0.000000
0.000000
0.000000
0.000000
0.000000
0.000000
0.000000
0.000000
0.000000
0.000000
0.000000
0.000000
0.000000
0.000000
0.000000
0.000000
0.000000
0.000000
0.000000
0.000000
0.000000
0.000000
0.000000
0.000000
0.000000
0.000000
0.000000
0.000000
0.000000
0.000000
0.000000
0.000000
0.000000
0.000000
0.000000
0.000000
0.000000
0.000000
0.000000
0.000000
0.000000
0.000000
0.000000
0.000000
0.000000
0.000000
0.000000
0.000000
0.000000
0.000000
0.000000
0.000000
0.000000
0.000000
0.000000
0.000000
0.000000
0.000000
0.000000
0.000000
0.000000
0.000000
0.000000
0.000000
0.000000
0.000000
0.000000
0.000000
0.000000
0.000000
0.000000
0.000000
0.000000
0.000000
0.000000
0.000000
0.000000
0.000000
0.000000
0.000000
0.000000
0.000000
0.000000
0.000000
0.000000
0.000000
0.000000
0.000000
0.000000
0.000000
0.000000
