0.000000
0.000000
0.000000
0.000000
0.000000
0.000000
0.000000
0.000000
0.000000
0.000000
0.000000
0.000000
0.000000
0.000000
0.000000
0.000000
0.000000
0.000000
0.000000
0.000000
0.000000
0.000000
0.000000
0.000000
0.000000
0.000000
0.013873
0.007428
0.089988
0.363506
0.828848
1.274276
2.267804
3.652228
6.047140
9.677656
15.818717
25.617198
39.083213
57.250467
85.792784
123.591984
179.344311
259.668634
363.405210
506.752782
696.002347
940.781257
1262.374981
1666.455513
2181.016539
2796.376136
3573.206030
4521.064290
5658.716558
7012.016365
8608.651781
10473.235543
12649.995497
15123.326530
17955.521962
21090.017798
24629.953440
28533.932654
32918.356505
37597.590264
42756.795412
48274.650706
54098.186233
60325.652344
66822.278393
73633.394814
80736.079947
88057.102065
95563.766121
103192.301470
110862.842403
118606.288044
126363.667295
133998.180923
141496.928266
148769.717914
155875.321901
162698.039579
169137.587029
175185.800452
180896.308540
186098.317007
190865.300054
194959.718088
198692.810410
201805.045091
204452.757726
206405.053742
207887.617786
208781.642651
209147.091453
208883.094797
208161.604161
206867.647235
205096.210452
202809.896676
200174.915034
197098.328560
193538.509918
189662.797710
185445.145793
180856.086422
176086.018405
170997.589254
165731.174212
160299.811020
154679.379001
149009.980279
143136.575329
137241.160245
131331.153798
125439.838242
119570.301340
113711.697242
107961.060713
102225.964598
96641.490276
91192.165716
85899.412551
80645.696764
75678.126380
70808.140503
66139.195603
61648.011076
57355.525920
53221.158301
49326.082685
45598.097063
42081.504697
38732.686023
35593.060997
32631.304731
29856.647996
27268.611262
24846.032700
22583.110008
20511.853921
18563.893601
16772.181692
15126.019263
13608.460304
12211.307186
10951.387766
9790.002319
8728.651999
7766.807123
6893.679933
6101.118247
5391.892512
4749.537484
4175.921942
3663.722210
3201.607375
2802.622914
2438.380163
2120.970918
1842.041276
1594.303130
1376.328142
1184.894573
1016.981654
873.593579
747.755188
638.239253
544.045038
461.523485
389.875813
329.126984
276.202847
232.301989
195.571891
164.527438
136.892113
115.456903
95.233309
79.181255
65.006371
54.151392
44.926989
36.787767
30.499885
24.456362
20.044110
16.300038
13.108021
10.620695
8.655427
7.034124
5.535370
4.501350
3.592008
2.857969
2.260956
1.707818
1.407715
1.106232
0.827911
0.683085
0.544967
0.452606
0.357694
0.247190
0.234627
0.166446
0.154539
0.099591
0.068038
0.050085
0.026780
0.024200
0.003524
0.004890
0.004042
0.001089
0.004372
0.000223
0.001975
0.001383
0.000000
0.000000
0.000000
0.000000
0.000000
0.000000
0.000000
0.000000
0.000000
0.000000
0.000000
0.000000
0.000000
0.000000
0.000000
0.000000
0.000000
0.000000
0.000000
0.000000
0.000000
0.000000
0.000000
0.000000
0.000000
0.000000
0.000000
0.000000
0.000000
0.000000
0.000000
0.000000
0.000000
0.000000
0.000000
0.000000
0.000000
0.000000
0.000000
0.000000
0.000000
0.000000
0.000000
0.000000
0.000000
0.000000
0.000000
0.000000
0.000000
0.000000
0.000000
0.000000
0.000000
0.000000
0.000000
0.000000
0.000000
0.000000
0.000000
0.000000
0.000000
0.000000
0.000000
0.000000
0.000000
0.000000
0.000000
0.000000
0.000000
0.000000
0.000000
0.000000
0.000000
0.000000
0.000000
0.000000
0.000000
0.000000
0.000000
0.000000
0.000000
0.000000
0.000000
0.000000
0.000000
0.000000
0.000000
0.000000
0.000000
0.000000
0.000000
0.000000
0.000000
0.000000
0.000000
0.000000
0.000000
0.000000
0.000000
0.000000
0.000000
0.000000
0.000000
0.000000
0.000000
0.000000
0.000000
0.000000
0.000000
0.000000
0.000000
0.000000
0.000000
0.000000
0.000000
0.000000
0.000000
0.000000
0.000000
0.000000
0.000000
0.000000
0.000000
0.000000
0.000000
0.000000
0.000000
0.000000
0.000000
0.000000
0.000000
0.000000
0.000000
0.000000
0.000000
0.000000
0.000000
0.000000
0.000000
0.000000
0.000000
0.000000
0.000000
0.000000
0.000000
0.000000
0.000000
0.000000
0.000000
0.000000
0.000000
0.000000
0.000000
0.000000
0.000000
0.000000
0.000000
0.000000
0.000000
0.000000
0.000000
0.000000
0.000000
0.000000
0.000000
0.000000
0.000000
0.000000
0.000000
0.000000
0.000000
0.000000
0.000000
0.000000
0.000000
0.000000
0.000000
0.000000
0.000000
0.000000
0.000000
0.000000
0.000000
0.000000
0.000000
0.000000
0.000000
0.000000
0.000000
0.000000
0.000000
0.000000
0.000000
0.000000
0.000000
0.000000
0.000000
0.000000
0.000000
0.000000
0.000000
0.000000
0.000000
0.000000
0.000000
0.000000
0.000000
0.000000
0.000000
0.000000
0.000000
0.000000
0.000000
0.000000
0.000000
0.000000
0.000000
0.000000
0.000000
0.000000
0.000000
0.000000
0.000000
0.000000
0.000000
0.000000
0.000000
0.000000
0.000000
0.000000
0.000000
0.000000
0.000000
0.000000
0.000000
0.000000
0.000000
0.000000
0.000000
0.000000
0.000000
0.000000
0.000000
0.000000
0.000000
0.000000
0.000000
0.000000
0.000000
0.000000
0.000000
0.000000
0.000000
0.000000
0.000000
0.000000
0.000000
0.000000
0.000000
0.000000
0.000000
0.000000
0.000000
0.000000
0.000000
0.000000
0.000000
0.000000
0.000000
0.000000
0.000000
0.000000
0.000000
0.000000
0.000000
0.000000
0.000000
