0.000000
0.000000
0.000000
0.000000
0.049253
0.656658
2.189528
4.815316
10.143696
19.656589
37.150244
62.683627
107.079555
165.507079
252.499970
393.078337
575.596763
827.186421
1150.560056
1546.190054
2061.375410
2638.176935
3379.970683
4232.034745
5236.251101
6388.370904
7668.020742
9120.877855
10727.191781
12531.456032
14436.911898
16486.957561
18684.357083
21022.495445
23466.704304
25946.705694
28555.646206
31228.539391
34023.628330
36849.646738
39692.695026
42564.028780
45476.996931
48277.209296
51172.997972
53988.310310
56846.226649
59693.067573
62346.492808
65035.003163
67617.974236
69975.260547
72294.212368
74591.471453
76866.166708
78944.307961
80871.308212
82717.215428
84512.938346
86208.414162
87706.667458
89106.088719
90364.068548
91626.924022
92758.042879
93761.700874
94685.422538
95472.123602
96148.544354
96764.046306
97308.505465
97729.874683
98176.100282
98470.985256
98745.155992
98853.833300
98845.604316
98869.225348
98803.902494
98599.019060
98288.381464
98043.786086
97701.408262
97347.882014
96952.820858
96521.193876
96055.287735
95494.986633
94867.972346
94285.131002
93756.159108
93015.508849
92318.559564
91586.312579
90871.191785
90090.644676
89292.784854
88432.543522
87595.097756
86763.232352
85891.526607
85057.350202
84150.856319
83249.091671
82403.248270
81529.758766
80641.494065
79762.557384
78880.296281
77948.992621
76947.614843
75983.967054
75031.534394
74087.375419
73093.300560
72120.798626
71161.761348
70196.549013
69275.751146
68355.774805
67386.429554
66418.053276
65423.661497
64449.351039
63520.656528
62506.385664
61564.447741
60692.982969
59735.878458
58792.190731
57831.647810
56955.347345
55992.786628
54989.433958
54073.432810
53156.305901
52259.570348
51370.133479
50455.850729
49536.543003
48593.422026
47730.777772
46846.315925
45960.669872
45096.402234
44214.674137
43321.551920
42473.193347
41621.616228
40765.878249
39962.903095
39137.582304
38334.321415
37515.829975
36721.266450
35916.554288
35103.917943
34309.072228
33531.144116
32745.203346
31973.637258
31247.228991
30504.871290
29808.551970
29096.902647
28411.828981
27733.534672
27078.946940
26418.538203
25751.853581
25113.043662
24475.630616
23864.129982
23244.027190
22637.571755
22075.312534
21492.819921
20927.956911
20347.203526
19814.413688
19288.143757
18763.469464
18234.208308
17693.505662
17177.562310
16682.882784
16206.476446
15731.540217
15256.977427
14790.174418
14347.969836
13912.984599
13466.317825
13072.990903
12670.134477
12254.324265
11880.821987
11511.853644
11149.924108
10793.882336
10453.393526
10095.291396
9765.398445
9441.300873
9143.362864
8844.431132
8562.394815
8277.699762
7980.362049
7709.226395
7437.039572
7173.557862
6897.382990
6643.625027
6406.493105
6174.039113
5953.166663
5728.512393
5521.254081
5292.043458
5094.003748
4898.719215
4714.922352
4523.095984
4339.034262
4166.405809
4008.042551
3849.041705
3693.294093
3535.346844
3395.127759
3253.011080
3117.455802
2987.580729
2865.736375
2740.384199
2629.544436
2513.970536
2393.179157
2287.454876
2182.898486
2086.062606
1991.419548
1902.261043
1816.897555
1726.099034
1643.937208
1568.772883
1499.102565
1437.463328
1373.218899
1307.335813
1248.814191
1185.783025
1127.482559
1072.007323
1021.975331
972.246976
925.582798
878.222403
835.121729
796.500571
759.325869
722.060984
682.407698
649.848363
620.021917
589.871442
559.470976
525.914894
498.217633
474.373633
445.729329
420.110501
398.213390
376.420996
357.065485
337.446670
316.954381
299.842065
286.806584
270.558834
253.986415
238.913714
226.443727
212.989245
201.892029
189.463918
176.621931
165.468681
154.664878
144.072033
135.474938
128.356402
120.469435
111.987969
104.771335
97.731523
91.670801
85.966962
80.126402
75.150104
70.233852
65.717932
61.587886
57.628048
52.522358
49.358743
45.504210
43.378505
39.845638
37.005915
34.390002
32.311435
29.912279
27.908156
26.375573
25.024263
23.201917
21.311731
19.842388
18.231737
17.269245
16.307216
15.320587
14.061107
13.357420
11.949470
11.061132
9.967363
9.128897
8.591884
8.145439
7.235167
6.701209
6.196476
5.750665
5.433797
4.946208
4.635954
4.160728
4.082035
3.557668
3.410660
3.471015
3.320660
3.028287
2.661399
2.411566
2.042633
1.952388
1.800987
1.702980
1.583068
1.631888
1.488829
1.321687
1.145362
0.970203
0.946224
0.876210
0.764139
0.632826
0.552187
0.521841
0.500271
0.428308
0.415025
0.356269
0.300427
0.292465
0.257915
0.196822
0.190555
0.182083
0.137730
0.079280
0.083653
0.074075
0.084094
0.078499
0.074561
0.041962
0.038321
0.046056
0.059512
0.062165
0.083913
0.075360
0.074994
0.089238
0.073297
0.070784
0.068322
0.036159
0.030259
0.006079
0.015893
0.020118
0.022847
0.017770
0.007479
0.005747
0.000280
0.000000
0.000000
0.000000
0.000000
0.000000
0.000000
0.000000
0.000000
0.000000
0.000000
0.000000
0.000000
0.000000
0.000000
0.000000
0.000000
0.000000
0.000000
0.000000
0.000000
0.000000
0.000000
0.000000
0.000000
0.000000
0.000000
0.000000
0.000000
0.000000
0.000000
0.000000
0.000000
0.000000
0.000000
0.000000
0.000000
0.000000
0.000000
0.000000
0.000000
0.000000
0.000000
0.000000
0.000000
0.000000
0.000000
0.000000
0.000000
0.000000
0.000000
0.000000
0.000000
0.000000
0.000000
0.000000
0.000000
0.000000
0.000000
0.000000
0.000000
0.000000
0.000000
0.000000
0.000000
0.000000
0.000000
0.000000
0.000000
0.000000
0.000000
0.000000
0.000000
0.000000
0.000000
0.000000
0.000000
0.000000
0.000000
0.000000
0.000000
0.000000
0.000000
0.000000
0.000000
0.000000
0.000000
0.000000
0.000000
0.000000
0.000000
0.000000
0.000000
0.000000
0.000000
0.000000
0.000000
0.000000
0.000000
0.000000
0.000000
0.000000
0.000000
0.000000
0.000000
0.000000
0.000000
0.000000
0.000000
0.000000
0.000000
0.000000
0.000000
0.000000
0.000000
0.000000
0.000000
0.000000
0.000000
0.000000
0.000000
0.000000
0.000000
0.000000
0.000000
0.000000
0.000000
0.000000
0.000000
0.000000
0.000000
0.000000
0.000000
0.000000
0.000000
0.000000
0.000000
0.000000
0.000000
0.000000
0.000000
0.000000
0.000000
0.000000
0.000000
0.000000
0.000000
0.000000
0.000000
0.000000
0.000000
0.000000
0.000000
0.000000
0.000000
0.000000
0.000000
0.000000
0.000000
0.000000
0.000000
0.000000
0.000000
0.000000
0.000000
0.000000
0.000000
0.000000
0.000000
0.000000
0.000000
0.000000
0.000000
0.000000
0.000000
0.000000
0.000000
0.000000
0.000000
0.000000
0.000000
0.000000
0.000000
0.000000
0.000000
0.000000
0.000000
0.000000
0.000000
0.000000
0.000000
0.000000
0.000000
0.000000
0.000000
0.000000
0.000000
0.000000
0.000000
0.000000
0.000000
0.000000
0.000000
0.000000
0.000000
0.000000
0.000000
0.000000
0.000000
0.000000
0.000000
0.000000
0.000000
0.000000
0.000000
0.000000
0.000000
0.000000
0.000000
0.000000
0.000000
0.000000
0.000000
0.000000
0.000000
0.000000
0.000000
0.000000
0.000000
0.000000
0.000000
0.000000
0.000000
0.000000
0.000000
0.000000
0.000000
0.000000
0.000000
0.000000
0.000000
0.000000
0.000000
0.000000
0.000000
0.000000
0.000000
0.000000
0.000000
0.000000
0.000000
0.000000
0.000000
0.000000
0.000000
0.000000
0.000000
0.000000
0.000000
0.000000
0.000000
0.000000
0.000000
0.000000
0.000000
0.000000
0.000000
0.000000
0.000000
0.000000
0.000000
0.000000
0.000000
0.000000
0.000000
0.000000
0.000000
0.000000
0.000000
0.000000
0.000000
0.000000
0.000000
0.000000
0.000000
0.000000
0.000000
0.000000
0.000000
0.000000
0.000000
0.000000
0.000000
0.000000
0.000000
0.000000
0.000000
0.000000
0.000000
0.000000
0.000000
0.000000
0.000000
0.000000
0.000000
0.000000
0.000000
0.000000
0.000000
0.000000
0.000000
0.000000
0.000000
0.000000
0.000000
0.000000
0.000000
0.000000
0.000000
0.000000
0.000000
0.000000
0.000000
0.000000
0.000000
0.000000
0.000000
0.000000
0.000000
0.000000
0.000000
0.000000
0.000000
0.000000
0.000000
0.000000
0.000000
0.000000
0.000000
0.000000
0.000000
0.000000
0.000000
0.000000
0.000000
0.000000
0.000000
0.000000
0.000000
0.000000
0.000000
0.000000
0.000000
0.000000
0.000000
0.000000
0.000000
0.000000
0.000000
0.000000
0.000000
0.000000
0.000000
0.000000
0.000000
0.000000
0.000000
0.000000
0.000000
0.000000
0.000000
0.000000
0.000000
0.000000
0.000000
0.000000
0.000000
0.000000
0.000000
0.000000
0.000000
0.000000
0.000000
0.000000
0.000000
0.000000
0.000000
0.000000
0.000000
0.000000
0.000000
0.000000
0.000000
0.000000
0.000000
0.000000
0.000000
0.000000
0.000000
0.000000
0.000000
0.000000
0.000000
0.000000
0.000000
0.000000
0.000000
0.000000
0.000000
0.000000
0.000000
0.000000
0.000000
0.000000
0.000000
0.000000
0.000000
0.000000
0.000000
0.000000
0.000000
0.000000
0.000000
0.000000
0.000000
0.000000
0.000000
0.000000
0.000000
0.000000
0.000000
0.000000
0.000000
0.000000
0.000000
0.000000
0.000000
0.000000
0.000000
0.000000
0.000000
0.000000
0.000000
0.000000
0.000000
0.000000
0.000000
0.000000
0.000000
0.000000
0.000000
0.000000
0.000000
0.000000
0.000000
0.000000
0.000000
0.000000
0.000000
0.000000
0.000000
0.000000
0.000000
0.000000
0.000000
0.000000
0.000000
0.000000
0.000000
0.000000
0.000000
0.000000
0.000000
0.000000
0.000000
0.000000
0.000000
0.000000
0.000000
0.000000
0.000000
0.000000
0.000000
0.000000
0.000000
0.000000
0.000000
0.000000
0.000000
0.000000
0.000000
0.000000
0.000000
0.000000
0.000000
0.000000
0.000000
0.000000
0.000000
0.000000
0.000000
0.000000
0.000000
0.000000
0.000000
0.000000
0.000000
0.000000
0.000000
0.000000
0.000000
0.000000
0.000000
0.000000
0.000000
0.000000
0.000000
0.000000
0.000000
0.000000
0.000000
0.000000
0.000000
0.000000
0.000000
0.000000
0.000000
0.000000
0.000000
0.000000
0.000000
0.000000
0.000000
0.000000
0.000000
0.000000
0.000000
0.000000
0.000000
0.000000
0.000000
0.000000
0.000000
0.000000
0.000000
0.000000
0.000000
0.000000
0.000000
0.000000
0.000000
0.000000
0.000000
0.000000
0.000000
0.000000
0.000000
0.000000
0.000000
0.000000
0.000000
0.000000
0.000000
0.000000
0.000000
0.000000
0.000000
0.000000
0.000000
0.000000
0.000000
0.000000
0.000000
0.000000
0.000000
0.000000
0.000000
0.000000
0.000000
0.000000
0.000000
0.000000
0.000000
0.000000
0.000000
0.000000
0.000000
0.000000
0.000000
0.000000
0.000000
0.000000
0.000000
0.000000
0.000000
0.000000
0.000000
0.000000
