93.607880
747.648901
2688.806249
6961.814214
14009.215833
24982.136697
40240.796452
58704.318177
80532.062541
104412.810005
129151.765990
153398.997483
176345.819257
198768.863774
217559.407961
232792.003551
244293.816527
252659.689410
257017.796889
257931.508896
255792.037377
252334.632473
245809.043672
238317.171300
229933.785802
220516.024090
209848.969630
198851.060515
188258.017992
177772.144205
168104.560454
157925.876261
148347.625091
139035.670381
130504.483551
122072.540621
114052.320300
106963.522921
100276.109563
93339.634476
87223.489311
81928.251143
76931.727038
72224.007219
67993.555861
63733.682939
59838.592940
56502.741911
53468.211317
50729.548206
48045.913536
45660.488053
43425.897166
41102.315965
39071.988914
37232.651323
35288.120536
33664.184713
32070.832342
30708.623673
29291.330422
28070.529339
26798.286866
25939.380389
24864.785864
23986.235421
23063.786309
22278.706883
21544.367266
20970.586690
20427.661148
19713.619176
19042.167123
18324.777165
17610.213630
17145.407168
16690.495814
16124.893148
15688.024223
15277.294807
14997.476201
14727.268912
14470.447709
14119.869420
13790.353150
13504.640453
13108.973282
12845.608662
12655.188256
12447.205934
12235.476401
12092.252296
11975.494863
11866.886549
11589.109690
11475.932158
11368.944046
11298.615231
11102.471735
10912.634573
10826.635382
10696.066683
10586.977379
10464.378230
10376.466540
10363.514907
10291.341148
10231.594772
10136.964651
10118.837394
10044.730984
9921.930814
9842.859137
9795.535513
9681.634250
9630.174702
9528.686268
9522.420640
9509.994555
9462.235642
9432.271005
9418.267187
9374.358948
9362.748382
9335.424349
9395.278512
9389.026503
9421.566719
9377.926327
9459.258129
9420.324161
9466.742224
9483.791057
9562.076669
9640.414147
9656.369855
9691.153674
9648.346136
9673.601523
9725.211413
9776.883771
9795.571253
9866.004093
9928.575079
9941.854696
9942.705833
9983.625172
10057.709757
10135.762664
10166.471652
10230.911179
10330.700218
10319.741660
10351.878561
10452.199827
10457.838031
10500.592911
10609.796622
10621.234326
10661.192036
10720.009400
10782.261608
10868.708773
10807.518610
10819.938792
10847.513060
10934.978188
10993.574478
11094.618605
11144.023262
11132.781533
11173.638202
11227.525246
11282.087006
11311.304754
11399.995676
11401.937382
11403.976970
11384.880844
11419.715552
11458.924229
11465.068467
11539.133978
11613.416157
11609.941512
11683.182567
11699.437075
11746.307118
11796.077360
11825.303619
11851.204183
11805.481091
11837.322986
11804.992398
11862.672599
11849.480558
11860.933739
11894.996612
11871.055823
11891.471736
11932.208390
12020.239757
12007.366871
12020.788752
12054.047119
12090.323897
12087.740109
12126.832727
12134.755106
12077.319341
12095.226292
12102.226133
12132.924670
12133.749748
12126.750237
12143.529582
12160.280998
12168.861083
12128.411431
12176.852591
12215.480409
12157.245628
12164.581051
12173.845560
12157.574514
12124.864137
12057.273188
12007.347533
11971.739558
11945.471792
11908.472545
11894.074652
11860.785818
11772.467972
11755.013772
11721.018728
11683.740117
11654.530871
11626.758107
11587.829293
11548.917743
11454.360374
11381.307203
11297.733589
11259.718106
11213.861434
11128.392052
11021.895496
10966.622400
10909.599061
10819.172953
10799.934406
10781.526992
10645.114672
10582.397512
10555.951298
10450.386087
10372.786395
10300.710178
10174.299067
10144.243663
10076.381433
10031.566953
9953.818723
9858.306722
9786.281018
9679.570236
9597.507163
9514.805293
9383.906003
9279.654751
9170.939869
9059.182718
8964.307337
8887.612104
8798.029367
8676.724387
8600.472569
8482.322658
8410.107315
8308.740431
8195.356689
8072.820660
8033.560164
7959.799680
7861.472150
7709.851853
7607.666765
7449.118505
7286.174948
7190.774726
7064.997577
6952.545327
6851.745328
6741.701901
6634.474654
6524.623496
6459.117226
6341.837478
6199.335823
6099.003235
5971.974496
5831.458358
5718.726750
5597.115037
5500.005381
5408.354228
5309.333270
5238.872357
5106.188826
4988.345312
4856.819682
4742.380144
4650.063139
4573.737314
4476.666435
4394.681654
4293.390282
4180.673784
4049.037057
3956.435429
3876.594911
3793.301296
3698.080317
3608.213718
3509.192776
3418.216487
3333.267206
3264.076001
3168.139339
3098.072655
3004.925813
2924.486088
2873.501322
2799.504975
2726.841223
2639.209382
2581.297761
2496.530958
2439.817285
2373.485525
2308.527815
2222.657960
2157.210739
2094.532405
2025.206877
1968.150885
1909.041377
1854.769830
1807.735685
1768.960046
1723.041914
1670.732970
1621.011919
1567.377281
1516.158672
1443.700139
1395.311038
1366.698796
1325.934319
1277.063029
1238.939391
1208.819954
1184.099198
1137.324146
1105.643894
1068.074260
1011.034197
990.567032
954.227422
909.750029
879.546317
853.115677
817.556771
798.119409
773.712319
731.765584
720.572466
688.714250
666.706249
643.235068
621.987027
600.061072
583.018103
554.765878
536.595168
508.325357
485.087996
460.321804
446.892387
429.074051
420.994638
407.058097
390.046320
369.111912
355.746671
343.084002
334.200764
320.950816
304.577026
287.967835
272.663082
254.184638
246.893893
229.539125
216.660077
202.478856
196.133496
189.828592
184.487287
173.378275
165.980915
160.998622
150.555136
145.512210
137.155075
128.638204
125.643539
123.257143
119.037151
113.375146
110.833534
107.631278
103.126896
100.017209
93.466386
88.945192
85.623808
80.465168
75.876708
70.942960
67.856977
65.271579
59.909070
59.463175
53.900247
50.779469
47.069277
42.988219
40.608560
37.836550
35.047083
33.693931
32.307778
30.004028
28.560943
26.585995
23.667211
21.708645
22.122730
21.156079
20.222503
18.446061
16.570589
16.452202
15.166218
15.048341
14.534792
13.507364
12.184377
12.142917
10.848244
9.627152
8.529014
8.380992
7.989654
7.644531
7.385025
7.806935
7.111839
6.467104
6.124629
5.852978
5.465288
5.721899
5.642089
5.597784
4.490708
4.121626
3.798570
3.185166
4.009927
3.640270
3.246873
2.954709
2.424342
2.235117
2.171480
1.852733
1.352246
1.415317
1.773603
1.799538
1.675908
1.950257
1.509883
0.990659
1.059300
1.056838
0.826497
0.717687
0.768347
0.891254
0.949697
0.831062
0.784729
0.742401
0.657930
0.432928
0.602700
0.684180
0.753850
0.811377
0.750227
0.677198
0.583975
0.355026
0.382918
0.282177
0.180400
0.211044
0.155635
0.205019
0.160387
0.205876
0.168549
0.047492
0.028690
0.046482
0.026791
0.000000
0.000000
0.000000
0.000000
0.000000
0.000000
0.000000
0.000000
0.000000
0.000000
0.000000
0.000000
0.000000
0.000000
0.000000
0.000000
0.000000
0.000000
0.000000
0.000000
0.000000
0.000000
0.000000
0.000000
0.000000
0.000000
0.000000
0.000000
0.000000
0.000000
0.000000
0.000000
0.000000
0.000000
0.000000
0.000000
0.000000
0.000000
0.000000
0.000000
0.000000
0.000000
0.000000
0.000000
0.000000
0.000000
0.000000
0.000000
0.000000
0.000000
0.000000
0.000000
0.000000
0.000000
0.000000
0.000000
0.000000
0.000000
0.000000
0.000000
0.000000
0.000000
0.000000
0.000000
0.000000
0.000000
0.000000
0.000000
0.000000
0.000000
0.000000
0.000000
0.000000
0.000000
0.000000
0.000000
0.000000
0.000000
0.000000
0.000000
0.000000
0.000000
0.000000
0.000000
0.000000
0.000000
0.000000
0.000000
0.000000
0.000000
0.000000
0.000000
0.000000
0.000000
0.000000
0.000000
0.000000
0.000000
0.000000
0.000000
0.000000
0.000000
0.000000
0.000000
0.000000
0.000000
0.000000
0.000000
0.000000
0.000000
0.000000
0.000000
0.000000
0.000000
0.000000
0.000000
0.000000
0.000000
0.000000
0.000000
0.000000
0.000000
0.000000
0.000000
0.000000
0.000000
0.000000
0.000000
0.000000
0.000000
0.000000
0.000000
0.000000
0.000000
0.000000
0.000000
0.000000
0.000000
0.000000
0.000000
0.000000
0.000000
0.000000
0.000000
0.000000
0.000000
0.000000
0.000000
0.000000
0.000000
0.000000
0.000000
0.000000
0.000000
0.000000
0.000000
0.000000
0.000000
0.000000
0.000000
0.000000
0.000000
0.000000
0.000000
0.000000
0.000000
0.000000
0.000000
0.000000
0.000000
0.000000
0.000000
0.000000
0.000000
0.000000
0.000000
0.000000
0.000000
0.000000
0.000000
0.000000
0.000000
0.000000
0.000000
0.000000
0.000000
0.000000
0.000000
0.000000
0.000000
0.000000
0.000000
0.000000
0.000000
0.000000
0.000000
0.000000
0.000000
0.000000
0.000000
0.000000
0.000000
0.000000
0.000000
0.000000
0.000000
0.000000
0.000000
0.000000
0.000000
0.000000
0.000000
0.000000
0.000000
0.000000
0.000000
0.000000
0.000000
0.000000
0.000000
0.000000
0.000000
0.000000
0.000000
0.000000
0.000000
0.000000
0.000000
0.000000
0.000000
0.000000
0.000000
0.000000
0.000000
0.000000
0.000000
0.000000
0.000000
0.000000
0.000000
0.000000
0.000000
0.000000
0.000000
0.000000
0.000000
0.000000
0.000000
0.000000
0.000000
0.000000
0.000000
0.000000
0.000000
0.000000
0.000000
0.000000
0.000000
0.000000
0.000000
0.000000
0.000000
0.000000
0.000000
0.000000
0.000000
0.000000
0.000000
0.000000
0.000000
0.000000
0.000000
0.000000
0.000000
0.000000
0.000000
0.000000
0.000000
0.000000
0.000000
0.000000
0.000000
0.000000
0.000000
0.000000
0.000000
0.000000
0.000000
0.000000
0.000000
0.000000
0.000000
0.000000
0.000000
0.000000
0.000000
0.000000
0.000000
0.000000
0.000000
0.000000
0.000000
0.000000
0.000000
0.000000
0.000000
0.000000
0.000000
0.000000
0.000000
0.000000
0.000000
0.000000
0.000000
0.000000
0.000000
0.000000
0.000000
0.000000
0.000000
0.000000
0.000000
0.000000
0.000000
0.000000
0.000000
0.000000
0.000000
0.000000
0.000000
0.000000
0.000000
0.000000
0.000000
0.000000
0.000000
0.000000
0.000000
0.000000
0.000000
0.000000
0.000000
0.000000
0.000000
0.000000
0.000000
0.000000
0.000000
0.000000
0.000000
0.000000
0.000000
0.000000
0.000000
0.000000
0.000000
0.000000
0.000000
0.000000
0.000000
0.000000
0.000000
0.000000
0.000000
0.000000
0.000000
0.000000
0.000000
0.000000
0.000000
0.000000
0.000000
0.000000
0.000000
0.000000
0.000000
0.000000
0.000000
0.000000
0.000000
0.000000
0.000000
0.000000
0.000000
0.000000
0.000000
0.000000
0.000000
0.000000
0.000000
0.000000
0.000000
0.000000
0.000000
0.000000
0.000000
0.000000
0.000000
0.000000
0.000000
0.000000
0.000000
0.000000
0.000000
0.000000
0.000000
0.000000
0.000000
0.000000
0.000000
0.000000
0.000000
0.000000
0.000000
0.000000
0.000000
0.000000
0.000000
0.000000
0.000000
0.000000
0.000000
0.000000
0.000000
0.000000
0.000000
0.000000
0.000000
0.000000
0.000000
0.000000
0.000000
0.000000
0.000000
0.000000
0.000000
0.000000
0.000000
0.000000
0.000000
0.000000
0.000000
0.000000
0.000000
0.000000
0.000000
0.000000
0.000000
0.000000
0.000000
0.000000
0.000000
0.000000
0.000000
0.000000
0.000000
0.000000
0.000000
0.000000
0.000000
0.000000
0.000000
0.000000
0.000000
0.000000
0.000000
0.000000
0.000000
0.000000
0.000000
0.000000
