0.569225
4.725822
28.186013
103.539083
326.410649
823.350919
1886.276940
3731.611466
6646.111230
11046.817019
17046.908892
24762.747217
34132.598262
45029.976758
57479.617911
70649.830068
84087.673122
97553.738521
110493.731896
123021.116514
134388.803100
144323.200075
152889.759202
160133.660548
165776.430124
169989.456930
172835.152823
174101.818258
174243.504656
173387.740111
171603.654948
169090.529277
165753.587854
161802.772195
157474.215057
152543.035790
147841.004451
142788.186638
137841.711452
132885.054720
127844.868091
122849.774262
117925.043411
113030.026857
108223.088125
103687.286021
99285.072511
95034.694169
91003.967899
87191.844064
83633.681089
80112.916969
76843.608851
73777.524078
70912.652068
68058.863896
65388.711447
62822.752472
60563.199707
58323.123929
56224.115848
54219.856057
52249.281063
50447.268534
48752.916772
47095.175675
45541.682439
44068.073675
42715.780400
41402.653144
40130.683172
38996.071610
37905.165880
36823.271434
35844.333991
34866.408617
33969.384013
33086.690737
32207.340844
31439.739884
30702.067624
29962.361760
29262.696500
28621.940588
28056.735783
27461.203069
26897.526312
26368.645285
25895.555462
25447.288286
25045.796616
24621.033419
24220.180015
23864.775652
23505.227826
23181.509794
22822.099058
22500.675036
22241.111428
21961.788066
21740.356804
21504.302390
21278.991813
21087.190830
20880.298546
20677.960624
20482.008612
20312.632812
20162.579194
20057.817636
19955.325982
19857.649217
19771.915152
19633.677692
19534.811332
19471.650037
19405.579480
19349.842324
19281.853743
19190.434369
19135.459550
19042.246738
18978.144291
18946.223585
18898.027268
18878.164956
18847.112530
18818.622717
18814.601512
18804.039728
18780.374458
18775.858767
18783.308055
18791.061833
18794.001430
18803.631199
18804.448603
18802.007370
18811.008497
18846.873372
18874.258126
18895.334691
18909.943922
18939.002747
18959.629025
18962.201561
18977.514737
18989.362103
19007.161787
19050.618086
19075.829457
19083.631724
19116.737327
19131.451022
19151.206555
19175.887173
19181.724948
19170.936604
19189.866491
19210.083036
19212.197276
19233.935554
19246.815306
19295.401670
19326.465506
19342.425020
19377.181410
19393.322131
19432.435956
19483.779439
19459.752976
19478.501050
19498.776925
19475.314186
19478.103746
19469.472598
19454.632664
19423.299397
19408.542479
19382.619072
19370.892073
19354.159711
19341.421406
19306.526838
19260.061942
19238.187901
19211.706408
19163.431388
19129.281716
19108.206788
19058.279472
18997.151301
18961.913796
18902.621642
18825.899384
18769.597406
18686.832401
18629.502951
18557.557247
18453.027730
18368.013192
18308.326933
18226.952876
18129.503790
18023.644801
17928.087305
17828.918251
17712.007995
17594.977667
17484.888746
17386.175842
17242.113162
17125.331243
16982.881094
16845.475500
16707.531482
16571.341806
16427.941626
16269.810160
16137.303827
15963.190586
15804.272302
15643.894796
15478.457608
15269.644990
15100.537387
14915.051663
14731.604126
14544.200923
14347.977311
14154.600887
13969.905629
13775.556704
13599.065888
13403.716400
13225.571804
13044.771270
12855.546944
12662.505431
12476.723352
12256.238759
12048.471687
11838.353790
11646.834915
11469.715068
11279.396209
11075.584715
10879.135684
10686.734272
10489.757286
10282.332637
10082.908706
9890.876819
9703.153791
9496.932710
9304.481615
9116.687770
8929.843521
8738.090868
8538.711065
8329.375386
8150.524427
7952.942389
7772.420874
7580.208345
7395.500023
7213.386882
7039.188814
6870.339013
6693.844917
6527.111426
6346.127260
6172.049440
6008.013832
5846.872904
5685.824582
5522.327472
5367.126846
5218.034529
5063.886101
4914.066441
4766.284148
4627.401162
4477.522051
4347.754103
4210.689096
4079.572458
3936.233540
3816.509502
3698.145177
3567.504431
3448.451429
3332.411871
3208.430859
3093.366968
2990.307978
2890.791298
2787.178543
2678.000684
2584.044797
2489.104810
2400.708016
2309.193225
2223.664574
2136.877651
2048.318632
1966.684660
1886.439697
1807.150542
1732.248999
1658.755111
1590.728447
1526.247800
1461.069110
1393.954085
1334.682060
1277.261071
1218.830669
1167.344006
1120.075567
1072.299374
1028.768934
989.521270
945.405313
903.511313
861.314774
823.173999
785.221072
747.542914
709.857719
674.849785
642.801475
611.749257
584.387330
553.843919
523.054718
497.500542
471.673636
450.122376
426.827291
406.107381
385.032269
366.997542
348.768522
328.117655
311.007590
291.456078
275.120711
259.028796
245.328943
232.872110
219.270796
207.136878
195.402459
184.187094
173.144679
162.131345
153.439308
144.363176
135.959475
127.132148
119.267723
111.898836
104.160474
97.213665
91.402140
85.598917
80.004058
75.144651
70.713572
66.788003
62.302303
58.185326
53.965338
50.193436
46.795205
44.631692
41.957989
39.616470
37.129664
35.138751
32.181600
29.596570
27.333837
25.580411
24.096827
22.550404
21.007363
19.987261
18.588302
17.365692
16.495695
15.895753
15.290909
14.185746
13.405281
12.506075
11.649748
10.968666
10.137586
9.161570
8.554002
7.903490
6.997857
6.380421
5.694085
5.393363
5.206815
4.875393
4.373575
3.887106
3.524637
3.232626
2.955934
2.716483
2.277486
2.012617
1.794625
1.660937
1.543263
1.440122
1.322928
1.139501
1.032640
0.906254
0.797698
0.686899
0.627649
0.544901
0.503367
0.447500
0.357360
0.268055
0.201700
0.153467
0.115602
0.062222
0.063477
0.032334
0.013704
0.016581
0.007578
0.019564
0.019306
0.009102
0.001229
0.003159
0.000000
0.000000
0.000000
0.000000
0.000000
0.000000
0.000000
0.000000
0.000000
0.000000
0.000000
0.000000
0.000000
0.000000
0.000000
0.000000
0.000000
0.000000
0.000000
0.000000
0.000000
0.000000
0.000000
0.000000
0.000000
0.000000
0.000000
0.000000
0.000000
0.000000
0.000000
0.000000
0.000000
0.000000
0.000000
0.000000
0.000000
0.000000
0.000000
0.000000
0.000000
0.000000
0.000000
0.000000
0.000000
0.000000
0.000000
0.000000
0.000000
0.000000
0.000000
0.000000
0.000000
0.000000
0.000000
0.000000
0.000000
0.000000
0.000000
0.000000
0.000000
0.000000
0.000000
0.000000
0.000000
0.000000
0.000000
0.000000
0.000000
0.000000
0.000000
0.000000
0.000000
0.000000
0.000000
0.000000
0.000000
0.000000
0.000000
0.000000
0.000000
0.000000
0.000000
0.000000
0.000000
0.000000
0.000000
0.000000
0.000000
0.000000
0.000000
0.000000
0.000000
0.000000
0.000000
0.000000
0.000000
0.000000
0.000000
0.000000
0.000000
0.000000
0.000000
0.000000
0.000000
0.000000
0.000000
0.000000
0.000000
0.000000
0.000000
0.000000
0.000000
0.000000
0.000000
0.000000
0.000000
0.000000
0.000000
0.000000
0.000000
0.000000
0.000000
0.000000
0.000000
0.000000
0.000000
0.000000
0.000000
0.000000
0.000000
0.000000
0.000000
0.000000
0.000000
0.000000
0.000000
0.000000
0.000000
0.000000
0.000000
0.000000
0.000000
0.000000
0.000000
0.000000
0.000000
0.000000
0.000000
0.000000
0.000000
0.000000
0.000000
0.000000
0.000000
0.000000
0.000000
0.000000
0.000000
0.000000
0.000000
0.000000
0.000000
0.000000
0.000000
0.000000
0.000000
0.000000
0.000000
0.000000
0.000000
0.000000
0.000000
0.000000
0.000000
0.000000
0.000000
0.000000
0.000000
0.000000
0.000000
0.000000
0.000000
0.000000
0.000000
0.000000
0.000000
0.000000
0.000000
0.000000
0.000000
0.000000
0.000000
0.000000
0.000000
0.000000
0.000000
0.000000
0.000000
0.000000
0.000000
0.000000
0.000000
0.000000
0.000000
0.000000
0.000000
0.000000
0.000000
0.000000
0.000000
0.000000
0.000000
0.000000
0.000000
0.000000
0.000000
0.000000
0.000000
0.000000
0.000000
0.000000
0.000000
0.000000
0.000000
0.000000
0.000000
0.000000
0.000000
0.000000
0.000000
0.000000
0.000000
0.000000
0.000000
0.000000
0.000000
0.000000
0.000000
0.000000
0.000000
0.000000
0.000000
0.000000
0.000000
0.000000
0.000000
0.000000
0.000000
0.000000
0.000000
0.000000
0.000000
0.000000
0.000000
0.000000
0.000000
0.000000
0.000000
0.000000
0.000000
0.000000
0.000000
0.000000
0.000000
0.000000
0.000000
0.000000
0.000000
0.000000
0.000000
0.000000
0.000000
0.000000
0.000000
0.000000
0.000000
0.000000
0.000000
0.000000
0.000000
0.000000
0.000000
0.000000
0.000000
0.000000
0.000000
0.000000
0.000000
0.000000
0.000000
0.000000
0.000000
0.000000
0.000000
0.000000
0.000000
0.000000
0.000000
0.000000
0.000000
0.000000
0.000000
0.000000
0.000000
0.000000
0.000000
0.000000
0.000000
0.000000
0.000000
0.000000
0.000000
0.000000
0.000000
0.000000
0.000000
0.000000
0.000000
0.000000
0.000000
0.000000
0.000000
0.000000
0.000000
0.000000
0.000000
0.000000
0.000000
0.000000
0.000000
0.000000
0.000000
0.000000
0.000000
0.000000
0.000000
0.000000
0.000000
0.000000
0.000000
0.000000
0.000000
0.000000
0.000000
0.000000
0.000000
0.000000
0.000000
0.000000
0.000000
0.000000
0.000000
0.000000
0.000000
0.000000
0.000000
0.000000
0.000000
0.000000
0.000000
0.000000
0.000000
0.000000
0.000000
0.000000
0.000000
0.000000
0.000000
0.000000
0.000000
0.000000
0.000000
0.000000
0.000000
0.000000
0.000000
0.000000
0.000000
0.000000
0.000000
0.000000
0.000000
0.000000
0.000000
0.000000
0.000000
0.000000
0.000000
0.000000
0.000000
0.000000
0.000000
0.000000
0.000000
0.000000
0.000000
0.000000
0.000000
0.000000
0.000000
0.000000
0.000000
0.000000
0.000000
0.000000
0.000000
0.000000
0.000000
0.000000
0.000000
0.000000
0.000000
0.000000
0.000000
0.000000
0.000000
0.000000
0.000000
0.000000
0.000000
0.000000
0.000000
0.000000
0.000000
0.000000
0.000000
0.000000
0.000000
0.000000
0.000000
0.000000
0.000000
0.000000
0.000000
0.000000
0.000000
0.000000
0.000000
0.000000
0.000000
0.000000
0.000000
0.000000
0.000000
0.000000
0.000000
0.000000
0.000000
0.000000
0.000000
0.000000
0.000000
0.000000
0.000000
0.000000
0.000000
0.000000
0.000000
0.000000
0.000000
0.000000
0.000000
0.000000
0.000000
0.000000
0.000000
0.000000
0.000000
0.000000
0.000000
0.000000
0.000000
0.000000
0.000000
0.000000
0.000000
0.000000
0.000000
0.000000
0.000000
0.000000
0.000000
0.000000
0.000000
0.000000
0.000000
0.000000
0.000000
0.000000
0.000000
0.000000
0.000000
0.000000
0.000000
0.000000
0.000000
0.000000
0.000000
0.000000
0.000000
0.000000
0.000000
0.000000
0.000000
0.000000
0.000000
0.000000
0.000000
0.000000
0.000000
0.000000
0.000000
0.000000
0.000000
0.000000
0.000000
0.000000
0.000000
0.000000
0.000000
0.000000
0.000000
0.000000
0.000000
0.000000
0.000000
0.000000
0.000000
0.000000
0.000000
0.000000
0.000000
0.000000
0.000000
0.000000
0.000000
0.000000
0.000000
0.000000
0.000000
0.000000
0.000000
0.000000
0.000000
0.000000
0.000000
0.000000
0.000000
0.000000
0.000000
0.000000
0.000000
0.000000
