0.000000
0.000000
0.000000
0.000000
0.000000
0.000000
0.000000
0.000000
0.000000
0.000000
0.000000
0.000000
0.000000
0.000000
1.274452
4.016801
9.958518
16.510710
26.572973
44.903359
70.794648
101.987317
153.799397
217.785003
291.592475
388.775498
512.879213
704.508184
952.109155
1200.555404
1557.567705
1978.504809
2457.835102
2994.217470
3703.142341
4528.892701
5385.540302
6366.090433
7516.780747
8750.460469
10366.165682
11990.450879
13745.909945
15642.436107
17813.576256
19934.116175
22335.266739
24838.677962
27447.416937
30002.546630
32805.466595
35627.595210
38485.642674
41578.996921
44937.553576
48054.654487
51316.153156
54748.502818
58052.908070
61539.010846
64964.867466
68434.019246
71874.665917
75122.728159
78623.342181
81673.213200
84794.947218
87959.309698
91063.359717
93916.055192
96504.239314
99478.128216
101877.326216
104155.766959
106253.367939
108506.145201
110098.233410
111905.344718
113575.021651
115104.039799
116390.045057
117696.154933
118559.088502
119634.670234
120477.323834
121473.292628
122201.882016
122692.034102
122949.788163
123030.284547
123102.996150
122785.421332
122368.394994
122158.860504
121793.080370
121030.632167
120603.199118
119807.338202
119069.446990
118351.182137
117548.953524
116194.398318
115112.851518
113730.365216
112367.326144
111200.388503
109619.810785
108144.946568
106997.892881
105334.093619
103542.547081
102109.610997
100694.508557
98985.371060
97510.310465
95675.173390
93845.000751
92171.906746
90632.260449
89032.725904
87398.153323
85633.706675
83907.792760
82204.516083
80372.446938
78590.664498
76661.807322
74893.336210
73180.894775
71536.299593
69808.021941
68137.882933
66329.707581
64521.579227
62965.181018
61164.286383
59662.926992
58022.224743
56486.863735
54865.080181
53270.729752
51860.831307
50365.075048
49050.299202
47770.396710
46294.448708
44799.008031
43390.048003
42010.541571
40820.936060
39637.342959
38268.479711
37118.088507
36022.904278
34864.059275
33746.192738
32642.366039
31503.482924
30383.318155
29357.868025
28360.430470
27424.167604
26530.961026
25539.619923
24613.657323
23649.306079
22759.076003
21989.250864
21184.278081
20343.237082
19648.482453
18947.547935
18195.943723
17514.891088
16828.346876
16183.048692
15510.659298
14967.874002
14349.762463
13761.241780
13248.700729
12645.699679
12105.187909
11552.983564
11081.553425
10609.404154
10192.146567
9786.262211
9372.438933
8998.546952
8608.483414
8256.971756
7869.148490
7545.065721
7194.804624
6839.689792
6493.676923
6261.210719
5981.649776
5689.607942
5464.957307
5196.005447
4992.366895
4753.770092
4556.172599
4324.407845
4112.344512
3936.818004
3744.482463
3545.480973
3359.427341
3219.409611
3040.802272
2908.927613
2760.542824
2621.988923
2481.818432
2346.310888
2220.619049
2111.262566
2002.549111
1903.483137
1795.091894
1707.793498
1632.045476
1563.211841
1479.778749
1397.575523
1332.330559
1257.233492
1181.153975
1101.096948
1037.711771
980.233309
931.556573
880.212016
829.580522
784.077483
739.841384
707.195584
667.627319
628.000138
590.911168
561.764934
528.465288
496.790007
471.161540
445.161381
420.798720
390.757343
368.479679
341.171036
318.283506
296.151633
279.302588
259.627270
235.223378
218.316645
211.420490
203.301358
189.050439
178.300995
170.163005
154.103170
150.544125
144.755910
143.411057
137.161717
129.420670
124.012615
116.994644
111.581663
105.728811
98.807605
93.270328
86.392332
80.697545
75.456209
70.973353
66.504748
60.332616
55.943393
53.706080
46.734208
40.875635
36.553428
32.249195
29.667257
29.500859
29.133543
29.179740
27.662600
25.125192
23.243217
20.392534
17.928576
17.804205
17.459039
16.145263
14.300936
14.440058
12.146784
11.385846
10.824675
10.076137
9.844022
9.068367
8.079678
8.256027
5.998391
4.981437
5.393215
4.606746
4.364873
3.181620
3.014749
3.034605
2.488086
2.267800
2.495660
2.383005
2.503881
2.826474
3.258398
3.008339
3.797679
3.430562
3.539618
3.342611
3.380783
2.725546
2.490289
2.979831
2.355960
2.352401
2.213558
1.627920
1.325678
1.633390
1.448876
1.738334
1.859398
1.501495
1.453834
1.603836
1.736811
1.928723
1.440916
1.063151
0.790546
0.420298
0.471330
0.538417
0.484876
0.488346
0.647785
0.753091
0.589332
0.456056
0.328483
0.146210
0.297061
0.285534
0.107752
0.054228
0.002216
0.000000
0.000000
0.000000
0.000000
0.000000
0.000000
0.000000
0.000000
0.000000
0.000000
0.000000
0.000000
0.000000
0.000000
0.000000
0.000000
0.000000
0.000000
0.000000
0.000000
0.000000
0.000000
0.000000
0.000000
0.000000
0.000000
0.000000
0.000000
0.000000
0.000000
0.000000
0.000000
0.000000
0.000000
0.000000
0.000000
0.000000
0.000000
0.000000
0.000000
0.000000
0.000000
0.000000
0.000000
0.000000
0.000000
0.000000
0.000000
0.000000
0.000000
0.000000
0.000000
0.000000
0.000000
0.000000
0.000000
0.000000
0.000000
0.000000
0.000000
0.000000
0.000000
0.000000
0.000000
0.000000
0.000000
0.000000
0.000000
0.000000
0.000000
0.000000
0.000000
0.000000
0.000000
0.000000
0.000000
0.000000
0.000000
0.000000
0.000000
0.000000
0.000000
0.000000
0.000000
0.000000
0.000000
0.000000
0.000000
0.000000
0.000000
0.000000
0.000000
0.000000
0.000000
0.000000
0.000000
0.000000
0.000000
0.000000
0.000000
0.000000
0.000000
0.000000
0.000000
0.000000
0.000000
0.000000
0.000000
0.000000
0.000000
0.000000
0.000000
0.000000
0.000000
0.000000
0.000000
0.000000
0.000000
0.000000
0.000000
0.000000
0.000000
0.000000
0.000000
0.000000
0.000000
0.000000
0.000000
0.000000
0.000000
0.000000
0.000000
0.000000
0.000000
0.000000
0.000000
0.000000
0.000000
0.000000
0.000000
0.000000
0.000000
0.000000
0.000000
0.000000
0.000000
0.000000
0.000000
0.000000
0.000000
0.000000
0.000000
0.000000
0.000000
0.000000
0.000000
0.000000
0.000000
0.000000
0.000000
0.000000
0.000000
0.000000
0.000000
0.000000
0.000000
0.000000
0.000000
0.000000
0.000000
0.000000
0.000000
0.000000
0.000000
0.000000
0.000000
0.000000
0.000000
0.000000
0.000000
0.000000
0.000000
0.000000
0.000000
0.000000
0.000000
0.000000
0.000000
0.000000
0.000000
0.000000
0.000000
0.000000
0.000000
0.000000
0.000000
0.000000
0.000000
0.000000
0.000000
0.000000
0.000000
0.000000
0.000000
0.000000
0.000000
0.000000
0.000000
0.000000
0.000000
0.000000
0.000000
0.000000
0.000000
0.000000
0.000000
0.000000
0.000000
0.000000
0.000000
0.000000
0.000000
0.000000
0.000000
0.000000
0.000000
0.000000
0.000000
0.000000
0.000000
0.000000
0.000000
0.000000
0.000000
0.000000
0.000000
0.000000
0.000000
0.000000
0.000000
0.000000
0.000000
0.000000
0.000000
0.000000
0.000000
0.000000
0.000000
0.000000
0.000000
0.000000
0.000000
0.000000
0.000000
0.000000
0.000000
0.000000
0.000000
0.000000
0.000000
0.000000
0.000000
0.000000
0.000000
0.000000
0.000000
0.000000
0.000000
0.000000
0.000000
0.000000
0.000000
0.000000
0.000000
0.000000
0.000000
0.000000
0.000000
0.000000
0.000000
0.000000
0.000000
0.000000
0.000000
0.000000
0.000000
0.000000
0.000000
0.000000
0.000000
0.000000
0.000000
0.000000
0.000000
0.000000
0.000000
0.000000
0.000000
0.000000
0.000000
0.000000
0.000000
0.000000
0.000000
0.000000
0.000000
0.000000
0.000000
0.000000
0.000000
0.000000
0.000000
0.000000
0.000000
0.000000
0.000000
0.000000
0.000000
0.000000
0.000000
0.000000
0.000000
0.000000
0.000000
0.000000
0.000000
0.000000
0.000000
0.000000
0.000000
0.000000
0.000000
0.000000
0.000000
0.000000
0.000000
0.000000
0.000000
0.000000
0.000000
0.000000
0.000000
0.000000
0.000000
0.000000
0.000000
0.000000
0.000000
0.000000
0.000000
0.000000
0.000000
0.000000
0.000000
0.000000
0.000000
0.000000
0.000000
0.000000
0.000000
0.000000
0.000000
0.000000
0.000000
0.000000
0.000000
0.000000
0.000000
0.000000
0.000000
0.000000
0.000000
0.000000
0.000000
0.000000
0.000000
0.000000
0.000000
0.000000
0.000000
0.000000
0.000000
0.000000
0.000000
0.000000
0.000000
0.000000
0.000000
0.000000
0.000000
0.000000
0.000000
0.000000
0.000000
0.000000
0.000000
0.000000
0.000000
0.000000
0.000000
0.000000
0.000000
0.000000
0.000000
0.000000
0.000000
0.000000
0.000000
0.000000
0.000000
0.000000
0.000000
0.000000
0.000000
0.000000
0.000000
0.000000
0.000000
0.000000
0.000000
0.000000
0.000000
0.000000
0.000000
0.000000
0.000000
0.000000
0.000000
0.000000
0.000000
0.000000
0.000000
0.000000
0.000000
0.000000
0.000000
0.000000
0.000000
0.000000
0.000000
0.000000
0.000000
0.000000
0.000000
0.000000
0.000000
0.000000
0.000000
0.000000
0.000000
0.000000
0.000000
0.000000
0.000000
0.000000
0.000000
0.000000
0.000000
0.000000
0.000000
0.000000
0.000000
0.000000
0.000000
0.000000
0.000000
0.000000
0.000000
0.000000
0.000000
0.000000
0.000000
0.000000
0.000000
0.000000
0.000000
0.000000
0.000000
0.000000
0.000000
0.000000
0.000000
0.000000
0.000000
0.000000
0.000000
0.000000
0.000000
0.000000
0.000000
0.000000
0.000000
0.000000
0.000000
0.000000
0.000000
0.000000
0.000000
0.000000
0.000000
0.000000
0.000000
0.000000
0.000000
0.000000
0.000000
0.000000
0.000000
0.000000
0.000000
0.000000
0.000000
0.000000
0.000000
0.000000
0.000000
0.000000
0.000000
0.000000
0.000000
0.000000
0.000000
0.000000
0.000000
0.000000
0.000000
0.000000
0.000000
0.000000
0.000000
0.000000
0.000000
0.000000
0.000000
0.000000
0.000000
0.000000
0.000000
0.000000
0.000000
0.000000
0.000000
0.000000
0.000000
0.000000
0.000000
0.000000
0.000000
0.000000
0.000000
0.000000
0.000000
0.000000
0.000000
0.000000
0.000000
0.000000
0.000000
0.000000
0.000000
0.000000
0.000000
0.000000
0.000000
0.000000
0.000000
0.000000
0.000000
0.000000
0.000000
0.000000
0.000000
0.000000
0.000000
0.000000
0.000000
0.000000
0.000000
0.000000
0.000000
0.000000
0.000000
0.000000
0.000000
0.000000
0.000000
0.000000
0.000000
0.000000
0.000000
0.000000
0.000000
0.000000
0.000000
0.000000
0.000000
0.000000
0.000000
0.000000
0.000000
0.000000
0.000000
0.000000
0.000000
0.000000
0.000000
0.000000
0.000000
0.000000
0.000000
0.000000
0.000000
0.000000
0.000000
0.000000
0.000000
0.000000
0.000000
0.000000
0.000000
0.000000
0.000000
0.000000
0.000000
0.000000
0.000000
0.000000
0.000000
0.000000
0.000000
0.000000
0.000000
0.000000
0.000000
0.000000
