0.000000
0.000000
0.000000
0.000000
0.000000
0.000000
0.000000
0.000000
0.000000
0.000000
0.000000
1.232583
4.909131
10.374380
20.948303
42.606729
75.607871
125.629593
183.647147
273.164328
390.205887
558.890297
773.195458
1073.237998
1407.771116
1824.138974
2281.024681
2972.229209
3631.503000
4437.939714
5372.161724
6469.333228
7635.929312
8843.807388
10187.884938
11728.211144
13570.257583
15513.740580
17538.958590
19624.443319
21793.883821
24269.738385
26769.247511
29318.319277
32205.502878
35129.962779
38035.806633
40753.295679
43666.714596
46451.940423
49165.016138
52309.184926
55230.257566
58008.398530
60784.641514
63600.631692
66407.141820
69133.956814
71802.170363
74640.835607
76977.709400
79409.123959
81989.954143
84350.041404
86286.224728
88524.778423
90307.389278
92058.943446
93248.097127
94687.250706
95966.626010
97394.149273
98794.756041
99875.165154
100903.189710
101963.276690
102663.171090
103374.481446
103991.110231
104720.102002
105274.358396
105382.349414
105195.344855
105412.736948
105466.644896
105468.531867
105419.118555
105591.617457
105084.319701
104720.853887
104619.610816
104384.677759
103991.211602
103567.137545
103091.545700
102360.337833
101865.301856
101015.919582
100447.987646
99459.904412
98602.205900
97827.962974
96766.245107
95712.172950
94655.167301
93683.690181
92502.204269
91675.521317
90657.832283
89680.630494
88675.281522
87425.216244
86073.232465
84966.662668
83759.678655
82631.654294
81488.263329
80216.784931
78888.590270
77764.618227
76447.426131
75009.414389
73715.798445
72401.917518
71243.475379
70079.052150
68900.716389
67500.403262
66415.615821
64938.716566
63720.431677
62411.209905
61293.476550
60250.464513
59082.262899
57733.327611
56427.180880
55309.592618
54194.106070
53064.539164
51908.166223
50858.849715
49720.332194
48732.609437
47721.089120
46595.937368
45511.913378
44440.671536
43477.667947
42297.184074
41295.838726
40391.542224
39396.361799
38415.949288
37550.215744
36657.184055
35651.087024
34848.154429
34017.046306
33265.388484
32411.233140
31564.580533
30719.933120
29959.498593
29161.455332
28435.177809
27806.638624
27083.259160
26254.346314
25591.592682
24978.485866
24238.110961
23495.598021
22832.440142
22224.260706
21606.452310
21007.246089
20483.207191
19839.217081
19198.565913
18630.613018
18083.430152
17542.341595
17069.165620
16636.635320
16096.177463
15581.232001
15098.351877
14691.384942
14221.436887
13815.085764
13374.842966
12924.352466
12522.648018
12099.889208
11725.925831
11317.351093
10927.511485
10600.746506
10231.850122
9905.837707
9558.787060
9281.996143
8935.801490
8625.779771
8302.461033
7976.423216
7700.148272
7438.755618
7135.377261
6859.849072
6605.789681
6342.412631
6088.401727
5883.562200
5701.225821
5482.854381
5298.733283
5114.225812
4945.036896
4740.187863
4533.362850
4403.101031
4235.952674
4070.028781
3880.753370
3728.614422
3559.122448
3408.037149
3252.556425
3127.112582
3008.455044
2872.991511
2740.856807
2621.120454
2517.380213
2403.172047
2318.426265
2212.626006
2127.964017
2023.220523
1941.348449
1843.574005
1752.717459
1685.285548
1611.852374
1523.027285
1459.464880
1378.117076
1317.676788
1242.323254
1181.456030
1120.331765
1060.769875
1004.621626
970.335954
927.279599
886.273436
838.423925
803.725487
758.977660
711.515610
675.054942
648.960593
621.380846
583.690465
555.342858
517.955289
489.823215
466.635640
437.829595
405.363359
381.774347
356.935610
347.591531
335.514423
314.476061
301.664040
293.014783
289.364338
273.033536
254.414739
234.444344
225.972570
215.080092
205.767323
193.109889
185.240096
173.895549
160.472265
148.699818
146.273974
137.833267
127.973491
120.687752
114.694478
110.988112
100.708346
98.482942
94.948047
90.041401
84.554245
83.082731
81.565365
80.597905
75.018846
70.112137
65.596625
62.047281
58.394466
54.822294
55.154137
52.514830
48.203285
47.183363
43.474359
41.326260
40.996570
38.427110
37.758824
38.211247
37.258796
33.703449
31.707372
29.768548
25.027530
24.728657
22.494428
20.881836
19.430960
18.003279
16.817157
16.698872
16.493559
14.495139
13.952287
13.752484
11.808688
9.223877
7.759928
7.142940
5.771493
5.764542
4.831004
5.275659
4.223358
3.626617
2.925013
2.263649
1.434933
1.598511
1.178527
0.759767
0.853383
0.540094
0.402555
0.203738
0.162237
0.033689
0.110396
0.048381
0.127856
0.302736
0.331521
0.274653
0.302597
0.128787
0.354613
0.256653
0.046241
0.054582
0.000768
0.000000
0.000000
0.000000
0.000000
0.000000
0.000000
0.000000
0.000000
0.000000
0.000000
0.000000
0.000000
0.000000
0.000000
0.000000
0.000000
0.000000
0.000000
0.000000
0.000000
0.000000
0.000000
0.000000
0.000000
0.000000
0.000000
0.000000
0.000000
0.000000
0.000000
0.000000
0.000000
0.000000
0.000000
0.000000
0.000000
0.000000
0.000000
0.000000
0.000000
0.000000
0.000000
0.000000
0.000000
0.000000
0.000000
0.000000
0.000000
0.000000
0.000000
0.000000
0.000000
0.000000
0.000000
0.000000
0.000000
0.000000
0.000000
0.000000
0.000000
0.000000
0.000000
0.000000
0.000000
0.000000
0.000000
0.000000
0.000000
0.000000
0.000000
0.000000
0.000000
0.000000
0.000000
0.000000
0.000000
0.000000
0.000000
0.000000
0.000000
0.000000
0.000000
0.000000
0.000000
0.000000
0.000000
0.000000
0.000000
0.000000
0.000000
0.000000
0.000000
0.000000
0.000000
0.000000
0.000000
0.000000
0.000000
0.000000
0.000000
0.000000
0.000000
0.000000
0.000000
0.000000
0.000000
0.000000
0.000000
0.000000
0.000000
0.000000
0.000000
0.000000
0.000000
0.000000
0.000000
0.000000
0.000000
0.000000
0.000000
0.000000
0.000000
0.000000
0.000000
0.000000
0.000000
0.000000
0.000000
0.000000
0.000000
0.000000
0.000000
0.000000
0.000000
0.000000
0.000000
0.000000
0.000000
0.000000
0.000000
0.000000
0.000000
0.000000
0.000000
0.000000
0.000000
0.000000
0.000000
0.000000
0.000000
0.000000
0.000000
0.000000
0.000000
0.000000
0.000000
0.000000
0.000000
0.000000
0.000000
0.000000
0.000000
0.000000
0.000000
0.000000
0.000000
0.000000
0.000000
0.000000
0.000000
0.000000
0.000000
0.000000
0.000000
0.000000
0.000000
0.000000
0.000000
0.000000
0.000000
0.000000
0.000000
0.000000
0.000000
0.000000
0.000000
0.000000
0.000000
0.000000
0.000000
0.000000
0.000000
0.000000
0.000000
0.000000
0.000000
0.000000
0.000000
0.000000
0.000000
0.000000
0.000000
0.000000
0.000000
0.000000
0.000000
0.000000
0.000000
0.000000
0.000000
0.000000
0.000000
0.000000
0.000000
0.000000
0.000000
0.000000
0.000000
0.000000
0.000000
0.000000
0.000000
0.000000
0.000000
0.000000
0.000000
0.000000
0.000000
0.000000
0.000000
0.000000
0.000000
0.000000
0.000000
0.000000
0.000000
0.000000
0.000000
0.000000
0.000000
0.000000
0.000000
0.000000
0.000000
0.000000
0.000000
0.000000
0.000000
0.000000
0.000000
0.000000
0.000000
0.000000
0.000000
0.000000
0.000000
0.000000
0.000000
0.000000
0.000000
0.000000
0.000000
0.000000
0.000000
0.000000
0.000000
0.000000
0.000000
0.000000
0.000000
0.000000
0.000000
0.000000
0.000000
0.000000
0.000000
0.000000
0.000000
0.000000
0.000000
0.000000
0.000000
0.000000
0.000000
0.000000
0.000000
0.000000
0.000000
0.000000
0.000000
0.000000
0.000000
0.000000
0.000000
0.000000
0.000000
0.000000
0.000000
0.000000
0.000000
0.000000
0.000000
0.000000
0.000000
0.000000
0.000000
0.000000
0.000000
0.000000
0.000000
0.000000
0.000000
0.000000
0.000000
0.000000
0.000000
0.000000
0.000000
0.000000
0.000000
0.000000
0.000000
0.000000
0.000000
0.000000
0.000000
0.000000
0.000000
0.000000
0.000000
0.000000
0.000000
0.000000
0.000000
0.000000
0.000000
0.000000
0.000000
0.000000
0.000000
0.000000
0.000000
0.000000
0.000000
0.000000
0.000000
0.000000
0.000000
0.000000
0.000000
0.000000
0.000000
0.000000
0.000000
0.000000
0.000000
0.000000
0.000000
0.000000
0.000000
0.000000
0.000000
0.000000
0.000000
0.000000
0.000000
0.000000
0.000000
0.000000
0.000000
0.000000
0.000000
0.000000
0.000000
0.000000
0.000000
0.000000
0.000000
0.000000
0.000000
0.000000
0.000000
0.000000
0.000000
0.000000
0.000000
0.000000
0.000000
0.000000
0.000000
0.000000
0.000000
0.000000
0.000000
0.000000
0.000000
0.000000
0.000000
0.000000
0.000000
0.000000
0.000000
0.000000
0.000000
0.000000
0.000000
0.000000
0.000000
0.000000
0.000000
0.000000
0.000000
0.000000
0.000000
0.000000
0.000000
0.000000
0.000000
0.000000
0.000000
0.000000
0.000000
0.000000
0.000000
0.000000
0.000000
0.000000
0.000000
0.000000
0.000000
0.000000
0.000000
0.000000
0.000000
0.000000
0.000000
0.000000
0.000000
0.000000
0.000000
0.000000
0.000000
0.000000
0.000000
0.000000
0.000000
0.000000
0.000000
0.000000
0.000000
0.000000
0.000000
0.000000
0.000000
0.000000
0.000000
0.000000
0.000000
0.000000
0.000000
0.000000
0.000000
0.000000
0.000000
0.000000
0.000000
0.000000
0.000000
0.000000
0.000000
0.000000
0.000000
0.000000
0.000000
0.000000
0.000000
0.000000
0.000000
0.000000
0.000000
0.000000
0.000000
0.000000
0.000000
0.000000
0.000000
0.000000
0.000000
0.000000
0.000000
0.000000
0.000000
0.000000
0.000000
0.000000
0.000000
0.000000
0.000000
0.000000
0.000000
0.000000
0.000000
0.000000
0.000000
0.000000
0.000000
0.000000
0.000000
0.000000
0.000000
0.000000
0.000000
0.000000
0.000000
0.000000
0.000000
0.000000
0.000000
0.000000
0.000000
0.000000
0.000000
0.000000
0.000000
0.000000
0.000000
0.000000
0.000000
0.000000
0.000000
0.000000
0.000000
0.000000
0.000000
0.000000
0.000000
0.000000
0.000000
0.000000
0.000000
0.000000
0.000000
0.000000
0.000000
0.000000
0.000000
0.000000
0.000000
0.000000
0.000000
0.000000
0.000000
0.000000
0.000000
0.000000
0.000000
0.000000
0.000000
0.000000
0.000000
0.000000
0.000000
0.000000
0.000000
0.000000
0.000000
0.000000
0.000000
0.000000
0.000000
0.000000
0.000000
0.000000
0.000000
0.000000
0.000000
0.000000
0.000000
0.000000
0.000000
0.000000
0.000000
0.000000
0.000000
0.000000
0.000000
0.000000
0.000000
0.000000
0.000000
0.000000
0.000000
0.000000
0.000000
0.000000
0.000000
0.000000
0.000000
0.000000
0.000000
0.000000
0.000000
0.000000
0.000000
0.000000
0.000000
0.000000
0.000000
0.000000
0.000000
0.000000
0.000000
0.000000
0.000000
0.000000
0.000000
0.000000
0.000000
0.000000
0.000000
0.000000
0.000000
0.000000
0.000000
0.000000
0.000000
0.000000
0.000000
0.000000
