0.000000
0.000000
0.000000
0.082753
0.228515
0.651399
1.820204
4.423332
8.801180
17.202033
32.220916
56.261916
94.422962
150.586001
235.447338
353.212083
515.361314
731.174449
1007.383397
1359.145583
1807.229255
2345.162237
2994.414076
3764.618207
4666.251437
5704.656107
6885.547653
8230.098278
9725.607932
11394.627359
13216.283624
15177.447967
17283.279635
19515.005487
21907.515845
24402.358840
27007.055672
29694.884794
32453.990875
35306.727203
38218.264406
41192.865373
44159.259307
47140.953514
50119.431772
53097.361502
56024.200786
58957.737442
61803.194412
64596.077566
67344.107983
69971.698665
72519.808319
74990.067470
77396.657299
79676.822986
81868.532754
83965.539792
85927.147911
87768.879864
89511.249127
91120.866586
92648.580335
94033.778415
95301.961309
96476.351281
97533.990190
98493.882915
99355.297232
100086.758608
100711.795356
101252.024577
101706.429388
102081.378144
102348.301153
102530.398592
102622.540492
102696.219369
102660.535329
102538.151633
102356.584218
102134.975556
101833.713729
101491.022699
101118.101851
100685.577886
100196.623466
99667.046075
99101.466635
98478.268738
97808.133085
97146.050172
96447.523403
95678.690251
94907.242907
94103.780669
93319.079458
92471.550266
91615.760413
90723.146946
89834.809966
88883.459303
87940.191464
86986.306356
85993.461029
84992.728350
84009.398680
83011.842029
82007.352310
80976.339762
79924.696483
78872.464656
77826.166648
76758.675377
75700.039855
74632.168384
73562.721645
72486.659472
71432.377830
70370.720714
69298.748495
68226.611418
67164.386076
66098.118215
65028.393280
63945.581489
62903.023955
61840.366200
60775.260841
59704.255281
58648.071909
57594.279129
56564.983550
55522.899592
54497.709455
53487.497760
52477.747906
51483.420656
50478.070033
49489.220070
48499.341562
47520.353192
46547.229889
45574.238274
44623.587485
43677.215176
42725.526016
41794.004983
40881.854050
39970.765927
39063.166006
38178.584295
37295.832660
36421.879836
35568.863758
34718.380576
33860.522089
33022.843575
32203.177651
31393.488547
30596.303825
29804.780000
29022.493579
28247.776254
27484.177943
26734.468193
25992.030964
25267.087434
24546.820285
23836.584231
23146.134434
22467.946908
21797.551994
21141.737495
20500.671758
19872.470015
19256.556036
18647.770215
18065.834305
17481.117094
16917.199921
16365.442853
15822.752140
15299.583157
14783.024878
14286.357594
13793.163855
13311.727560
12844.700695
12382.842418
11940.115289
11506.077750
11088.751631
10677.245624
10278.604170
9891.786751
9514.101826
9148.921206
8794.570988
8449.418887
8109.566197
7787.725798
7468.990770
7164.917198
6870.089422
6589.435497
6310.509228
6039.871652
5781.904394
5531.002656
5292.723132
5059.500428
4833.903650
4615.831751
4407.968953
4205.274611
4013.507930
3829.784514
3651.704314
3473.809145
3308.785722
3149.391669
2997.742341
2853.218858
2711.585172
2579.742969
2450.755740
2328.606760
2208.442784
2097.069479
1989.504949
1886.704259
1789.861134
1693.779446
1604.800295
1518.926824
1438.294159
1358.638565
1284.935383
1213.311528
1145.844012
1082.921137
1021.462522
964.681451
910.667548
860.872615
809.891764
762.572872
716.038209
673.237557
633.231785
594.983819
558.893109
525.034575
493.127799
463.631596
436.478409
408.989770
383.863726
360.442123
336.303375
314.777435
294.899703
275.908145
258.328837
241.376710
225.324716
210.276213
196.162140
183.061530
170.999251
159.588406
148.568502
138.663737
129.158297
120.271574
111.886903
103.983701
96.846661
90.267863
83.609574
77.813059
72.300509
67.662846
62.873118
58.105382
53.966074
49.867336
46.180884
42.934273
39.633534
36.580832
33.394102
30.929107
28.572671
26.268493
24.350924
22.469904
20.787155
19.337121
17.977276
16.507944
15.225580
14.143995
12.853928
11.782188
10.916588
9.973664
9.217015
8.621804
7.931744
7.408763
6.844899
6.273035
5.822388
5.332302
4.923409
4.402425
3.979986
3.667071
3.351319
3.069574
2.861026
2.643133
2.391798
2.146353
1.936537
1.789048
1.688555
1.557852
1.417506
1.353304
1.215690
1.088839
0.980418
0.905107
0.845963
0.792863
0.722317
0.642964
0.528555
0.496582
0.429984
0.402027
0.380139
0.351633
0.321668
0.288067
0.246087
0.220867
0.185960
0.189107
0.171069
0.162669
0.152267
0.131189
0.113674
0.120429
0.108144
0.110893
0.101192
0.083564
0.071587
0.066981
0.058974
0.058583
0.056292
0.059720
0.053503
0.046721
0.043072
0.038367
0.033173
0.024125
0.019261
0.020438
0.020220
0.022898
0.019336
0.018184
0.012105
0.009348
0.009055
0.005804
0.007001
0.008817
0.009322
0.006707
0.004239
0.004262
0.003837
0.001029
0.000320
0.000093
0.000000
0.000000
0.000000
0.000000
0.000000
0.000000
0.000000
0.000000
0.000000
0.000000
0.000000
0.000000
0.000000
0.000000
0.000000
0.000000
0.000000
0.000000
0.000000
0.000000
0.000000
0.000000
0.000000
0.000000
0.000000
0.000000
0.000000
0.000000
0.000000
0.000000
0.000000
0.000000
0.000000
0.000000
0.000000
0.000000
0.000000
0.000000
0.000000
0.000000
0.000000
0.000000
0.000000
0.000000
0.000000
0.000000
0.000000
0.000000
0.000000
0.000000
0.000000
0.000000
0.000000
0.000000
0.000000
0.000000
0.000000
0.000000
0.000000
0.000000
0.000000
0.000000
0.000000
0.000000
0.000000
0.000000
0.000000
0.000000
0.000000
0.000000
0.000000
0.000000
0.000000
0.000000
0.000000
0.000000
0.000000
0.000000
0.000000
0.000000
0.000000
0.000000
0.000000
0.000000
0.000000
0.000000
0.000000
0.000000
0.000000
0.000000
0.000000
0.000000
0.000000
0.000000
0.000000
0.000000
0.000000
0.000000
0.000000
0.000000
0.000000
0.000000
0.000000
0.000000
0.000000
0.000000
0.000000
0.000000
0.000000
0.000000
0.000000
0.000000
0.000000
0.000000
0.000000
0.000000
0.000000
0.000000
0.000000
0.000000
0.000000
0.000000
0.000000
0.000000
0.000000
0.000000
0.000000
0.000000
0.000000
0.000000
0.000000
0.000000
0.000000
0.000000
0.000000
0.000000
0.000000
0.000000
0.000000
0.000000
0.000000
0.000000
0.000000
0.000000
0.000000
0.000000
0.000000
0.000000
0.000000
0.000000
0.000000
0.000000
0.000000
0.000000
0.000000
0.000000
0.000000
0.000000
0.000000
0.000000
0.000000
0.000000
0.000000
0.000000
0.000000
0.000000
0.000000
0.000000
0.000000
0.000000
0.000000
0.000000
0.000000
0.000000
0.000000
0.000000
0.000000
0.000000
0.000000
0.000000
0.000000
0.000000
0.000000
0.000000
0.000000
0.000000
0.000000
0.000000
0.000000
0.000000
0.000000
0.000000
0.000000
0.000000
0.000000
0.000000
0.000000
0.000000
0.000000
0.000000
0.000000
0.000000
0.000000
0.000000
0.000000
0.000000
0.000000
0.000000
0.000000
0.000000
0.000000
0.000000
0.000000
0.000000
0.000000
0.000000
0.000000
0.000000
0.000000
0.000000
0.000000
0.000000
0.000000
0.000000
0.000000
0.000000
0.000000
0.000000
0.000000
0.000000
0.000000
0.000000
0.000000
0.000000
0.000000
0.000000
0.000000
0.000000
0.000000
0.000000
0.000000
0.000000
0.000000
0.000000
0.000000
0.000000
0.000000
0.000000
0.000000
0.000000
0.000000
0.000000
0.000000
0.000000
0.000000
0.000000
0.000000
0.000000
0.000000
0.000000
0.000000
0.000000
0.000000
0.000000
0.000000
0.000000
0.000000
0.000000
0.000000
0.000000
0.000000
0.000000
0.000000
0.000000
0.000000
0.000000
0.000000
0.000000
0.000000
0.000000
0.000000
0.000000
0.000000
0.000000
0.000000
0.000000
0.000000
0.000000
0.000000
0.000000
0.000000
0.000000
0.000000
0.000000
0.000000
0.000000
0.000000
0.000000
0.000000
0.000000
0.000000
0.000000
0.000000
0.000000
0.000000
0.000000
0.000000
0.000000
0.000000
0.000000
0.000000
0.000000
0.000000
0.000000
0.000000
0.000000
0.000000
0.000000
0.000000
0.000000
0.000000
0.000000
0.000000
0.000000
0.000000
0.000000
0.000000
0.000000
0.000000
0.000000
0.000000
0.000000
0.000000
0.000000
0.000000
0.000000
0.000000
0.000000
0.000000
0.000000
0.000000
0.000000
0.000000
0.000000
0.000000
0.000000
0.000000
0.000000
0.000000
0.000000
0.000000
0.000000
0.000000
0.000000
0.000000
0.000000
0.000000
0.000000
0.000000
0.000000
0.000000
0.000000
0.000000
0.000000
0.000000
0.000000
0.000000
0.000000
0.000000
0.000000
0.000000
0.000000
0.000000
0.000000
0.000000
0.000000
0.000000
0.000000
0.000000
0.000000
0.000000
0.000000
0.000000
0.000000
0.000000
0.000000
0.000000
0.000000
0.000000
0.000000
0.000000
0.000000
0.000000
0.000000
0.000000
0.000000
0.000000
0.000000
0.000000
0.000000
0.000000
0.000000
0.000000
0.000000
0.000000
0.000000
0.000000
0.000000
0.000000
0.000000
0.000000
0.000000
0.000000
0.000000
0.000000
0.000000
0.000000
0.000000
0.000000
0.000000
0.000000
0.000000
0.000000
0.000000
0.000000
0.000000
0.000000
0.000000
0.000000
0.000000
0.000000
0.000000
0.000000
0.000000
0.000000
0.000000
0.000000
0.000000
0.000000
0.000000
0.000000
0.000000
0.000000
0.000000
0.000000
0.000000
0.000000
0.000000
0.000000
0.000000
0.000000
0.000000
0.000000
0.000000
0.000000
0.000000
0.000000
0.000000
0.000000
0.000000
0.000000
0.000000
0.000000
0.000000
0.000000
0.000000
0.000000
0.000000
0.000000
0.000000
0.000000
0.000000
0.000000
0.000000
0.000000
0.000000
0.000000
0.000000
0.000000
0.000000
0.000000
0.000000
0.000000
0.000000
0.000000
0.000000
0.000000
0.000000
0.000000
0.000000
0.000000
0.000000
0.000000
0.000000
0.000000
0.000000
0.000000
0.000000
0.000000
0.000000
0.000000
0.000000
0.000000
0.000000
0.000000
0.000000
0.000000
0.000000
0.000000
0.000000
0.000000
0.000000
0.000000
0.000000
0.000000
0.000000
0.000000
0.000000
0.000000
0.000000
0.000000
0.000000
0.000000
0.000000
0.000000
0.000000
0.000000
0.000000
0.000000
0.000000
0.000000
0.000000
0.000000
0.000000
0.000000
0.000000
0.000000
0.000000
0.000000
0.000000
0.000000
0.000000
0.000000
0.000000
0.000000
0.000000
0.000000
0.000000
0.000000
0.000000
0.000000
0.000000
0.000000
0.000000
0.000000
0.000000
0.000000
0.000000
0.000000
0.000000
0.000000
0.000000
0.000000
0.000000
0.000000
0.000000
0.000000
0.000000
0.000000
0.000000
0.000000
0.000000
0.000000
0.000000
0.000000
0.000000
0.000000
0.000000
0.000000
0.000000
0.000000
0.000000
0.000000
0.000000
0.000000
0.000000
0.000000
0.000000
0.000000
0.000000
0.000000
0.000000
0.000000
0.000000
0.000000
0.000000
0.000000
0.000000
0.000000
0.000000
0.000000
0.000000
0.000000
0.000000
0.000000
0.000000
0.000000
