0.000000
0.000000
0.000000
0.000000
0.000000
0.000000
0.000000
0.000000
0.000000
0.000000
0.000000
0.000000
0.000000
0.000000
0.000000
0.000000
0.000000
0.000000
0.000000
0.000000
0.000000
0.000000
0.000000
0.000000
0.000000
0.000000
0.000000
0.000000
0.030817
0.073941
0.065990
0.097076
0.196070
0.285536
0.522877
0.805139
1.379336
1.906474
2.767360
4.835651
8.222387
13.708480
21.470831
34.039164
52.202284
76.952713
113.718302
164.293972
239.069828
339.415405
474.385482
658.971642
891.937337
1213.853685
1619.005806
2133.757086
2778.140329
3596.863977
4598.779974
5811.417798
7308.190515
9076.855157
11182.267848
13639.595895
16480.472132
19766.055946
23539.414781
27783.668829
32546.904768
37873.480547
43726.053162
50127.389345
57063.345721
64596.271934
72584.080241
81073.724005
90048.216696
99370.446154
108953.049515
118816.688802
128821.564938
138973.279090
149106.060367
159169.282967
169120.122717
178778.637307
188116.494973
196823.202191
205200.507595
212925.216230
219956.607262
226290.243056
231708.991364
236317.109870
239954.836563
242736.511062
244606.779027
245586.612471
245623.480709
244719.212771
242904.752840
240312.714286
236782.882868
232642.318622
227759.103875
222249.944021
216077.105476
209439.063680
202360.995629
194940.773828
187177.885692
179091.476963
170938.367225
162614.579945
154209.131102
145805.873554
137504.126395
129271.287185
121173.439680
113224.046501
105564.783001
98124.230097
90969.653600
84099.825280
77486.051590
71260.268005
65280.510000
59687.781759
54449.339604
49509.872063
44916.310898
40602.166276
36628.178991
32977.561485
29573.737988
26475.404269
23629.197148
21048.871770
18690.535729
16557.287812
14634.109582
12887.432012
11332.262222
9941.696872
8694.330288
7595.662222
6610.458210
5741.529401
4971.460219
4292.275209
3700.247473
3179.178943
2719.581858
2329.637590
1982.911960
1690.291468
1431.581234
1211.791076
1024.154939
863.277629
721.847146
606.068959
507.873832
421.998706
350.678547
290.313236
240.122421
198.453949
163.381234
134.417415
109.717494
89.333572
73.348790
59.430099
48.061742
38.980909
31.487647
24.933883
20.198855
16.286529
13.101887
10.731519
8.357795
6.690986
5.154984
4.175001
3.311781
2.562688
2.000613
1.627226
1.318545
1.049919
0.782836
0.618962
0.507011
0.370846
0.271993
0.224020
0.156619
0.118350
0.105787
0.059027
0.065927
0.049950
0.042078
0.035022
0.038237
0.036075
0.035900
0.020099
0.021359
0.009801
0.002099
0.002017
0.001295
0.001584
0.001076
0.000000
0.000000
0.000000
0.000000
0.000000
0.000000
0.000000
0.000000
0.000000
0.000000
0.000000
0.000000
0.000000
0.000000
0.000000
0.000000
0.000000
0.000000
0.000000
0.000000
0.000000
0.000000
0.000000
0.000000
0.000000
0.000000
0.000000
0.000000
0.000000
0.000000
0.000000
0.000000
0.000000
0.000000
0.000000
0.000000
0.000000
0.000000
0.000000
0.000000
0.000000
0.000000
0.000000
0.000000
0.000000
0.000000
0.000000
0.000000
0.000000
0.000000
0.000000
0.000000
0.000000
0.000000
0.000000
0.000000
0.000000
0.000000
0.000000
0.000000
0.000000
0.000000
0.000000
0.000000
0.000000
0.000000
0.000000
0.000000
0.000000
0.000000
0.000000
0.000000
0.000000
0.000000
0.000000
0.000000
0.000000
0.000000
0.000000
0.000000
0.000000
0.000000
0.000000
0.000000
0.000000
0.000000
0.000000
0.000000
0.000000
0.000000
0.000000
0.000000
0.000000
0.000000
0.000000
0.000000
0.000000
0.000000
0.000000
0.000000
0.000000
0.000000
0.000000
0.000000
0.000000
0.000000
0.000000
0.000000
0.000000
0.000000
0.000000
0.000000
0.000000
0.000000
0.000000
0.000000
0.000000
0.000000
0.000000
0.000000
0.000000
0.000000
0.000000
0.000000
0.000000
0.000000
0.000000
0.000000
0.000000
0.000000
0.000000
0.000000
0.000000
0.000000
0.000000
0.000000
0.000000
0.000000
0.000000
0.000000
0.000000
0.000000
0.000000
0.000000
0.000000
0.000000
0.000000
0.000000
0.000000
0.000000
0.000000
0.000000
0.000000
0.000000
0.000000
0.000000
0.000000
0.000000
0.000000
0.000000
0.000000
0.000000
0.000000
0.000000
0.000000
0.000000
0.000000
0.000000
0.000000
0.000000
0.000000
0.000000
0.000000
0.000000
0.000000
0.000000
0.000000
0.000000
0.000000
0.000000
0.000000
0.000000
0.000000
0.000000
0.000000
0.000000
0.000000
0.000000
0.000000
0.000000
0.000000
0.000000
0.000000
0.000000
0.000000
0.000000
0.000000
0.000000
0.000000
0.000000
0.000000
0.000000
0.000000
0.000000
0.000000
0.000000
0.000000
0.000000
0.000000
0.000000
0.000000
0.000000
0.000000
0.000000
0.000000
0.000000
0.000000
0.000000
0.000000
0.000000
0.000000
0.000000
0.000000
0.000000
0.000000
0.000000
0.000000
0.000000
0.000000
0.000000
0.000000
0.000000
0.000000
0.000000
0.000000
0.000000
0.000000
0.000000
0.000000
0.000000
0.000000
0.000000
0.000000
0.000000
0.000000
0.000000
0.000000
0.000000
0.000000
0.000000
0.000000
0.000000
0.000000
0.000000
0.000000
0.000000
0.000000
0.000000
0.000000
0.000000
0.000000
0.000000
0.000000
0.000000
0.000000
0.000000
0.000000
0.000000
0.000000
0.000000
0.000000
0.000000
0.000000
0.000000
0.000000
0.000000
0.000000
0.000000
0.000000
0.000000
0.000000
0.000000
0.000000
0.000000
