0.000000
0.000000
0.000000
0.000000
0.000000
0.042504
0.168508
0.983490
2.983110
7.229283
14.979405
25.411700
41.519434
71.466520
110.872019
173.415018
261.171159
368.680981
524.133095
727.987161
1004.066220
1346.005840
1772.647565
2290.443825
2891.504361
3621.867493
4456.964002
5409.307969
6476.131654
7702.049232
9086.678738
10607.640994
12312.878050
14089.816214
16044.633037
18140.472788
20345.705981
22691.167079
25181.045139
27755.030740
30327.612146
33011.934950
35720.723857
38515.571827
41364.661835
44292.246173
47103.743434
50068.053719
53006.969751
55890.037210
58803.519167
61704.425169
64542.098505
67244.395372
69849.614678
72495.983585
75034.276479
77444.863996
79758.497424
82050.260061
84177.346410
86221.325470
88244.041638
90071.264077
91809.308307
93402.739737
94933.860873
96337.460373
97611.158712
98760.198463
99830.205078
100865.399690
101804.857143
102661.450132
103443.102093
104203.293228
104762.324227
105212.478378
105578.913902
105766.621626
105926.045216
106001.500072
105980.316577
105880.420466
105676.322470
105409.261552
105115.576477
104722.254682
104216.206359
103744.720727
103178.729023
102589.666534
101935.232072
101337.630103
100633.289407
99937.248274
99107.907845
98193.073369
97328.292478
96396.999921
95405.060546
94428.057991
93417.448156
92455.545954
91414.138043
90325.702134
89297.748963
88130.619979
87034.453175
85900.052382
84766.682208
83622.725516
82429.206923
81192.565814
80003.883341
78768.147273
77615.413828
76423.756648
75312.239311
74079.713249
72794.258177
71516.699908
70247.729876
69038.505862
67824.866515
66602.008295
65347.105354
64166.358438
63044.958912
61884.561530
60678.561386
59567.629799
58410.899228
57250.301859
56125.584991
54970.123392
53843.017549
52706.935385
51600.563802
50499.800003
49480.547482
48331.687819
47269.345040
46239.405777
45198.423714
44203.438756
43208.878176
42215.205685
41258.189188
40212.846795
39290.659422
38356.194176
37400.820770
36501.670283
35570.546201
34675.737047
33806.616466
32958.591473
32125.117675
31285.009194
30468.553164
29650.756360
28832.628810
28054.974489
27299.640633
26568.145330
25802.985878
25053.523784
24375.098107
23672.303116
23009.550455
22319.269183
21664.147857
21008.064156
20393.506337
19751.601137
19161.260223
18574.860395
17984.352049
17410.986186
16838.714653
16273.797047
15736.505764
15228.166190
14712.949400
14221.258645
13741.750654
13285.475138
12850.379718
12408.022094
11981.251693
11573.572488
11165.266152
10762.531720
10361.421623
9995.166110
9621.522265
9276.105636
8922.813342
8593.281830
8252.355760
7929.327725
7635.257279
7338.988545
7066.503334
6785.629972
6520.919173
6272.661382
6018.948809
5768.349292
5530.981973
5301.508964
5087.253621
4875.193029
4657.435658
4470.646530
4288.231449
4098.515436
3911.741988
3746.597262
3576.717883
3419.717867
3268.013014
3119.370051
2980.809139
2848.973034
2726.002910
2607.612262
2486.063707
2367.131762
2255.955947
2157.389074
2061.474001
1965.138303
1873.997039
1785.074832
1701.185613
1613.609143
1531.125406
1457.390218
1388.518670
1318.958691
1251.051463
1196.172074
1134.052696
1079.487505
1025.386866
969.774219
920.701238
873.906604
824.683676
781.387759
742.192984
705.769244
669.166658
630.322071
595.817103
561.541238
527.669205
497.190777
473.381103
443.194648
417.245235
392.557939
371.519803
353.262922
335.060896
314.170018
295.827479
278.477916
260.481531
245.502882
229.980606
215.294904
204.088228
194.541193
183.517028
174.373420
163.089196
153.484627
143.613808
136.341403
126.119593
118.120018
109.757667
102.316392
94.370047
87.495783
82.417029
76.738916
71.300065
66.967310
62.574661
58.554446
54.681781
50.816291
47.253971
44.633574
42.123088
39.523852
36.957373
34.289756
31.936127
30.372163
26.995946
25.019701
23.448502
22.022020
20.702330
19.552605
17.841468
16.678821
15.084640
14.100412
13.214608
11.809314
11.504369
10.205134
9.565687
8.485543
7.939868
7.424073
6.759722
6.293290
5.931519
5.365032
5.129955
4.873506
4.458224
3.884189
3.455775
3.318587
3.062883
2.907110
2.894441
2.781024
2.315738
2.123082
2.064491
2.012562
1.834396
1.717917
1.465708
1.254721
1.058765
1.063144
1.038820
0.848111
0.670803
0.504575
0.431201
0.386218
0.336017
0.282985
0.190418
0.116457
0.142759
0.085994
0.045677
0.052822
0.011004
0.004462
0.000000
0.000000
0.000000
0.000000
0.000000
0.000000
0.000000
0.000000
0.000000
0.000000
0.000000
0.000000
0.000000
0.000000
0.000000
0.000000
0.000000
0.000000
0.000000
0.000000
0.000000
0.000000
0.000000
0.000000
0.000000
0.000000
0.000000
0.000000
0.000000
0.000000
0.000000
0.000000
0.000000
0.000000
0.000000
0.000000
0.000000
0.000000
0.000000
0.000000
0.000000
0.000000
0.000000
0.000000
0.000000
0.000000
0.000000
0.000000
0.000000
0.000000
0.000000
0.000000
0.000000
0.000000
0.000000
0.000000
0.000000
0.000000
0.000000
0.000000
0.000000
0.000000
0.000000
0.000000
0.000000
0.000000
0.000000
0.000000
0.000000
0.000000
0.000000
0.000000
0.000000
0.000000
0.000000
0.000000
0.000000
0.000000
0.000000
0.000000
0.000000
0.000000
0.000000
0.000000
0.000000
0.000000
0.000000
0.000000
0.000000
0.000000
0.000000
0.000000
0.000000
0.000000
0.000000
0.000000
0.000000
0.000000
0.000000
0.000000
0.000000
0.000000
0.000000
0.000000
0.000000
0.000000
0.000000
0.000000
0.000000
0.000000
0.000000
0.000000
0.000000
0.000000
0.000000
0.000000
0.000000
0.000000
0.000000
0.000000
0.000000
0.000000
0.000000
0.000000
0.000000
0.000000
0.000000
0.000000
0.000000
0.000000
0.000000
0.000000
0.000000
0.000000
0.000000
0.000000
0.000000
0.000000
0.000000
0.000000
0.000000
0.000000
0.000000
0.000000
0.000000
0.000000
0.000000
0.000000
0.000000
0.000000
0.000000
0.000000
0.000000
0.000000
0.000000
0.000000
0.000000
0.000000
0.000000
0.000000
0.000000
0.000000
0.000000
0.000000
0.000000
0.000000
0.000000
0.000000
0.000000
0.000000
0.000000
0.000000
0.000000
0.000000
0.000000
0.000000
0.000000
0.000000
0.000000
0.000000
0.000000
0.000000
0.000000
0.000000
0.000000
0.000000
0.000000
0.000000
0.000000
0.000000
0.000000
0.000000
0.000000
0.000000
0.000000
0.000000
0.000000
0.000000
0.000000
0.000000
0.000000
0.000000
0.000000
0.000000
0.000000
0.000000
0.000000
0.000000
0.000000
0.000000
0.000000
0.000000
0.000000
0.000000
0.000000
0.000000
0.000000
0.000000
0.000000
0.000000
0.000000
0.000000
0.000000
0.000000
0.000000
0.000000
0.000000
0.000000
0.000000
0.000000
0.000000
0.000000
0.000000
0.000000
0.000000
0.000000
0.000000
0.000000
0.000000
0.000000
0.000000
0.000000
0.000000
0.000000
0.000000
0.000000
0.000000
0.000000
0.000000
0.000000
0.000000
0.000000
0.000000
0.000000
0.000000
0.000000
0.000000
0.000000
0.000000
0.000000
0.000000
0.000000
0.000000
0.000000
0.000000
0.000000
0.000000
0.000000
0.000000
0.000000
0.000000
0.000000
0.000000
0.000000
0.000000
0.000000
0.000000
0.000000
0.000000
0.000000
0.000000
0.000000
0.000000
0.000000
0.000000
0.000000
0.000000
0.000000
0.000000
0.000000
0.000000
0.000000
0.000000
0.000000
0.000000
0.000000
0.000000
0.000000
0.000000
0.000000
0.000000
0.000000
0.000000
0.000000
0.000000
0.000000
0.000000
0.000000
0.000000
0.000000
0.000000
0.000000
0.000000
0.000000
0.000000
0.000000
0.000000
0.000000
0.000000
0.000000
0.000000
0.000000
0.000000
0.000000
0.000000
0.000000
0.000000
0.000000
0.000000
0.000000
0.000000
0.000000
0.000000
0.000000
0.000000
0.000000
0.000000
0.000000
0.000000
0.000000
0.000000
0.000000
0.000000
0.000000
0.000000
0.000000
0.000000
0.000000
0.000000
0.000000
0.000000
0.000000
0.000000
0.000000
0.000000
0.000000
0.000000
0.000000
0.000000
0.000000
0.000000
0.000000
0.000000
0.000000
0.000000
0.000000
0.000000
0.000000
0.000000
0.000000
0.000000
0.000000
0.000000
0.000000
0.000000
0.000000
0.000000
0.000000
0.000000
0.000000
0.000000
0.000000
0.000000
0.000000
0.000000
0.000000
0.000000
0.000000
0.000000
0.000000
0.000000
0.000000
0.000000
0.000000
0.000000
0.000000
0.000000
0.000000
0.000000
0.000000
0.000000
0.000000
0.000000
0.000000
0.000000
0.000000
0.000000
0.000000
0.000000
0.000000
0.000000
0.000000
0.000000
0.000000
0.000000
0.000000
0.000000
0.000000
0.000000
0.000000
0.000000
0.000000
0.000000
0.000000
0.000000
0.000000
0.000000
0.000000
0.000000
0.000000
0.000000
0.000000
0.000000
0.000000
0.000000
0.000000
0.000000
0.000000
0.000000
0.000000
0.000000
0.000000
0.000000
0.000000
0.000000
0.000000
0.000000
0.000000
0.000000
0.000000
0.000000
0.000000
0.000000
0.000000
0.000000
0.000000
0.000000
0.000000
0.000000
0.000000
0.000000
0.000000
0.000000
0.000000
0.000000
0.000000
0.000000
0.000000
0.000000
0.000000
0.000000
0.000000
0.000000
0.000000
0.000000
0.000000
0.000000
0.000000
0.000000
0.000000
0.000000
0.000000
0.000000
0.000000
0.000000
0.000000
0.000000
0.000000
0.000000
0.000000
0.000000
0.000000
0.000000
0.000000
0.000000
0.000000
0.000000
0.000000
0.000000
0.000000
0.000000
0.000000
0.000000
0.000000
0.000000
0.000000
0.000000
0.000000
0.000000
0.000000
0.000000
0.000000
0.000000
0.000000
0.000000
0.000000
0.000000
0.000000
0.000000
0.000000
0.000000
0.000000
0.000000
0.000000
0.000000
0.000000
0.000000
0.000000
0.000000
0.000000
0.000000
0.000000
0.000000
0.000000
0.000000
0.000000
0.000000
0.000000
0.000000
0.000000
0.000000
0.000000
0.000000
0.000000
0.000000
0.000000
0.000000
0.000000
0.000000
0.000000
0.000000
0.000000
0.000000
0.000000
0.000000
0.000000
0.000000
0.000000
0.000000
0.000000
0.000000
0.000000
0.000000
0.000000
0.000000
0.000000
0.000000
0.000000
0.000000
0.000000
0.000000
0.000000
0.000000
0.000000
0.000000
0.000000
0.000000
0.000000
0.000000
0.000000
0.000000
0.000000
0.000000
0.000000
0.000000
0.000000
0.000000
0.000000
0.000000
0.000000
0.000000
0.000000
0.000000
0.000000
0.000000
0.000000
0.000000
0.000000
0.000000
0.000000
0.000000
0.000000
0.000000
0.000000
0.000000
0.000000
0.000000
0.000000
0.000000
0.000000
0.000000
0.000000
0.000000
0.000000
0.000000
0.000000
0.000000
0.000000
0.000000
0.000000
0.000000
0.000000
0.000000
0.000000
0.000000
0.000000
0.000000
0.000000
0.000000
0.000000
0.000000
0.000000
0.000000
0.000000
0.000000
0.000000
0.000000
0.000000
0.000000
