0.000000
0.121100
0.283715
1.121711
6.364158
15.432660
31.709489
63.578939
117.841110
209.607808
357.469457
570.581417
865.211837
1294.644367
1820.801089
2518.783422
3425.252483
4507.877510
5822.573686
7369.150593
9131.223208
11175.429844
13404.669913
15863.076467
18516.746945
21382.503158
24386.798822
27528.217326
30757.635536
34143.335615
37565.706860
40954.427555
44377.652492
47777.199283
51189.093024
54515.630850
57723.108282
60853.470171
63801.018401
66596.299364
69264.650379
71709.139563
74168.888438
76363.938221
78393.104654
80368.337063
82149.662944
83713.822866
85150.392143
86376.952685
87480.219200
88328.918926
89140.246954
89786.504345
90260.172005
90706.087527
91011.930547
91315.873828
91418.458432
91437.889281
91318.743091
91166.025182
90970.079216
90691.278513
90312.404944
89911.943821
89462.665211
88994.499390
88412.918957
87891.963204
87360.884761
86832.798736
86143.915607
85425.558177
84645.414888
83904.665646
83225.206856
82415.031760
81731.263051
80948.376696
80154.699390
79309.981042
78572.453968
77780.760171
77044.937881
76267.052056
75452.987588
74725.689740
73908.817117
73143.168906
72405.872512
71636.830884
70881.782941
70174.195804
69463.316445
68744.339438
68083.181456
67381.112853
66736.416176
66073.660497
65384.865919
64718.299189
64044.819163
63341.891678
62665.248362
62009.808414
61378.365982
60719.640328
60084.177403
59493.357591
58961.659128
58353.352122
57793.570207
57221.800244
56632.117086
56095.729936
55495.968463
54920.741082
54354.217009
53778.875325
53255.763873
52715.087990
52175.519262
51605.081976
51072.523135
50534.756645
49998.908037
49447.310764
48904.199411
48393.937045
47876.641345
47355.526420
46829.019331
46359.616572
45856.614365
45329.316026
44816.081215
44225.556224
43679.454124
43164.065561
42630.158100
42084.510071
41549.669166
40995.150274
40527.652087
39992.276082
39506.424277
38992.792328
38507.031140
38016.894344
37523.920304
37041.977635
36525.985176
36039.126160
35599.992205
35079.936032
34594.577271
34077.032588
33543.549622
33029.792508
32534.628533
32048.697197
31588.213421
31137.947914
30674.844852
30198.409749
29691.841326
29194.629757
28709.608553
28277.037286
27830.575262
27377.876153
26908.602428
26416.872183
25949.663028
25501.463601
25050.538059
24584.514975
24143.223880
23692.978378
23247.396665
22792.703360
22331.064606
21886.586315
21445.691185
21030.944553
20633.555447
20227.134733
19810.992012
19417.930653
19022.120613
18609.607720
18210.365674
17826.747769
17437.686171
17063.364302
16684.716470
16325.574165
15952.564423
15578.217333
15208.630054
14857.212644
14512.210487
14167.704814
13822.912773
13472.505434
13141.419799
12810.870558
12479.701886
12166.988998
11840.901753
11532.351330
11236.729240
10936.178494
10615.040702
10340.804934
10065.272195
9789.145850
9532.456602
9276.313833
9018.535795
8767.891798
8517.323219
8275.483821
8041.182010
7790.624397
7566.903502
7342.389223
7115.106019
6901.571598
6677.298889
6461.476167
6257.285303
6072.026294
5873.340238
5686.285878
5497.852655
5316.434715
5148.359510
4971.932048
4805.821824
4646.151350
4486.682368
4333.828618
4184.212050
4037.067085
3899.649219
3747.413600
3604.026410
3470.612658
3358.031508
3228.220408
3108.571025
2992.765330
2875.493988
2771.852427
2661.123410
2555.236177
2452.873702
2357.550540
2260.767879
2171.313561
2086.243045
1999.270152
1921.082571
1842.183801
1765.309591
1689.453581
1614.334031
1543.487897
1478.080162
1414.904385
1353.507971
1290.608233
1230.412620
1176.076907
1119.372096
1066.654054
1014.746756
967.897793
917.996401
875.955082
835.019263
794.138756
759.769188
726.193985
690.571149
656.365025
622.277439
593.481379
563.633807
534.123259
508.008219
481.770107
457.796061
435.274347
411.240311
389.553834
369.326208
348.111052
330.530091
311.379332
294.399484
276.246300
259.035194
246.258729
231.553102
218.184650
205.403821
192.711299
182.963520
172.376997
162.182208
151.367535
143.070018
136.027681
127.742157
120.530657
112.960639
105.562811
99.621196
92.873118
87.074943
82.766684
77.082397
72.631880
67.979943
62.927303
56.996097
53.437302
50.306989
47.841195
45.256858
42.242241
39.959764
37.742344
35.886156
33.819895
31.455279
29.356545
27.692595
26.026201
23.905105
22.141002
19.915608
18.550229
17.026187
15.673212
14.357483
13.565410
12.572584
11.431067
10.613851
9.919094
9.392129
8.776939
8.238474
7.567559
6.764772
5.943599
5.579367
5.301506
4.893972
4.801518
4.452456
4.286357
4.251753
3.793638
3.373135
3.032131
2.819852
2.723553
2.707135
2.494770
2.392174
2.177949
1.901615
1.723979
1.755690
1.534118
1.346624
1.167741
1.088410
1.073069
1.019275
1.050426
0.937294
0.800522
0.686600
0.739861
0.629680
0.583256
0.483173
0.400978
0.370212
0.332255
0.291487
0.218277
0.168641
0.192235
0.137628
0.085150
0.119789
0.161916
0.140541
0.115864
0.114376
0.093740
0.073029
0.083529
0.054488
0.041829
0.045550
0.044370
0.049702
0.070738
0.049365
0.051591
0.051245
0.029495
0.022533
0.011379
0.005001
0.005655
0.000000
0.000000
0.000000
0.000000
0.000000
0.000000
0.000000
0.000000
0.000000
0.000000
0.000000
0.000000
0.000000
0.000000
0.000000
0.000000
0.000000
0.000000
0.000000
0.000000
0.000000
0.000000
0.000000
0.000000
0.000000
0.000000
0.000000
0.000000
0.000000
0.000000
0.000000
0.000000
0.000000
0.000000
0.000000
0.000000
0.000000
0.000000
0.000000
0.000000
0.000000
0.000000
0.000000
0.000000
0.000000
0.000000
0.000000
0.000000
0.000000
0.000000
0.000000
0.000000
0.000000
0.000000
0.000000
0.000000
0.000000
0.000000
0.000000
0.000000
0.000000
0.000000
0.000000
0.000000
0.000000
0.000000
0.000000
0.000000
0.000000
0.000000
0.000000
0.000000
0.000000
0.000000
0.000000
0.000000
0.000000
0.000000
0.000000
0.000000
0.000000
0.000000
0.000000
0.000000
0.000000
0.000000
0.000000
0.000000
0.000000
0.000000
0.000000
0.000000
0.000000
0.000000
0.000000
0.000000
0.000000
0.000000
0.000000
0.000000
0.000000
0.000000
0.000000
0.000000
0.000000
0.000000
0.000000
0.000000
0.000000
0.000000
0.000000
0.000000
0.000000
0.000000
0.000000
0.000000
0.000000
0.000000
0.000000
0.000000
0.000000
0.000000
0.000000
0.000000
0.000000
0.000000
0.000000
0.000000
0.000000
0.000000
0.000000
0.000000
0.000000
0.000000
0.000000
0.000000
0.000000
0.000000
0.000000
0.000000
0.000000
0.000000
0.000000
0.000000
0.000000
0.000000
0.000000
0.000000
0.000000
0.000000
0.000000
0.000000
0.000000
0.000000
0.000000
0.000000
0.000000
0.000000
0.000000
0.000000
0.000000
0.000000
0.000000
0.000000
0.000000
0.000000
0.000000
0.000000
0.000000
0.000000
0.000000
0.000000
0.000000
0.000000
0.000000
0.000000
0.000000
0.000000
0.000000
0.000000
0.000000
0.000000
0.000000
0.000000
0.000000
0.000000
0.000000
0.000000
0.000000
0.000000
0.000000
0.000000
0.000000
0.000000
0.000000
0.000000
0.000000
0.000000
0.000000
0.000000
0.000000
0.000000
0.000000
0.000000
0.000000
0.000000
0.000000
0.000000
0.000000
0.000000
0.000000
0.000000
0.000000
0.000000
0.000000
0.000000
0.000000
0.000000
0.000000
0.000000
0.000000
0.000000
0.000000
0.000000
0.000000
0.000000
0.000000
0.000000
0.000000
0.000000
0.000000
0.000000
0.000000
0.000000
0.000000
0.000000
0.000000
0.000000
0.000000
0.000000
0.000000
0.000000
0.000000
0.000000
0.000000
0.000000
0.000000
0.000000
0.000000
0.000000
0.000000
0.000000
0.000000
0.000000
0.000000
0.000000
0.000000
0.000000
0.000000
0.000000
0.000000
0.000000
0.000000
0.000000
0.000000
0.000000
0.000000
0.000000
0.000000
0.000000
0.000000
0.000000
0.000000
0.000000
0.000000
0.000000
0.000000
0.000000
0.000000
0.000000
0.000000
0.000000
0.000000
0.000000
0.000000
0.000000
0.000000
0.000000
0.000000
0.000000
0.000000
0.000000
0.000000
0.000000
0.000000
0.000000
0.000000
0.000000
0.000000
0.000000
0.000000
0.000000
0.000000
0.000000
0.000000
0.000000
0.000000
0.000000
0.000000
0.000000
0.000000
0.000000
0.000000
0.000000
0.000000
0.000000
0.000000
0.000000
0.000000
0.000000
0.000000
0.000000
0.000000
0.000000
0.000000
0.000000
0.000000
0.000000
0.000000
0.000000
0.000000
0.000000
0.000000
0.000000
0.000000
0.000000
0.000000
0.000000
0.000000
0.000000
0.000000
0.000000
0.000000
0.000000
0.000000
0.000000
0.000000
0.000000
0.000000
0.000000
0.000000
0.000000
0.000000
0.000000
0.000000
0.000000
0.000000
0.000000
0.000000
0.000000
0.000000
0.000000
0.000000
0.000000
0.000000
0.000000
0.000000
0.000000
0.000000
0.000000
0.000000
0.000000
0.000000
0.000000
0.000000
0.000000
0.000000
0.000000
0.000000
0.000000
0.000000
0.000000
0.000000
0.000000
0.000000
0.000000
0.000000
0.000000
0.000000
0.000000
0.000000
0.000000
0.000000
0.000000
0.000000
0.000000
0.000000
0.000000
0.000000
0.000000
0.000000
0.000000
0.000000
0.000000
0.000000
0.000000
0.000000
0.000000
0.000000
0.000000
0.000000
0.000000
0.000000
0.000000
0.000000
0.000000
0.000000
0.000000
0.000000
0.000000
0.000000
0.000000
0.000000
0.000000
0.000000
0.000000
0.000000
0.000000
0.000000
0.000000
0.000000
0.000000
0.000000
0.000000
0.000000
0.000000
0.000000
0.000000
0.000000
0.000000
0.000000
0.000000
0.000000
0.000000
0.000000
0.000000
0.000000
0.000000
0.000000
0.000000
0.000000
0.000000
0.000000
0.000000
0.000000
0.000000
0.000000
0.000000
0.000000
0.000000
0.000000
0.000000
0.000000
0.000000
0.000000
0.000000
0.000000
0.000000
0.000000
0.000000
0.000000
0.000000
0.000000
0.000000
0.000000
0.000000
0.000000
0.000000
0.000000
0.000000
0.000000
0.000000
0.000000
0.000000
0.000000
0.000000
0.000000
0.000000
0.000000
0.000000
0.000000
0.000000
0.000000
0.000000
0.000000
0.000000
0.000000
0.000000
0.000000
0.000000
0.000000
0.000000
0.000000
0.000000
0.000000
0.000000
0.000000
0.000000
0.000000
0.000000
0.000000
0.000000
0.000000
0.000000
0.000000
0.000000
0.000000
0.000000
0.000000
0.000000
0.000000
0.000000
0.000000
0.000000
0.000000
0.000000
0.000000
0.000000
0.000000
0.000000
0.000000
0.000000
0.000000
0.000000
0.000000
0.000000
0.000000
0.000000
0.000000
0.000000
0.000000
0.000000
0.000000
0.000000
0.000000
0.000000
0.000000
0.000000
0.000000
0.000000
0.000000
0.000000
0.000000
0.000000
0.000000
0.000000
0.000000
0.000000
0.000000
0.000000
0.000000
0.000000
0.000000
0.000000
0.000000
0.000000
0.000000
0.000000
0.000000
0.000000
0.000000
0.000000
0.000000
0.000000
0.000000
0.000000
0.000000
