0.000000
0.000000
0.000000
0.000000
0.000000
0.000000
0.000000
0.000000
0.042462
0.053345
0.593493
0.947473
1.924309
4.347137
6.649677
10.368316
15.789159
26.337285
40.579883
64.237674
95.528044
139.436594
199.428767
286.064456
391.204579
537.232860
703.715195
924.685708
1196.258722
1526.999857
1921.731685
2404.880305
2978.776697
3633.215278
4409.709670
5258.007987
6234.758398
7329.789320
8584.774978
9939.645403
11471.173953
13160.242647
15017.975298
16993.318266
19152.544025
21402.437940
23790.185727
26308.809114
29032.620734
31879.364128
34775.545469
37793.222078
40964.355863
44228.959641
47499.830722
50867.621265
54233.465099
57760.945433
61293.128302
64779.355349
68255.946956
71684.050920
75210.085558
78607.389828
81949.131968
85245.013023
88460.208661
91603.452375
94673.478950
97691.608043
100442.323339
103163.394977
105831.462746
108267.719051
110610.337030
112848.146179
114832.226113
116744.503793
118530.313799
120202.648175
121765.286247
123143.310758
124404.379769
125472.349331
126322.583505
127024.812182
127720.085123
128198.110343
128491.802216
128564.456406
128600.335001
128529.560911
128202.722605
127780.839947
127254.345554
126624.888831
125985.849101
125143.761050
124275.740179
123108.985842
121973.725022
120718.159098
119371.705939
117908.925607
116532.290085
115046.092387
113511.421808
111877.868271
110197.808129
108475.644994
106723.272125
104971.591614
103096.404852
101284.632743
99408.313495
97437.831061
95571.222677
93672.689143
91685.510749
89663.283739
87658.639405
85622.163278
83592.552980
81614.774113
79604.103460
77660.989086
75713.131593
73735.336846
71782.611604
69888.153671
67941.971514
65999.994443
64088.176698
62168.289859
60334.947357
58542.322617
56767.169671
55037.001914
53301.941729
51606.712828
49947.481273
48383.436192
46794.465628
45214.678873
43670.716311
42211.614530
40709.809005
39329.238216
37949.077215
36594.411212
35319.898795
34051.020570
32825.253647
31597.166470
30420.370867
29277.088050
28179.939341
27058.099209
25998.874723
24986.305806
23998.954070
23039.088542
22100.472589
21190.376519
20350.988505
19500.683700
18678.719842
17870.102291
17106.314682
16397.665721
15674.550453
14991.067302
14309.548317
13677.538612
13062.765247
12465.832802
11885.866235
11351.994390
10849.147192
10339.605567
9852.368518
9387.578290
8940.908823
8507.070589
8091.256367
7689.643434
7303.691401
6948.530108
6609.042586
6283.033591
5957.903632
5661.361508
5377.989883
5104.944326
4834.783462
4580.212609
4341.474346
4118.528001
3898.281645
3685.941650
3492.521463
3298.728798
3119.715853
2953.817706
2792.562443
2642.585476
2493.014418
2349.751580
2212.916536
2087.176754
1973.792546
1862.313310
1761.994976
1654.268523
1553.892640
1460.342822
1373.434043
1293.022042
1211.378282
1135.597025
1067.634985
1003.175317
941.935393
882.150608
827.562237
776.508995
724.425192
677.849289
631.323099
587.733950
549.749804
517.395707
483.069534
454.984656
426.560242
397.012485
371.504861
348.072277
325.412342
301.320502
283.023253
262.970456
243.555766
226.818585
212.340088
197.639032
183.769054
170.642569
158.057066
147.266553
136.304573
127.090966
118.022112
109.976932
100.992379
94.020977
90.977531
83.539286
76.730597
72.396171
66.957732
62.179029
57.638613
52.862870
48.285647
44.106287
40.910383
37.686120
34.573618
31.211174
29.118751
26.471488
24.788229
22.666860
21.140674
18.785375
17.422251
15.673711
14.657925
13.336617
12.354397
11.493290
10.248354
9.298391
8.659674
8.035328
7.023213
6.098307
5.251732
4.871004
4.307301
4.184291
3.919576
3.696839
3.456924
3.220431
3.136912
3.099670
2.694632
2.618801
2.251242
2.162929
1.753753
1.573767
1.390050
1.239920
1.235078
1.151692
1.100637
0.761751
0.729484
0.761322
0.701025
0.557838
0.516402
0.538609
0.435984
0.360153
0.358048
0.374383
0.358188
0.250287
0.220745
0.257306
0.262271
0.256602
0.202411
0.124340
0.107290
0.117552
0.095857
0.061825
0.089627
0.084524
0.069740
0.065353
0.050632
0.025978
0.022424
0.022759
0.039225
0.037729
0.052702
0.047339
0.024949
0.000881
0.000000
0.000000
0.000000
0.000000
0.000000
0.000000
0.000000
0.000000
0.000000
0.000000
0.000000
0.000000
0.000000
0.000000
0.000000
0.000000
0.000000
0.000000
0.000000
0.000000
0.000000
0.000000
0.000000
0.000000
0.000000
0.000000
0.000000
0.000000
0.000000
0.000000
0.000000
0.000000
0.000000
0.000000
0.000000
0.000000
0.000000
0.000000
0.000000
0.000000
0.000000
0.000000
0.000000
0.000000
0.000000
0.000000
0.000000
0.000000
0.000000
0.000000
0.000000
0.000000
0.000000
0.000000
0.000000
0.000000
0.000000
0.000000
0.000000
0.000000
0.000000
0.000000
0.000000
0.000000
0.000000
0.000000
0.000000
0.000000
0.000000
0.000000
0.000000
0.000000
0.000000
0.000000
0.000000
0.000000
0.000000
0.000000
0.000000
0.000000
0.000000
0.000000
0.000000
0.000000
0.000000
0.000000
0.000000
0.000000
0.000000
0.000000
0.000000
0.000000
0.000000
0.000000
0.000000
0.000000
0.000000
0.000000
0.000000
0.000000
0.000000
0.000000
0.000000
0.000000
0.000000
0.000000
0.000000
0.000000
0.000000
0.000000
0.000000
0.000000
0.000000
0.000000
0.000000
0.000000
0.000000
0.000000
0.000000
0.000000
0.000000
0.000000
0.000000
0.000000
0.000000
0.000000
0.000000
0.000000
0.000000
0.000000
0.000000
0.000000
0.000000
0.000000
0.000000
0.000000
0.000000
0.000000
0.000000
0.000000
0.000000
0.000000
0.000000
0.000000
0.000000
0.000000
0.000000
0.000000
0.000000
0.000000
0.000000
0.000000
0.000000
0.000000
0.000000
0.000000
0.000000
0.000000
0.000000
0.000000
0.000000
0.000000
0.000000
0.000000
0.000000
0.000000
0.000000
0.000000
0.000000
0.000000
0.000000
0.000000
0.000000
0.000000
0.000000
0.000000
0.000000
0.000000
0.000000
0.000000
0.000000
0.000000
0.000000
0.000000
0.000000
0.000000
0.000000
0.000000
0.000000
0.000000
0.000000
0.000000
0.000000
0.000000
0.000000
0.000000
0.000000
0.000000
0.000000
0.000000
0.000000
0.000000
0.000000
0.000000
0.000000
0.000000
0.000000
0.000000
0.000000
0.000000
0.000000
0.000000
0.000000
0.000000
0.000000
0.000000
0.000000
0.000000
0.000000
0.000000
0.000000
0.000000
0.000000
0.000000
0.000000
0.000000
0.000000
0.000000
0.000000
0.000000
0.000000
0.000000
0.000000
0.000000
0.000000
0.000000
0.000000
0.000000
0.000000
0.000000
0.000000
0.000000
0.000000
0.000000
0.000000
0.000000
0.000000
0.000000
0.000000
0.000000
0.000000
0.000000
0.000000
0.000000
0.000000
0.000000
0.000000
0.000000
0.000000
0.000000
0.000000
0.000000
0.000000
0.000000
0.000000
0.000000
0.000000
0.000000
0.000000
0.000000
0.000000
0.000000
0.000000
0.000000
0.000000
0.000000
0.000000
0.000000
0.000000
0.000000
0.000000
0.000000
0.000000
0.000000
0.000000
0.000000
0.000000
0.000000
0.000000
0.000000
0.000000
0.000000
0.000000
0.000000
0.000000
0.000000
0.000000
0.000000
0.000000
0.000000
0.000000
0.000000
0.000000
0.000000
0.000000
0.000000
0.000000
0.000000
0.000000
0.000000
0.000000
0.000000
0.000000
0.000000
0.000000
0.000000
0.000000
0.000000
0.000000
0.000000
0.000000
0.000000
0.000000
0.000000
0.000000
0.000000
0.000000
0.000000
0.000000
0.000000
0.000000
0.000000
0.000000
0.000000
0.000000
0.000000
0.000000
0.000000
0.000000
0.000000
0.000000
0.000000
0.000000
0.000000
0.000000
0.000000
0.000000
0.000000
0.000000
0.000000
0.000000
0.000000
0.000000
0.000000
0.000000
0.000000
0.000000
0.000000
0.000000
0.000000
0.000000
0.000000
0.000000
0.000000
0.000000
0.000000
0.000000
0.000000
0.000000
0.000000
0.000000
0.000000
0.000000
0.000000
0.000000
0.000000
0.000000
0.000000
0.000000
0.000000
0.000000
0.000000
0.000000
0.000000
0.000000
0.000000
0.000000
0.000000
0.000000
0.000000
0.000000
0.000000
0.000000
0.000000
0.000000
0.000000
0.000000
0.000000
0.000000
0.000000
0.000000
0.000000
0.000000
0.000000
0.000000
0.000000
0.000000
0.000000
0.000000
0.000000
0.000000
0.000000
0.000000
0.000000
0.000000
0.000000
0.000000
0.000000
0.000000
0.000000
0.000000
0.000000
0.000000
0.000000
0.000000
0.000000
0.000000
0.000000
0.000000
0.000000
0.000000
0.000000
0.000000
0.000000
0.000000
0.000000
0.000000
0.000000
0.000000
0.000000
0.000000
0.000000
0.000000
0.000000
0.000000
0.000000
0.000000
0.000000
0.000000
0.000000
0.000000
0.000000
0.000000
0.000000
0.000000
0.000000
0.000000
0.000000
0.000000
0.000000
0.000000
0.000000
0.000000
0.000000
0.000000
0.000000
0.000000
0.000000
0.000000
0.000000
0.000000
0.000000
0.000000
0.000000
0.000000
0.000000
0.000000
0.000000
0.000000
0.000000
0.000000
0.000000
0.000000
0.000000
0.000000
0.000000
0.000000
0.000000
0.000000
0.000000
0.000000
0.000000
0.000000
0.000000
0.000000
0.000000
0.000000
0.000000
0.000000
0.000000
0.000000
0.000000
0.000000
0.000000
0.000000
0.000000
0.000000
0.000000
0.000000
0.000000
0.000000
0.000000
0.000000
0.000000
0.000000
0.000000
0.000000
0.000000
0.000000
0.000000
0.000000
0.000000
0.000000
0.000000
0.000000
0.000000
0.000000
0.000000
0.000000
0.000000
0.000000
0.000000
0.000000
0.000000
0.000000
0.000000
0.000000
0.000000
0.000000
0.000000
0.000000
0.000000
0.000000
0.000000
0.000000
0.000000
0.000000
0.000000
0.000000
0.000000
0.000000
0.000000
0.000000
0.000000
0.000000
0.000000
0.000000
0.000000
0.000000
0.000000
0.000000
0.000000
0.000000
0.000000
0.000000
0.000000
0.000000
0.000000
0.000000
0.000000
0.000000
0.000000
0.000000
0.000000
0.000000
0.000000
0.000000
0.000000
0.000000
0.000000
0.000000
0.000000
0.000000
0.000000
0.000000
0.000000
0.000000
0.000000
0.000000
0.000000
0.000000
0.000000
0.000000
0.000000
0.000000
0.000000
0.000000
0.000000
0.000000
0.000000
0.000000
0.000000
0.000000
0.000000
0.000000
0.000000
0.000000
0.000000
0.000000
0.000000
0.000000
0.000000
0.000000
0.000000
0.000000
0.000000
0.000000
0.000000
0.000000
0.000000
0.000000
0.000000
0.000000
0.000000
0.000000
0.000000
0.000000
0.000000
0.000000
0.000000
0.000000
0.000000
0.000000
0.000000
0.000000
0.000000
0.000000
0.000000
0.000000
0.000000
0.000000
0.000000
0.000000
0.000000
0.000000
0.000000
0.000000
0.000000
0.000000
0.000000
0.000000
0.000000
0.000000
0.000000
0.000000
