0.000000
0.000000
0.010305
1.875217
6.562174
17.086079
30.140955
74.427449
178.540777
299.828537
496.328289
826.964270
1304.065310
1906.397417
2892.703216
3994.077031
5491.621018
7226.764664
9441.641056
11672.458896
14322.487727
17268.850954
20362.106376
24240.531418
27853.056917
31909.977179
35810.506991
39759.534295
43442.031321
47315.087977
51239.087402
55114.932567
58706.902017
62088.087603
65555.788078
68570.079844
71059.448057
73176.955305
75479.883747
77382.780473
79119.162324
80333.616171
81583.787803
82738.590128
83842.679843
84484.426023
85122.310785
85782.209306
86056.790612
86067.067035
86043.078862
85866.293521
85760.583485
85504.577931
85120.644295
84535.438683
84305.438652
83762.107856
83225.313343
82282.186706
81572.127159
81063.875470
80401.802703
79593.809487
78689.844724
77900.645467
76996.936003
76316.053432
75419.185903
74581.220326
73970.860261
73332.050412
72749.717653
71913.533471
70992.527835
70154.227288
69431.966171
68581.913151
68120.493006
67593.287984
66884.414266
66167.466644
65344.315912
64392.828209
63639.662857
62973.139078
62350.375439
61530.001774
61060.785851
60343.305827
59927.112509
59267.396178
58824.004742
58428.135253
57919.678231
57368.630398
56879.394985
56410.102006
55582.483427
54914.449911
54386.992174
53748.409874
53346.150348
52789.063491
52287.373497
51717.074480
51160.851078
50643.886833
50268.754628
49999.914015
49489.005075
49081.181580
48697.234501
48161.290169
47681.234162
47339.273491
47142.771326
46817.575775
46329.392069
45805.395277
45373.552377
44979.476055
44532.519625
44161.888730
43814.128331
43434.768981
43291.412734
42835.549257
42587.810057
42215.274525
41931.237055
41649.823210
41207.260390
40891.307133
40580.018826
40200.102524
39998.449392
39710.735170
39475.341076
39303.803001
38997.583731
38693.345776
38405.233155
38080.967364
37652.671181
37411.062188
37196.138645
36910.416553
36681.042498
36413.987579
36064.846540
35737.203433
35361.890158
35135.268965
34851.939197
34586.214556
34291.411658
33925.081566
33558.249298
33133.184859
32872.541537
32549.748880
32160.043374
31924.890583
31690.035850
31433.760459
31094.139412
30713.234223
30445.234152
30020.668411
29850.676266
29579.611813
29305.327820
29012.189658
28687.455158
28390.555509
27933.571939
27721.489439
27404.798763
27047.287144
26776.075350
26426.524269
26127.735023
25787.686376
25454.299072
25142.697777
24892.242917
24634.679643
24335.359344
24102.278522
23840.980285
23596.311984
23375.187920
23059.560249
22747.681237
22527.721623
22173.246043
21834.796630
21491.087206
21162.966903
20887.009563
20523.901534
20161.094539
19895.846197
19630.475051
19371.379376
18980.376201
18698.534932
18371.986931
18113.359084
17803.847128
17507.564169
17123.447384
16845.045190
16578.463778
16381.921392
16101.663226
15863.171571
15514.132607
15230.201182
15028.158470
14729.235268
14467.978416
14189.063542
13877.541204
13553.676456
13311.840767
13050.121234
12764.131912
12492.698584
12280.651641
12079.555400
11819.753020
11615.768611
11360.952923
11099.966145
10789.714824
10606.903555
10373.525024
10172.154296
9963.253345
9769.335820
9553.567882
9418.319831
9229.438891
9001.929545
8764.974648
8565.143241
8368.876510
8178.651304
7960.107600
7787.668564
7610.550748
7451.977201
7280.902057
7110.972591
6897.978810
6723.999570
6574.364338
6396.824327
6214.084940
6056.916208
5886.901861
5734.957322
5569.979889
5465.280013
5337.053406
5158.500780
5026.369493
4921.525959
4779.681698
4640.084533
4536.745390
4398.876526
4281.736870
4185.278939
4089.960359
3961.937328
3868.501583
3718.763413
3607.023279
3482.387015
3373.207643
3293.287344
3169.419822
3083.769201
2990.685619
2888.800197
2788.162609
2703.219081
2629.930015
2551.035811
2454.919193
2363.106473
2297.081307
2219.957355
2142.840451
2067.652100
1992.311322
1920.328545
1857.007810
1770.609080
1700.677553
1644.299719
1592.979229
1525.350255
1481.263982
1421.008609
1372.871665
1318.716140
1273.833294
1237.653715
1191.529687
1155.312920
1113.578837
1070.221817
1028.118160
981.511093
937.315105
901.058430
876.299714
843.598860
814.870767
782.792998
757.737889
729.844801
700.429348
677.468988
643.204926
619.137803
591.537546
564.401345
543.801765
526.534121
510.283052
491.575824
466.852240
450.637968
432.912227
413.001059
387.791570
370.925461
353.952792
337.705634
331.521217
307.337463
292.098452
279.257662
271.199096
262.271190
243.488347
232.776529
219.810447
208.002725
198.413658
189.070568
179.419605
166.707857
159.500265
149.827235
143.209460
132.735342
124.053592
115.437894
111.255934
105.523403
97.883103
92.905382
90.339675
90.300266
87.221975
85.046364
81.861904
79.977864
76.283659
73.342887
70.093391
69.082248
68.102895
63.646313
62.599481
60.367896
56.401741
55.376190
54.828410
50.532081
48.409936
45.188158
45.393537
38.721718
37.223569
35.998162
31.438359
30.408890
29.171316
25.897914
24.598810
22.042652
22.268221
21.093427
20.421069
18.858123
17.669906
16.634260
16.206492
16.249945
14.861888
14.278876
13.130569
11.898810
13.090153
13.214667
13.394142
12.348715
11.357717
10.097460
10.636431
8.682587
9.355661
8.753295
7.706288
7.319477
6.551104
5.604440
4.690064
4.251964
4.112170
3.547173
3.365573
2.931338
3.239120
2.342821
2.188144
2.031528
1.940888
1.559998
1.435250
1.839197
1.782357
2.061146
2.319888
2.918524
2.577872
2.410174
1.792931
1.394984
1.329146
0.832054
0.936583
1.069641
0.844956
0.337961
0.431654
0.293715
0.279935
0.157202
0.204229
0.062623
0.000000
0.000000
0.000000
0.000000
0.000000
0.000000
0.000000
0.000000
0.000000
0.000000
0.000000
0.000000
0.000000
0.000000
0.000000
0.000000
0.000000
0.000000
0.000000
0.000000
0.000000
0.000000
0.000000
0.000000
0.000000
0.000000
0.000000
0.000000
0.000000
0.000000
0.000000
0.000000
0.000000
0.000000
0.000000
0.000000
0.000000
0.000000
0.000000
0.000000
0.000000
0.000000
0.000000
0.000000
0.000000
0.000000
0.000000
0.000000
0.000000
0.000000
0.000000
0.000000
0.000000
0.000000
0.000000
0.000000
0.000000
0.000000
0.000000
0.000000
0.000000
0.000000
0.000000
0.000000
0.000000
0.000000
0.000000
0.000000
0.000000
0.000000
0.000000
0.000000
0.000000
0.000000
0.000000
0.000000
0.000000
0.000000
0.000000
0.000000
0.000000
0.000000
0.000000
0.000000
0.000000
0.000000
0.000000
0.000000
0.000000
0.000000
0.000000
0.000000
0.000000
0.000000
0.000000
0.000000
0.000000
0.000000
0.000000
0.000000
0.000000
0.000000
0.000000
0.000000
0.000000
0.000000
0.000000
0.000000
0.000000
0.000000
0.000000
0.000000
0.000000
0.000000
0.000000
0.000000
0.000000
0.000000
0.000000
0.000000
0.000000
0.000000
0.000000
0.000000
0.000000
0.000000
0.000000
0.000000
0.000000
0.000000
0.000000
0.000000
0.000000
0.000000
0.000000
0.000000
0.000000
0.000000
0.000000
0.000000
0.000000
0.000000
0.000000
0.000000
0.000000
0.000000
0.000000
0.000000
0.000000
0.000000
0.000000
0.000000
0.000000
0.000000
0.000000
0.000000
0.000000
0.000000
0.000000
0.000000
0.000000
0.000000
0.000000
0.000000
0.000000
0.000000
0.000000
0.000000
0.000000
0.000000
0.000000
0.000000
0.000000
0.000000
0.000000
0.000000
0.000000
0.000000
0.000000
0.000000
0.000000
0.000000
0.000000
0.000000
0.000000
0.000000
0.000000
0.000000
0.000000
0.000000
0.000000
0.000000
0.000000
0.000000
0.000000
0.000000
0.000000
0.000000
0.000000
0.000000
0.000000
0.000000
0.000000
0.000000
0.000000
0.000000
0.000000
0.000000
0.000000
0.000000
0.000000
0.000000
0.000000
0.000000
0.000000
0.000000
0.000000
0.000000
0.000000
0.000000
0.000000
0.000000
0.000000
0.000000
0.000000
0.000000
0.000000
0.000000
0.000000
0.000000
0.000000
0.000000
0.000000
0.000000
0.000000
0.000000
0.000000
0.000000
0.000000
0.000000
0.000000
0.000000
0.000000
0.000000
0.000000
0.000000
0.000000
0.000000
0.000000
0.000000
0.000000
0.000000
0.000000
0.000000
0.000000
0.000000
0.000000
0.000000
0.000000
0.000000
0.000000
0.000000
0.000000
0.000000
0.000000
0.000000
0.000000
0.000000
0.000000
0.000000
0.000000
0.000000
0.000000
0.000000
0.000000
0.000000
0.000000
0.000000
0.000000
0.000000
0.000000
0.000000
0.000000
0.000000
0.000000
0.000000
0.000000
0.000000
0.000000
0.000000
0.000000
0.000000
0.000000
0.000000
0.000000
0.000000
0.000000
0.000000
0.000000
0.000000
0.000000
0.000000
0.000000
0.000000
0.000000
0.000000
0.000000
0.000000
0.000000
0.000000
0.000000
0.000000
0.000000
0.000000
0.000000
0.000000
0.000000
0.000000
0.000000
0.000000
0.000000
0.000000
0.000000
0.000000
0.000000
0.000000
0.000000
0.000000
0.000000
0.000000
0.000000
0.000000
0.000000
0.000000
0.000000
0.000000
0.000000
0.000000
0.000000
0.000000
0.000000
0.000000
0.000000
0.000000
0.000000
0.000000
0.000000
0.000000
0.000000
0.000000
0.000000
0.000000
0.000000
0.000000
0.000000
0.000000
0.000000
0.000000
0.000000
0.000000
0.000000
0.000000
0.000000
0.000000
0.000000
0.000000
0.000000
0.000000
0.000000
0.000000
0.000000
0.000000
0.000000
0.000000
0.000000
0.000000
0.000000
0.000000
0.000000
0.000000
0.000000
0.000000
0.000000
0.000000
0.000000
0.000000
0.000000
0.000000
0.000000
0.000000
0.000000
0.000000
0.000000
0.000000
0.000000
0.000000
0.000000
0.000000
0.000000
0.000000
0.000000
0.000000
0.000000
0.000000
0.000000
0.000000
0.000000
0.000000
0.000000
0.000000
0.000000
0.000000
0.000000
0.000000
0.000000
0.000000
0.000000
0.000000
0.000000
0.000000
0.000000
0.000000
0.000000
0.000000
0.000000
0.000000
0.000000
0.000000
0.000000
0.000000
0.000000
0.000000
0.000000
0.000000
0.000000
0.000000
0.000000
0.000000
0.000000
0.000000
0.000000
0.000000
0.000000
0.000000
0.000000
0.000000
0.000000
0.000000
0.000000
0.000000
0.000000
0.000000
0.000000
0.000000
0.000000
0.000000
0.000000
0.000000
0.000000
0.000000
0.000000
0.000000
0.000000
0.000000
0.000000
0.000000
0.000000
0.000000
0.000000
0.000000
0.000000
0.000000
0.000000
0.000000
0.000000
0.000000
0.000000
0.000000
0.000000
0.000000
0.000000
0.000000
0.000000
0.000000
0.000000
0.000000
0.000000
0.000000
0.000000
0.000000
0.000000
0.000000
0.000000
0.000000
0.000000
0.000000
0.000000
0.000000
0.000000
0.000000
0.000000
0.000000
0.000000
0.000000
0.000000
0.000000
0.000000
0.000000
0.000000
0.000000
0.000000
0.000000
0.000000
0.000000
0.000000
0.000000
0.000000
0.000000
0.000000
0.000000
0.000000
0.000000
0.000000
0.000000
0.000000
0.000000
0.000000
0.000000
0.000000
0.000000
0.000000
0.000000
0.000000
0.000000
0.000000
0.000000
0.000000
0.000000
0.000000
0.000000
0.000000
0.000000
0.000000
