0.000000
0.000000
0.000000
0.000000
0.000000
0.000000
0.000000
0.000000
0.000000
0.000000
0.000000
0.000000
0.000000
0.000000
0.000000
0.000000
0.000000
0.000000
0.000618
0.055531
0.120823
0.371770
0.563544
1.122228
2.372068
4.243757
7.060286
13.818359
22.746406
36.665143
60.030068
94.682468
142.889754
218.261921
320.067389
470.841293
669.658563
938.813749
1280.733426
1739.664757
2309.284121
3010.067611
3872.649186
4945.027822
6220.294890
7719.931789
9454.985580
11490.913297
13795.546099
16429.730814
19309.385357
22573.979533
26065.174137
29874.234608
33974.782819
38338.073807
42892.385733
47652.630585
52561.511565
57718.201148
62943.123621
68233.934545
73596.015866
78914.256558
84156.879374
89419.051647
94500.007101
99513.541390
104276.747191
108905.661435
113384.464740
117641.665949
121614.900490
125375.927704
128868.344970
132043.827208
134973.456119
137670.582032
140070.140754
142148.181584
143946.551230
145504.765013
146824.867774
147989.416964
148788.280920
149410.151789
149796.877457
150058.472675
150055.158419
149796.484668
149463.925605
148860.583665
148242.412775
147501.718060
146610.736344
145561.991689
144335.843921
143059.787705
141706.009188
140246.012008
138644.714978
137054.740834
135367.557429
133607.623071
131838.428797
129965.586077
128038.224367
126056.889594
124030.953103
121945.160222
119825.303702
117599.976871
115425.328009
113134.276882
110839.224728
108536.837814
106109.511354
103733.162571
101232.288400
98740.284012
96217.077779
93703.604489
91108.669252
88526.462365
85899.564157
83249.278048
80598.229644
77937.238263
75263.722313
72579.841827
69899.839265
67253.126914
64599.696636
61969.554485
59370.463061
56796.904960
54223.429702
51706.318210
49225.150415
46796.358407
44428.136103
42064.373497
39769.579501
37544.512800
35375.148409
33273.642506
31248.360250
29293.736935
27424.637066
25588.539436
23835.502409
22155.520216
20558.250394
19049.355500
17629.248538
16252.560727
14957.536398
13740.816885
12606.497693
11537.121485
10520.935928
9586.371920
8713.545482
7907.959873
7152.261902
6453.990615
5814.879031
5219.284241
4680.130375
4187.040851
3743.563570
3333.563457
2965.172732
2628.162290
2326.756097
2049.861197
1803.191735
1583.455449
1389.082413
1215.404335
1059.911630
921.858434
799.375938
692.612290
596.399821
514.625568
445.317024
380.032321
325.799120
278.265837
237.353943
201.712450
171.864057
144.757192
123.625893
103.366027
86.712515
72.611981
60.867494
50.403678
41.734634
34.830284
28.128766
23.589742
19.401057
15.713322
12.940240
10.496007
8.608668
6.829582
5.706568
4.571762
3.676860
2.926354
2.238126
1.781739
1.364706
1.174844
0.877310
0.741276
0.627501
0.427771
0.345765
0.257698
0.223584
0.176857
0.126707
0.096463
0.104867
0.065488
0.057041
0.025219
0.017372
0.007646
0.006313
0.003163
0.001507
0.001287
0.000000
0.000000
0.000000
0.000000
0.000000
0.000000
0.000000
0.000000
0.000000
0.000000
0.000000
0.000000
0.000000
0.000000
0.000000
0.000000
0.000000
0.000000
0.000000
0.000000
0.000000
0.000000
0.000000
0.000000
0.000000
0.000000
0.000000
0.000000
0.000000
0.000000
0.000000
0.000000
0.000000
0.000000
0.000000
0.000000
0.000000
0.000000
0.000000
0.000000
0.000000
0.000000
0.000000
0.000000
0.000000
0.000000
0.000000
0.000000
0.000000
0.000000
0.000000
0.000000
0.000000
0.000000
0.000000
0.000000
0.000000
0.000000
0.000000
0.000000
0.000000
0.000000
0.000000
0.000000
0.000000
0.000000
0.000000
0.000000
0.000000
0.000000
0.000000
0.000000
0.000000
0.000000
0.000000
0.000000
0.000000
0.000000
0.000000
0.000000
0.000000
0.000000
0.000000
0.000000
0.000000
0.000000
0.000000
0.000000
0.000000
0.000000
0.000000
0.000000
0.000000
0.000000
0.000000
0.000000
0.000000
0.000000
0.000000
0.000000
0.000000
0.000000
0.000000
0.000000
0.000000
0.000000
0.000000
0.000000
0.000000
0.000000
0.000000
0.000000
0.000000
0.000000
0.000000
0.000000
0.000000
0.000000
0.000000
0.000000
0.000000
0.000000
0.000000
0.000000
0.000000
0.000000
0.000000
0.000000
0.000000
0.000000
0.000000
0.000000
0.000000
0.000000
0.000000
0.000000
0.000000
0.000000
0.000000
0.000000
0.000000
0.000000
0.000000
0.000000
0.000000
0.000000
0.000000
0.000000
0.000000
0.000000
0.000000
0.000000
0.000000
0.000000
0.000000
0.000000
0.000000
0.000000
0.000000
0.000000
0.000000
0.000000
0.000000
0.000000
0.000000
0.000000
0.000000
0.000000
0.000000
0.000000
0.000000
0.000000
0.000000
0.000000
0.000000
0.000000
0.000000
0.000000
0.000000
0.000000
0.000000
0.000000
0.000000
0.000000
0.000000
0.000000
0.000000
0.000000
0.000000
0.000000
0.000000
0.000000
0.000000
0.000000
0.000000
0.000000
0.000000
0.000000
0.000000
0.000000
0.000000
0.000000
0.000000
0.000000
0.000000
0.000000
0.000000
0.000000
0.000000
0.000000
0.000000
0.000000
0.000000
0.000000
0.000000
0.000000
0.000000
0.000000
0.000000
0.000000
0.000000
0.000000
0.000000
0.000000
0.000000
0.000000
0.000000
0.000000
0.000000
0.000000
0.000000
0.000000
0.000000
0.000000
0.000000
0.000000
0.000000
0.000000
0.000000
0.000000
0.000000
0.000000
0.000000
0.000000
0.000000
0.000000
0.000000
0.000000
0.000000
0.000000
0.000000
0.000000
0.000000
0.000000
0.000000
0.000000
0.000000
0.000000
0.000000
0.000000
0.000000
0.000000
0.000000
