0.000000
0.000000
0.000000
0.000000
0.000000
0.000000
0.000000
0.000000
0.000000
0.000000
0.000000
0.000000
0.000000
0.000000
1.709100
2.322074
2.391421
9.022139
16.975977
23.131857
39.960512
68.723547
98.427313
131.901031
174.770599
246.730618
319.234314
440.926639
586.643063
747.284193
1015.854488
1308.920757
1700.406966
2183.540938
2746.271029
3396.257969
4149.268255
5081.915413
6075.500494
7181.158731
8362.503952
9711.129070
11200.817805
12969.487992
14936.255524
16845.876735
18762.108961
20912.903789
23433.596104
26152.091687
28856.856257
31772.503168
34914.155606
38130.376177
41228.337751
44331.853456
47506.965578
50734.159126
54310.650814
57713.569277
61123.332392
64817.594287
68489.523721
71830.613348
75307.809645
78789.601699
82176.660852
85631.777004
89201.794458
92301.986504
95331.482514
98653.178676
101602.543829
104683.869517
107170.617750
109901.462907
112450.292427
114434.891693
116503.376504
118181.096571
120009.250376
121541.649636
122973.454681
124445.884169
125567.704219
126370.773479
127265.904552
127773.504959
128325.509828
128759.832079
129058.195847
129163.647144
129044.250677
128905.258576
128513.321390
127880.522368
126969.223029
125935.355613
124875.592947
124145.513514
122964.013553
121590.164155
120482.701347
119398.566213
118275.051023
116780.695732
115259.149904
113659.135508
112262.231213
110504.817468
108677.969379
106394.467275
104599.128712
102942.655945
101059.317529
99047.449180
97144.345678
95226.137350
93168.913444
91233.142507
89364.012347
87407.898676
85570.860449
83581.710662
81599.974315
79641.807072
77749.594777
75912.374995
73997.290850
72078.413056
70316.783339
68392.657377
66330.042975
64642.286183
62850.079927
61162.945455
59426.967567
57763.702531
55958.893489
54289.024758
52733.894129
51049.727946
49468.587453
47835.025948
46417.936726
45088.365466
43606.938397
42175.307951
40831.125922
39495.545454
38093.465552
36874.339990
35492.115916
34214.921917
32940.503679
31916.091893
30706.243389
29659.875025
28479.043782
27470.904154
26529.776826
25520.071518
24566.917513
23725.530597
22865.691047
21867.359727
20981.866852
20096.973021
19211.254882
18462.441428
17650.955075
16942.074354
16158.736166
15529.362640
14836.548731
14217.303976
13668.692137
13086.706857
12545.910519
12028.239302
11532.277744
11018.513566
10534.568205
10003.252437
9564.388898
9138.367026
8724.762891
8264.782395
7925.619846
7559.297438
7226.138193
6912.230195
6623.091552
6378.308978
6069.968933
5754.181459
5500.561951
5276.056640
5030.028222
4783.947779
4589.674221
4354.977060
4111.148101
3913.418317
3720.015719
3537.342957
3349.824681
3202.106324
3004.782550
2859.820527
2710.570332
2546.442244
2417.577788
2275.716316
2167.752114
2058.533164
1945.233850
1859.641996
1778.037942
1699.597607
1622.787513
1531.536810
1442.197568
1349.666385
1275.453804
1212.201017
1160.799179
1099.344724
1055.651599
994.396131
943.056266
885.397580
841.593698
795.659514
737.750738
698.731136
662.861099
612.801935
580.922675
549.474327
512.810051
471.026199
440.919280
417.113845
388.190452
365.114519
343.793870
324.502882
299.977241
284.752102
258.355067
239.603929
228.413901
217.441814
203.018497
192.691485
177.561028
161.659743
151.205054
136.431084
123.824140
119.150384
113.575104
104.454024
97.383064
92.892903
87.201321
77.922574
72.988800
65.778685
61.654876
55.227757
50.666417
47.088759
43.384552
40.957589
39.878367
35.519582
33.098956
31.510035
29.744150
28.006541
26.506513
23.345836
20.138941
19.657012
20.331162
19.498080
17.268290
16.377250
14.186849
13.694356
14.199887
14.013616
12.459884
11.912653
9.538147
8.081567
8.170808
7.778996
7.156495
6.705693
6.322985
5.301945
4.879306
4.432117
3.718989
3.712747
3.076351
2.350703
2.092586
1.657188
1.553066
1.025858
0.963870
1.446360
1.530079
0.978111
1.010599
0.657316
0.966652
1.210770
1.154309
1.530929
1.157541
0.992125
0.842649
1.059848
1.113696
1.431471
1.221702
0.787123
0.644050
0.664697
0.690138
0.636826
0.932823
0.744542
0.480970
0.397679
0.340696
0.341300
0.406938
0.383578
0.647818
0.509848
0.440353
0.410058
0.250968
0.307311
0.205643
0.256199
0.256223
0.287093
0.355146
0.304793
0.307129
0.439019
0.434998
0.612688
0.431255
0.523747
0.361694
0.326778
0.085175
0.000000
0.000000
0.000000
0.000000
0.000000
0.000000
0.000000
0.000000
0.000000
0.000000
0.000000
0.000000
0.000000
0.000000
0.000000
0.000000
0.000000
0.000000
0.000000
0.000000
0.000000
0.000000
0.000000
0.000000
0.000000
0.000000
0.000000
0.000000
0.000000
0.000000
0.000000
0.000000
0.000000
0.000000
0.000000
0.000000
0.000000
0.000000
0.000000
0.000000
0.000000
0.000000
0.000000
0.000000
0.000000
0.000000
0.000000
0.000000
0.000000
0.000000
0.000000
0.000000
0.000000
0.000000
0.000000
0.000000
0.000000
0.000000
0.000000
0.000000
0.000000
0.000000
0.000000
0.000000
0.000000
0.000000
0.000000
0.000000
0.000000
0.000000
0.000000
0.000000
0.000000
0.000000
0.000000
0.000000
0.000000
0.000000
0.000000
0.000000
0.000000
0.000000
0.000000
0.000000
0.000000
0.000000
0.000000
0.000000
0.000000
0.000000
0.000000
0.000000
0.000000
0.000000
0.000000
0.000000
0.000000
0.000000
0.000000
0.000000
0.000000
0.000000
0.000000
0.000000
0.000000
0.000000
0.000000
0.000000
0.000000
0.000000
0.000000
0.000000
0.000000
0.000000
0.000000
0.000000
0.000000
0.000000
0.000000
0.000000
0.000000
0.000000
0.000000
0.000000
0.000000
0.000000
0.000000
0.000000
0.000000
0.000000
0.000000
0.000000
0.000000
0.000000
0.000000
0.000000
0.000000
0.000000
0.000000
0.000000
0.000000
0.000000
0.000000
0.000000
0.000000
0.000000
0.000000
0.000000
0.000000
0.000000
0.000000
0.000000
0.000000
0.000000
0.000000
0.000000
0.000000
0.000000
0.000000
0.000000
0.000000
0.000000
0.000000
0.000000
0.000000
0.000000
0.000000
0.000000
0.000000
0.000000
0.000000
0.000000
0.000000
0.000000
0.000000
0.000000
0.000000
0.000000
0.000000
0.000000
0.000000
0.000000
0.000000
0.000000
0.000000
0.000000
0.000000
0.000000
0.000000
0.000000
0.000000
0.000000
0.000000
0.000000
0.000000
0.000000
0.000000
0.000000
0.000000
0.000000
0.000000
0.000000
0.000000
0.000000
0.000000
0.000000
0.000000
0.000000
0.000000
0.000000
0.000000
0.000000
0.000000
0.000000
0.000000
0.000000
0.000000
0.000000
0.000000
0.000000
0.000000
0.000000
0.000000
0.000000
0.000000
0.000000
0.000000
0.000000
0.000000
0.000000
0.000000
0.000000
0.000000
0.000000
0.000000
0.000000
0.000000
0.000000
0.000000
0.000000
0.000000
0.000000
0.000000
0.000000
0.000000
0.000000
0.000000
0.000000
0.000000
0.000000
0.000000
0.000000
0.000000
0.000000
0.000000
0.000000
0.000000
0.000000
0.000000
0.000000
0.000000
0.000000
0.000000
0.000000
0.000000
0.000000
0.000000
0.000000
0.000000
0.000000
0.000000
0.000000
0.000000
0.000000
0.000000
0.000000
0.000000
0.000000
0.000000
0.000000
0.000000
0.000000
0.000000
0.000000
0.000000
0.000000
0.000000
0.000000
0.000000
0.000000
0.000000
0.000000
0.000000
0.000000
0.000000
0.000000
0.000000
0.000000
0.000000
0.000000
0.000000
0.000000
0.000000
0.000000
0.000000
0.000000
0.000000
0.000000
0.000000
0.000000
0.000000
0.000000
0.000000
0.000000
0.000000
0.000000
0.000000
0.000000
0.000000
0.000000
0.000000
0.000000
0.000000
0.000000
0.000000
0.000000
0.000000
0.000000
0.000000
0.000000
0.000000
0.000000
0.000000
0.000000
0.000000
0.000000
0.000000
0.000000
0.000000
0.000000
0.000000
0.000000
0.000000
0.000000
0.000000
0.000000
0.000000
0.000000
0.000000
0.000000
0.000000
0.000000
0.000000
0.000000
0.000000
0.000000
0.000000
0.000000
0.000000
0.000000
0.000000
0.000000
0.000000
0.000000
0.000000
0.000000
0.000000
0.000000
0.000000
0.000000
0.000000
0.000000
0.000000
0.000000
0.000000
0.000000
0.000000
0.000000
0.000000
0.000000
0.000000
0.000000
0.000000
0.000000
0.000000
0.000000
0.000000
0.000000
0.000000
0.000000
0.000000
0.000000
0.000000
0.000000
0.000000
0.000000
0.000000
0.000000
0.000000
0.000000
0.000000
0.000000
0.000000
0.000000
0.000000
0.000000
0.000000
0.000000
0.000000
0.000000
0.000000
0.000000
0.000000
0.000000
0.000000
0.000000
0.000000
0.000000
0.000000
0.000000
0.000000
0.000000
0.000000
0.000000
0.000000
0.000000
0.000000
0.000000
0.000000
0.000000
0.000000
0.000000
0.000000
0.000000
0.000000
0.000000
0.000000
0.000000
0.000000
0.000000
0.000000
0.000000
0.000000
0.000000
0.000000
0.000000
0.000000
0.000000
0.000000
0.000000
0.000000
0.000000
0.000000
0.000000
0.000000
0.000000
0.000000
0.000000
0.000000
0.000000
0.000000
0.000000
0.000000
0.000000
0.000000
0.000000
0.000000
0.000000
0.000000
0.000000
0.000000
0.000000
0.000000
0.000000
0.000000
0.000000
0.000000
0.000000
0.000000
0.000000
0.000000
0.000000
0.000000
0.000000
0.000000
0.000000
0.000000
0.000000
0.000000
0.000000
0.000000
0.000000
0.000000
0.000000
0.000000
0.000000
0.000000
0.000000
0.000000
0.000000
0.000000
0.000000
0.000000
0.000000
0.000000
0.000000
0.000000
0.000000
0.000000
0.000000
0.000000
0.000000
0.000000
0.000000
0.000000
0.000000
0.000000
0.000000
0.000000
0.000000
0.000000
0.000000
0.000000
0.000000
0.000000
0.000000
0.000000
0.000000
0.000000
0.000000
0.000000
0.000000
0.000000
0.000000
0.000000
0.000000
0.000000
0.000000
0.000000
0.000000
0.000000
0.000000
0.000000
0.000000
0.000000
0.000000
0.000000
0.000000
0.000000
0.000000
0.000000
0.000000
0.000000
0.000000
0.000000
0.000000
0.000000
0.000000
0.000000
0.000000
0.000000
0.000000
0.000000
0.000000
0.000000
0.000000
0.000000
0.000000
0.000000
0.000000
0.000000
0.000000
0.000000
0.000000
0.000000
0.000000
0.000000
0.000000
0.000000
0.000000
0.000000
0.000000
0.000000
0.000000
0.000000
0.000000
0.000000
0.000000
0.000000
0.000000
0.000000
0.000000
0.000000
0.000000
0.000000
0.000000
0.000000
0.000000
0.000000
0.000000
0.000000
0.000000
0.000000
0.000000
0.000000
0.000000
0.000000
0.000000
0.000000
0.000000
0.000000
0.000000
0.000000
0.000000
0.000000
0.000000
0.000000
0.000000
0.000000
0.000000
0.000000
0.000000
0.000000
0.000000
0.000000
0.000000
0.000000
0.000000
0.000000
0.000000
0.000000
0.000000
0.000000
0.000000
0.000000
0.000000
