0.000000
0.000000
0.000000
0.000000
0.000000
0.000000
0.055952
0.134994
0.422228
1.021015
3.702417
11.424394
28.653399
64.005398
140.388861
286.542606
565.179699
1027.378804
1797.646203
3043.127659
4923.863092
7701.202309
11565.780267
16813.036194
23731.670925
32492.326009
43263.784028
56175.338214
71174.629462
88286.985241
106977.374447
127119.638281
148091.763224
169671.121304
190963.285581
211666.094823
231103.684691
248964.739121
264595.548025
277890.031831
288547.031681
296203.801726
301053.818581
303143.481650
302340.910950
299034.029201
293406.105235
285799.997265
276464.049868
265744.420869
253997.161898
241394.427120
228246.479283
214890.731349
201363.688508
188062.047257
175030.051916
162338.873599
150103.989673
138457.346713
127367.704802
117043.569390
107279.785037
98216.671596
89932.250515
82132.555302
75045.234781
68524.726999
62590.093839
57207.356685
52266.500289
47771.447416
43732.085233
40094.602452
36747.456108
33772.067039
31041.188009
28640.420915
26463.770780
24492.144443
22720.062959
21130.243328
19707.629211
18461.005468
17296.921538
16261.827198
15347.984761
14516.114905
13776.060908
13110.234483
12522.452850
11992.471252
11528.298003
11108.218667
10759.727839
10428.731424
10141.420744
9919.479236
9725.127636
9546.090490
9429.493578
9322.742847
9240.615870
9195.348520
9175.521085
9190.671366
9237.696924
9288.878062
9380.019481
9471.836782
9586.093704
9736.112655
9890.864445
10076.786312
10270.305770
10507.515001
10748.069272
10995.501847
11287.478775
11582.318730
11890.695857
12217.065075
12569.763019
12917.644952
13288.967404
13679.293439
14066.349071
14471.900127
14880.848339
15297.697971
15721.483433
16129.132953
16538.551944
16943.083903
17344.751783
17759.136689
18137.836800
18510.174231
18874.004059
19203.874953
19537.906242
19820.699735
20091.144435
20322.147295
20538.011565
20701.269302
20843.784532
20949.980099
21017.786378
21046.912951
21024.420121
20970.385926
20875.511135
20731.049047
20558.031759
20324.554346
20068.205385
19764.114071
19426.555650
19048.149725
18636.042730
18199.187461
17715.020891
17231.210448
16702.613250
16159.458992
15592.723379
15006.878850
14412.622255
13805.612313
13194.294387
12578.767411
11952.911067
11339.968606
10726.685142
10127.447743
9529.208076
8943.038263
8372.286377
7816.567114
7277.079405
6766.975112
6269.993756
5798.551967
5343.916106
4911.127094
4503.970592
4115.497273
3755.402402
3412.921917
3100.622857
2806.801474
2535.050954
2280.156178
2051.113773
1838.931852
1642.845406
1466.324280
1302.385671
1154.285401
1020.955727
902.185201
793.988540
698.089916
610.770984
534.463377
463.231882
403.609196
348.367507
300.822131
259.122519
222.253104
190.721685
162.916916
139.586059
117.487399
100.075265
84.470211
71.609828
59.896840
50.789504
41.945736
35.683786
29.861584
25.138264
20.721924
17.051410
14.037813
11.431927
9.338847
7.469912
6.055082
5.038234
4.101820
3.372015
2.765425
2.217528
1.918970
1.562082
1.269205
0.983979
0.766735
0.598783
0.480304
0.324182
0.280940
0.225474
0.171859
0.129507
0.122987
0.098428
0.070407
0.062596
0.066389
0.048099
0.035749
0.033371
0.022655
0.027069
0.010772
0.010107
0.006755
0.006408
0.007280
0.003357
0.004326
0.002522
0.002295
0.001576
0.000579
0.000000
0.000000
0.000000
0.000000
0.000000
0.000000
0.000000
0.000000
0.000000
0.000000
0.000000
0.000000
0.000000
0.000000
0.000000
0.000000
0.000000
0.000000
0.000000
0.000000
0.000000
0.000000
0.000000
0.000000
0.000000
0.000000
0.000000
0.000000
0.000000
0.000000
0.000000
0.000000
0.000000
0.000000
0.000000
0.000000
0.000000
0.000000
0.000000
0.000000
0.000000
0.000000
0.000000
0.000000
0.000000
0.000000
0.000000
0.000000
0.000000
0.000000
0.000000
0.000000
0.000000
0.000000
0.000000
0.000000
0.000000
0.000000
0.000000
0.000000
0.000000
0.000000
0.000000
0.000000
0.000000
0.000000
0.000000
0.000000
0.000000
0.000000
0.000000
0.000000
0.000000
0.000000
0.000000
0.000000
0.000000
0.000000
0.000000
0.000000
0.000000
0.000000
0.000000
0.000000
0.000000
0.000000
0.000000
0.000000
0.000000
0.000000
0.000000
0.000000
0.000000
0.000000
0.000000
0.000000
0.000000
0.000000
0.000000
0.000000
0.000000
0.000000
0.000000
0.000000
0.000000
0.000000
0.000000
0.000000
0.000000
0.000000
0.000000
0.000000
0.000000
0.000000
0.000000
0.000000
0.000000
0.000000
0.000000
0.000000
0.000000
0.000000
0.000000
0.000000
0.000000
0.000000
0.000000
0.000000
0.000000
0.000000
0.000000
0.000000
0.000000
0.000000
0.000000
0.000000
0.000000
0.000000
0.000000
0.000000
0.000000
0.000000
0.000000
0.000000
0.000000
0.000000
0.000000
0.000000
0.000000
0.000000
0.000000
0.000000
0.000000
0.000000
0.000000
0.000000
0.000000
0.000000
0.000000
0.000000
0.000000
0.000000
0.000000
0.000000
0.000000
0.000000
0.000000
0.000000
0.000000
0.000000
0.000000
0.000000
0.000000
0.000000
0.000000
0.000000
0.000000
0.000000
0.000000
0.000000
0.000000
0.000000
0.000000
0.000000
0.000000
0.000000
0.000000
0.000000
0.000000
0.000000
0.000000
0.000000
0.000000
0.000000
0.000000
0.000000
0.000000
0.000000
0.000000
0.000000
0.000000
0.000000
0.000000
0.000000
0.000000
0.000000
0.000000
0.000000
0.000000
0.000000
0.000000
0.000000
0.000000
0.000000
0.000000
0.000000
0.000000
0.000000
0.000000
0.000000
0.000000
0.000000
0.000000
0.000000
0.000000
0.000000
0.000000
0.000000
0.000000
0.000000
0.000000
