0.466007
4.095983
15.382171
46.183995
139.155674
379.377904
858.140091
1754.030888
3289.368128
5614.060952
8883.245616
13304.070763
18807.414371
25703.537935
33719.091856
42559.429506
52398.646956
62776.041721
73478.840335
83901.852819
94270.601090
104162.452712
113140.913407
121047.827463
128028.065886
134066.890921
138981.722612
142760.799664
145506.700466
147551.543855
148564.615966
148744.435325
148452.250853
147410.160171
145808.322219
143635.508613
141100.188296
138114.757049
134725.580615
131236.150062
127649.153079
124037.947169
120593.719141
117047.531025
113427.622530
109711.141842
106080.746807
102524.867546
99061.947207
95728.351765
92465.247519
89413.914271
86414.759193
83501.401611
80696.513368
78002.322188
75305.266874
72829.266261
70426.185866
68163.254724
65870.459749
63847.885553
61875.497905
59951.111077
58076.171956
56344.312239
54674.312530
53052.173848
51453.185425
49991.404816
48640.340347
47366.296789
46136.050346
44985.290767
43895.324810
42807.180293
41793.098166
40870.680405
40020.185913
39153.140132
38366.346616
37604.471899
36792.961723
36125.003854
35483.307129
34815.669712
34200.195121
33532.480283
32944.272033
32353.112227
31810.927780
31311.807053
30851.745368
30448.746059
30027.704587
29637.742391
29248.459138
28868.755911
28506.501995
28114.610746
27809.532915
27492.494669
27195.406669
26943.998513
26712.055519
26454.101770
26274.017844
26038.522392
25874.176538
25674.064911
25526.416882
25330.706158
25152.294126
25051.260633
24919.514664
24790.139571
24687.598351
24568.503924
24453.472288
24348.186133
24231.534530
24130.114372
24015.602250
23885.922322
23780.387836
23676.891044
23605.181283
23497.832912
23425.869581
23351.472440
23289.658485
23240.784434
23196.034106
23160.535757
23102.273056
23057.602102
23011.815172
22968.150295
22936.006590
22902.556349
22865.434805
22865.203493
22830.302920
22826.670487
22819.635609
22799.141054
22774.539106
22742.864219
22700.590794
22639.729296
22596.110358
22581.894083
22546.205651
22513.544805
22482.245556
22458.281759
22431.869296
22421.714209
22394.866683
22358.800406
22334.718872
22304.137446
22299.939268
22219.686163
22175.462748
22120.204990
22102.913752
22065.156996
22008.694428
21989.002792
21954.542442
21910.464890
21873.713997
21806.378330
21730.248203
21672.098429
21601.168603
21512.916273
21442.762761
21388.483576
21339.240886
21278.580624
21232.013142
21151.315717
21047.186308
20945.992106
20855.536949
20730.085809
20650.550431
20516.092576
20398.250716
20248.853732
20113.799776
19981.581482
19864.522488
19743.576081
19604.095647
19478.675352
19329.490306
19199.908116
19065.103636
18912.620513
18741.892126
18586.981544
18436.508474
18275.304351
18112.090878
17942.578347
17782.701437
17571.988594
17369.320588
17169.065556
16988.478302
16783.807195
16580.396581
16384.264518
16219.221132
16038.959414
15862.966862
15661.079073
15453.172646
15245.629848
15066.815635
14877.348816
14663.445245
14476.245593
14267.117599
14062.778456
13853.847882
13629.020295
13425.773510
13198.792401
12990.867725
12794.868788
12590.787396
12375.292238
12182.358484
11973.227330
11768.937569
11564.881385
11368.424262
11168.901929
10956.577725
10742.517832
10533.601012
10341.483110
10118.616392
9916.975490
9701.573219
9504.210820
9304.981803
9093.128501
8892.927202
8654.726590
8450.785432
8241.042829
8038.266057
7835.926348
7648.416418
7442.904818
7243.331484
7047.777167
6855.303725
6674.712905
6491.067821
6319.589677
6157.473202
5984.236012
5814.116200
5639.110223
5477.525044
5318.186921
5157.003812
5014.236978
4860.081618
4708.977832
4560.212741
4413.778457
4272.217487
4137.218969
3991.788584
3854.344022
3730.216033
3603.183593
3478.077387
3365.290743
3244.169994
3125.663726
3005.759206
2896.507868
2791.207009
2687.158162
2586.402373
2493.719676
2402.696764
2308.876850
2222.161996
2129.129546
2043.692559
1961.974398
1884.156609
1814.197625
1737.088445
1668.135394
1602.915130
1540.467180
1480.292855
1416.838743
1363.667303
1305.245538
1252.025757
1198.989067
1143.784653
1092.464108
1044.118627
991.220046
948.724925
902.813953
859.119636
820.850971
780.186790
741.984648
707.525880
673.010772
635.691216
601.568721
571.201342
540.786182
515.147520
488.503012
462.236842
441.881104
420.665344
398.506253
378.317672
358.163165
336.306972
318.193582
300.170875
284.107969
267.062216
253.290633
241.189216
228.619034
217.063783
206.913859
197.764401
188.206196
176.536353
166.627888
156.956935
149.204864
139.258485
129.748506
120.482228
113.310926
105.287828
98.083862
92.364568
86.073839
81.031931
76.235831
72.009138
66.815984
62.413336
58.102384
53.593532
51.320146
48.412315
44.896348
42.184860
39.422667
36.672176
33.431806
30.700598
28.806685
26.999741
25.627040
23.683488
21.967663
20.040120
18.365823
16.660176
15.336946
13.803701
12.618089
11.182485
9.897164
8.731858
7.866817
7.295613
6.792627
6.413858
6.142809
5.503069
5.102935
4.640537
4.321611
4.227641
4.079184
3.912211
3.663369
3.537746
3.450928
3.275403
3.102965
2.747016
2.517318
2.414243
2.194435
1.803454
1.833465
1.582161
1.462664
1.357221
1.446039
1.342392
1.236933
1.228636
1.085390
1.132200
0.974315
0.829319
0.701601
0.712335
0.725527
0.606569
0.500150
0.454464
0.353988
0.366384
0.335500
0.246522
0.213447
0.169964
0.146662
0.120257
0.120171
0.117696
0.082140
0.043885
0.015775
0.012422
0.023776
0.014222
0.011020
0.004776
0.015707
0.000000
0.000000
0.000000
0.000000
0.000000
0.000000
0.000000
0.000000
0.000000
0.000000
0.000000
0.000000
0.000000
0.000000
0.000000
0.000000
0.000000
0.000000
0.000000
0.000000
0.000000
0.000000
0.000000
0.000000
0.000000
0.000000
0.000000
0.000000
0.000000
0.000000
0.000000
0.000000
0.000000
0.000000
0.000000
0.000000
0.000000
0.000000
0.000000
0.000000
0.000000
0.000000
0.000000
0.000000
0.000000
0.000000
0.000000
0.000000
0.000000
0.000000
0.000000
0.000000
0.000000
0.000000
0.000000
0.000000
0.000000
0.000000
0.000000
0.000000
0.000000
0.000000
0.000000
0.000000
0.000000
0.000000
0.000000
0.000000
0.000000
0.000000
0.000000
0.000000
0.000000
0.000000
0.000000
0.000000
0.000000
0.000000
0.000000
0.000000
0.000000
0.000000
0.000000
0.000000
0.000000
0.000000
0.000000
0.000000
0.000000
0.000000
0.000000
0.000000
0.000000
0.000000
0.000000
0.000000
0.000000
0.000000
0.000000
0.000000
0.000000
0.000000
0.000000
0.000000
0.000000
0.000000
0.000000
0.000000
0.000000
0.000000
0.000000
0.000000
0.000000
0.000000
0.000000
0.000000
0.000000
0.000000
0.000000
0.000000
0.000000
0.000000
0.000000
0.000000
0.000000
0.000000
0.000000
0.000000
0.000000
0.000000
0.000000
0.000000
0.000000
0.000000
0.000000
0.000000
0.000000
0.000000
0.000000
0.000000
0.000000
0.000000
0.000000
0.000000
0.000000
0.000000
0.000000
0.000000
0.000000
0.000000
0.000000
0.000000
0.000000
0.000000
0.000000
0.000000
0.000000
0.000000
0.000000
0.000000
0.000000
0.000000
0.000000
0.000000
0.000000
0.000000
0.000000
0.000000
0.000000
0.000000
0.000000
0.000000
0.000000
0.000000
0.000000
0.000000
0.000000
0.000000
0.000000
0.000000
0.000000
0.000000
0.000000
0.000000
0.000000
0.000000
0.000000
0.000000
0.000000
0.000000
0.000000
0.000000
0.000000
0.000000
0.000000
0.000000
0.000000
0.000000
0.000000
0.000000
0.000000
0.000000
0.000000
0.000000
0.000000
0.000000
0.000000
0.000000
0.000000
0.000000
0.000000
0.000000
0.000000
0.000000
0.000000
0.000000
0.000000
0.000000
0.000000
0.000000
0.000000
0.000000
0.000000
0.000000
0.000000
0.000000
0.000000
0.000000
0.000000
0.000000
0.000000
0.000000
0.000000
0.000000
0.000000
0.000000
0.000000
0.000000
0.000000
0.000000
0.000000
0.000000
0.000000
0.000000
0.000000
0.000000
0.000000
0.000000
0.000000
0.000000
0.000000
0.000000
0.000000
0.000000
0.000000
0.000000
0.000000
0.000000
0.000000
0.000000
0.000000
0.000000
0.000000
0.000000
0.000000
0.000000
0.000000
0.000000
0.000000
0.000000
0.000000
0.000000
0.000000
0.000000
0.000000
0.000000
0.000000
0.000000
0.000000
0.000000
0.000000
0.000000
0.000000
0.000000
0.000000
0.000000
0.000000
0.000000
0.000000
0.000000
0.000000
0.000000
0.000000
0.000000
0.000000
0.000000
0.000000
0.000000
0.000000
0.000000
0.000000
0.000000
0.000000
0.000000
0.000000
0.000000
0.000000
0.000000
0.000000
0.000000
0.000000
0.000000
0.000000
0.000000
0.000000
0.000000
0.000000
0.000000
0.000000
0.000000
0.000000
0.000000
0.000000
0.000000
0.000000
0.000000
0.000000
0.000000
0.000000
0.000000
0.000000
0.000000
0.000000
0.000000
0.000000
0.000000
0.000000
0.000000
0.000000
0.000000
0.000000
0.000000
0.000000
0.000000
0.000000
0.000000
0.000000
0.000000
0.000000
0.000000
0.000000
0.000000
0.000000
0.000000
0.000000
0.000000
0.000000
0.000000
0.000000
0.000000
0.000000
0.000000
0.000000
0.000000
0.000000
0.000000
0.000000
0.000000
0.000000
0.000000
0.000000
0.000000
0.000000
0.000000
0.000000
0.000000
0.000000
0.000000
0.000000
0.000000
0.000000
0.000000
0.000000
0.000000
0.000000
0.000000
0.000000
0.000000
0.000000
0.000000
0.000000
0.000000
0.000000
0.000000
0.000000
0.000000
0.000000
0.000000
0.000000
0.000000
0.000000
0.000000
0.000000
0.000000
0.000000
0.000000
0.000000
0.000000
0.000000
0.000000
0.000000
0.000000
0.000000
0.000000
0.000000
0.000000
0.000000
0.000000
0.000000
0.000000
0.000000
0.000000
0.000000
0.000000
0.000000
0.000000
0.000000
0.000000
0.000000
0.000000
0.000000
0.000000
0.000000
0.000000
0.000000
0.000000
0.000000
0.000000
0.000000
0.000000
0.000000
0.000000
0.000000
0.000000
0.000000
0.000000
0.000000
0.000000
0.000000
0.000000
0.000000
0.000000
0.000000
0.000000
0.000000
0.000000
0.000000
0.000000
0.000000
0.000000
0.000000
0.000000
0.000000
0.000000
0.000000
0.000000
0.000000
0.000000
0.000000
0.000000
0.000000
0.000000
0.000000
0.000000
0.000000
0.000000
0.000000
0.000000
0.000000
0.000000
0.000000
0.000000
0.000000
0.000000
0.000000
0.000000
0.000000
0.000000
0.000000
0.000000
0.000000
0.000000
0.000000
0.000000
0.000000
0.000000
0.000000
0.000000
0.000000
0.000000
0.000000
0.000000
0.000000
0.000000
0.000000
0.000000
0.000000
0.000000
0.000000
0.000000
0.000000
0.000000
0.000000
0.000000
0.000000
0.000000
0.000000
0.000000
0.000000
0.000000
0.000000
0.000000
0.000000
0.000000
0.000000
0.000000
0.000000
0.000000
0.000000
0.000000
0.000000
0.000000
0.000000
0.000000
0.000000
0.000000
0.000000
0.000000
0.000000
0.000000
0.000000
0.000000
0.000000
0.000000
0.000000
0.000000
0.000000
0.000000
0.000000
0.000000
0.000000
0.000000
0.000000
