0.000000
0.000000
0.000000
0.000000
0.000000
0.000000
0.000000
0.000000
0.000000
0.000000
0.000000
0.000000
0.322929
0.626316
2.429105
5.403290
7.192900
7.615263
11.165645
7.518608
12.332232
23.052909
44.025183
60.875422
105.712120
158.724454
232.474990
332.586317
461.189265
671.868300
884.255188
1145.746060
1487.758366
1931.198431
2455.740734
3098.665708
3849.419622
4619.789292
5597.438010
6652.414337
7807.103969
9217.465403
10782.475642
12478.201555
14271.011257
16339.830607
18682.780647
21153.124846
23772.235607
26517.358246
29345.959901
32449.266058
35461.948907
38683.661093
41984.075973
45382.676267
48786.164281
52198.797028
55864.914587
59354.191912
62923.636345
66444.506232
70159.555475
73962.775204
77324.762405
80675.774491
84132.006317
87578.817404
91001.294284
94037.456652
97039.611363
100054.319722
103196.446825
106008.454882
108467.444676
110956.750581
113309.176932
115288.000091
116915.292640
118726.268602
120403.139103
121813.447586
123385.024980
124501.117382
124955.309293
125780.812872
126548.886102
127017.024237
127191.074273
127391.025986
127499.182511
127527.679667
127282.099693
126935.579792
126461.058341
125859.825349
125068.835764
124263.851394
123263.871130
122322.788067
121055.314164
119899.774745
118704.767979
117207.204955
115717.721757
113920.737462
112396.260973
110770.727287
109131.414328
107510.862860
105862.879766
104146.182357
102402.607364
100682.722154
99015.194965
97227.553143
95499.572666
93489.508665
91596.950255
89572.917146
87845.982263
85935.430544
83838.062952
82015.386566
80152.947906
78170.213693
76487.634122
74903.428198
73128.336337
71359.823254
69532.516492
67713.915133
65942.707554
64284.999745
62614.279230
60700.775559
59040.564384
57468.685943
55880.393801
54311.747637
52740.096124
51142.605230
49517.984766
47929.711821
46395.330435
44964.717581
43539.988688
42171.494450
40886.083936
39473.696969
38148.066993
36817.586245
35642.157135
34492.956604
33385.854270
32326.506322
31197.657439
30091.118406
28924.153838
27900.095939
26838.524173
25971.659384
24949.555956
24060.628247
23218.330742
22339.717631
21444.675758
20558.863014
19771.522893
19100.628519
18300.914965
17614.709617
16881.420885
16295.309536
15637.570830
15045.132101
14419.068003
13848.519445
13260.393843
12778.028044
12296.083932
11790.857070
11332.588718
10939.733994
10497.302872
10068.432544
9632.939224
9214.583092
8769.964620
8460.042710
8072.776774
7729.271928
7450.618790
7128.870788
6762.991489
6513.172961
6226.860314
5945.258092
5664.388197
5411.829163
5147.846534
4939.651404
4721.893651
4460.064488
4260.683884
4063.133247
3833.229155
3663.334190
3479.550114
3336.765113
3154.249360
2992.377128
2845.664818
2711.063017
2577.350607
2462.141830
2323.958826
2206.630958
2106.842531
2006.099262
1922.892562
1818.763014
1726.261035
1654.422245
1586.301546
1508.284866
1431.150554
1395.131401
1328.306801
1268.646375
1189.807410
1147.120829
1074.277878
1013.856910
961.941591
912.493684
867.307738
811.522390
761.524356
724.486665
702.252802
685.273564
643.336580
620.422330
572.590799
544.869056
514.555738
492.507413
473.970585
444.958258
422.097366
396.300749
378.610497
354.233799
330.484328
309.866588
286.311569
266.091741
253.801268
237.454392
221.120469
208.904715
193.809651
183.707730
168.372323
157.612129
147.183149
137.991672
135.694707
121.093009
114.989643
108.205767
103.899044
94.705115
87.485705
83.020149
76.636551
72.173794
67.799017
59.615612
56.821700
54.127628
50.547634
46.559439
42.292868
42.094304
41.209162
39.230577
36.824694
34.332848
34.397782
30.602961
28.668575
26.835251
25.442761
23.185244
20.289461
18.766734
16.949362
13.860458
13.496725
14.652470
13.217075
12.260619
10.397965
10.369968
10.767730
10.085596
10.709788
11.443616
11.431543
9.591458
7.780102
8.095499
7.922355
7.373695
6.348546
6.675399
6.722419
5.852534
5.544445
6.663748
7.625473
5.875599
6.195468
5.728866
5.943946
5.675110
5.133512
4.921973
4.955897
3.890869
3.691827
4.605195
4.386474
4.181287
3.523462
2.533440
2.884427
2.565251
2.859633
2.276151
1.458925
0.911367
0.647907
0.464505
0.334793
0.106152
0.048982
0.003262
0.009312
0.000000
0.000000
0.000000
0.000000
0.000000
0.000000
0.000000
0.000000
0.000000
0.000000
0.000000
0.000000
0.000000
0.000000
0.000000
0.000000
0.000000
0.000000
0.000000
0.000000
0.000000
0.000000
0.000000
0.000000
0.000000
0.000000
0.000000
0.000000
0.000000
0.000000
0.000000
0.000000
0.000000
0.000000
0.000000
0.000000
0.000000
0.000000
0.000000
0.000000
0.000000
0.000000
0.000000
0.000000
0.000000
0.000000
0.000000
0.000000
0.000000
0.000000
0.000000
0.000000
0.000000
0.000000
0.000000
0.000000
0.000000
0.000000
0.000000
0.000000
0.000000
0.000000
0.000000
0.000000
0.000000
0.000000
0.000000
0.000000
0.000000
0.000000
0.000000
0.000000
0.000000
0.000000
0.000000
0.000000
0.000000
0.000000
0.000000
0.000000
0.000000
0.000000
0.000000
0.000000
0.000000
0.000000
0.000000
0.000000
0.000000
0.000000
0.000000
0.000000
0.000000
0.000000
0.000000
0.000000
0.000000
0.000000
0.000000
0.000000
0.000000
0.000000
0.000000
0.000000
0.000000
0.000000
0.000000
0.000000
0.000000
0.000000
0.000000
0.000000
0.000000
0.000000
0.000000
0.000000
0.000000
0.000000
0.000000
0.000000
0.000000
0.000000
0.000000
0.000000
0.000000
0.000000
0.000000
0.000000
0.000000
0.000000
0.000000
0.000000
0.000000
0.000000
0.000000
0.000000
0.000000
0.000000
0.000000
0.000000
0.000000
0.000000
0.000000
0.000000
0.000000
0.000000
0.000000
0.000000
0.000000
0.000000
0.000000
0.000000
0.000000
0.000000
0.000000
0.000000
0.000000
0.000000
0.000000
0.000000
0.000000
0.000000
0.000000
0.000000
0.000000
0.000000
0.000000
0.000000
0.000000
0.000000
0.000000
0.000000
0.000000
0.000000
0.000000
0.000000
0.000000
0.000000
0.000000
0.000000
0.000000
0.000000
0.000000
0.000000
0.000000
0.000000
0.000000
0.000000
0.000000
0.000000
0.000000
0.000000
0.000000
0.000000
0.000000
0.000000
0.000000
0.000000
0.000000
0.000000
0.000000
0.000000
0.000000
0.000000
0.000000
0.000000
0.000000
0.000000
0.000000
0.000000
0.000000
0.000000
0.000000
0.000000
0.000000
0.000000
0.000000
0.000000
0.000000
0.000000
0.000000
0.000000
0.000000
0.000000
0.000000
0.000000
0.000000
0.000000
0.000000
0.000000
0.000000
0.000000
0.000000
0.000000
0.000000
0.000000
0.000000
0.000000
0.000000
0.000000
0.000000
0.000000
0.000000
0.000000
0.000000
0.000000
0.000000
0.000000
0.000000
0.000000
0.000000
0.000000
0.000000
0.000000
0.000000
0.000000
0.000000
0.000000
0.000000
0.000000
0.000000
0.000000
0.000000
0.000000
0.000000
0.000000
0.000000
0.000000
0.000000
0.000000
0.000000
0.000000
0.000000
0.000000
0.000000
0.000000
0.000000
0.000000
0.000000
0.000000
0.000000
0.000000
0.000000
0.000000
0.000000
0.000000
0.000000
0.000000
0.000000
0.000000
0.000000
0.000000
0.000000
0.000000
0.000000
0.000000
0.000000
0.000000
0.000000
0.000000
0.000000
0.000000
0.000000
0.000000
0.000000
0.000000
0.000000
0.000000
0.000000
0.000000
0.000000
0.000000
0.000000
0.000000
0.000000
0.000000
0.000000
0.000000
0.000000
0.000000
0.000000
0.000000
0.000000
0.000000
0.000000
0.000000
0.000000
0.000000
0.000000
0.000000
0.000000
0.000000
0.000000
0.000000
0.000000
0.000000
0.000000
0.000000
0.000000
0.000000
0.000000
0.000000
0.000000
0.000000
0.000000
0.000000
0.000000
0.000000
0.000000
0.000000
0.000000
0.000000
0.000000
0.000000
0.000000
0.000000
0.000000
0.000000
0.000000
0.000000
0.000000
0.000000
0.000000
0.000000
0.000000
0.000000
0.000000
0.000000
0.000000
0.000000
0.000000
0.000000
0.000000
0.000000
0.000000
0.000000
0.000000
0.000000
0.000000
0.000000
0.000000
0.000000
0.000000
0.000000
0.000000
0.000000
0.000000
0.000000
0.000000
0.000000
0.000000
0.000000
0.000000
0.000000
0.000000
0.000000
0.000000
0.000000
0.000000
0.000000
0.000000
0.000000
0.000000
0.000000
0.000000
0.000000
0.000000
0.000000
0.000000
0.000000
0.000000
0.000000
0.000000
0.000000
0.000000
0.000000
0.000000
0.000000
0.000000
0.000000
0.000000
0.000000
0.000000
0.000000
0.000000
0.000000
0.000000
0.000000
0.000000
0.000000
0.000000
0.000000
0.000000
0.000000
0.000000
0.000000
0.000000
0.000000
0.000000
0.000000
0.000000
0.000000
0.000000
0.000000
0.000000
0.000000
0.000000
0.000000
0.000000
0.000000
0.000000
0.000000
0.000000
0.000000
0.000000
0.000000
0.000000
0.000000
0.000000
0.000000
0.000000
0.000000
0.000000
0.000000
0.000000
0.000000
0.000000
0.000000
0.000000
0.000000
0.000000
0.000000
0.000000
0.000000
0.000000
0.000000
0.000000
0.000000
0.000000
0.000000
0.000000
0.000000
0.000000
0.000000
0.000000
0.000000
0.000000
0.000000
0.000000
0.000000
0.000000
0.000000
0.000000
0.000000
0.000000
0.000000
0.000000
0.000000
0.000000
0.000000
0.000000
0.000000
0.000000
0.000000
0.000000
0.000000
0.000000
0.000000
0.000000
0.000000
0.000000
0.000000
0.000000
0.000000
0.000000
0.000000
0.000000
0.000000
0.000000
0.000000
0.000000
0.000000
0.000000
0.000000
0.000000
0.000000
0.000000
0.000000
0.000000
0.000000
0.000000
0.000000
0.000000
0.000000
0.000000
0.000000
0.000000
0.000000
0.000000
0.000000
0.000000
0.000000
0.000000
0.000000
0.000000
0.000000
0.000000
0.000000
0.000000
0.000000
0.000000
0.000000
0.000000
0.000000
0.000000
0.000000
0.000000
0.000000
0.000000
0.000000
0.000000
0.000000
0.000000
0.000000
0.000000
0.000000
0.000000
0.000000
0.000000
0.000000
0.000000
0.000000
0.000000
0.000000
0.000000
0.000000
0.000000
0.000000
0.000000
0.000000
0.000000
0.000000
0.000000
0.000000
0.000000
0.000000
0.000000
0.000000
0.000000
0.000000
0.000000
0.000000
0.000000
0.000000
0.000000
0.000000
0.000000
0.000000
0.000000
0.000000
0.000000
0.000000
0.000000
0.000000
0.000000
0.000000
0.000000
0.000000
0.000000
0.000000
0.000000
0.000000
0.000000
0.000000
0.000000
0.000000
0.000000
0.000000
0.000000
0.000000
0.000000
0.000000
0.000000
0.000000
0.000000
0.000000
0.000000
0.000000
0.000000
0.000000
0.000000
0.000000
0.000000
0.000000
0.000000
0.000000
0.000000
0.000000
0.000000
0.000000
0.000000
0.000000
0.000000
0.000000
0.000000
0.000000
0.000000
0.000000
0.000000
0.000000
