0.000000
0.000000
0.000000
0.000000
0.000000
0.000000
0.000000
0.000000
0.000000
0.000000
0.000000
0.000000
0.000000
0.000000
0.000000
0.000000
0.000000
0.000000
0.000000
0.000000
0.000000
0.000000
0.000000
0.000000
0.000000
0.000000
0.000000
0.019804
0.035929
0.108657
0.092728
0.233180
0.679513
1.156687
1.848190
4.130180
7.052667
11.567080
18.324541
28.956884
44.159485
65.973003
101.468523
146.799899
212.246087
298.032372
419.540481
580.101954
793.455097
1066.706247
1420.667918
1867.634223
2431.800623
3129.712362
3994.769215
5044.791586
6317.663662
7807.528552
9584.100208
11659.816021
14033.523986
16787.573036
19891.900613
23398.708126
27299.677434
31634.045561
36458.160775
41656.288314
47291.510647
53382.314313
59828.232549
66713.687604
73910.384915
81436.841295
89268.401282
97272.418959
105412.771535
113727.282144
122152.528678
130570.650827
138866.829945
147137.555333
155112.899927
162944.143109
170426.628767
177528.915849
184267.483465
190489.330709
196259.886683
201399.752059
206056.546066
209991.633749
213365.700706
216109.848693
218077.449116
219456.807201
220200.320953
220254.132188
219655.996210
218377.659885
216528.982089
214070.266368
211131.086900
207749.210464
203771.273093
199354.069794
194570.972207
189419.986275
183904.691263
178162.676994
172101.863747
165923.571619
159567.385115
153145.475623
146556.139984
139982.612940
133319.684447
126731.345978
120211.679852
113728.986895
107337.939931
101103.474346
95026.320848
89119.027377
83381.913692
77839.446104
72520.118619
67404.052304
62528.900297
57852.925399
53411.936485
49193.438920
45227.393334
41489.325810
37968.250011
34670.916880
31596.706984
28740.306204
26059.906598
23579.647879
21298.388723
19198.348790
17276.639206
15510.504485
13876.675432
12399.536902
11055.313461
9827.653019
8714.634818
7709.765319
6807.641611
5996.237345
5279.119717
4631.058746
4047.796345
3532.752749
3080.595767
2679.518028
2326.007649
2009.616274
1736.937548
1498.706081
1284.731146
1099.210361
940.335744
802.037610
682.458127
581.594285
490.974295
413.552778
347.961067
293.826635
245.038727
204.755809
172.004392
142.446995
118.192362
97.637921
80.040177
66.686610
54.434405
44.701621
36.794472
30.179498
24.446453
20.424939
16.288106
13.098368
10.711953
8.525714
6.807352
5.448889
4.349714
3.447077
2.641086
2.058484
1.675349
1.341910
1.058995
0.767221
0.590756
0.435836
0.370255
0.260255
0.215205
0.151367
0.116892
0.086129
0.063065
0.029298
0.021566
0.009894
0.004964
0.003375
0.000000
0.000607
0.000000
0.000000
0.000000
0.000000
0.000000
0.000000
0.000000
0.000000
0.000000
0.000000
0.000000
0.000000
0.000000
0.000000
0.000000
0.000000
0.000000
0.000000
0.000000
0.000000
0.000000
0.000000
0.000000
0.000000
0.000000
0.000000
0.000000
0.000000
0.000000
0.000000
0.000000
0.000000
0.000000
0.000000
0.000000
0.000000
0.000000
0.000000
0.000000
0.000000
0.000000
0.000000
0.000000
0.000000
0.000000
0.000000
0.000000
0.000000
0.000000
0.000000
0.000000
0.000000
0.000000
0.000000
0.000000
0.000000
0.000000
0.000000
0.000000
0.000000
0.000000
0.000000
0.000000
0.000000
0.000000
0.000000
0.000000
0.000000
0.000000
0.000000
0.000000
0.000000
0.000000
0.000000
0.000000
0.000000
0.000000
0.000000
0.000000
0.000000
0.000000
0.000000
0.000000
0.000000
0.000000
0.000000
0.000000
0.000000
0.000000
0.000000
0.000000
0.000000
0.000000
0.000000
0.000000
0.000000
0.000000
0.000000
0.000000
0.000000
0.000000
0.000000
0.000000
0.000000
0.000000
0.000000
0.000000
0.000000
0.000000
0.000000
0.000000
0.000000
0.000000
0.000000
0.000000
0.000000
0.000000
0.000000
0.000000
0.000000
0.000000
0.000000
0.000000
0.000000
0.000000
0.000000
0.000000
0.000000
0.000000
0.000000
0.000000
0.000000
0.000000
0.000000
0.000000
0.000000
0.000000
0.000000
0.000000
0.000000
0.000000
0.000000
0.000000
0.000000
0.000000
0.000000
0.000000
0.000000
0.000000
0.000000
0.000000
0.000000
0.000000
0.000000
0.000000
0.000000
0.000000
0.000000
0.000000
0.000000
0.000000
0.000000
0.000000
0.000000
0.000000
0.000000
0.000000
0.000000
0.000000
0.000000
0.000000
0.000000
0.000000
0.000000
0.000000
0.000000
0.000000
0.000000
0.000000
0.000000
0.000000
0.000000
0.000000
0.000000
0.000000
0.000000
0.000000
0.000000
0.000000
0.000000
0.000000
0.000000
0.000000
0.000000
0.000000
0.000000
0.000000
0.000000
0.000000
0.000000
0.000000
0.000000
0.000000
0.000000
0.000000
0.000000
0.000000
0.000000
0.000000
0.000000
0.000000
0.000000
0.000000
0.000000
0.000000
0.000000
0.000000
0.000000
0.000000
0.000000
0.000000
0.000000
0.000000
0.000000
0.000000
0.000000
0.000000
0.000000
0.000000
0.000000
0.000000
0.000000
0.000000
0.000000
0.000000
0.000000
0.000000
0.000000
0.000000
0.000000
0.000000
0.000000
0.000000
0.000000
0.000000
0.000000
0.000000
0.000000
0.000000
0.000000
0.000000
0.000000
0.000000
0.000000
0.000000
0.000000
0.000000
0.000000
0.000000
0.000000
0.000000
0.000000
0.000000
0.000000
0.000000
0.000000
0.000000
0.000000
0.000000
0.000000
0.000000
0.000000
0.000000
0.000000
0.000000
0.000000
0.000000
0.000000
0.000000
0.000000
0.000000
0.000000
0.000000
0.000000
0.000000
