0.000000
0.000000
0.000000
0.000000
0.000000
0.000000
0.000000
0.000000
0.000000
0.000000
0.000000
0.000000
0.020097
1.018822
6.049877
8.508473
14.545462
26.965786
40.251589
78.839556
115.135310
175.096448
250.663265
349.886650
464.917423
646.812717
838.337472
1096.979452
1400.553827
1803.930070
2261.930897
2813.738113
3412.619430
4148.751393
5038.702014
6067.812107
7314.589951
8541.452271
10087.109870
11489.965000
13286.306080
15167.570254
17197.155418
19301.069682
21523.516049
23940.417199
26748.974698
29398.366964
32236.600423
35090.345629
38174.479232
41331.023166
44316.705744
47390.384319
50460.099571
53639.213101
56882.591055
59983.968502
63296.719749
66478.059822
69725.120465
72768.738255
75689.897106
78402.210541
81056.680029
84022.757223
86869.154375
89685.806576
92407.090905
94876.578110
97282.882746
99512.887797
101786.600764
103848.298793
105522.051872
107236.465785
108966.169291
110640.663503
112080.910840
113447.605751
114507.136758
115412.270502
116157.187994
116573.973825
117108.893903
117810.478248
118089.390679
118539.948894
118788.231628
118796.081229
118814.760651
118504.641648
118210.643418
117698.592720
117285.445183
116550.289640
115805.031664
114843.047886
113999.821170
113116.041996
111966.210989
110964.102873
109895.319837
108902.942646
107995.618545
106697.906180
105493.187643
104332.387592
102884.968394
101361.389681
99668.884599
98148.322142
96653.771941
95106.002775
93664.339776
92022.127355
90578.062735
88931.656567
87142.486049
85467.016161
84017.323877
82154.332337
80610.087355
79188.415795
77471.586074
75928.332494
74083.758425
72392.596929
70787.951471
69205.830892
67432.637134
66045.213090
64270.012442
62675.909200
61018.508393
59567.672423
58119.248447
56687.390565
55274.254319
53815.141918
52394.313308
50794.917756
49476.081623
48152.965882
46920.156581
45683.123419
44442.633906
43248.584719
41948.794995
40715.786753
39608.195587
38366.919123
37314.806651
36106.480008
34950.261914
33909.235297
32880.390559
31885.016808
30914.172274
29899.828934
28941.826972
27965.342666
27013.898492
26181.001997
25366.076512
24509.661236
23637.870782
22890.638339
22112.501520
21407.355894
20609.714006
19816.394369
19097.083190
18393.335013
17704.020490
16985.337122
16351.903789
15828.704308
15233.871186
14721.714645
14180.188030
13704.974310
13211.521045
12742.828787
12300.668575
11893.087932
11406.664007
10995.518461
10606.159537
10186.908306
9820.338164
9497.673545
9136.996889
8805.268253
8443.007906
8123.043742
7807.271814
7486.475633
7201.162059
6923.698258
6581.189071
6326.325565
6107.209700
5834.800561
5671.797730
5425.603790
5158.062991
4937.223679
4738.087106
4547.117433
4328.625981
4184.565144
4026.251136
3814.076212
3642.483073
3499.437755
3327.493609
3170.757912
3037.054268
2873.537140
2755.621871
2666.636057
2523.786759
2402.266467
2281.715261
2181.472250
2075.380903
1976.333177
1889.969504
1807.280892
1734.049355
1652.858513
1566.025689
1486.265594
1407.087817
1356.606745
1285.226242
1228.173463
1174.576448
1121.180137
1055.333464
995.410886
951.582869
894.286580
851.898080
814.222319
767.821308
732.528216
697.662693
657.903067
622.570712
582.060652
540.483413
502.277746
469.596516
430.747532
406.017638
384.813689
349.981701
330.457911
306.780506
278.537354
267.379304
255.960566
241.901127
227.023728
217.594996
203.502396
191.174627
182.160329
172.324515
161.726253
149.264216
140.622510
131.620390
123.813502
117.007300
112.383490
104.372820
96.239803
88.481517
84.029096
77.105504
73.305245
65.673583
61.023271
57.034665
52.438492
49.117601
46.249562
46.160078
42.112501
38.504623
34.109406
30.881312
27.495144
26.256769
22.758328
21.401259
19.826134
16.805831
17.053496
14.582508
14.184258
11.786912
10.628809
10.028278
10.387027
8.624690
7.744878
8.093977
7.372607
7.061611
6.555208
6.370535
6.727681
7.313390
7.099538
5.859721
5.302017
5.065755
5.342010
4.933310
4.211929
4.747392
4.350532
4.218461
3.087969
2.950598
2.467581
2.257255
1.578687
1.094037
0.869634
0.772575
0.582882
0.556490
0.333448
0.352138
0.457968
0.415343
0.596805
0.912299
0.891525
0.712262
0.423615
0.378132
0.441394
0.536217
0.636745
0.590446
0.681073
0.698988
0.700189
0.810998
0.463027
0.562615
0.471914
0.713560
0.523777
0.214021
0.226097
0.278931
0.306267
0.314692
0.410036
0.320892
0.379399
0.567155
0.415459
0.371810
0.159523
0.113516
0.040495
0.018263
0.103667
0.052167
0.000000
0.000000
0.000000
0.000000
0.000000
0.000000
0.000000
0.000000
0.000000
0.000000
0.000000
0.000000
0.000000
0.000000
0.000000
0.000000
0.000000
0.000000
0.000000
0.000000
0.000000
0.000000
0.000000
0.000000
0.000000
0.000000
0.000000
0.000000
0.000000
0.000000
0.000000
0.000000
0.000000
0.000000
0.000000
0.000000
0.000000
0.000000
0.000000
0.000000
0.000000
0.000000
0.000000
0.000000
0.000000
0.000000
0.000000
0.000000
0.000000
0.000000
0.000000
0.000000
0.000000
0.000000
0.000000
0.000000
0.000000
0.000000
0.000000
0.000000
0.000000
0.000000
0.000000
0.000000
0.000000
0.000000
0.000000
0.000000
0.000000
0.000000
0.000000
0.000000
0.000000
0.000000
0.000000
0.000000
0.000000
0.000000
0.000000
0.000000
0.000000
0.000000
0.000000
0.000000
0.000000
0.000000
0.000000
0.000000
0.000000
0.000000
0.000000
0.000000
0.000000
0.000000
0.000000
0.000000
0.000000
0.000000
0.000000
0.000000
0.000000
0.000000
0.000000
0.000000
0.000000
0.000000
0.000000
0.000000
0.000000
0.000000
0.000000
0.000000
0.000000
0.000000
0.000000
0.000000
0.000000
0.000000
0.000000
0.000000
0.000000
0.000000
0.000000
0.000000
0.000000
0.000000
0.000000
0.000000
0.000000
0.000000
0.000000
0.000000
0.000000
0.000000
0.000000
0.000000
0.000000
0.000000
0.000000
0.000000
0.000000
0.000000
0.000000
0.000000
0.000000
0.000000
0.000000
0.000000
0.000000
0.000000
0.000000
0.000000
0.000000
0.000000
0.000000
0.000000
0.000000
0.000000
0.000000
0.000000
0.000000
0.000000
0.000000
0.000000
0.000000
0.000000
0.000000
0.000000
0.000000
0.000000
0.000000
0.000000
0.000000
0.000000
0.000000
0.000000
0.000000
0.000000
0.000000
0.000000
0.000000
0.000000
0.000000
0.000000
0.000000
0.000000
0.000000
0.000000
0.000000
0.000000
0.000000
0.000000
0.000000
0.000000
0.000000
0.000000
0.000000
0.000000
0.000000
0.000000
0.000000
0.000000
0.000000
0.000000
0.000000
0.000000
0.000000
0.000000
0.000000
0.000000
0.000000
0.000000
0.000000
0.000000
0.000000
0.000000
0.000000
0.000000
0.000000
0.000000
0.000000
0.000000
0.000000
0.000000
0.000000
0.000000
0.000000
0.000000
0.000000
0.000000
0.000000
0.000000
0.000000
0.000000
0.000000
0.000000
0.000000
0.000000
0.000000
0.000000
0.000000
0.000000
0.000000
0.000000
0.000000
0.000000
0.000000
0.000000
0.000000
0.000000
0.000000
0.000000
0.000000
0.000000
0.000000
0.000000
0.000000
0.000000
0.000000
0.000000
0.000000
0.000000
0.000000
0.000000
0.000000
0.000000
0.000000
0.000000
0.000000
0.000000
0.000000
0.000000
0.000000
0.000000
0.000000
0.000000
0.000000
0.000000
0.000000
0.000000
0.000000
0.000000
0.000000
0.000000
0.000000
0.000000
0.000000
0.000000
0.000000
0.000000
0.000000
0.000000
0.000000
0.000000
0.000000
0.000000
0.000000
0.000000
0.000000
0.000000
0.000000
0.000000
0.000000
0.000000
0.000000
0.000000
0.000000
0.000000
0.000000
0.000000
0.000000
0.000000
0.000000
0.000000
0.000000
0.000000
0.000000
0.000000
0.000000
0.000000
0.000000
0.000000
0.000000
0.000000
0.000000
0.000000
0.000000
0.000000
0.000000
0.000000
0.000000
0.000000
0.000000
0.000000
0.000000
0.000000
0.000000
0.000000
0.000000
0.000000
0.000000
0.000000
0.000000
0.000000
0.000000
0.000000
0.000000
0.000000
0.000000
0.000000
0.000000
0.000000
0.000000
0.000000
0.000000
0.000000
0.000000
0.000000
0.000000
0.000000
0.000000
0.000000
0.000000
0.000000
0.000000
0.000000
0.000000
0.000000
0.000000
0.000000
0.000000
0.000000
0.000000
0.000000
0.000000
0.000000
0.000000
0.000000
0.000000
0.000000
0.000000
0.000000
0.000000
0.000000
0.000000
0.000000
0.000000
0.000000
0.000000
0.000000
0.000000
0.000000
0.000000
0.000000
0.000000
0.000000
0.000000
0.000000
0.000000
0.000000
0.000000
0.000000
0.000000
0.000000
0.000000
0.000000
0.000000
0.000000
0.000000
0.000000
0.000000
0.000000
0.000000
0.000000
0.000000
0.000000
0.000000
0.000000
0.000000
0.000000
0.000000
0.000000
0.000000
0.000000
0.000000
0.000000
0.000000
0.000000
0.000000
0.000000
0.000000
0.000000
0.000000
0.000000
0.000000
0.000000
0.000000
0.000000
0.000000
0.000000
0.000000
0.000000
0.000000
0.000000
0.000000
0.000000
0.000000
0.000000
0.000000
0.000000
0.000000
0.000000
0.000000
0.000000
0.000000
0.000000
0.000000
0.000000
0.000000
0.000000
0.000000
0.000000
0.000000
0.000000
0.000000
0.000000
0.000000
0.000000
0.000000
0.000000
0.000000
0.000000
0.000000
0.000000
0.000000
0.000000
0.000000
0.000000
0.000000
0.000000
0.000000
0.000000
0.000000
0.000000
0.000000
0.000000
0.000000
0.000000
0.000000
0.000000
0.000000
0.000000
0.000000
0.000000
0.000000
0.000000
0.000000
0.000000
0.000000
0.000000
0.000000
0.000000
0.000000
0.000000
0.000000
0.000000
0.000000
0.000000
0.000000
0.000000
0.000000
0.000000
0.000000
0.000000
0.000000
0.000000
0.000000
0.000000
0.000000
0.000000
0.000000
0.000000
0.000000
0.000000
0.000000
0.000000
0.000000
0.000000
0.000000
0.000000
0.000000
0.000000
0.000000
0.000000
0.000000
0.000000
0.000000
0.000000
0.000000
0.000000
0.000000
0.000000
0.000000
0.000000
0.000000
0.000000
0.000000
0.000000
0.000000
0.000000
0.000000
0.000000
0.000000
0.000000
0.000000
0.000000
0.000000
0.000000
0.000000
0.000000
0.000000
0.000000
0.000000
0.000000
0.000000
0.000000
0.000000
0.000000
0.000000
0.000000
0.000000
0.000000
0.000000
0.000000
0.000000
0.000000
0.000000
0.000000
0.000000
0.000000
0.000000
0.000000
0.000000
0.000000
0.000000
0.000000
0.000000
0.000000
0.000000
0.000000
0.000000
0.000000
0.000000
0.000000
0.000000
0.000000
0.000000
0.000000
0.000000
0.000000
0.000000
0.000000
0.000000
0.000000
0.000000
0.000000
0.000000
0.000000
0.000000
0.000000
0.000000
0.000000
0.000000
0.000000
0.000000
0.000000
0.000000
0.000000
0.000000
0.000000
0.000000
0.000000
0.000000
0.000000
