0.000000
0.000000
0.000000
0.000000
0.000000
0.000000
0.000000
0.000000
0.000000
0.000000
0.008957
0.011548
0.027491
0.067246
0.160798
0.390458
0.666427
1.103336
2.024441
3.295703
5.187060
8.428052
14.470084
23.688011
37.552491
56.870063
86.050279
124.377359
179.114761
250.770288
346.499306
470.015497
627.318116
831.879690
1084.557387
1393.068551
1779.919222
2249.750845
2815.236808
3485.899099
4269.444277
5172.761584
6208.242801
7402.667914
8745.736963
10250.736914
11930.434693
13793.388581
15847.590854
18088.341272
20507.116576
23125.795660
25934.015731
28926.578602
32087.967925
35416.929869
38935.041137
42623.361973
46434.051547
50398.682024
54457.398840
58621.235976
62855.746918
67147.726004
71484.289202
75840.533075
80215.157443
84566.643348
88905.854709
93183.578620
97430.893143
101559.055068
105610.449915
109549.915468
113334.396863
116992.825910
120542.734193
123895.177006
127078.380275
130074.984771
132915.412371
135538.118436
137946.726913
140121.765590
142086.148390
143830.547316
145337.403082
146654.650202
147695.153440
148497.418165
149090.776407
149430.793977
149564.662695
149498.349509
149199.203129
148719.002423
148055.319657
147216.344037
146166.673983
144965.788933
143612.948005
142119.126546
140505.657936
138758.163825
136863.106342
134868.019647
132804.631014
130652.236370
128381.480816
126036.507084
123576.745018
121030.098738
118459.146464
115813.211475
113110.020688
110338.637160
107546.386355
104731.046743
101895.122356
99055.297127
96197.547978
93361.391634
90542.467382
87725.362171
84928.824078
82161.736621
79422.405628
76694.008651
74020.260094
71390.796905
68813.725944
66278.068815
63783.240535
61329.100919
58917.615988
56562.607870
54301.173433
52083.506930
49930.127779
47829.347023
45782.661311
43789.248292
41852.132646
39988.616109
38189.139876
36432.369931
34744.851435
33107.978835
31527.797607
30003.157096
28536.885781
27120.737807
25748.910823
24441.416345
23189.404858
21970.233580
20809.045524
19703.187829
18642.523070
17629.859758
16664.806721
15739.828989
14847.266401
14003.396105
13198.432753
12428.133988
11708.471280
11017.937327
10359.562634
9730.411178
9122.808985
8554.933575
8021.012927
7515.524690
7040.325001
6589.366998
6162.503023
5765.207632
5388.222972
5034.692863
4697.544452
4380.953196
4080.507055
3797.028602
3532.721786
3284.038013
3054.250751
2836.029287
2632.007742
2442.678023
2264.486256
2097.959588
1945.180617
1799.195356
1665.634753
1539.674342
1422.742173
1313.133449
1211.261929
1119.506895
1033.523871
951.727536
877.677732
809.531831
744.547497
685.162734
629.966202
579.902313
531.883676
489.083120
448.806698
412.026874
378.594121
348.212249
319.798742
293.144738
268.239809
245.728460
225.590575
206.724738
188.987333
172.744718
157.824259
144.158307
131.709582
119.949938
108.914586
99.042249
89.846531
81.564007
74.049975
66.783697
60.278720
54.308941
48.433122
43.923667
39.667896
35.652803
32.107112
29.137248
26.061660
23.505789
21.255693
18.942815
16.746132
14.983937
13.432139
11.984557
10.700381
9.430054
8.271375
7.389887
6.554846
5.753965
5.030728
4.393703
3.901278
3.392936
3.020996
2.605652
2.303659
2.033372
1.815530
1.614132
1.404637
1.215838
1.107556
1.006384
0.904190
0.789566
0.750112
0.651801
0.567254
0.482105
0.390290
0.342189
0.290891
0.247989
0.187753
0.150821
0.117458
0.087098
0.072226
0.056210
0.043140
0.029989
0.015852
0.015554
0.007405
0.003823
0.001909
0.000306
0.000000
0.000000
0.000000
0.000000
0.000000
0.000000
0.000000
0.000000
0.000000
0.000000
0.000000
0.000000
0.000000
0.000000
0.000000
0.000000
0.000000
0.000000
0.000000
0.000000
0.000000
0.000000
0.000000
0.000000
0.000000
0.000000
0.000000
0.000000
0.000000
0.000000
0.000000
0.000000
0.000000
0.000000
0.000000
0.000000
0.000000
0.000000
0.000000
0.000000
0.000000
0.000000
0.000000
0.000000
0.000000
0.000000
0.000000
0.000000
0.000000
0.000000
0.000000
0.000000
0.000000
0.000000
0.000000
0.000000
0.000000
0.000000
0.000000
0.000000
0.000000
0.000000
0.000000
0.000000
0.000000
0.000000
0.000000
0.000000
0.000000
0.000000
0.000000
0.000000
0.000000
0.000000
0.000000
0.000000
0.000000
0.000000
0.000000
0.000000
0.000000
0.000000
0.000000
0.000000
0.000000
0.000000
0.000000
0.000000
0.000000
0.000000
0.000000
0.000000
0.000000
0.000000
0.000000
0.000000
0.000000
0.000000
0.000000
0.000000
0.000000
0.000000
0.000000
0.000000
0.000000
0.000000
0.000000
0.000000
0.000000
0.000000
0.000000
0.000000
0.000000
0.000000
0.000000
0.000000
0.000000
0.000000
0.000000
0.000000
0.000000
0.000000
0.000000
0.000000
0.000000
0.000000
0.000000
0.000000
0.000000
0.000000
0.000000
0.000000
0.000000
0.000000
0.000000
0.000000
0.000000
0.000000
0.000000
0.000000
0.000000
0.000000
0.000000
0.000000
0.000000
0.000000
0.000000
0.000000
0.000000
0.000000
0.000000
0.000000
0.000000
0.000000
0.000000
0.000000
0.000000
0.000000
0.000000
0.000000
0.000000
0.000000
0.000000
0.000000
0.000000
0.000000
0.000000
0.000000
0.000000
0.000000
0.000000
0.000000
0.000000
0.000000
0.000000
0.000000
0.000000
0.000000
0.000000
0.000000
0.000000
0.000000
0.000000
0.000000
0.000000
0.000000
0.000000
0.000000
0.000000
0.000000
0.000000
0.000000
0.000000
0.000000
0.000000
0.000000
0.000000
0.000000
0.000000
0.000000
0.000000
0.000000
0.000000
0.000000
0.000000
0.000000
0.000000
0.000000
0.000000
0.000000
0.000000
0.000000
0.000000
0.000000
0.000000
0.000000
0.000000
0.000000
0.000000
0.000000
0.000000
0.000000
0.000000
0.000000
0.000000
0.000000
0.000000
0.000000
0.000000
0.000000
0.000000
0.000000
0.000000
0.000000
0.000000
0.000000
0.000000
0.000000
0.000000
0.000000
0.000000
0.000000
0.000000
0.000000
0.000000
0.000000
0.000000
0.000000
0.000000
0.000000
0.000000
0.000000
0.000000
0.000000
0.000000
0.000000
0.000000
0.000000
0.000000
0.000000
0.000000
0.000000
0.000000
0.000000
0.000000
0.000000
0.000000
0.000000
0.000000
0.000000
0.000000
0.000000
0.000000
0.000000
0.000000
0.000000
0.000000
0.000000
0.000000
0.000000
0.000000
0.000000
0.000000
0.000000
0.000000
0.000000
0.000000
0.000000
0.000000
0.000000
0.000000
0.000000
0.000000
0.000000
0.000000
0.000000
0.000000
0.000000
0.000000
0.000000
0.000000
0.000000
0.000000
0.000000
0.000000
0.000000
0.000000
0.000000
0.000000
0.000000
0.000000
0.000000
0.000000
0.000000
0.000000
0.000000
0.000000
0.000000
0.000000
0.000000
0.000000
0.000000
0.000000
0.000000
0.000000
0.000000
0.000000
0.000000
0.000000
0.000000
0.000000
0.000000
0.000000
0.000000
0.000000
0.000000
0.000000
0.000000
0.000000
0.000000
0.000000
0.000000
0.000000
0.000000
0.000000
0.000000
0.000000
0.000000
0.000000
0.000000
0.000000
0.000000
0.000000
0.000000
0.000000
0.000000
0.000000
0.000000
0.000000
0.000000
0.000000
0.000000
0.000000
0.000000
0.000000
0.000000
0.000000
0.000000
0.000000
0.000000
0.000000
0.000000
0.000000
0.000000
0.000000
0.000000
0.000000
0.000000
0.000000
0.000000
0.000000
0.000000
0.000000
0.000000
0.000000
0.000000
0.000000
0.000000
0.000000
0.000000
0.000000
0.000000
0.000000
0.000000
0.000000
0.000000
0.000000
0.000000
0.000000
0.000000
0.000000
0.000000
0.000000
0.000000
0.000000
0.000000
0.000000
0.000000
0.000000
0.000000
0.000000
0.000000
0.000000
0.000000
0.000000
0.000000
0.000000
0.000000
0.000000
0.000000
0.000000
0.000000
0.000000
0.000000
0.000000
0.000000
0.000000
0.000000
0.000000
0.000000
0.000000
0.000000
0.000000
0.000000
0.000000
0.000000
0.000000
0.000000
0.000000
0.000000
0.000000
0.000000
0.000000
0.000000
0.000000
0.000000
0.000000
0.000000
0.000000
0.000000
0.000000
0.000000
0.000000
0.000000
0.000000
0.000000
0.000000
0.000000
0.000000
0.000000
0.000000
0.000000
0.000000
0.000000
0.000000
0.000000
0.000000
0.000000
0.000000
0.000000
0.000000
0.000000
0.000000
0.000000
0.000000
0.000000
0.000000
0.000000
0.000000
0.000000
0.000000
0.000000
0.000000
0.000000
0.000000
0.000000
0.000000
0.000000
0.000000
0.000000
0.000000
0.000000
0.000000
0.000000
0.000000
0.000000
0.000000
0.000000
0.000000
0.000000
0.000000
0.000000
0.000000
0.000000
0.000000
0.000000
0.000000
0.000000
0.000000
0.000000
0.000000
0.000000
0.000000
0.000000
0.000000
0.000000
0.000000
0.000000
0.000000
0.000000
0.000000
0.000000
0.000000
0.000000
0.000000
0.000000
0.000000
0.000000
0.000000
0.000000
0.000000
0.000000
0.000000
0.000000
0.000000
0.000000
0.000000
0.000000
0.000000
0.000000
0.000000
0.000000
0.000000
0.000000
0.000000
0.000000
0.000000
0.000000
0.000000
0.000000
0.000000
0.000000
0.000000
0.000000
0.000000
0.000000
0.000000
0.000000
0.000000
0.000000
0.000000
0.000000
0.000000
0.000000
0.000000
0.000000
0.000000
0.000000
0.000000
0.000000
0.000000
0.000000
0.000000
0.000000
0.000000
0.000000
0.000000
0.000000
0.000000
0.000000
0.000000
0.000000
0.000000
0.000000
0.000000
0.000000
0.000000
0.000000
0.000000
0.000000
0.000000
0.000000
0.000000
0.000000
0.000000
0.000000
0.000000
0.000000
0.000000
0.000000
0.000000
0.000000
0.000000
0.000000
0.000000
0.000000
0.000000
0.000000
0.000000
0.000000
0.000000
0.000000
0.000000
0.000000
0.000000
0.000000
0.000000
0.000000
0.000000
0.000000
0.000000
0.000000
0.000000
0.000000
0.000000
0.000000
0.000000
0.000000
0.000000
0.000000
0.000000
0.000000
0.000000
0.000000
0.000000
0.000000
0.000000
0.000000
0.000000
0.000000
0.000000
0.000000
0.000000
0.000000
0.000000
0.000000
0.000000
0.000000
0.000000
0.000000
0.000000
0.000000
0.000000
0.000000
0.000000
0.000000
0.000000
0.000000
0.000000
0.000000
0.000000
0.000000
0.000000
0.000000
0.000000
0.000000
0.000000
0.000000
0.000000
0.000000
0.000000
0.000000
0.000000
0.000000
0.000000
0.000000
0.000000
0.000000
0.000000
0.000000
0.000000
0.000000
0.000000
0.000000
0.000000
0.000000
0.000000
0.000000
0.000000
0.000000
0.000000
0.000000
0.000000
0.000000
0.000000
0.000000
0.000000
0.000000
0.000000
0.000000
0.000000
0.000000
0.000000
0.000000
0.000000
0.000000
0.000000
0.000000
0.000000
