0.000000
0.127464
2.095023
6.755291
20.179898
55.140902
122.172810
234.017982
425.007339
724.610245
1177.384698
1796.258901
2670.743824
3789.166461
5162.488069
6919.056791
8962.978404
11340.109821
14086.969751
17151.195622
20523.524110
24074.679531
27837.018489
31827.583995
35979.523601
40166.172148
44401.172363
48733.880421
52834.795016
56965.607246
60906.331157
64745.308611
68365.757817
71733.530442
74812.003661
77764.796611
80506.931934
82947.020528
85158.124501
87024.702432
88751.422053
90306.847520
91475.252647
92511.150739
93332.843593
93957.844993
94303.546704
94519.638189
94647.399425
94632.131666
94510.046056
94212.241296
93856.642566
93380.590191
92828.142495
92121.228871
91311.649628
90627.117682
89779.534557
88989.804348
88080.521243
87172.317506
86246.951751
85267.828607
84261.797232
83250.944355
82215.176356
81176.555404
80114.113522
79060.907766
78012.780634
76946.561924
75944.016366
74983.540995
74029.882781
73077.003780
72140.092020
71150.619011
70218.835540
69245.896848
68398.871760
67593.695055
66745.580238
65902.262190
65160.807932
64314.496809
63545.203988
62732.818426
61975.775652
61223.576076
60524.382114
59820.640987
59120.158261
58350.248305
57641.868610
56975.471616
56343.326158
55599.655454
55030.136000
54399.931561
53799.513329
53194.897777
52574.443236
52026.729891
51470.422025
50876.682636
50401.956393
49881.620949
49374.318460
48892.205629
48423.921662
47988.591006
47545.097327
47101.208339
46600.758603
46186.117628
45740.360468
45283.901828
44842.932272
44467.292038
44080.023182
43691.784018
43328.515190
42960.397666
42617.956572
42252.195238
41939.046078
41595.411300
41251.756376
40945.741891
40583.792142
40244.640709
39936.709449
39626.023245
39296.331277
38925.286628
38611.100638
38294.311237
37964.499011
37659.489673
37324.516491
37043.418323
36726.404703
36434.289492
36085.122540
35809.632237
35427.157946
35082.577712
34783.619730
34465.868458
34150.589012
33829.513187
33542.362649
33240.640760
32906.196124
32584.985400
32293.231449
31999.149235
31711.433549
31406.233727
31109.911562
30810.664395
30492.614388
30177.521950
29822.388566
29514.479544
29169.760790
28833.990221
28518.160526
28179.178841
27884.365535
27569.096012
27225.627452
26877.369611
26542.365439
26206.561744
25882.179540
25545.100805
25201.384636
24871.318296
24529.353308
24192.949707
23865.561111
23549.859487
23207.902305
22896.676321
22579.723864
22247.183663
21927.774493
21571.577225
21215.314142
20877.643249
20530.496782
20167.151606
19845.528905
19535.324340
19199.652450
18855.762629
18533.746266
18198.238286
17861.009005
17526.234950
17203.114346
16876.295455
16555.812983
16242.222130
15924.969604
15618.154451
15299.760569
14993.890462
14681.905453
14383.739444
14080.366026
13784.562015
13489.229158
13218.986989
12929.645625
12622.045287
12344.750004
12051.794692
11781.144243
11518.215799
11270.105900
11011.721772
10753.843872
10480.975010
10233.379935
9989.770151
9744.071007
9491.023080
9246.795566
9004.703957
8772.371705
8525.712963
8296.931496
8070.951158
7848.198813
7633.404913
7415.289574
7191.217334
6985.275298
6784.654488
6579.006342
6390.042002
6188.064791
5997.648083
5807.888553
5616.574256
5433.862004
5260.226434
5100.476296
4943.145195
4777.934709
4610.118322
4457.297454
4299.984655
4145.912155
4005.518442
3869.047890
3744.729250
3621.116324
3488.654437
3366.526160
3251.202725
3130.701634
3010.643755
2893.263281
2784.901238
2688.678696
2580.385770
2481.109912
2384.814131
2293.498568
2202.644851
2113.062740
2031.662526
1950.202528
1874.043472
1807.040600
1727.546302
1653.076391
1588.882330
1522.539659
1456.677279
1392.737192
1330.988264
1273.035536
1212.062361
1158.146198
1105.521198
1051.338342
1001.910999
956.804374
914.388289
873.525082
836.472610
797.656469
762.209936
724.273911
685.180172
648.825460
615.499679
580.869412
553.125870
526.484845
498.945205
477.106245
451.151111
426.301514
406.955701
383.939383
362.741351
343.303382
326.072680
309.234839
291.892593
276.150185
260.522024
245.950329
233.073558
220.145548
205.492508
194.197769
182.694607
170.430425
160.036480
151.693395
143.743015
134.368301
128.177250
120.409815
114.045133
107.767329
101.509009
95.066898
88.709924
83.255249
76.814161
72.283495
67.221643
62.384955
57.373286
53.728137
50.835825
47.433672
44.487662
41.026079
38.250487
35.983562
34.091670
31.632254
29.784807
27.957679
25.912786
23.678006
22.095307
20.708268
19.581912
18.590853
17.545690
16.721353
15.615042
14.668395
13.202238
12.339539
11.352621
10.314220
9.696922
9.115951
8.717553
7.984857
7.487478
6.598350
5.867753
5.544441
5.129020
5.084099
4.730218
4.416445
3.984412
3.462018
3.314966
2.998587
2.705817
2.384327
2.423212
2.031204
1.954203
1.801462
1.718807
1.554242
1.425310
1.384550
1.323262
1.132725
1.111675
0.916267
0.957063
0.920749
0.727188
0.647874
0.545714
0.559540
0.622402
0.527757
0.587962
0.609635
0.588648
0.566592
0.493676
0.458483
0.370039
0.332302
0.328795
0.242749
0.238259
0.243447
0.213928
0.177770
0.134575
0.106594
0.089064
0.070799
0.087079
0.072590
0.106339
0.101415
0.077237
0.041182
0.038406
0.053077
0.035110
0.023784
0.015610
0.004025
0.001795
0.000000
0.000000
0.000000
0.000000
0.000000
0.000000
0.000000
0.000000
0.000000
0.000000
0.000000
0.000000
0.000000
0.000000
0.000000
0.000000
0.000000
0.000000
0.000000
0.000000
0.000000
0.000000
0.000000
0.000000
0.000000
0.000000
0.000000
0.000000
0.000000
0.000000
0.000000
0.000000
0.000000
0.000000
0.000000
0.000000
0.000000
0.000000
0.000000
0.000000
0.000000
0.000000
0.000000
0.000000
0.000000
0.000000
0.000000
0.000000
0.000000
0.000000
0.000000
0.000000
0.000000
0.000000
0.000000
0.000000
0.000000
0.000000
0.000000
0.000000
0.000000
0.000000
0.000000
0.000000
0.000000
0.000000
0.000000
0.000000
0.000000
0.000000
0.000000
0.000000
0.000000
0.000000
0.000000
0.000000
0.000000
0.000000
0.000000
0.000000
0.000000
0.000000
0.000000
0.000000
0.000000
0.000000
0.000000
0.000000
0.000000
0.000000
0.000000
0.000000
0.000000
0.000000
0.000000
0.000000
0.000000
0.000000
0.000000
0.000000
0.000000
0.000000
0.000000
0.000000
0.000000
0.000000
0.000000
0.000000
0.000000
0.000000
0.000000
0.000000
0.000000
0.000000
0.000000
0.000000
0.000000
0.000000
0.000000
0.000000
0.000000
0.000000
0.000000
0.000000
0.000000
0.000000
0.000000
0.000000
0.000000
0.000000
0.000000
0.000000
0.000000
0.000000
0.000000
0.000000
0.000000
0.000000
0.000000
0.000000
0.000000
0.000000
0.000000
0.000000
0.000000
0.000000
0.000000
0.000000
0.000000
0.000000
0.000000
0.000000
0.000000
0.000000
0.000000
0.000000
0.000000
0.000000
0.000000
0.000000
0.000000
0.000000
0.000000
0.000000
0.000000
0.000000
0.000000
0.000000
0.000000
0.000000
0.000000
0.000000
0.000000
0.000000
0.000000
0.000000
0.000000
0.000000
0.000000
0.000000
0.000000
0.000000
0.000000
0.000000
0.000000
0.000000
0.000000
0.000000
0.000000
0.000000
0.000000
0.000000
0.000000
0.000000
0.000000
0.000000
0.000000
0.000000
0.000000
0.000000
0.000000
0.000000
0.000000
0.000000
0.000000
0.000000
0.000000
0.000000
0.000000
0.000000
0.000000
0.000000
0.000000
0.000000
0.000000
0.000000
0.000000
0.000000
0.000000
0.000000
0.000000
0.000000
0.000000
0.000000
0.000000
0.000000
0.000000
0.000000
0.000000
0.000000
0.000000
0.000000
0.000000
0.000000
0.000000
0.000000
0.000000
0.000000
0.000000
0.000000
0.000000
0.000000
0.000000
0.000000
0.000000
0.000000
0.000000
0.000000
0.000000
0.000000
0.000000
0.000000
0.000000
0.000000
0.000000
0.000000
0.000000
0.000000
0.000000
0.000000
0.000000
0.000000
0.000000
0.000000
0.000000
0.000000
0.000000
0.000000
0.000000
0.000000
0.000000
0.000000
0.000000
0.000000
0.000000
0.000000
0.000000
0.000000
0.000000
0.000000
0.000000
0.000000
0.000000
0.000000
0.000000
0.000000
0.000000
0.000000
0.000000
0.000000
0.000000
0.000000
0.000000
0.000000
0.000000
0.000000
0.000000
0.000000
0.000000
0.000000
0.000000
0.000000
0.000000
0.000000
0.000000
0.000000
0.000000
0.000000
0.000000
0.000000
0.000000
0.000000
0.000000
0.000000
0.000000
0.000000
0.000000
0.000000
0.000000
0.000000
0.000000
0.000000
0.000000
0.000000
0.000000
0.000000
0.000000
0.000000
0.000000
0.000000
0.000000
0.000000
0.000000
0.000000
0.000000
0.000000
0.000000
0.000000
0.000000
0.000000
0.000000
0.000000
0.000000
0.000000
0.000000
0.000000
0.000000
0.000000
0.000000
0.000000
0.000000
0.000000
0.000000
0.000000
0.000000
0.000000
0.000000
0.000000
0.000000
0.000000
0.000000
0.000000
0.000000
0.000000
0.000000
0.000000
0.000000
0.000000
0.000000
0.000000
0.000000
0.000000
0.000000
0.000000
0.000000
0.000000
0.000000
0.000000
0.000000
0.000000
0.000000
0.000000
0.000000
0.000000
0.000000
0.000000
0.000000
0.000000
0.000000
0.000000
0.000000
0.000000
0.000000
0.000000
0.000000
0.000000
0.000000
0.000000
0.000000
0.000000
0.000000
0.000000
0.000000
0.000000
0.000000
0.000000
0.000000
0.000000
0.000000
0.000000
0.000000
0.000000
0.000000
0.000000
0.000000
0.000000
0.000000
0.000000
0.000000
0.000000
0.000000
0.000000
0.000000
0.000000
0.000000
0.000000
0.000000
0.000000
0.000000
0.000000
0.000000
0.000000
0.000000
0.000000
0.000000
0.000000
0.000000
0.000000
0.000000
0.000000
0.000000
0.000000
0.000000
0.000000
0.000000
0.000000
0.000000
0.000000
0.000000
0.000000
0.000000
0.000000
0.000000
0.000000
0.000000
0.000000
0.000000
0.000000
0.000000
0.000000
0.000000
0.000000
0.000000
0.000000
0.000000
0.000000
0.000000
0.000000
0.000000
0.000000
0.000000
0.000000
0.000000
0.000000
0.000000
0.000000
0.000000
0.000000
0.000000
0.000000
0.000000
0.000000
0.000000
0.000000
0.000000
0.000000
0.000000
0.000000
0.000000
0.000000
0.000000
0.000000
0.000000
0.000000
0.000000
0.000000
0.000000
0.000000
0.000000
0.000000
0.000000
0.000000
0.000000
0.000000
0.000000
0.000000
0.000000
0.000000
0.000000
0.000000
0.000000
0.000000
0.000000
0.000000
0.000000
0.000000
0.000000
0.000000
0.000000
0.000000
0.000000
0.000000
0.000000
0.000000
0.000000
0.000000
0.000000
0.000000
0.000000
0.000000
0.000000
0.000000
0.000000
0.000000
0.000000
0.000000
0.000000
0.000000
0.000000
0.000000
0.000000
0.000000
0.000000
0.000000
0.000000
0.000000
0.000000
0.000000
0.000000
0.000000
0.000000
0.000000
0.000000
0.000000
0.000000
0.000000
0.000000
0.000000
0.000000
0.000000
0.000000
0.000000
0.000000
0.000000
0.000000
