0.000000
0.090209
0.815439
3.880488
20.428149
53.502604
129.417111
297.710649
604.484766
1143.990279
1984.619058
3211.860634
4943.872887
7263.612770
10136.314545
13690.966647
17792.411983
22602.250357
27940.498186
33725.503852
39908.818357
46229.336216
52791.057881
59308.048921
65757.901592
71969.765569
77954.279956
83401.153137
88412.987243
92912.573056
97071.489460
100770.626655
103925.362731
106543.367451
108650.236267
110323.186275
111609.737214
112506.336661
113019.537283
113161.564595
112917.175813
112316.904937
111531.255215
110539.158595
109355.747577
108002.494275
106554.672672
105015.776527
103335.444736
101604.731628
99766.406555
97972.918902
96047.972166
94105.992253
92150.257472
90261.867000
88461.475097
86606.235233
84780.364227
82962.664871
81115.113975
79274.957407
77543.474712
75789.406511
74093.106346
72474.252001
70841.721228
69402.695919
68023.804810
66629.315377
65341.466243
64056.454246
62828.245588
61553.299722
60340.144929
59205.555620
58141.176730
57026.524021
56024.507869
55045.024487
54034.025043
53176.209469
52262.238935
51438.680962
50647.334942
49900.740418
49101.848670
48377.075717
47700.312218
47058.757210
46377.698270
45722.893556
45104.420075
44535.187890
43971.034171
43427.197454
42915.934905
42460.243089
41986.416722
41524.279215
41053.535943
40635.450667
40223.148549
39802.843487
39385.032914
39004.061977
38606.890619
38208.593083
37900.096850
37551.280545
37259.546571
36918.322837
36632.126001
36336.003957
36074.172992
35793.323488
35525.631798
35254.536269
35003.937523
34791.457868
34575.712316
34334.768160
34130.329591
33849.467536
33671.836243
33474.210976
33285.041250
33100.977816
32905.616274
32723.691626
32527.111799
32397.817539
32272.069869
32087.257266
31934.201557
31755.941951
31572.623900
31404.121236
31234.559841
31092.285297
30923.981002
30802.144999
30671.700970
30522.648120
30367.268008
30268.469337
30132.755097
29984.994182
29867.596193
29756.245436
29668.939057
29526.574435
29355.957319
29215.058228
29053.392990
28953.551029
28814.648219
28704.477344
28586.988283
28451.818853
28293.495110
28115.528590
27958.297248
27757.929784
27577.980925
27415.868686
27253.966969
27076.634861
26893.886371
26698.982196
26488.076544
26293.771164
26078.301695
25881.099470
25684.684434
25458.395171
25260.037423
25034.582680
24819.923858
24605.437739
24379.622434
24143.537327
23956.396689
23763.700222
23528.181620
23292.303481
23072.111540
22831.237780
22613.330008
22338.057152
22097.986290
21863.536408
21586.725806
21332.463121
21100.797051
20798.756490
20564.330602
20315.853181
20058.299103
19803.480215
19533.266969
19259.282395
18984.593172
18701.152626
18415.449544
18136.029384
17845.235348
17590.956561
17308.634362
17051.159597
16788.196296
16513.089675
16257.830794
16006.794267
15759.065889
15495.183693
15244.238884
14987.816036
14712.943104
14443.741210
14186.351845
13934.291094
13668.939018
13416.638181
13152.837513
12889.541182
12615.402528
12378.682596
12134.395656
11881.702031
11635.332400
11383.946276
11141.752272
10903.742097
10663.380184
10413.401762
10173.039862
9929.929700
9678.643990
9455.941767
9206.650935
8967.735468
8740.571687
8524.114320
8311.889532
8090.249593
7870.335568
7663.270656
7457.301236
7256.113000
7061.908413
6871.038342
6673.152832
6475.788436
6286.992101
6101.642307
5926.505800
5743.636799
5572.106117
5398.893985
5224.648605
5051.000098
4882.795278
4712.767799
4564.763433
4410.671765
4263.695121
4122.166428
3981.381239
3852.691668
3717.528252
3578.969747
3451.513249
3328.320324
3208.900352
3088.686343
2974.722379
2868.299324
2767.252695
2664.067266
2566.131834
2461.958923
2373.084959
2286.780553
2198.371191
2118.419387
2043.072221
1963.760240
1884.460746
1802.147595
1728.519959
1652.658837
1582.651690
1515.170523
1453.514823
1390.892689
1335.091044
1277.721465
1219.529588
1161.510152
1107.959792
1050.794988
1007.086318
960.315100
917.686474
877.336044
838.335951
800.577462
762.128746
726.677829
692.191360
661.778081
632.445352
598.980503
569.361182
540.934621
514.467181
490.086978
466.085770
441.516333
420.267081
400.176301
380.013904
360.296144
339.217617
322.088788
303.329971
285.176454
268.954493
255.627141
241.253331
227.569849
215.395855
201.149296
189.863039
180.973189
169.641220
160.014418
150.446388
143.195092
135.657481
126.361857
118.708624
111.567579
102.628035
95.839120
89.310420
84.123336
78.898977
74.124396
69.393658
64.503096
59.028367
54.839648
50.672501
47.160485
44.305162
41.242852
39.136493
36.444809
35.088773
32.748560
30.728558
28.015430
26.372135
23.983251
21.661076
20.171313
18.936720
17.989540
16.572472
15.559285
14.404521
13.421825
12.383159
11.305933
10.557291
9.802250
9.277035
8.439465
8.226494
7.299604
7.098227
6.512637
5.648131
4.949661
4.841970
4.376386
4.063369
3.556738
2.966645
2.806363
2.487312
2.098496
1.808851
1.474814
1.231178
1.261445
1.112024
1.077846
0.909175
0.714985
0.755039
0.616309
0.557824
0.528575
0.467573
0.463278
0.376266
0.276531
0.271559
0.301050
0.192937
0.165160
0.147072
0.111789
0.101418
0.107749
0.084695
0.034699
0.040180
0.036346
0.018464
0.002164
0.000000
0.000000
0.000000
0.000000
0.000000
0.000000
0.000000
0.000000
0.000000
0.000000
0.000000
0.000000
0.000000
0.000000
0.000000
0.000000
0.000000
0.000000
0.000000
0.000000
0.000000
0.000000
0.000000
0.000000
0.000000
0.000000
0.000000
0.000000
0.000000
0.000000
0.000000
0.000000
0.000000
0.000000
0.000000
0.000000
0.000000
0.000000
0.000000
0.000000
0.000000
0.000000
0.000000
0.000000
0.000000
0.000000
0.000000
0.000000
0.000000
0.000000
0.000000
0.000000
0.000000
0.000000
0.000000
0.000000
0.000000
0.000000
0.000000
0.000000
0.000000
0.000000
0.000000
0.000000
0.000000
0.000000
0.000000
0.000000
0.000000
0.000000
0.000000
0.000000
0.000000
0.000000
0.000000
0.000000
0.000000
0.000000
0.000000
0.000000
0.000000
0.000000
0.000000
0.000000
0.000000
0.000000
0.000000
0.000000
0.000000
0.000000
0.000000
0.000000
0.000000
0.000000
0.000000
0.000000
0.000000
0.000000
0.000000
0.000000
0.000000
0.000000
0.000000
0.000000
0.000000
0.000000
0.000000
0.000000
0.000000
0.000000
0.000000
0.000000
0.000000
0.000000
0.000000
0.000000
0.000000
0.000000
0.000000
0.000000
0.000000
0.000000
0.000000
0.000000
0.000000
0.000000
0.000000
0.000000
0.000000
0.000000
0.000000
0.000000
0.000000
0.000000
0.000000
0.000000
0.000000
0.000000
0.000000
0.000000
0.000000
0.000000
0.000000
0.000000
0.000000
0.000000
0.000000
0.000000
0.000000
0.000000
0.000000
0.000000
0.000000
0.000000
0.000000
0.000000
0.000000
0.000000
0.000000
0.000000
0.000000
0.000000
0.000000
0.000000
0.000000
0.000000
0.000000
0.000000
0.000000
0.000000
0.000000
0.000000
0.000000
0.000000
0.000000
0.000000
0.000000
0.000000
0.000000
0.000000
0.000000
0.000000
0.000000
0.000000
0.000000
0.000000
0.000000
0.000000
0.000000
0.000000
0.000000
0.000000
0.000000
0.000000
0.000000
0.000000
0.000000
0.000000
0.000000
0.000000
0.000000
0.000000
0.000000
0.000000
0.000000
0.000000
0.000000
0.000000
0.000000
0.000000
0.000000
0.000000
0.000000
0.000000
0.000000
0.000000
0.000000
0.000000
0.000000
0.000000
0.000000
0.000000
0.000000
0.000000
0.000000
0.000000
0.000000
0.000000
0.000000
0.000000
0.000000
0.000000
0.000000
0.000000
0.000000
0.000000
0.000000
0.000000
0.000000
0.000000
0.000000
0.000000
0.000000
0.000000
0.000000
0.000000
0.000000
0.000000
0.000000
0.000000
0.000000
0.000000
0.000000
0.000000
0.000000
0.000000
0.000000
0.000000
0.000000
0.000000
0.000000
0.000000
0.000000
0.000000
0.000000
0.000000
0.000000
0.000000
0.000000
0.000000
0.000000
0.000000
0.000000
0.000000
0.000000
0.000000
0.000000
0.000000
0.000000
0.000000
0.000000
0.000000
0.000000
0.000000
0.000000
0.000000
0.000000
0.000000
0.000000
0.000000
0.000000
0.000000
0.000000
0.000000
0.000000
0.000000
0.000000
0.000000
0.000000
0.000000
0.000000
0.000000
0.000000
0.000000
0.000000
0.000000
0.000000
0.000000
0.000000
0.000000
0.000000
0.000000
0.000000
0.000000
0.000000
0.000000
0.000000
0.000000
0.000000
0.000000
0.000000
0.000000
0.000000
0.000000
0.000000
0.000000
0.000000
0.000000
0.000000
0.000000
0.000000
0.000000
0.000000
0.000000
0.000000
0.000000
0.000000
0.000000
0.000000
0.000000
0.000000
0.000000
0.000000
0.000000
0.000000
0.000000
0.000000
0.000000
0.000000
0.000000
0.000000
0.000000
0.000000
0.000000
0.000000
0.000000
0.000000
0.000000
0.000000
0.000000
0.000000
0.000000
0.000000
0.000000
0.000000
0.000000
0.000000
0.000000
0.000000
0.000000
0.000000
0.000000
0.000000
0.000000
0.000000
0.000000
0.000000
0.000000
0.000000
0.000000
0.000000
0.000000
0.000000
0.000000
0.000000
0.000000
0.000000
0.000000
0.000000
0.000000
0.000000
0.000000
0.000000
0.000000
0.000000
0.000000
0.000000
0.000000
0.000000
0.000000
0.000000
0.000000
0.000000
0.000000
0.000000
0.000000
0.000000
0.000000
0.000000
0.000000
0.000000
0.000000
0.000000
0.000000
0.000000
0.000000
0.000000
0.000000
0.000000
0.000000
0.000000
0.000000
0.000000
0.000000
0.000000
0.000000
0.000000
0.000000
0.000000
0.000000
0.000000
0.000000
0.000000
0.000000
0.000000
0.000000
0.000000
0.000000
0.000000
0.000000
0.000000
0.000000
0.000000
0.000000
0.000000
0.000000
0.000000
0.000000
0.000000
0.000000
0.000000
0.000000
0.000000
0.000000
0.000000
0.000000
0.000000
0.000000
0.000000
0.000000
0.000000
0.000000
0.000000
0.000000
0.000000
0.000000
0.000000
0.000000
0.000000
0.000000
0.000000
0.000000
0.000000
0.000000
0.000000
0.000000
0.000000
0.000000
0.000000
0.000000
0.000000
0.000000
0.000000
0.000000
0.000000
0.000000
0.000000
0.000000
0.000000
0.000000
0.000000
0.000000
0.000000
0.000000
0.000000
0.000000
0.000000
0.000000
0.000000
0.000000
0.000000
0.000000
0.000000
0.000000
0.000000
0.000000
0.000000
0.000000
0.000000
0.000000
0.000000
0.000000
0.000000
0.000000
0.000000
0.000000
0.000000
0.000000
0.000000
0.000000
0.000000
0.000000
0.000000
0.000000
0.000000
0.000000
0.000000
0.000000
0.000000
0.000000
0.000000
0.000000
0.000000
0.000000
0.000000
0.000000
0.000000
0.000000
0.000000
0.000000
0.000000
0.000000
0.000000
0.000000
0.000000
0.000000
0.000000
0.000000
0.000000
0.000000
0.000000
0.000000
0.000000
0.000000
0.000000
0.000000
0.000000
0.000000
0.000000
0.000000
0.000000
0.000000
0.000000
0.000000
0.000000
0.000000
0.000000
0.000000
0.000000
0.000000
0.000000
0.000000
0.000000
0.000000
0.000000
0.000000
0.000000
