0.000000
0.000000
0.000000
0.000000
0.000000
0.000000
0.000000
0.000000
0.000000
0.000000
0.000000
0.000000
2.195082
8.934901
17.477157
35.159244
53.105033
93.466106
137.048749
194.837526
310.119674
427.784805
607.421278
826.088493
1058.748490
1383.180673
1810.006819
2251.365721
2787.674701
3441.605963
4192.853006
5096.888214
6127.015428
7209.236744
8560.686091
10020.844903
11685.597263
13459.361249
15260.770722
17297.902868
19515.888035
21692.035910
24152.813998
26635.135073
29219.615472
31797.423907
34644.414186
37405.885568
40233.026659
43143.752217
45842.483956
48533.975738
51539.112484
54889.360484
57872.383713
61018.985124
63939.854256
66673.214560
69536.771501
72512.703545
75143.738102
77908.129465
80492.080176
83034.567744
85140.669742
87584.464151
89760.022673
91584.365586
93478.601381
95031.217812
96774.652968
98497.351567
100073.059261
101617.601744
102707.849233
103766.863665
104842.842410
105555.499694
106498.947843
106992.021566
107925.981799
108203.111483
108827.865747
108945.640285
109216.362468
108831.604738
108735.535365
108979.565797
109060.519631
108533.793289
108372.164551
108017.848841
107730.290783
107385.955599
106595.102752
105789.809420
105352.200133
104574.877922
103812.129903
102748.486523
101988.694735
101215.650242
100232.566739
99273.133020
98288.315969
97238.618138
95987.872381
94726.426494
93708.046147
92394.747193
91251.471894
89921.689307
88606.230576
87475.747228
86004.629449
84717.839614
83508.220216
82219.922439
80851.737055
79159.299005
77858.326890
76560.702638
75242.913627
73930.435085
72687.824347
71319.764666
70005.024056
68778.996865
67609.412256
66240.106620
65087.245730
63970.915003
62780.608787
61336.709479
60014.873803
58692.760484
57467.549615
56359.970129
55164.185937
53911.746619
52505.912712
51345.035171
50105.228881
48925.194145
47870.037785
46769.452236
45556.775916
44535.373913
43426.311840
42388.777997
41313.938050
40273.706094
39267.926589
38265.636490
37343.904616
36350.411915
35237.176098
34348.083852
33342.966848
32507.321633
31634.534254
30767.027333
29998.448535
29110.982167
28321.770619
27581.225466
26788.669913
26002.363950
25266.599379
24501.016757
23787.829027
23173.052264
22475.182958
21752.026104
21204.774274
20567.607096
19936.527109
19301.862307
18652.500883
18152.606394
17554.744650
17017.690219
16497.087639
15957.458791
15533.770133
15102.985779
14582.713368
14101.760606
13569.931870
13130.441900
12685.522148
12278.032209
11822.400153
11383.326635
11052.725299
10704.273131
10303.972141
9872.397181
9502.113314
9169.068505
8819.833728
8496.991373
8213.824788
7909.248349
7620.801871
7331.731479
7047.600542
6799.118984
6530.415358
6250.553552
6020.769770
5799.372521
5561.159726
5355.275898
5141.767679
4906.254797
4742.611208
4545.932913
4369.338355
4165.900858
3971.236858
3787.931724
3653.810934
3513.462700
3388.822468
3245.028475
3122.849185
2975.179791
2830.705027
2700.632752
2599.547771
2489.984605
2406.632212
2312.325321
2219.651071
2147.453234
2029.125091
1931.451613
1860.788997
1797.168738
1697.788868
1615.947731
1540.101444
1457.022847
1403.086227
1326.282109
1269.031441
1211.388489
1151.193951
1087.797705
1038.470577
991.808049
943.337457
908.657897
847.772374
805.333072
776.329924
733.292194
699.333965
670.620077
648.622157
612.450343
584.493216
545.631976
517.368370
494.509136
469.598514
452.813852
431.597366
402.471516
376.372975
363.272274
351.381807
330.794883
316.228093
294.258260
274.124011
258.740632
234.594825
225.992842
216.071545
198.621553
179.944081
167.329251
160.987773
152.874969
151.106318
142.750089
137.880060
131.031707
123.229490
116.955242
110.122299
103.617654
99.727152
91.856652
82.223375
78.391111
71.656295
67.157335
63.806672
58.519121
55.530201
53.360411
47.191156
46.142793
43.356430
40.361802
37.446641
34.545842
32.888628
28.754572
27.032774
24.728780
22.648561
18.326589
18.002031
17.503480
17.841906
17.964970
14.578534
11.877715
10.926735
10.336639
10.509377
10.260691
9.793758
7.862567
7.949579
6.839292
5.801237
4.415819
4.068285
3.848601
3.604057
3.759916
3.391506
3.329997
3.549901
3.166356
2.213180
2.767864
2.074965
2.035674
1.743974
1.687808
1.258600
1.225564
1.505947
1.497723
1.211752
1.043691
1.111670
0.990125
1.590710
1.799550
1.320411
1.213673
1.025350
1.061647
1.071170
1.371177
1.213301
1.345458
1.067157
0.916259
0.835009
0.814240
0.774046
0.730457
0.644841
0.896228
1.053436
1.153405
0.816656
0.776451
0.822197
0.769164
0.480701
0.349996
0.169546
0.157715
0.275696
0.248613
0.280182
0.156403
0.129995
0.004396
0.000000
0.000000
0.000000
0.000000
0.000000
0.000000
0.000000
0.000000
0.000000
0.000000
0.000000
0.000000
0.000000
0.000000
0.000000
0.000000
0.000000
0.000000
0.000000
0.000000
0.000000
0.000000
0.000000
0.000000
0.000000
0.000000
0.000000
0.000000
0.000000
0.000000
0.000000
0.000000
0.000000
0.000000
0.000000
0.000000
0.000000
0.000000
0.000000
0.000000
0.000000
0.000000
0.000000
0.000000
0.000000
0.000000
0.000000
0.000000
0.000000
0.000000
0.000000
0.000000
0.000000
0.000000
0.000000
0.000000
0.000000
0.000000
0.000000
0.000000
0.000000
0.000000
0.000000
0.000000
0.000000
0.000000
0.000000
0.000000
0.000000
0.000000
0.000000
0.000000
0.000000
0.000000
0.000000
0.000000
0.000000
0.000000
0.000000
0.000000
0.000000
0.000000
0.000000
0.000000
0.000000
0.000000
0.000000
0.000000
0.000000
0.000000
0.000000
0.000000
0.000000
0.000000
0.000000
0.000000
0.000000
0.000000
0.000000
0.000000
0.000000
0.000000
0.000000
0.000000
0.000000
0.000000
0.000000
0.000000
0.000000
0.000000
0.000000
0.000000
0.000000
0.000000
0.000000
0.000000
0.000000
0.000000
0.000000
0.000000
0.000000
0.000000
0.000000
0.000000
0.000000
0.000000
0.000000
0.000000
0.000000
0.000000
0.000000
0.000000
0.000000
0.000000
0.000000
0.000000
0.000000
0.000000
0.000000
0.000000
0.000000
0.000000
0.000000
0.000000
0.000000
0.000000
0.000000
0.000000
0.000000
0.000000
0.000000
0.000000
0.000000
0.000000
0.000000
0.000000
0.000000
0.000000
0.000000
0.000000
0.000000
0.000000
0.000000
0.000000
0.000000
0.000000
0.000000
0.000000
0.000000
0.000000
0.000000
0.000000
0.000000
0.000000
0.000000
0.000000
0.000000
0.000000
0.000000
0.000000
0.000000
0.000000
0.000000
0.000000
0.000000
0.000000
0.000000
0.000000
0.000000
0.000000
0.000000
0.000000
0.000000
0.000000
0.000000
0.000000
0.000000
0.000000
0.000000
0.000000
0.000000
0.000000
0.000000
0.000000
0.000000
0.000000
0.000000
0.000000
0.000000
0.000000
0.000000
0.000000
0.000000
0.000000
0.000000
0.000000
0.000000
0.000000
0.000000
0.000000
0.000000
0.000000
0.000000
0.000000
0.000000
0.000000
0.000000
0.000000
0.000000
0.000000
0.000000
0.000000
0.000000
0.000000
0.000000
0.000000
0.000000
0.000000
0.000000
0.000000
0.000000
0.000000
0.000000
0.000000
0.000000
0.000000
0.000000
0.000000
0.000000
0.000000
0.000000
0.000000
0.000000
0.000000
0.000000
0.000000
0.000000
0.000000
0.000000
0.000000
0.000000
0.000000
0.000000
0.000000
0.000000
0.000000
0.000000
0.000000
0.000000
0.000000
0.000000
0.000000
0.000000
0.000000
0.000000
0.000000
0.000000
0.000000
0.000000
0.000000
0.000000
0.000000
0.000000
0.000000
0.000000
0.000000
0.000000
0.000000
0.000000
0.000000
0.000000
0.000000
0.000000
0.000000
0.000000
0.000000
0.000000
0.000000
0.000000
0.000000
0.000000
0.000000
0.000000
0.000000
0.000000
0.000000
0.000000
0.000000
0.000000
0.000000
0.000000
0.000000
0.000000
0.000000
0.000000
0.000000
0.000000
0.000000
0.000000
0.000000
0.000000
0.000000
0.000000
0.000000
0.000000
0.000000
0.000000
0.000000
0.000000
0.000000
0.000000
0.000000
0.000000
0.000000
0.000000
0.000000
0.000000
0.000000
0.000000
0.000000
0.000000
0.000000
0.000000
0.000000
0.000000
0.000000
0.000000
0.000000
0.000000
0.000000
0.000000
0.000000
0.000000
0.000000
0.000000
0.000000
0.000000
0.000000
0.000000
0.000000
0.000000
0.000000
0.000000
0.000000
0.000000
0.000000
0.000000
0.000000
0.000000
0.000000
0.000000
0.000000
0.000000
0.000000
0.000000
0.000000
0.000000
0.000000
0.000000
0.000000
0.000000
0.000000
0.000000
0.000000
0.000000
0.000000
0.000000
0.000000
0.000000
0.000000
0.000000
0.000000
0.000000
0.000000
0.000000
0.000000
0.000000
0.000000
0.000000
0.000000
0.000000
0.000000
0.000000
0.000000
0.000000
0.000000
0.000000
0.000000
0.000000
0.000000
0.000000
0.000000
0.000000
0.000000
0.000000
0.000000
0.000000
0.000000
0.000000
0.000000
0.000000
0.000000
0.000000
0.000000
0.000000
0.000000
0.000000
0.000000
0.000000
0.000000
0.000000
0.000000
0.000000
0.000000
0.000000
0.000000
0.000000
0.000000
0.000000
0.000000
0.000000
0.000000
0.000000
0.000000
0.000000
0.000000
0.000000
0.000000
0.000000
0.000000
0.000000
0.000000
0.000000
0.000000
0.000000
0.000000
0.000000
0.000000
0.000000
0.000000
0.000000
0.000000
0.000000
0.000000
0.000000
0.000000
0.000000
0.000000
0.000000
0.000000
0.000000
0.000000
0.000000
0.000000
0.000000
0.000000
0.000000
0.000000
0.000000
0.000000
0.000000
0.000000
0.000000
0.000000
0.000000
0.000000
0.000000
0.000000
0.000000
0.000000
0.000000
0.000000
0.000000
0.000000
0.000000
0.000000
0.000000
0.000000
0.000000
0.000000
0.000000
0.000000
0.000000
0.000000
0.000000
0.000000
0.000000
0.000000
0.000000
0.000000
0.000000
0.000000
0.000000
0.000000
0.000000
0.000000
0.000000
0.000000
0.000000
0.000000
0.000000
0.000000
0.000000
0.000000
0.000000
0.000000
0.000000
0.000000
0.000000
0.000000
0.000000
0.000000
0.000000
0.000000
0.000000
0.000000
0.000000
0.000000
0.000000
0.000000
0.000000
0.000000
0.000000
0.000000
0.000000
0.000000
0.000000
0.000000
0.000000
0.000000
0.000000
0.000000
0.000000
0.000000
0.000000
0.000000
0.000000
0.000000
0.000000
0.000000
0.000000
0.000000
0.000000
0.000000
0.000000
0.000000
0.000000
0.000000
0.000000
0.000000
0.000000
0.000000
0.000000
0.000000
0.000000
0.000000
0.000000
0.000000
0.000000
0.000000
0.000000
0.000000
0.000000
0.000000
0.000000
0.000000
0.000000
0.000000
0.000000
0.000000
0.000000
0.000000
0.000000
0.000000
0.000000
0.000000
0.000000
0.000000
0.000000
0.000000
0.000000
0.000000
0.000000
0.000000
0.000000
0.000000
0.000000
0.000000
0.000000
0.000000
0.000000
0.000000
0.000000
