0.000000
0.000000
0.000000
0.000000
0.000000
0.000000
0.000000
0.000000
0.166514
0.180904
0.567973
1.218681
2.875750
6.504867
10.692256
18.615416
31.775474
53.421513
77.600293
118.791017
190.182192
273.033875
399.379397
567.860225
788.333458
1080.100444
1442.702726
1895.725478
2420.255703
3078.890578
3886.536855
4791.359523
5877.929279
7077.145011
8421.723841
9940.361586
11589.439481
13424.422515
15417.426198
17536.994312
19833.616625
22224.166904
24780.395465
27453.383802
30244.535873
33116.447622
36146.028110
39245.404618
42446.039400
45673.501533
48914.084452
52186.537980
55406.402938
58716.882876
62062.324114
65277.921557
68385.260438
71644.140238
74750.461813
77753.176035
80671.132095
83461.565552
86236.554746
88777.541366
91286.514277
93673.899121
95902.022355
98058.096456
100015.981942
101838.116165
103456.454422
105138.605829
106624.336239
108009.868339
109228.435095
110241.875585
111174.428164
112051.783323
112683.941657
113363.859803
113840.465972
114274.422863
114613.811853
114831.702554
114951.913490
114884.072910
114833.300536
114566.737468
114307.416341
113927.708097
113501.779945
113055.382698
112438.933201
111713.616868
110936.232739
110178.160356
109270.240279
108343.493430
107430.800485
106453.856843
105404.672099
104284.179572
103184.173719
101998.036510
100787.690401
99554.385688
98317.960172
97065.845484
95748.833829
94396.190390
92994.657146
91681.103849
90240.852273
88853.555010
87445.465536
85923.292784
84441.419722
82966.025049
81468.049661
79931.154255
78453.773342
77071.556109
75625.294769
74130.562191
72595.260913
71080.323876
69629.360989
68155.606006
66671.951629
65231.620351
63790.147944
62297.702088
60893.306988
59451.325986
58032.193915
56721.496389
55317.446491
53961.530154
52675.040454
51421.811516
50161.924994
48885.082846
47624.494190
46420.041103
45214.415766
43950.372725
42734.236346
41554.681508
40393.680012
39234.761326
38115.597893
37023.244544
35923.902810
34940.176369
33914.581780
32901.738433
31916.468946
30943.945426
29974.092867
29028.170782
28116.659594
27241.816110
26373.592514
25551.845164
24724.216786
23897.806531
23113.362641
22336.948975
21565.846058
20831.542841
20128.520054
19412.413065
18743.598057
18076.779116
17411.804881
16780.089142
16177.839781
15604.206001
15043.727083
14483.871865
13971.117422
13454.664538
12934.172445
12445.577799
11941.064273
11477.470374
11017.123363
10585.929034
10169.992584
9742.034055
9349.864823
8971.427119
8612.087556
8243.924191
7915.369028
7574.160762
7265.339734
6961.949701
6653.706880
6370.323944
6085.111368
5829.020058
5562.807884
5311.957285
5079.763738
4847.640784
4625.478688
4410.480821
4200.727056
4005.831667
3816.065877
3640.098771
3467.021247
3303.058753
3134.819384
2980.349541
2825.413938
2681.302610
2543.847642
2413.710426
2288.138108
2164.564519
2054.819004
1945.959269
1845.762947
1749.196893
1660.270042
1571.488469
1482.325456
1397.463383
1321.093248
1243.341332
1180.773899
1115.400216
1051.608795
995.551361
938.893802
882.263461
829.859540
779.693214
731.415837
689.028220
653.171751
616.346893
583.366443
550.898641
516.304215
486.176186
458.350296
428.698761
402.225691
376.883747
350.981159
329.518383
310.087821
290.493758
271.229271
255.569440
239.758989
224.071903
209.944348
195.687419
183.114531
171.492732
158.968573
147.154730
137.146248
126.677484
116.618978
108.347985
100.736944
93.298730
85.610163
80.033348
74.982309
69.613136
65.426350
61.152960
58.093112
54.355982
50.073510
45.952738
42.889584
39.469668
36.947990
34.771537
31.977510
30.164404
27.716633
26.669247
25.171537
24.038688
22.417421
19.933967
18.648210
17.200380
16.205489
15.720744
14.333398
13.637391
12.756644
12.236817
11.088657
10.307446
9.546373
8.936655
8.081519
7.316448
6.770337
6.609106
5.975280
5.484957
5.607895
4.946164
4.761102
4.324128
4.074850
3.755772
3.591085
3.383574
3.218601
2.670816
2.550633
2.496885
2.162987
1.799630
1.579712
1.483554
1.323685
0.993037
0.867605
0.656644
0.562173
0.475542
0.345640
0.268232
0.215654
0.159562
0.122913
0.080340
0.040835
0.032323
0.012277
0.017996
0.011679
0.029227
0.016398
0.029622
0.029708
0.005121
0.000000
0.000000
0.000000
0.000000
0.000000
0.000000
0.000000
0.000000
0.000000
0.000000
0.000000
0.000000
0.000000
0.000000
0.000000
0.000000
0.000000
0.000000
0.000000
0.000000
0.000000
0.000000
0.000000
0.000000
0.000000
0.000000
0.000000
0.000000
0.000000
0.000000
0.000000
0.000000
0.000000
0.000000
0.000000
0.000000
0.000000
0.000000
0.000000
0.000000
0.000000
0.000000
0.000000
0.000000
0.000000
0.000000
0.000000
0.000000
0.000000
0.000000
0.000000
0.000000
0.000000
0.000000
0.000000
0.000000
0.000000
0.000000
0.000000
0.000000
0.000000
0.000000
0.000000
0.000000
0.000000
0.000000
0.000000
0.000000
0.000000
0.000000
0.000000
0.000000
0.000000
0.000000
0.000000
0.000000
0.000000
0.000000
0.000000
0.000000
0.000000
0.000000
0.000000
0.000000
0.000000
0.000000
0.000000
0.000000
0.000000
0.000000
0.000000
0.000000
0.000000
0.000000
0.000000
0.000000
0.000000
0.000000
0.000000
0.000000
0.000000
0.000000
0.000000
0.000000
0.000000
0.000000
0.000000
0.000000
0.000000
0.000000
0.000000
0.000000
0.000000
0.000000
0.000000
0.000000
0.000000
0.000000
0.000000
0.000000
0.000000
0.000000
0.000000
0.000000
0.000000
0.000000
0.000000
0.000000
0.000000
0.000000
0.000000
0.000000
0.000000
0.000000
0.000000
0.000000
0.000000
0.000000
0.000000
0.000000
0.000000
0.000000
0.000000
0.000000
0.000000
0.000000
0.000000
0.000000
0.000000
0.000000
0.000000
0.000000
0.000000
0.000000
0.000000
0.000000
0.000000
0.000000
0.000000
0.000000
0.000000
0.000000
0.000000
0.000000
0.000000
0.000000
0.000000
0.000000
0.000000
0.000000
0.000000
0.000000
0.000000
0.000000
0.000000
0.000000
0.000000
0.000000
0.000000
0.000000
0.000000
0.000000
0.000000
0.000000
0.000000
0.000000
0.000000
0.000000
0.000000
0.000000
0.000000
0.000000
0.000000
0.000000
0.000000
0.000000
0.000000
0.000000
0.000000
0.000000
0.000000
0.000000
0.000000
0.000000
0.000000
0.000000
0.000000
0.000000
0.000000
0.000000
0.000000
0.000000
0.000000
0.000000
0.000000
0.000000
0.000000
0.000000
0.000000
0.000000
0.000000
0.000000
0.000000
0.000000
0.000000
0.000000
0.000000
0.000000
0.000000
0.000000
0.000000
0.000000
0.000000
0.000000
0.000000
0.000000
0.000000
0.000000
0.000000
0.000000
0.000000
0.000000
0.000000
0.000000
0.000000
0.000000
0.000000
0.000000
0.000000
0.000000
0.000000
0.000000
0.000000
0.000000
0.000000
0.000000
0.000000
0.000000
0.000000
0.000000
0.000000
0.000000
0.000000
0.000000
0.000000
0.000000
0.000000
0.000000
0.000000
0.000000
0.000000
0.000000
0.000000
0.000000
0.000000
0.000000
0.000000
0.000000
0.000000
0.000000
0.000000
0.000000
0.000000
0.000000
0.000000
0.000000
0.000000
0.000000
0.000000
0.000000
0.000000
0.000000
0.000000
0.000000
0.000000
0.000000
0.000000
0.000000
0.000000
0.000000
0.000000
0.000000
0.000000
0.000000
0.000000
0.000000
0.000000
0.000000
0.000000
0.000000
0.000000
0.000000
0.000000
0.000000
0.000000
0.000000
0.000000
0.000000
0.000000
0.000000
0.000000
0.000000
0.000000
0.000000
0.000000
0.000000
0.000000
0.000000
0.000000
0.000000
0.000000
0.000000
0.000000
0.000000
0.000000
0.000000
0.000000
0.000000
0.000000
0.000000
0.000000
0.000000
0.000000
0.000000
0.000000
0.000000
0.000000
0.000000
0.000000
0.000000
0.000000
0.000000
0.000000
0.000000
0.000000
0.000000
0.000000
0.000000
0.000000
0.000000
0.000000
0.000000
0.000000
0.000000
0.000000
0.000000
0.000000
0.000000
0.000000
0.000000
0.000000
0.000000
0.000000
0.000000
0.000000
0.000000
0.000000
0.000000
0.000000
0.000000
0.000000
0.000000
0.000000
0.000000
0.000000
0.000000
0.000000
0.000000
0.000000
0.000000
0.000000
0.000000
0.000000
0.000000
0.000000
0.000000
0.000000
0.000000
0.000000
0.000000
0.000000
0.000000
0.000000
0.000000
0.000000
0.000000
0.000000
0.000000
0.000000
0.000000
0.000000
0.000000
0.000000
0.000000
0.000000
0.000000
0.000000
0.000000
0.000000
0.000000
0.000000
0.000000
0.000000
0.000000
0.000000
0.000000
0.000000
0.000000
0.000000
0.000000
0.000000
0.000000
0.000000
0.000000
0.000000
0.000000
0.000000
0.000000
0.000000
0.000000
0.000000
0.000000
0.000000
0.000000
0.000000
0.000000
0.000000
0.000000
0.000000
0.000000
0.000000
0.000000
0.000000
0.000000
0.000000
0.000000
0.000000
0.000000
0.000000
0.000000
0.000000
0.000000
0.000000
0.000000
0.000000
0.000000
0.000000
0.000000
0.000000
0.000000
0.000000
0.000000
0.000000
0.000000
0.000000
0.000000
0.000000
0.000000
0.000000
0.000000
0.000000
0.000000
0.000000
0.000000
0.000000
0.000000
0.000000
0.000000
0.000000
0.000000
0.000000
0.000000
0.000000
0.000000
0.000000
0.000000
0.000000
0.000000
0.000000
0.000000
0.000000
0.000000
0.000000
0.000000
0.000000
0.000000
0.000000
0.000000
0.000000
0.000000
0.000000
0.000000
0.000000
0.000000
0.000000
0.000000
0.000000
0.000000
0.000000
0.000000
0.000000
0.000000
0.000000
0.000000
0.000000
0.000000
0.000000
0.000000
0.000000
0.000000
0.000000
0.000000
0.000000
0.000000
0.000000
0.000000
0.000000
0.000000
0.000000
0.000000
0.000000
0.000000
0.000000
0.000000
0.000000
0.000000
0.000000
0.000000
0.000000
0.000000
0.000000
0.000000
0.000000
0.000000
0.000000
0.000000
0.000000
0.000000
0.000000
0.000000
0.000000
0.000000
0.000000
0.000000
0.000000
0.000000
0.000000
0.000000
0.000000
0.000000
0.000000
0.000000
0.000000
0.000000
0.000000
0.000000
0.000000
0.000000
0.000000
0.000000
0.000000
0.000000
0.000000
0.000000
0.000000
0.000000
0.000000
0.000000
0.000000
0.000000
0.000000
0.000000
0.000000
0.000000
0.000000
0.000000
0.000000
0.000000
0.000000
0.000000
0.000000
0.000000
0.000000
0.000000
0.000000
0.000000
0.000000
0.000000
0.000000
0.000000
0.000000
0.000000
0.000000
0.000000
0.000000
0.000000
0.000000
0.000000
0.000000
0.000000
0.000000
0.000000
0.000000
0.000000
0.000000
0.000000
0.000000
0.000000
0.000000
0.000000
0.000000
0.000000
0.000000
0.000000
0.000000
0.000000
0.000000
0.000000
0.000000
0.000000
0.000000
0.000000
0.000000
0.000000
0.000000
0.000000
0.000000
0.000000
0.000000
0.000000
0.000000
