13.338463
94.554706
288.127275
812.397415
1802.196366
3476.990257
6158.399882
9990.665588
15201.619435
21641.153756
29394.750321
38413.730750
48269.914284
59189.078271
70419.286351
81913.742843
93629.552373
104636.371897
115219.851045
124788.755759
133494.554731
141167.049223
147594.559651
152926.142894
157133.940841
160013.162788
161739.764756
162760.547128
162808.839593
162120.615159
160656.003058
158474.481578
155757.113447
152708.911612
149255.455421
145485.694356
141368.271154
137097.672046
132681.779663
128280.301527
123926.952713
119588.027839
115310.339985
111002.241695
106738.465396
102509.171017
98428.051002
94583.789718
90957.543211
87321.067132
83977.517729
80704.198759
77559.453287
74514.924482
71713.412580
68991.348317
66352.331847
63930.287531
61560.230060
59289.164435
57183.999352
55151.809738
53280.470123
51524.171999
49802.048892
48199.635455
46641.414080
45114.452850
43693.200965
42306.046853
41067.195658
39850.206609
38656.331502
37586.259271
36504.631601
35509.392110
34607.672027
33737.916823
32926.334988
32166.385483
31412.445861
30680.488270
29957.487938
29321.364364
28663.222712
28055.798178
27475.904590
26971.853985
26472.394070
25997.141184
25536.763660
25082.078544
24673.281461
24314.937453
23952.976383
23613.928778
23262.678014
22982.626460
22698.579632
22423.972762
22174.588509
21908.508309
21665.008835
21443.890234
21283.716809
21085.649010
20877.623138
20706.431103
20554.108118
20440.130211
20327.717653
20205.225738
20085.371049
19967.496111
19836.149182
19740.659286
19619.815963
19555.298270
19480.415615
19394.064530
19356.921873
19263.441164
19206.884099
19116.632864
19068.775484
19027.157876
18982.765848
18963.732913
18969.237005
18984.107335
18985.690680
18995.307744
18979.305269
18988.587826
19027.238982
19037.572632
19013.292286
19007.698210
19010.314589
19016.017410
19005.265209
18977.599968
18986.187319
18990.575091
19024.125520
19066.410718
19089.647723
19069.469245
19049.711023
19051.280709
19064.029426
19082.050175
19118.476568
19142.604728
19171.512685
19194.245980
19211.375066
19218.187476
19245.222057
19236.270809
19242.289412
19265.405103
19254.514346
19271.544572
19274.951841
19281.305853
19274.766077
19280.103879
19288.244024
19275.393907
19265.663179
19265.768721
19243.603825
19270.962222
19267.460861
19253.035160
19228.447426
19206.959586
19175.691679
19115.177403
19084.596484
19055.559699
19045.852252
19020.000117
19001.136347
18963.012245
18920.272061
18899.912726
18825.572469
18802.155427
18720.173683
18664.779051
18595.091854
18503.881352
18460.021485
18381.494156
18284.521140
18211.252116
18099.177119
18012.615454
17909.659138
17815.235579
17727.875212
17633.729183
17517.171692
17414.067341
17321.088336
17226.516302
17121.331811
16967.220073
16857.287892
16728.833471
16601.766638
16472.811931
16345.237877
16205.016054
16067.234490
15906.891036
15759.131714
15620.363498
15472.849583
15336.243415
15164.397623
15002.511753
14852.068889
14674.343626
14493.795033
14320.797529
14139.135665
13982.691439
13826.702708
13655.906095
13467.969915
13282.694646
13098.425109
12924.717259
12734.805989
12537.633326
12353.087665
12156.352542
11966.004528
11794.104387
11620.247857
11415.290429
11228.427754
11037.406869
10855.185893
10668.213118
10492.186556
10304.758060
10119.765525
9937.114860
9755.948516
9582.698038
9405.548126
9227.985328
9051.022336
8853.825962
8674.580509
8490.279615
8327.322161
8152.332957
7979.835547
7804.097269
7630.058126
7467.283920
7294.864184
7119.121055
6949.893394
6791.640749
6627.360161
6460.794371
6303.657721
6146.260799
5989.659568
5827.259883
5678.032330
5534.545530
5387.654702
5247.382865
5106.843167
4958.127244
4821.174958
4690.342948
4555.799894
4426.122517
4296.720050
4166.196672
4046.012540
3927.958930
3817.393111
3701.720011
3589.601246
3487.519422
3377.191098
3270.933996
3164.253631
3058.759864
2962.545766
2872.964010
2773.163563
2677.893283
2587.016095
2492.711367
2401.088659
2318.581694
2238.383693
2161.576817
2086.796109
2013.480830
1941.661602
1872.759112
1801.143529
1738.786535
1671.600092
1607.478003
1548.497130
1484.104489
1419.971770
1365.085109
1306.427209
1250.393831
1203.127067
1156.085843
1104.510683
1059.384531
1015.864168
971.783570
932.696946
888.678568
857.031006
823.917758
790.740995
754.118205
724.846453
692.445651
664.699980
633.933444
604.627513
578.404722
552.623554
525.931865
504.212216
481.853808
459.477434
439.049637
414.971518
395.941816
375.915974
359.379093
341.886653
325.979612
308.754114
293.827608
280.267556
266.073530
251.279829
239.042645
225.957564
215.296561
203.967577
193.588747
180.604919
168.889201
160.234610
152.497537
143.393249
135.077321
127.725099
120.924377
114.317974
107.877988
100.958843
95.270032
90.363527
84.580703
80.445055
76.802436
72.136937
68.845474
64.717213
60.752307
56.948339
53.857346
50.252172
47.029952
44.654515
42.004048
39.413692
37.686848
35.705984
33.776294
31.652797
30.054322
28.368731
26.770003
25.480782
24.272796
23.021772
21.750366
20.653846
18.921788
17.633916
16.825712
15.271294
14.584180
13.392004
12.549169
11.833686
11.395711
10.814324
10.217784
9.596162
8.836595
8.037531
7.116602
6.457092
5.719404
5.140313
4.647379
4.415819
3.987928
3.661417
3.392270
3.259950
2.915387
2.719246
2.596780
2.273726
2.008940
1.844721
1.521305
1.325833
1.314641
1.264120
1.245198
1.113426
0.970875
0.965078
0.846737
0.799390
0.723717
0.687793
0.580123
0.552196
0.520744
0.438922
0.404192
0.308981
0.269697
0.293913
0.237940
0.181605
0.202402
0.134918
0.115166
0.077766
0.057085
0.039796
0.034843
0.028548
0.045205
0.020771
0.025345
0.011766
0.022880
0.017246
0.014908
0.022697
0.011658
0.002015
0.000488
0.000000
0.000000
0.000000
0.000000
0.000000
0.000000
0.000000
0.000000
0.000000
0.000000
0.000000
0.000000
0.000000
0.000000
0.000000
0.000000
0.000000
0.000000
0.000000
0.000000
0.000000
0.000000
0.000000
0.000000
0.000000
0.000000
0.000000
0.000000
0.000000
0.000000
0.000000
0.000000
0.000000
0.000000
0.000000
0.000000
0.000000
0.000000
0.000000
0.000000
0.000000
0.000000
0.000000
0.000000
0.000000
0.000000
0.000000
0.000000
0.000000
0.000000
0.000000
0.000000
0.000000
0.000000
0.000000
0.000000
0.000000
0.000000
0.000000
0.000000
0.000000
0.000000
0.000000
0.000000
0.000000
0.000000
0.000000
0.000000
0.000000
0.000000
0.000000
0.000000
0.000000
0.000000
0.000000
0.000000
0.000000
0.000000
0.000000
0.000000
0.000000
0.000000
0.000000
0.000000
0.000000
0.000000
0.000000
0.000000
0.000000
0.000000
0.000000
0.000000
0.000000
0.000000
0.000000
0.000000
0.000000
0.000000
0.000000
0.000000
0.000000
0.000000
0.000000
0.000000
0.000000
0.000000
0.000000
0.000000
0.000000
0.000000
0.000000
0.000000
0.000000
0.000000
0.000000
0.000000
0.000000
0.000000
0.000000
0.000000
0.000000
0.000000
0.000000
0.000000
0.000000
0.000000
0.000000
0.000000
0.000000
0.000000
0.000000
0.000000
0.000000
0.000000
0.000000
0.000000
0.000000
0.000000
0.000000
0.000000
0.000000
0.000000
0.000000
0.000000
0.000000
0.000000
0.000000
0.000000
0.000000
0.000000
0.000000
0.000000
0.000000
0.000000
0.000000
0.000000
0.000000
0.000000
0.000000
0.000000
0.000000
0.000000
0.000000
0.000000
0.000000
0.000000
0.000000
0.000000
0.000000
0.000000
0.000000
0.000000
0.000000
0.000000
0.000000
0.000000
0.000000
0.000000
0.000000
0.000000
0.000000
0.000000
0.000000
0.000000
0.000000
0.000000
0.000000
0.000000
0.000000
0.000000
0.000000
0.000000
0.000000
0.000000
0.000000
0.000000
0.000000
0.000000
0.000000
0.000000
0.000000
0.000000
0.000000
0.000000
0.000000
0.000000
0.000000
0.000000
0.000000
0.000000
0.000000
0.000000
0.000000
0.000000
0.000000
0.000000
0.000000
0.000000
0.000000
0.000000
0.000000
0.000000
0.000000
0.000000
0.000000
0.000000
0.000000
0.000000
0.000000
0.000000
0.000000
0.000000
0.000000
0.000000
0.000000
0.000000
0.000000
0.000000
0.000000
0.000000
0.000000
0.000000
0.000000
0.000000
0.000000
0.000000
0.000000
0.000000
0.000000
0.000000
0.000000
0.000000
0.000000
0.000000
0.000000
0.000000
0.000000
0.000000
0.000000
0.000000
0.000000
0.000000
0.000000
0.000000
0.000000
0.000000
0.000000
0.000000
0.000000
0.000000
0.000000
0.000000
0.000000
0.000000
0.000000
0.000000
0.000000
0.000000
0.000000
0.000000
0.000000
0.000000
0.000000
0.000000
0.000000
0.000000
0.000000
0.000000
0.000000
0.000000
0.000000
0.000000
0.000000
0.000000
0.000000
0.000000
0.000000
0.000000
0.000000
0.000000
0.000000
0.000000
0.000000
0.000000
0.000000
0.000000
0.000000
0.000000
0.000000
0.000000
0.000000
0.000000
0.000000
0.000000
0.000000
0.000000
0.000000
0.000000
0.000000
0.000000
0.000000
0.000000
0.000000
0.000000
0.000000
0.000000
0.000000
0.000000
0.000000
0.000000
0.000000
0.000000
0.000000
0.000000
0.000000
0.000000
0.000000
0.000000
0.000000
0.000000
0.000000
0.000000
0.000000
0.000000
0.000000
0.000000
0.000000
0.000000
0.000000
0.000000
0.000000
0.000000
0.000000
0.000000
0.000000
0.000000
0.000000
0.000000
0.000000
0.000000
0.000000
0.000000
0.000000
0.000000
0.000000
0.000000
0.000000
0.000000
0.000000
0.000000
0.000000
0.000000
0.000000
0.000000
0.000000
0.000000
0.000000
0.000000
0.000000
0.000000
0.000000
0.000000
0.000000
0.000000
0.000000
0.000000
0.000000
0.000000
0.000000
0.000000
0.000000
0.000000
0.000000
0.000000
0.000000
0.000000
0.000000
0.000000
0.000000
0.000000
0.000000
0.000000
0.000000
0.000000
0.000000
0.000000
0.000000
0.000000
0.000000
0.000000
0.000000
0.000000
0.000000
0.000000
0.000000
0.000000
0.000000
0.000000
0.000000
0.000000
0.000000
0.000000
0.000000
0.000000
0.000000
0.000000
0.000000
0.000000
0.000000
0.000000
0.000000
0.000000
0.000000
0.000000
0.000000
0.000000
0.000000
0.000000
0.000000
0.000000
0.000000
0.000000
0.000000
0.000000
0.000000
0.000000
0.000000
0.000000
0.000000
0.000000
0.000000
0.000000
0.000000
0.000000
0.000000
0.000000
0.000000
0.000000
0.000000
0.000000
0.000000
0.000000
0.000000
0.000000
0.000000
0.000000
0.000000
0.000000
0.000000
0.000000
0.000000
0.000000
0.000000
0.000000
0.000000
0.000000
0.000000
0.000000
0.000000
0.000000
0.000000
0.000000
0.000000
0.000000
0.000000
0.000000
0.000000
0.000000
0.000000
0.000000
0.000000
0.000000
0.000000
0.000000
0.000000
0.000000
0.000000
0.000000
0.000000
0.000000
0.000000
0.000000
0.000000
0.000000
0.000000
0.000000
0.000000
0.000000
0.000000
0.000000
0.000000
0.000000
0.000000
0.000000
0.000000
0.000000
0.000000
0.000000
0.000000
0.000000
0.000000
0.000000
0.000000
0.000000
0.000000
0.000000
0.000000
0.000000
0.000000
