0.000000
0.000000
0.000000
0.000000
0.000000
0.000000
0.000000
0.000000
0.000000
0.000000
0.000000
0.000000
0.000000
0.000000
0.000000
0.000000
0.000000
0.000000
0.000000
0.007827
0.002876
0.011115
0.078395
0.200857
0.286673
0.443977
0.716897
0.873254
1.799471
3.294051
6.334838
10.275093
18.049430
27.729303
45.202643
71.307991
109.012324
159.652287
234.394744
331.437016
465.858428
649.835771
883.783418
1185.742891
1581.203733
2076.422591
2694.001030
3470.901309
4386.040396
5478.355824
6789.760988
8286.272124
10089.102027
12117.347778
14451.431361
17036.205277
19992.210361
23242.165847
26789.604963
30684.361994
34867.705663
39337.464126
44123.121791
49128.639349
54410.336549
59963.306945
65691.601838
71571.987856
77566.832764
83688.003512
89832.345325
96014.168579
102187.590343
108284.534342
114331.687365
120195.118391
125909.423425
131424.530260
136805.101756
141865.885737
146755.085473
151326.655975
155490.450478
159361.053951
162975.277464
166222.144556
169074.981898
171571.122487
173644.114602
175429.396542
176904.271097
177938.810325
178680.321395
179054.771364
179104.370019
178757.671518
178204.282875
177332.621009
176089.089337
174542.248096
172891.953681
170860.770507
168687.791859
166227.201983
163611.083265
160847.381365
157877.464228
154692.245454
151401.324152
147971.447192
144392.330873
140629.256797
136886.079762
133003.748945
129132.311515
125138.184624
121125.140483
117074.361742
112946.279018
108846.067250
104716.303547
100567.485013
96548.300247
92449.375421
88431.663436
84401.403893
80501.437606
76588.890733
72773.217363
69060.459438
65422.573419
61869.790506
58393.511171
55036.078799
51759.010856
48612.226572
45580.503257
42640.092269
39824.811409
37110.986606
34540.681760
32074.257251
29718.073594
27474.522304
25383.454736
23416.106547
21527.378570
19758.347939
18109.248385
16550.700270
15103.794632
13752.292732
12504.452273
11343.193742
10267.372572
9274.699039
8365.548127
7530.768326
6751.701099
6047.988768
5407.955881
4824.763206
4294.480900
3816.934714
3385.370318
2993.338066
2645.342683
2324.789687
2047.130422
1793.821850
1567.676284
1370.126899
1192.221137
1037.880761
900.521875
779.403713
673.368785
582.177517
500.170137
430.659186
368.443954
314.976145
268.643606
228.854636
194.243033
164.362445
139.635361
116.648008
98.105599
82.364420
69.170540
58.164899
48.416939
39.790140
33.235753
27.457606
22.864785
18.824826
15.922984
12.911335
10.367127
8.394029
7.106355
5.645477
4.506630
3.636736
3.019435
2.402726
1.930925
1.590814
1.180868
0.967496
0.776062
0.564939
0.398566
0.305117
0.209555
0.189156
0.168950
0.128035
0.091542
0.066340
0.053369
0.040141
0.027941
0.021885
0.016285
0.008843
0.007601
0.008011
0.008933
0.005652
0.003192
0.003882
0.001514
0.000387
0.000000
0.000000
0.000000
0.000000
0.000000
0.000000
0.000000
0.000000
0.000000
0.000000
0.000000
0.000000
0.000000
0.000000
0.000000
0.000000
0.000000
0.000000
0.000000
0.000000
0.000000
0.000000
0.000000
0.000000
0.000000
0.000000
0.000000
0.000000
0.000000
0.000000
0.000000
0.000000
0.000000
0.000000
0.000000
0.000000
0.000000
0.000000
0.000000
0.000000
0.000000
0.000000
0.000000
0.000000
0.000000
0.000000
0.000000
0.000000
0.000000
0.000000
0.000000
0.000000
0.000000
0.000000
0.000000
0.000000
0.000000
0.000000
0.000000
0.000000
0.000000
0.000000
0.000000
0.000000
0.000000
0.000000
0.000000
0.000000
0.000000
0.000000
0.000000
0.000000
0.000000
0.000000
0.000000
0.000000
0.000000
0.000000
0.000000
0.000000
0.000000
0.000000
0.000000
0.000000
0.000000
0.000000
0.000000
0.000000
0.000000
0.000000
0.000000
0.000000
0.000000
0.000000
0.000000
0.000000
0.000000
0.000000
0.000000
0.000000
0.000000
0.000000
0.000000
0.000000
0.000000
0.000000
0.000000
0.000000
0.000000
0.000000
0.000000
0.000000
0.000000
0.000000
0.000000
0.000000
0.000000
0.000000
0.000000
0.000000
0.000000
0.000000
0.000000
0.000000
0.000000
0.000000
0.000000
0.000000
0.000000
0.000000
0.000000
0.000000
0.000000
0.000000
0.000000
0.000000
0.000000
0.000000
0.000000
0.000000
0.000000
0.000000
0.000000
0.000000
0.000000
0.000000
0.000000
0.000000
0.000000
0.000000
0.000000
0.000000
0.000000
0.000000
0.000000
0.000000
0.000000
0.000000
0.000000
0.000000
0.000000
0.000000
0.000000
0.000000
0.000000
0.000000
0.000000
0.000000
0.000000
0.000000
0.000000
0.000000
0.000000
0.000000
0.000000
0.000000
0.000000
0.000000
0.000000
0.000000
0.000000
0.000000
0.000000
0.000000
0.000000
0.000000
0.000000
0.000000
0.000000
0.000000
0.000000
0.000000
0.000000
0.000000
0.000000
0.000000
0.000000
0.000000
0.000000
0.000000
0.000000
0.000000
0.000000
0.000000
0.000000
0.000000
0.000000
0.000000
0.000000
0.000000
0.000000
0.000000
0.000000
0.000000
0.000000
0.000000
0.000000
0.000000
0.000000
0.000000
0.000000
0.000000
0.000000
0.000000
0.000000
0.000000
0.000000
0.000000
0.000000
0.000000
0.000000
0.000000
0.000000
0.000000
0.000000
0.000000
0.000000
0.000000
0.000000
0.000000
0.000000
0.000000
0.000000
0.000000
0.000000
0.000000
0.000000
0.000000
0.000000
0.000000
0.000000
0.000000
0.000000
0.000000
0.000000
0.000000
0.000000
0.000000
0.000000
0.000000
0.000000
0.000000
0.000000
0.000000
0.000000
