0.000000
0.000000
0.000000
0.000000
0.000000
0.000000
0.000000
0.000000
0.063998
0.142517
0.669286
1.588731
2.967867
5.671930
10.040353
14.063036
22.972253
33.784153
53.031348
83.783264
127.985825
180.753254
267.413995
370.037849
504.792184
675.397683
896.564135
1171.525958
1509.279399
1906.265262
2372.019830
2911.896867
3572.337861
4292.904478
5167.879862
6137.878132
7266.496793
8511.312863
9912.502395
11434.587471
13082.552853
14889.576093
16904.587415
19019.620697
21294.251028
23657.229789
26221.799997
28924.767516
31705.843299
34567.838491
37557.433131
40655.751690
43752.869158
47054.234854
50426.596170
53715.217027
57062.977557
60425.358280
63802.764991
67226.916133
70631.297166
73927.790713
77209.992600
80511.346354
83680.453771
86860.568083
89932.078050
92936.074428
95876.676758
98644.348703
101147.182501
103535.087914
105952.751945
108272.790766
110295.012407
112268.641910
114273.896477
116006.598822
117583.844358
119031.939400
120290.704243
121474.628044
122504.936196
123371.599638
124013.423384
124559.948191
125033.441731
125437.548907
125609.635752
125573.584594
125473.257182
125290.531560
124956.706543
124607.595936
124054.354648
123352.002519
122608.031444
121756.924117
120756.690259
119784.850120
118753.659733
117519.770550
116282.747744
114929.391475
113475.673415
112031.035061
110429.220272
108864.187770
107281.677315
105645.720192
103968.007791
102259.226629
100517.624836
98697.554073
96850.442112
95073.410548
93267.081226
91424.030798
89605.591980
87706.976955
85787.933737
83898.176460
81999.740996
80087.764566
78234.885544
76431.582842
74501.642705
72623.434055
70794.868955
68927.444924
67113.152701
65293.070039
63528.189286
61752.412820
60014.491695
58303.224999
56645.723498
54994.290154
53372.421408
51756.031324
50189.724930
48679.719912
47147.709100
45673.335029
44226.505310
42797.191497
41397.744915
40019.455461
38682.855866
37363.362747
36056.765377
34802.501296
33565.329917
32383.200439
31233.774344
30113.005040
28988.677747
27946.218413
26917.669093
25893.375313
24905.645707
23921.423497
22967.799624
22087.449063
21212.324618
20367.487655
19562.184708
18761.262576
17996.003999
17273.712888
16537.304374
15852.993732
15197.379815
14534.041420
13908.001731
13313.211351
12736.644707
12191.601664
11650.101000
11145.756322
10646.486906
10157.486036
9704.059985
9259.755572
8827.312289
8419.026999
8016.587521
7645.316564
7277.755634
6923.985647
6603.207514
6279.424377
5957.449481
5675.956406
5390.387635
5125.747503
4874.538402
4629.677264
4392.713188
4169.591600
3945.320712
3745.923164
3549.669500
3372.887963
3194.601426
3021.448181
2854.109884
2697.291048
2539.856863
2391.369567
2251.516664
2120.268897
2002.767934
1885.915672
1775.880390
1678.335339
1579.355786
1487.940364
1398.685879
1317.726097
1242.527173
1172.180747
1105.020524
1038.116336
977.622401
916.862149
860.320054
810.285842
759.369590
717.802507
675.303723
638.599945
594.587122
557.713276
527.245203
494.391833
466.655883
436.955206
411.927664
385.655688
358.385355
336.779404
315.930560
295.765582
277.432356
260.287373
244.294444
227.955422
214.746272
198.267420
187.138430
172.386260
159.746393
145.614934
133.479209
124.658567
114.785403
105.379667
100.102845
91.255136
84.055040
77.117952
71.691578
67.332892
63.212744
58.138617
52.702101
48.495399
45.129046
42.366412
38.927751
36.241903
33.273740
30.723110
28.164783
26.602905
24.306875
22.308994
19.966782
17.146582
15.407077
14.151951
13.341351
12.290825
11.221709
10.669692
9.970228
8.903133
8.284720
7.251174
6.776515
5.976560
5.309706
4.630085
4.242345
3.967359
3.480763
2.871635
2.626158
2.255774
2.098642
1.810944
1.575270
1.404029
1.302752
1.201167
1.143561
0.986872
0.810499
0.741709
0.704218
0.784913
0.596016
0.527013
0.437906
0.352767
0.294323
0.244940
0.215476
0.166854
0.115233
0.099396
0.073301
0.056772
0.040827
0.054177
0.069681
0.053030
0.034129
0.025842
0.023593
0.017967
0.000498
0.000000
0.000000
0.000000
0.000000
0.000000
0.000000
0.000000
0.000000
0.000000
0.000000
0.000000
0.000000
0.000000
0.000000
0.000000
0.000000
0.000000
0.000000
0.000000
0.000000
0.000000
0.000000
0.000000
0.000000
0.000000
0.000000
0.000000
0.000000
0.000000
0.000000
0.000000
0.000000
0.000000
0.000000
0.000000
0.000000
0.000000
0.000000
0.000000
0.000000
0.000000
0.000000
0.000000
0.000000
0.000000
0.000000
0.000000
0.000000
0.000000
0.000000
0.000000
0.000000
0.000000
0.000000
0.000000
0.000000
0.000000
0.000000
0.000000
0.000000
0.000000
0.000000
0.000000
0.000000
0.000000
0.000000
0.000000
0.000000
0.000000
0.000000
0.000000
0.000000
0.000000
0.000000
0.000000
0.000000
0.000000
0.000000
0.000000
0.000000
0.000000
0.000000
0.000000
0.000000
0.000000
0.000000
0.000000
0.000000
0.000000
0.000000
0.000000
0.000000
0.000000
0.000000
0.000000
0.000000
0.000000
0.000000
0.000000
0.000000
0.000000
0.000000
0.000000
0.000000
0.000000
0.000000
0.000000
0.000000
0.000000
0.000000
0.000000
0.000000
0.000000
0.000000
0.000000
0.000000
0.000000
0.000000
0.000000
0.000000
0.000000
0.000000
0.000000
0.000000
0.000000
0.000000
0.000000
0.000000
0.000000
0.000000
0.000000
0.000000
0.000000
0.000000
0.000000
0.000000
0.000000
0.000000
0.000000
0.000000
0.000000
0.000000
0.000000
0.000000
0.000000
0.000000
0.000000
0.000000
0.000000
0.000000
0.000000
0.000000
0.000000
0.000000
0.000000
0.000000
0.000000
0.000000
0.000000
0.000000
0.000000
0.000000
0.000000
0.000000
0.000000
0.000000
0.000000
0.000000
0.000000
0.000000
0.000000
0.000000
0.000000
0.000000
0.000000
0.000000
0.000000
0.000000
0.000000
0.000000
0.000000
0.000000
0.000000
0.000000
0.000000
0.000000
0.000000
0.000000
0.000000
0.000000
0.000000
0.000000
0.000000
0.000000
0.000000
0.000000
0.000000
0.000000
0.000000
0.000000
0.000000
0.000000
0.000000
0.000000
0.000000
0.000000
0.000000
0.000000
0.000000
0.000000
0.000000
0.000000
0.000000
0.000000
0.000000
0.000000
0.000000
0.000000
0.000000
0.000000
0.000000
0.000000
0.000000
0.000000
0.000000
0.000000
0.000000
0.000000
0.000000
0.000000
0.000000
0.000000
0.000000
0.000000
0.000000
0.000000
0.000000
0.000000
0.000000
0.000000
0.000000
0.000000
0.000000
0.000000
0.000000
0.000000
0.000000
0.000000
0.000000
0.000000
0.000000
0.000000
0.000000
0.000000
0.000000
0.000000
0.000000
0.000000
0.000000
0.000000
0.000000
0.000000
0.000000
0.000000
0.000000
0.000000
0.000000
0.000000
0.000000
0.000000
0.000000
0.000000
0.000000
0.000000
0.000000
0.000000
0.000000
0.000000
0.000000
0.000000
0.000000
0.000000
0.000000
0.000000
0.000000
0.000000
0.000000
0.000000
0.000000
0.000000
0.000000
0.000000
0.000000
0.000000
0.000000
0.000000
0.000000
0.000000
0.000000
0.000000
0.000000
0.000000
0.000000
0.000000
0.000000
0.000000
0.000000
0.000000
0.000000
0.000000
0.000000
0.000000
0.000000
0.000000
0.000000
0.000000
0.000000
0.000000
0.000000
0.000000
0.000000
0.000000
0.000000
0.000000
0.000000
0.000000
0.000000
0.000000
0.000000
0.000000
0.000000
0.000000
0.000000
0.000000
0.000000
0.000000
0.000000
0.000000
0.000000
0.000000
0.000000
0.000000
0.000000
0.000000
0.000000
0.000000
0.000000
0.000000
0.000000
0.000000
0.000000
0.000000
0.000000
0.000000
0.000000
0.000000
0.000000
0.000000
0.000000
0.000000
0.000000
0.000000
0.000000
0.000000
0.000000
0.000000
0.000000
0.000000
0.000000
0.000000
0.000000
0.000000
0.000000
0.000000
0.000000
0.000000
0.000000
0.000000
0.000000
0.000000
0.000000
0.000000
0.000000
0.000000
0.000000
0.000000
0.000000
0.000000
0.000000
0.000000
0.000000
0.000000
0.000000
0.000000
0.000000
0.000000
0.000000
0.000000
0.000000
0.000000
0.000000
0.000000
0.000000
0.000000
0.000000
0.000000
0.000000
0.000000
0.000000
0.000000
0.000000
0.000000
0.000000
0.000000
0.000000
0.000000
0.000000
0.000000
0.000000
0.000000
0.000000
0.000000
0.000000
0.000000
0.000000
0.000000
0.000000
0.000000
0.000000
0.000000
0.000000
0.000000
0.000000
0.000000
0.000000
0.000000
0.000000
0.000000
0.000000
0.000000
0.000000
0.000000
0.000000
0.000000
0.000000
0.000000
0.000000
0.000000
0.000000
0.000000
0.000000
0.000000
0.000000
0.000000
0.000000
0.000000
0.000000
0.000000
0.000000
0.000000
0.000000
0.000000
0.000000
0.000000
0.000000
0.000000
0.000000
0.000000
0.000000
0.000000
0.000000
0.000000
0.000000
0.000000
0.000000
0.000000
0.000000
0.000000
0.000000
0.000000
0.000000
0.000000
0.000000
0.000000
0.000000
0.000000
0.000000
0.000000
0.000000
0.000000
0.000000
0.000000
0.000000
0.000000
0.000000
0.000000
0.000000
0.000000
0.000000
0.000000
0.000000
0.000000
0.000000
0.000000
0.000000
0.000000
0.000000
0.000000
0.000000
0.000000
0.000000
0.000000
0.000000
0.000000
0.000000
0.000000
0.000000
0.000000
0.000000
0.000000
0.000000
0.000000
0.000000
0.000000
0.000000
0.000000
0.000000
0.000000
0.000000
0.000000
0.000000
0.000000
0.000000
0.000000
0.000000
0.000000
0.000000
0.000000
0.000000
0.000000
0.000000
0.000000
0.000000
0.000000
0.000000
0.000000
0.000000
0.000000
0.000000
0.000000
0.000000
0.000000
0.000000
0.000000
0.000000
0.000000
0.000000
0.000000
0.000000
0.000000
0.000000
0.000000
0.000000
0.000000
0.000000
0.000000
0.000000
0.000000
0.000000
0.000000
0.000000
0.000000
0.000000
0.000000
0.000000
0.000000
0.000000
0.000000
0.000000
0.000000
0.000000
0.000000
0.000000
0.000000
0.000000
0.000000
0.000000
0.000000
0.000000
0.000000
0.000000
0.000000
0.000000
0.000000
0.000000
0.000000
0.000000
0.000000
0.000000
0.000000
0.000000
0.000000
0.000000
0.000000
0.000000
0.000000
0.000000
0.000000
0.000000
0.000000
0.000000
0.000000
0.000000
0.000000
0.000000
0.000000
0.000000
0.000000
0.000000
0.000000
0.000000
0.000000
0.000000
0.000000
0.000000
0.000000
0.000000
0.000000
0.000000
0.000000
0.000000
0.000000
0.000000
0.000000
0.000000
0.000000
0.000000
0.000000
0.000000
0.000000
0.000000
0.000000
0.000000
0.000000
0.000000
0.000000
0.000000
0.000000
0.000000
0.000000
0.000000
0.000000
0.000000
0.000000
0.000000
0.000000
0.000000
0.000000
0.000000
0.000000
0.000000
0.000000
0.000000
0.000000
0.000000
0.000000
0.000000
0.000000
