0.000000
0.000000
0.000000
0.000000
0.001623
0.038948
0.103871
0.260513
0.447241
1.075009
2.130247
3.748790
5.846569
9.813360
16.412087
26.085609
41.031214
63.363434
93.617283
138.019587
199.850064
284.622725
392.876815
533.566925
713.851000
937.156994
1215.773001
1552.205772
1961.475425
2443.178014
3018.993501
3694.098742
4463.928379
5350.224769
6348.073565
7471.632521
8729.399279
10115.207812
11639.318190
13299.994606
15099.798416
17060.569950
19160.630593
21399.491792
23755.566143
26257.509788
28878.067540
31601.788264
34446.778935
37394.160772
40430.653615
43544.549092
46723.488537
49975.085186
53288.315496
56623.741144
60004.655372
63384.602635
66757.554101
70123.601949
73466.097847
76773.843146
80014.124692
83205.220008
86320.092137
89327.130182
92249.713298
95103.178588
97867.534726
100504.547358
103007.644387
105435.743381
107730.220915
109880.575743
111910.764210
113817.601598
115573.200446
117175.604506
118675.527838
120013.451032
121183.819587
122235.990782
123161.865039
123942.134309
124555.029353
125074.632411
125437.079727
125670.394561
125768.932097
125726.255346
125565.081349
125301.958059
124917.737830
124436.307688
123819.243024
123123.375549
122346.471173
121472.135774
120475.931683
119416.854405
118282.255391
117091.856567
115786.870162
114438.856402
113009.458294
111528.034495
109987.917828
108390.387113
106795.266373
105117.052284
103389.053463
101633.243060
99834.343604
98020.357393
96197.481466
94343.919680
92467.075016
90561.580430
88676.840187
86774.286766
84902.052926
82983.294734
81096.480640
79180.296112
77275.745509
75401.547621
73521.849636
71673.266260
69834.008486
68005.471743
66205.941586
64404.487092
62632.738975
60874.520033
59134.520031
57427.740081
55726.423437
54056.586707
52409.192972
50779.880987
49197.071041
47645.647302
46110.287537
44615.089030
43133.032699
41682.342136
40262.127955
38871.907173
37513.271107
36194.471171
34884.001821
33623.738166
32382.369997
31173.081727
30005.151316
28868.013096
27768.347466
26696.816210
25654.098050
24639.949260
23645.072386
22685.687061
21760.981446
20857.673523
19988.231483
19147.171894
18330.130828
17550.052655
16789.069149
16048.970268
15336.167629
14651.594185
13984.333087
13358.530613
12745.519305
12155.133022
11591.367565
11052.876457
10528.920015
10029.202225
9538.442913
9082.825376
8639.290673
8212.982204
7806.262056
7414.800743
7037.326679
6678.631427
6339.183695
6008.240764
5700.674409
5403.033665
5111.730651
4839.295532
4577.949948
4331.466581
4095.729794
3873.087930
3663.063752
3459.523472
3268.099521
3083.425314
2911.849319
2746.610165
2588.970555
2440.424814
2299.581361
2167.459732
2040.549697
1918.541820
1803.587391
1694.728528
1592.319367
1494.885526
1403.615194
1318.120381
1236.403928
1157.856336
1084.940948
1015.165107
951.426975
890.607448
833.465206
780.300898
728.553561
680.172847
633.731543
591.690978
550.508213
513.505143
477.444524
445.182538
414.539853
384.983151
357.580270
332.291131
307.839383
285.712057
265.705582
246.654316
228.629221
213.030489
197.489383
182.420872
168.623166
155.878678
143.554357
132.753537
122.152626
112.597342
103.655874
95.707561
87.726549
80.773179
74.420249
68.349179
62.749743
57.509264
52.498186
48.036809
44.267051
40.620193
37.324176
34.009302
31.184259
28.687312
26.083284
23.758067
21.686699
19.688244
17.936026
16.410572
14.920936
13.542104
12.227702
11.144918
10.149168
9.226492
8.251519
7.315064
6.602887
5.778859
5.206207
4.647064
4.130537
3.695583
3.337450
3.046328
2.696953
2.365109
2.066482
1.867574
1.667729
1.503065
1.345425
1.219648
1.058256
0.952000
0.872968
0.760041
0.646129
0.569768
0.484868
0.433706
0.359441
0.320312
0.259500
0.241079
0.234394
0.203234
0.168833
0.144499
0.113630
0.099437
0.091761
0.087833
0.076512
0.068244
0.050720
0.039708
0.033677
0.026739
0.016724
0.011073
0.012779
0.011672
0.014610
0.013171
0.007739
0.006805
0.002695
0.003040
0.002675
0.000800
0.000490
0.000153
0.000000
0.000000
0.000000
0.000000
0.000000
0.000000
0.000000
0.000000
0.000000
0.000000
0.000000
0.000000
0.000000
0.000000
0.000000
0.000000
0.000000
0.000000
0.000000
0.000000
0.000000
0.000000
0.000000
0.000000
0.000000
0.000000
0.000000
0.000000
0.000000
0.000000
0.000000
0.000000
0.000000
0.000000
0.000000
0.000000
0.000000
0.000000
0.000000
0.000000
0.000000
0.000000
0.000000
0.000000
0.000000
0.000000
0.000000
0.000000
0.000000
0.000000
0.000000
0.000000
0.000000
0.000000
0.000000
0.000000
0.000000
0.000000
0.000000
0.000000
0.000000
0.000000
0.000000
0.000000
0.000000
0.000000
0.000000
0.000000
0.000000
0.000000
0.000000
0.000000
0.000000
0.000000
0.000000
0.000000
0.000000
0.000000
0.000000
0.000000
0.000000
0.000000
0.000000
0.000000
0.000000
0.000000
0.000000
0.000000
0.000000
0.000000
0.000000
0.000000
0.000000
0.000000
0.000000
0.000000
0.000000
0.000000
0.000000
0.000000
0.000000
0.000000
0.000000
0.000000
0.000000
0.000000
0.000000
0.000000
0.000000
0.000000
0.000000
0.000000
0.000000
0.000000
0.000000
0.000000
0.000000
0.000000
0.000000
0.000000
0.000000
0.000000
0.000000
0.000000
0.000000
0.000000
0.000000
0.000000
0.000000
0.000000
0.000000
0.000000
0.000000
0.000000
0.000000
0.000000
0.000000
0.000000
0.000000
0.000000
0.000000
0.000000
0.000000
0.000000
0.000000
0.000000
0.000000
0.000000
0.000000
0.000000
0.000000
0.000000
0.000000
0.000000
0.000000
0.000000
0.000000
0.000000
0.000000
0.000000
0.000000
0.000000
0.000000
0.000000
0.000000
0.000000
0.000000
0.000000
0.000000
0.000000
0.000000
0.000000
0.000000
0.000000
0.000000
0.000000
0.000000
0.000000
0.000000
0.000000
0.000000
0.000000
0.000000
0.000000
0.000000
0.000000
0.000000
0.000000
0.000000
0.000000
0.000000
0.000000
0.000000
0.000000
0.000000
0.000000
0.000000
0.000000
0.000000
0.000000
0.000000
0.000000
0.000000
0.000000
0.000000
0.000000
0.000000
0.000000
0.000000
0.000000
0.000000
0.000000
0.000000
0.000000
0.000000
0.000000
0.000000
0.000000
0.000000
0.000000
0.000000
0.000000
0.000000
0.000000
0.000000
0.000000
0.000000
0.000000
0.000000
0.000000
0.000000
0.000000
0.000000
0.000000
0.000000
0.000000
0.000000
0.000000
0.000000
0.000000
0.000000
0.000000
0.000000
0.000000
0.000000
0.000000
0.000000
0.000000
0.000000
0.000000
0.000000
0.000000
0.000000
0.000000
0.000000
0.000000
0.000000
0.000000
0.000000
0.000000
0.000000
0.000000
0.000000
0.000000
0.000000
0.000000
0.000000
0.000000
0.000000
0.000000
0.000000
0.000000
0.000000
0.000000
0.000000
0.000000
0.000000
0.000000
0.000000
0.000000
0.000000
0.000000
0.000000
0.000000
0.000000
0.000000
0.000000
0.000000
0.000000
0.000000
0.000000
0.000000
0.000000
0.000000
0.000000
0.000000
0.000000
0.000000
0.000000
0.000000
0.000000
0.000000
0.000000
0.000000
0.000000
0.000000
0.000000
0.000000
0.000000
0.000000
0.000000
0.000000
0.000000
0.000000
0.000000
0.000000
0.000000
0.000000
0.000000
0.000000
0.000000
0.000000
0.000000
0.000000
0.000000
0.000000
0.000000
0.000000
0.000000
0.000000
0.000000
0.000000
0.000000
0.000000
0.000000
0.000000
0.000000
0.000000
0.000000
0.000000
0.000000
0.000000
0.000000
0.000000
0.000000
0.000000
0.000000
0.000000
0.000000
0.000000
0.000000
0.000000
0.000000
0.000000
0.000000
0.000000
0.000000
0.000000
0.000000
0.000000
0.000000
0.000000
0.000000
0.000000
0.000000
0.000000
0.000000
0.000000
0.000000
0.000000
0.000000
0.000000
0.000000
0.000000
0.000000
0.000000
0.000000
0.000000
0.000000
0.000000
0.000000
0.000000
0.000000
0.000000
0.000000
0.000000
0.000000
0.000000
0.000000
0.000000
0.000000
0.000000
0.000000
0.000000
0.000000
0.000000
0.000000
0.000000
0.000000
0.000000
0.000000
0.000000
0.000000
0.000000
0.000000
0.000000
0.000000
0.000000
0.000000
0.000000
0.000000
0.000000
0.000000
0.000000
0.000000
0.000000
0.000000
0.000000
0.000000
0.000000
0.000000
0.000000
0.000000
0.000000
0.000000
0.000000
0.000000
0.000000
0.000000
0.000000
0.000000
0.000000
0.000000
0.000000
0.000000
0.000000
0.000000
0.000000
0.000000
0.000000
0.000000
0.000000
0.000000
0.000000
0.000000
0.000000
0.000000
0.000000
0.000000
0.000000
0.000000
0.000000
0.000000
0.000000
0.000000
0.000000
0.000000
0.000000
0.000000
0.000000
0.000000
0.000000
0.000000
0.000000
0.000000
0.000000
0.000000
0.000000
0.000000
0.000000
0.000000
0.000000
0.000000
0.000000
0.000000
0.000000
0.000000
0.000000
0.000000
0.000000
0.000000
0.000000
0.000000
0.000000
0.000000
0.000000
0.000000
0.000000
0.000000
0.000000
0.000000
0.000000
0.000000
0.000000
0.000000
0.000000
0.000000
0.000000
0.000000
0.000000
0.000000
0.000000
0.000000
0.000000
0.000000
0.000000
0.000000
0.000000
0.000000
0.000000
0.000000
0.000000
0.000000
0.000000
0.000000
0.000000
0.000000
0.000000
0.000000
0.000000
0.000000
0.000000
0.000000
0.000000
0.000000
0.000000
0.000000
0.000000
0.000000
0.000000
0.000000
0.000000
0.000000
0.000000
0.000000
0.000000
0.000000
0.000000
0.000000
0.000000
0.000000
0.000000
0.000000
0.000000
0.000000
0.000000
0.000000
0.000000
0.000000
0.000000
0.000000
0.000000
0.000000
0.000000
0.000000
0.000000
0.000000
0.000000
0.000000
0.000000
0.000000
0.000000
0.000000
0.000000
0.000000
0.000000
0.000000
0.000000
0.000000
0.000000
0.000000
0.000000
0.000000
0.000000
0.000000
0.000000
0.000000
0.000000
0.000000
0.000000
0.000000
0.000000
0.000000
0.000000
0.000000
0.000000
0.000000
0.000000
0.000000
0.000000
0.000000
0.000000
0.000000
0.000000
0.000000
0.000000
0.000000
0.000000
0.000000
0.000000
0.000000
0.000000
0.000000
0.000000
0.000000
0.000000
0.000000
0.000000
0.000000
0.000000
0.000000
0.000000
0.000000
0.000000
0.000000
0.000000
0.000000
0.000000
0.000000
0.000000
0.000000
0.000000
0.000000
0.000000
0.000000
0.000000
0.000000
0.000000
0.000000
0.000000
0.000000
0.000000
0.000000
0.000000
0.000000
0.000000
0.000000
0.000000
0.000000
0.000000
0.000000
0.000000
0.000000
0.000000
0.000000
0.000000
0.000000
0.000000
0.000000
0.000000
0.000000
0.000000
0.000000
0.000000
0.000000
0.000000
0.000000
0.000000
0.000000
0.000000
0.000000
0.000000
0.000000
0.000000
0.000000
