0.000000
0.000000
0.000000
0.000000
0.000000
0.000000
0.000000
0.000295
0.004803
0.030502
0.064568
0.183661
0.442567
1.079712
2.528202
5.232780
10.035163
17.714287
29.566369
48.351572
74.915207
113.790123
169.527681
244.466051
348.396661
482.876811
666.113658
898.616131
1196.155026
1564.912019
2020.114516
2570.299684
3230.993604
4006.865474
4908.494779
5943.525122
7103.414774
8422.240711
9880.897645
11477.669929
13256.905878
15182.638975
17261.198303
19517.178390
21925.045310
24495.086916
27214.950160
30090.907842
33092.455498
36202.576711
39408.836137
42674.081915
46017.426119
49433.016005
52877.094372
56387.634310
59936.987921
63460.469115
66967.267262
70443.698230
73922.065586
77355.674680
80683.816382
83982.460184
87188.683657
90304.321837
93311.188723
96228.328134
99028.161893
101706.885036
104226.048269
106659.440034
108918.064475
111061.638067
113089.668617
115003.677593
116742.321832
118322.364758
119780.133679
121101.448729
122260.856296
123271.969423
124132.385935
124816.511438
125380.196068
125815.044263
126103.385654
126281.685418
126294.551808
126187.291141
125966.021393
125642.693279
125180.458701
124637.470515
124007.328567
123287.898226
122461.162961
121562.428558
120599.050666
119544.872281
118388.836084
117163.071727
115845.050735
114484.366884
113042.834250
111541.445595
109968.749481
108396.187970
106741.625532
105060.143793
103364.695711
101636.368787
99886.701004
98094.754467
96285.773779
94473.737912
92629.693302
90775.009880
88911.376785
87043.815242
85158.605962
83253.959234
81370.451663
79478.470693
77590.804454
75700.029102
73835.501676
71967.971113
70143.317811
68315.676033
66519.154963
64709.573468
62941.162310
61172.876560
59428.123154
57718.616479
56010.588146
54337.069469
52691.471352
51071.155101
49480.463271
47914.660575
46394.784530
44889.273881
43418.011467
41980.410272
40574.906165
39200.514842
37856.268854
36537.600247
35253.245307
33996.374604
32777.505864
31591.877396
30435.331346
29298.683644
28189.594256
27100.190841
26047.703718
25009.542157
24017.262682
23045.533020
22101.880028
21178.818687
20300.048008
19434.388722
18597.616662
17787.482883
17010.410211
16258.154559
15521.331285
14822.320034
14140.083035
13488.097519
12864.633925
12264.514827
11687.855367
11131.390979
10588.928102
10071.499449
9572.290577
9093.787985
8631.124726
8185.621683
7762.455429
7353.471096
6967.588643
6591.158349
6229.619667
5884.287045
5558.071165
5245.996504
4950.431418
4668.240655
4397.208026
4136.750271
3894.052457
3660.850980
3440.789686
3230.665446
3033.961034
2849.969692
2676.889233
2511.548144
2355.695902
2211.069532
2077.531671
1947.963698
1826.610414
1711.728317
1602.007342
1502.427547
1405.984012
1316.861056
1230.324580
1150.077065
1073.033506
1001.530665
932.802411
867.472328
806.281691
749.301964
697.037243
646.082810
600.433621
557.539241
516.305847
478.987737
443.566496
410.262360
378.409717
348.418246
322.466432
297.725556
274.051533
251.919782
232.319422
214.577595
197.322152
182.109722
167.698425
153.672897
141.275956
129.265769
118.239848
108.220499
98.953153
90.968069
83.675399
76.383733
69.970721
64.135007
58.546289
53.561947
48.856591
44.468160
40.362856
36.750522
33.529041
30.334179
27.792538
25.169152
22.878105
20.900877
18.733581
16.895944
15.257667
13.503919
11.859030
10.500770
9.196367
8.265702
7.275021
6.314325
5.588354
4.883812
4.238229
3.697971
3.194962
2.824061
2.475496
2.156821
1.918535
1.714802
1.535402
1.366152
1.254346
1.122795
0.976895
0.882976
0.781274
0.749404
0.650631
0.578070
0.498202
0.462586
0.390542
0.376839
0.327885
0.291384
0.285998
0.261882
0.245410
0.199122
0.188915
0.180696
0.166734
0.176054
0.165109
0.150513
0.154121
0.136147
0.128375
0.110280
0.117139
0.122872
0.119065
0.105941
0.113781
0.098145
0.101587
0.088130
0.079499
0.079259
0.067786
0.061681
0.057540
0.049297
0.029684
0.025504
0.020742
0.013210
0.010091
0.010860
0.007246
0.003729
0.002076
0.003002
0.001343
0.000594
0.000196
0.000000
0.000000
0.000000
0.000000
0.000000
0.000000
0.000000
0.000000
0.000000
0.000000
0.000000
0.000000
0.000000
0.000000
0.000000
0.000000
0.000000
0.000000
0.000000
0.000000
0.000000
0.000000
0.000000
0.000000
0.000000
0.000000
0.000000
0.000000
0.000000
0.000000
0.000000
0.000000
0.000000
0.000000
0.000000
0.000000
0.000000
0.000000
0.000000
0.000000
0.000000
0.000000
0.000000
0.000000
0.000000
0.000000
0.000000
0.000000
0.000000
0.000000
0.000000
0.000000
0.000000
0.000000
0.000000
0.000000
0.000000
0.000000
0.000000
0.000000
0.000000
0.000000
0.000000
0.000000
0.000000
0.000000
0.000000
0.000000
0.000000
0.000000
0.000000
0.000000
0.000000
0.000000
0.000000
0.000000
0.000000
0.000000
0.000000
0.000000
0.000000
0.000000
0.000000
0.000000
0.000000
0.000000
0.000000
0.000000
0.000000
0.000000
0.000000
0.000000
0.000000
0.000000
0.000000
0.000000
0.000000
0.000000
0.000000
0.000000
0.000000
0.000000
0.000000
0.000000
0.000000
0.000000
0.000000
0.000000
0.000000
0.000000
0.000000
0.000000
0.000000
0.000000
0.000000
0.000000
0.000000
0.000000
0.000000
0.000000
0.000000
0.000000
0.000000
0.000000
0.000000
0.000000
0.000000
0.000000
0.000000
0.000000
0.000000
0.000000
0.000000
0.000000
0.000000
0.000000
0.000000
0.000000
0.000000
0.000000
0.000000
0.000000
0.000000
0.000000
0.000000
0.000000
0.000000
0.000000
0.000000
0.000000
0.000000
0.000000
0.000000
0.000000
0.000000
0.000000
0.000000
0.000000
0.000000
0.000000
0.000000
0.000000
0.000000
0.000000
0.000000
0.000000
0.000000
0.000000
0.000000
0.000000
0.000000
0.000000
0.000000
0.000000
0.000000
0.000000
0.000000
0.000000
0.000000
0.000000
0.000000
0.000000
0.000000
0.000000
0.000000
0.000000
0.000000
0.000000
0.000000
0.000000
0.000000
0.000000
0.000000
0.000000
0.000000
0.000000
0.000000
0.000000
0.000000
0.000000
0.000000
0.000000
0.000000
0.000000
0.000000
0.000000
0.000000
0.000000
0.000000
0.000000
0.000000
0.000000
0.000000
0.000000
0.000000
0.000000
0.000000
0.000000
0.000000
0.000000
0.000000
0.000000
0.000000
0.000000
0.000000
0.000000
0.000000
0.000000
0.000000
0.000000
0.000000
0.000000
0.000000
0.000000
0.000000
0.000000
0.000000
0.000000
0.000000
0.000000
0.000000
0.000000
0.000000
0.000000
0.000000
0.000000
0.000000
0.000000
0.000000
0.000000
0.000000
0.000000
0.000000
0.000000
0.000000
0.000000
0.000000
0.000000
0.000000
0.000000
0.000000
0.000000
0.000000
0.000000
0.000000
0.000000
0.000000
0.000000
0.000000
0.000000
0.000000
0.000000
0.000000
0.000000
0.000000
0.000000
0.000000
0.000000
0.000000
0.000000
0.000000
0.000000
0.000000
0.000000
0.000000
0.000000
0.000000
0.000000
0.000000
0.000000
0.000000
0.000000
0.000000
0.000000
0.000000
0.000000
0.000000
0.000000
0.000000
0.000000
0.000000
0.000000
0.000000
0.000000
0.000000
0.000000
0.000000
0.000000
0.000000
0.000000
0.000000
0.000000
0.000000
0.000000
0.000000
0.000000
0.000000
0.000000
0.000000
0.000000
0.000000
0.000000
0.000000
0.000000
0.000000
0.000000
0.000000
0.000000
0.000000
0.000000
0.000000
0.000000
0.000000
0.000000
0.000000
0.000000
0.000000
0.000000
0.000000
0.000000
0.000000
0.000000
0.000000
0.000000
0.000000
0.000000
0.000000
0.000000
0.000000
0.000000
0.000000
0.000000
0.000000
0.000000
0.000000
0.000000
0.000000
0.000000
0.000000
0.000000
0.000000
0.000000
0.000000
0.000000
0.000000
0.000000
0.000000
0.000000
0.000000
0.000000
0.000000
0.000000
0.000000
0.000000
0.000000
0.000000
0.000000
0.000000
0.000000
0.000000
0.000000
0.000000
0.000000
0.000000
0.000000
0.000000
0.000000
0.000000
0.000000
0.000000
0.000000
0.000000
0.000000
0.000000
0.000000
0.000000
0.000000
0.000000
0.000000
0.000000
0.000000
0.000000
0.000000
0.000000
0.000000
0.000000
0.000000
0.000000
0.000000
0.000000
0.000000
0.000000
0.000000
0.000000
0.000000
0.000000
0.000000
0.000000
0.000000
0.000000
0.000000
0.000000
0.000000
0.000000
0.000000
0.000000
0.000000
0.000000
0.000000
0.000000
0.000000
0.000000
0.000000
0.000000
0.000000
0.000000
0.000000
0.000000
0.000000
0.000000
0.000000
0.000000
0.000000
0.000000
0.000000
0.000000
0.000000
0.000000
0.000000
0.000000
0.000000
0.000000
0.000000
0.000000
0.000000
0.000000
0.000000
0.000000
0.000000
0.000000
0.000000
0.000000
0.000000
0.000000
0.000000
0.000000
0.000000
0.000000
0.000000
0.000000
0.000000
0.000000
0.000000
0.000000
0.000000
0.000000
0.000000
0.000000
0.000000
0.000000
0.000000
0.000000
0.000000
0.000000
0.000000
0.000000
0.000000
0.000000
0.000000
0.000000
0.000000
0.000000
0.000000
0.000000
0.000000
0.000000
0.000000
0.000000
0.000000
0.000000
0.000000
0.000000
0.000000
0.000000
0.000000
0.000000
0.000000
0.000000
0.000000
0.000000
0.000000
0.000000
0.000000
0.000000
0.000000
0.000000
0.000000
0.000000
0.000000
0.000000
0.000000
0.000000
0.000000
0.000000
0.000000
0.000000
0.000000
0.000000
0.000000
0.000000
0.000000
0.000000
0.000000
0.000000
0.000000
0.000000
0.000000
0.000000
0.000000
0.000000
0.000000
0.000000
0.000000
0.000000
0.000000
0.000000
0.000000
0.000000
0.000000
0.000000
0.000000
0.000000
0.000000
0.000000
0.000000
0.000000
0.000000
0.000000
0.000000
0.000000
0.000000
0.000000
0.000000
0.000000
0.000000
0.000000
0.000000
0.000000
0.000000
0.000000
0.000000
0.000000
0.000000
0.000000
0.000000
0.000000
0.000000
0.000000
0.000000
0.000000
0.000000
0.000000
0.000000
0.000000
0.000000
0.000000
0.000000
0.000000
0.000000
0.000000
0.000000
0.000000
0.000000
0.000000
0.000000
0.000000
0.000000
0.000000
0.000000
0.000000
0.000000
0.000000
0.000000
0.000000
0.000000
0.000000
0.000000
0.000000
0.000000
0.000000
0.000000
0.000000
0.000000
0.000000
0.000000
0.000000
0.000000
0.000000
0.000000
0.000000
0.000000
0.000000
0.000000
0.000000
0.000000
0.000000
0.000000
0.000000
0.000000
0.000000
0.000000
0.000000
0.000000
0.000000
0.000000
0.000000
0.000000
0.000000
0.000000
0.000000
0.000000
0.000000
0.000000
0.000000
0.000000
0.000000
0.000000
0.000000
0.000000
0.000000
0.000000
0.000000
0.000000
0.000000
0.000000
0.000000
0.000000
0.000000
0.000000
0.000000
