2.416132
16.048352
62.738911
186.766865
455.822026
975.051308
1870.378887
3291.286803
5342.222633
8182.254392
11899.110382
16598.322039
22243.028095
28785.321344
36205.591793
44353.015920
53082.453634
62217.467546
71531.644183
80901.402222
90123.832290
99017.368309
107387.180011
115168.199955
122247.475743
128503.504104
133914.060132
138435.856138
142091.450433
144878.068979
146833.274352
148045.222900
148506.712092
148295.009494
147577.751216
146225.421335
144357.842336
142102.081307
139534.546334
136627.730483
133514.632840
130116.795210
126663.406643
123073.783018
119459.957391
115832.793050
112203.411182
108499.636709
104881.306432
101282.116426
97759.122466
94325.657256
91005.957049
87753.872238
84625.696655
81583.821569
78677.311957
75852.718782
73151.212407
70548.496310
68049.434784
65671.372694
63412.976359
61278.507412
59251.325530
57292.787173
55429.433775
53627.249746
51960.246790
50351.550515
48844.460949
47404.628217
46018.633172
44693.522147
43465.367185
42291.011985
41184.215723
40133.662071
39136.685139
38171.226461
37270.226726
36417.816700
35602.000762
34844.134974
34116.406804
33431.169420
32787.525643
32161.508759
31572.854142
31010.576921
30487.047234
29992.510908
29508.941638
29061.137739
28632.800202
28235.711193
27854.490102
27496.044382
27172.962648
26858.183932
26557.288072
26271.457239
26017.840157
25779.427421
25541.650118
25336.770143
25138.520628
24955.850335
24779.091899
24616.612985
24475.279741
24326.929964
24195.958047
24091.602607
23986.345778
23893.946799
23806.552664
23730.854483
23650.778396
23573.543610
23518.789979
23469.870170
23436.137889
23395.402081
23355.597257
23316.130974
23281.699427
23250.096617
23233.644648
23221.831734
23219.931880
23212.261263
23211.616065
23208.820396
23213.919531
23221.532680
23239.753432
23244.502348
23259.626328
23282.303984
23292.810330
23305.332084
23318.411182
23341.273412
23351.397615
23363.776114
23380.180167
23395.934152
23412.969770
23426.686385
23444.024768
23448.795271
23465.568026
23470.707497
23475.744326
23482.271429
23485.303446
23485.385255
23490.306129
23488.047114
23484.458970
23476.043366
23474.480092
23466.404778
23448.656988
23435.946186
23415.177878
23392.793257
23373.418183
23340.918020
23300.901873
23258.366079
23215.977961
23173.961905
23117.763209
23055.571180
22997.732898
22921.340127
22851.768537
22770.887585
22683.048349
22594.689709
22501.814118
22397.013602
22295.177315
22179.291412
22067.396462
21950.462774
21810.446326
21681.397077
21534.963182
21396.056809
21241.577617
21088.009521
20922.708519
20758.754885
20590.792466
20419.645073
20246.620245
20062.863682
19876.805124
19687.814787
19484.031361
19297.641132
19094.213130
18891.149321
18684.532611
18469.366356
18256.110073
18032.823644
17809.133446
17576.783661
17337.747036
17104.976945
16863.245983
16618.124117
16373.286573
16121.730809
15865.114978
15617.601027
15362.531397
15110.095433
14851.606994
14597.743230
14328.490888
14068.037514
13806.263216
13543.367905
13274.506953
13010.034697
12749.114811
12485.839077
12224.505905
11959.822564
11705.241377
11441.439792
11175.534691
10914.529525
10654.356005
10398.467511
10145.143350
9892.412969
9640.801402
9395.702116
9154.461201
8910.177783
8671.030996
8432.558829
8197.778499
7964.916402
7731.355714
7499.504730
7278.846620
7060.825121
6848.942129
6635.405358
6426.662645
6224.500180
6022.749628
5825.318323
5628.513545
5435.936511
5251.741527
5069.834501
4889.690153
4717.059328
4548.259782
4381.422426
4217.509188
4060.501547
3906.160898
3757.422840
3612.535183
3468.403925
3331.259249
3198.795046
3066.841760
2939.409289
2816.426401
2698.667040
2586.053664
2476.062288
2367.277964
2263.229494
2162.790315
2064.573092
1974.103467
1884.747223
1796.339270
1712.924943
1632.596999
1554.227398
1481.715430
1410.827335
1340.452285
1273.140116
1208.986255
1149.002987
1088.664003
1032.355800
978.375384
926.980183
878.674384
832.580439
786.642752
742.650602
703.010278
662.664150
626.764664
591.459550
556.981224
524.301055
493.944458
466.123724
439.151162
414.159622
389.251644
366.455648
344.265330
323.299377
303.596027
283.763003
266.283315
248.961212
233.700529
219.346257
205.402662
192.634402
179.863094
167.964711
156.691574
146.568550
137.040332
128.188744
119.691945
111.402005
103.469244
96.715883
90.317057
84.103608
78.451963
72.623350
67.492255
62.200874
57.614406
53.325996
49.599537
46.012081
42.522579
39.335853
36.431468
33.998513
31.488395
29.028992
26.883897
24.767822
22.772751
20.837044
19.131167
17.569620
16.150565
14.882569
13.728947
12.625070
11.533012
10.643402
9.911926
9.039587
8.322028
7.617499
7.037973
6.463098
5.890549
5.299661
4.762481
4.316379
3.938466
3.589309
3.282465
3.014539
2.791883
2.533431
2.312812
2.140864
1.940522
1.769392
1.617928
1.466421
1.350073
1.266687
1.167728
1.084773
0.979686
0.948781
0.881163
0.830385
0.747870
0.701087
0.668690
0.609066
0.568996
0.495213
0.447302
0.432474
0.398038
0.366621
0.328207
0.287521
0.268372
0.243273
0.200929
0.193634
0.172227
0.154420
0.162596
0.146231
0.128854
0.118066
0.094040
0.085722
0.081457
0.066829
0.068632
0.063203
0.059446
0.052029
0.046307
0.039611
0.039447
0.041200
0.042330
0.038954
0.044285
0.042897
0.033183
0.038002
0.035080
0.029504
0.025111
0.017985
0.017214
0.016487
0.016574
0.013750
0.008636
0.009526
0.010741
0.010808
0.006182
0.002203
0.001689
0.002034
0.001927
0.001741
0.000216
0.000012
0.000717
0.000000
0.000000
0.000000
0.000000
0.000000
0.000000
0.000000
0.000000
0.000000
0.000000
0.000000
0.000000
0.000000
0.000000
0.000000
0.000000
0.000000
0.000000
0.000000
0.000000
0.000000
0.000000
0.000000
0.000000
0.000000
0.000000
0.000000
0.000000
0.000000
0.000000
0.000000
0.000000
0.000000
0.000000
0.000000
0.000000
0.000000
0.000000
0.000000
0.000000
0.000000
0.000000
0.000000
0.000000
0.000000
0.000000
0.000000
0.000000
0.000000
0.000000
0.000000
0.000000
0.000000
0.000000
0.000000
0.000000
0.000000
0.000000
0.000000
0.000000
0.000000
0.000000
0.000000
0.000000
0.000000
0.000000
0.000000
0.000000
0.000000
0.000000
0.000000
0.000000
0.000000
0.000000
0.000000
0.000000
0.000000
0.000000
0.000000
0.000000
0.000000
0.000000
0.000000
0.000000
0.000000
0.000000
0.000000
0.000000
0.000000
0.000000
0.000000
0.000000
0.000000
0.000000
0.000000
0.000000
0.000000
0.000000
0.000000
0.000000
0.000000
0.000000
0.000000
0.000000
0.000000
0.000000
0.000000
0.000000
0.000000
0.000000
0.000000
0.000000
0.000000
0.000000
0.000000
0.000000
0.000000
0.000000
0.000000
0.000000
0.000000
0.000000
0.000000
0.000000
0.000000
0.000000
0.000000
0.000000
0.000000
0.000000
0.000000
0.000000
0.000000
0.000000
0.000000
0.000000
0.000000
0.000000
0.000000
0.000000
0.000000
0.000000
0.000000
0.000000
0.000000
0.000000
0.000000
0.000000
0.000000
0.000000
0.000000
0.000000
0.000000
0.000000
0.000000
0.000000
0.000000
0.000000
0.000000
0.000000
0.000000
0.000000
0.000000
0.000000
0.000000
0.000000
0.000000
0.000000
0.000000
0.000000
0.000000
0.000000
0.000000
0.000000
0.000000
0.000000
0.000000
0.000000
0.000000
0.000000
0.000000
0.000000
0.000000
0.000000
0.000000
0.000000
0.000000
0.000000
0.000000
0.000000
0.000000
0.000000
0.000000
0.000000
0.000000
0.000000
0.000000
0.000000
0.000000
0.000000
0.000000
0.000000
0.000000
0.000000
0.000000
0.000000
0.000000
0.000000
0.000000
0.000000
0.000000
0.000000
0.000000
0.000000
0.000000
0.000000
0.000000
0.000000
0.000000
0.000000
0.000000
0.000000
0.000000
0.000000
0.000000
0.000000
0.000000
0.000000
0.000000
0.000000
0.000000
0.000000
0.000000
0.000000
0.000000
0.000000
0.000000
0.000000
0.000000
0.000000
0.000000
0.000000
0.000000
0.000000
0.000000
0.000000
0.000000
0.000000
0.000000
0.000000
0.000000
0.000000
0.000000
0.000000
0.000000
0.000000
0.000000
0.000000
0.000000
0.000000
0.000000
0.000000
0.000000
0.000000
0.000000
0.000000
0.000000
0.000000
0.000000
0.000000
0.000000
0.000000
0.000000
0.000000
0.000000
0.000000
0.000000
0.000000
0.000000
0.000000
0.000000
0.000000
0.000000
0.000000
0.000000
0.000000
0.000000
0.000000
0.000000
0.000000
0.000000
0.000000
0.000000
0.000000
0.000000
0.000000
0.000000
0.000000
0.000000
0.000000
0.000000
0.000000
0.000000
0.000000
0.000000
0.000000
0.000000
0.000000
0.000000
0.000000
0.000000
0.000000
0.000000
0.000000
0.000000
0.000000
0.000000
0.000000
0.000000
0.000000
0.000000
0.000000
0.000000
0.000000
0.000000
0.000000
0.000000
0.000000
0.000000
0.000000
0.000000
0.000000
0.000000
0.000000
0.000000
0.000000
0.000000
0.000000
0.000000
0.000000
0.000000
0.000000
0.000000
0.000000
0.000000
0.000000
0.000000
0.000000
0.000000
0.000000
0.000000
0.000000
0.000000
0.000000
0.000000
0.000000
0.000000
0.000000
0.000000
0.000000
0.000000
0.000000
0.000000
0.000000
0.000000
0.000000
0.000000
0.000000
0.000000
0.000000
0.000000
0.000000
0.000000
0.000000
0.000000
0.000000
0.000000
0.000000
0.000000
0.000000
0.000000
0.000000
0.000000
0.000000
0.000000
0.000000
0.000000
0.000000
0.000000
0.000000
0.000000
0.000000
0.000000
0.000000
0.000000
0.000000
0.000000
0.000000
0.000000
0.000000
0.000000
0.000000
0.000000
0.000000
0.000000
0.000000
0.000000
0.000000
0.000000
0.000000
0.000000
0.000000
0.000000
0.000000
0.000000
0.000000
0.000000
0.000000
0.000000
0.000000
0.000000
0.000000
0.000000
0.000000
0.000000
0.000000
0.000000
0.000000
0.000000
0.000000
0.000000
0.000000
0.000000
0.000000
0.000000
0.000000
0.000000
0.000000
0.000000
0.000000
0.000000
0.000000
0.000000
0.000000
0.000000
0.000000
0.000000
0.000000
0.000000
0.000000
0.000000
0.000000
0.000000
0.000000
0.000000
0.000000
0.000000
0.000000
0.000000
0.000000
0.000000
0.000000
0.000000
0.000000
0.000000
0.000000
0.000000
0.000000
0.000000
0.000000
0.000000
0.000000
0.000000
0.000000
0.000000
0.000000
0.000000
0.000000
0.000000
0.000000
0.000000
0.000000
0.000000
0.000000
0.000000
0.000000
0.000000
0.000000
0.000000
0.000000
0.000000
0.000000
0.000000
0.000000
0.000000
0.000000
0.000000
0.000000
0.000000
0.000000
0.000000
0.000000
0.000000
0.000000
0.000000
0.000000
0.000000
0.000000
0.000000
0.000000
0.000000
0.000000
0.000000
0.000000
0.000000
0.000000
0.000000
0.000000
0.000000
0.000000
0.000000
0.000000
0.000000
0.000000
0.000000
0.000000
0.000000
0.000000
0.000000
0.000000
0.000000
0.000000
0.000000
0.000000
0.000000
0.000000
0.000000
0.000000
0.000000
0.000000
0.000000
0.000000
0.000000
0.000000
