0.000000
0.011286
0.056741
0.160519
0.482513
0.950243
1.896314
3.989115
8.179397
17.203714
32.959080
58.485756
98.135444
156.121690
241.431981
363.393747
525.773872
748.368854
1034.327311
1392.784801
1842.360071
2387.144198
3050.177697
3842.418878
4765.461669
5822.087966
7022.005346
8363.301300
9860.851342
11518.881614
13328.600960
15280.557212
17394.783224
19649.291400
22028.564424
24537.455178
27137.531762
29837.526382
32606.657388
35454.091476
38373.679842
41306.144927
44287.704564
47282.967743
50263.870196
53220.534554
56178.943107
59069.250397
61900.446427
64701.716132
67415.505926
70055.207308
72610.359263
75077.335628
77465.424424
79743.181323
81913.587003
83976.628670
85927.760528
87733.890563
89469.699494
91074.923807
92556.375072
93957.212102
95209.452151
96355.451024
97425.840360
98398.998021
99225.685148
99966.987286
100607.590225
101161.661083
101610.847747
101973.984682
102261.546764
102448.104821
102568.919834
102592.811321
102556.504019
102469.163471
102294.045375
102056.112380
101772.045755
101414.809437
101028.836217
100585.860550
100056.107793
99544.130884
98987.294070
98383.168603
97740.033489
97049.320836
96339.588772
95586.859923
94831.454263
94030.489642
93193.735346
92364.581158
91500.520022
90611.547485
89695.764827
88775.175231
87857.112876
86900.256416
85923.420617
84919.555206
83924.802803
82921.177627
81914.812503
80890.157542
79834.835509
78806.920621
77769.583830
76720.936029
75658.077746
74590.947343
73509.962212
72433.540111
71357.554738
70300.320227
69214.415571
68152.052180
67099.784603
66019.293819
64942.734112
63883.212386
62821.172335
61768.667950
60721.455109
59662.454587
58617.212831
57571.211295
56539.112656
55508.668274
54490.381374
53479.916354
52474.544295
51483.997736
50486.341336
49488.639215
48490.445939
47509.013134
46551.527752
45593.259545
44627.352325
43690.835870
42744.142875
41826.858368
40898.687470
39983.454879
39070.825580
38169.567794
37279.583200
36404.758431
35542.377811
34667.603014
33819.914806
32989.784954
32168.670649
31353.362451
30554.710458
29763.003514
28990.055016
28223.783483
27467.070094
26726.549293
25992.077452
25270.155424
24550.104864
23849.119078
23163.979566
22474.382956
21805.011001
21160.129213
20521.069179
19893.095764
19275.201146
18676.166078
18081.789086
17506.165855
16935.164433
16384.323206
15843.907346
15323.737175
14810.280611
14308.285468
13816.022378
13337.908571
12865.773580
12414.210504
11973.092293
11538.057275
11123.851836
10715.372664
10316.829076
9928.236370
9548.637588
9177.185825
8828.262522
8481.666908
8145.722116
7817.181150
7499.450041
7190.030917
6895.697960
6608.812958
6333.268733
6063.163636
5804.612417
5553.243689
5310.364991
5080.400046
4858.260529
4643.055927
4435.500768
4234.360157
4042.337809
3854.330074
3677.409215
3507.237970
3340.915640
3181.366357
3025.537702
2881.578713
2741.647559
2607.506202
2479.883763
2356.356768
2237.820469
2125.289905
2015.736806
1912.093839
1810.783946
1717.744440
1628.766467
1541.681785
1459.905392
1380.664780
1307.488130
1234.973693
1168.185575
1103.074230
1041.686081
982.413353
926.988769
873.695800
825.262905
776.962348
730.954441
689.383778
648.985525
609.785218
574.538776
540.355690
506.938905
474.930231
445.029118
417.843077
391.914959
367.128305
343.519604
322.243474
301.518267
282.042034
263.647226
246.168605
229.671121
214.120122
200.207719
186.264061
174.341530
162.654949
151.812366
142.068074
132.396546
123.789602
115.501818
107.440222
100.369964
93.220439
86.197930
80.089829
74.461991
69.190350
64.188860
59.596711
55.272541
51.112735
47.215791
43.736646
40.627599
37.524439
34.832361
32.266028
30.070830
27.726213
25.493465
23.474439
21.731578
20.154164
18.774884
17.382181
16.089624
14.890870
13.667117
12.541289
11.636117
10.764914
9.886341
9.096831
8.372719
7.668750
7.094806
6.614266
5.953263
5.392519
5.017312
4.647795
4.293566
3.983684
3.649266
3.330046
3.044527
2.813289
2.601331
2.402641
2.205969
2.025388
1.835777
1.676771
1.532100
1.392939
1.292589
1.172919
1.076878
0.966386
0.896009
0.798342
0.732454
0.662976
0.628937
0.598808
0.537524
0.480827
0.415347
0.393680
0.341207
0.325233
0.294911
0.266375
0.231767
0.218812
0.204240
0.182911
0.162705
0.138442
0.118390
0.100188
0.105191
0.097929
0.087870
0.069579
0.057564
0.058278
0.044426
0.037416
0.029430
0.021141
0.017739
0.017919
0.018108
0.019680
0.014004
0.011104
0.007626
0.007555
0.005500
0.006290
0.005204
0.002300
0.001274
0.001165
0.000776
0.000569
0.000300
0.000023
0.000000
0.000000
0.000000
0.000000
0.000000
0.000000
0.000000
0.000000
0.000000
0.000000
0.000000
0.000000
0.000000
0.000000
0.000000
0.000000
0.000000
0.000000
0.000000
0.000000
0.000000
0.000000
0.000000
0.000000
0.000000
0.000000
0.000000
0.000000
0.000000
0.000000
0.000000
0.000000
0.000000
0.000000
0.000000
0.000000
0.000000
0.000000
0.000000
0.000000
0.000000
0.000000
0.000000
0.000000
0.000000
0.000000
0.000000
0.000000
0.000000
0.000000
0.000000
0.000000
0.000000
0.000000
0.000000
0.000000
0.000000
0.000000
0.000000
0.000000
0.000000
0.000000
0.000000
0.000000
0.000000
0.000000
0.000000
0.000000
0.000000
0.000000
0.000000
0.000000
0.000000
0.000000
0.000000
0.000000
0.000000
0.000000
0.000000
0.000000
0.000000
0.000000
0.000000
0.000000
0.000000
0.000000
0.000000
0.000000
0.000000
0.000000
0.000000
0.000000
0.000000
0.000000
0.000000
0.000000
0.000000
0.000000
0.000000
0.000000
0.000000
0.000000
0.000000
0.000000
0.000000
0.000000
0.000000
0.000000
0.000000
0.000000
0.000000
0.000000
0.000000
0.000000
0.000000
0.000000
0.000000
0.000000
0.000000
0.000000
0.000000
0.000000
0.000000
0.000000
0.000000
0.000000
0.000000
0.000000
0.000000
0.000000
0.000000
0.000000
0.000000
0.000000
0.000000
0.000000
0.000000
0.000000
0.000000
0.000000
0.000000
0.000000
0.000000
0.000000
0.000000
0.000000
0.000000
0.000000
0.000000
0.000000
0.000000
0.000000
0.000000
0.000000
0.000000
0.000000
0.000000
0.000000
0.000000
0.000000
0.000000
0.000000
0.000000
0.000000
0.000000
0.000000
0.000000
0.000000
0.000000
0.000000
0.000000
0.000000
0.000000
0.000000
0.000000
0.000000
0.000000
0.000000
0.000000
0.000000
0.000000
0.000000
0.000000
0.000000
0.000000
0.000000
0.000000
0.000000
0.000000
0.000000
0.000000
0.000000
0.000000
0.000000
0.000000
0.000000
0.000000
0.000000
0.000000
0.000000
0.000000
0.000000
0.000000
0.000000
0.000000
0.000000
0.000000
0.000000
0.000000
0.000000
0.000000
0.000000
0.000000
0.000000
0.000000
0.000000
0.000000
0.000000
0.000000
0.000000
0.000000
0.000000
0.000000
0.000000
0.000000
0.000000
0.000000
0.000000
0.000000
0.000000
0.000000
0.000000
0.000000
0.000000
0.000000
0.000000
0.000000
0.000000
0.000000
0.000000
0.000000
0.000000
0.000000
0.000000
0.000000
0.000000
0.000000
0.000000
0.000000
0.000000
0.000000
0.000000
0.000000
0.000000
0.000000
0.000000
0.000000
0.000000
0.000000
0.000000
0.000000
0.000000
0.000000
0.000000
0.000000
0.000000
0.000000
0.000000
0.000000
0.000000
0.000000
0.000000
0.000000
0.000000
0.000000
0.000000
0.000000
0.000000
0.000000
0.000000
0.000000
0.000000
0.000000
0.000000
0.000000
0.000000
0.000000
0.000000
0.000000
0.000000
0.000000
0.000000
0.000000
0.000000
0.000000
0.000000
0.000000
0.000000
0.000000
0.000000
0.000000
0.000000
0.000000
0.000000
0.000000
0.000000
0.000000
0.000000
0.000000
0.000000
0.000000
0.000000
0.000000
0.000000
0.000000
0.000000
0.000000
0.000000
0.000000
0.000000
0.000000
0.000000
0.000000
0.000000
0.000000
0.000000
0.000000
0.000000
0.000000
0.000000
0.000000
0.000000
0.000000
0.000000
0.000000
0.000000
0.000000
0.000000
0.000000
0.000000
0.000000
0.000000
0.000000
0.000000
0.000000
0.000000
0.000000
0.000000
0.000000
0.000000
0.000000
0.000000
0.000000
0.000000
0.000000
0.000000
0.000000
0.000000
0.000000
0.000000
0.000000
0.000000
0.000000
0.000000
0.000000
0.000000
0.000000
0.000000
0.000000
0.000000
0.000000
0.000000
0.000000
0.000000
0.000000
0.000000
0.000000
0.000000
0.000000
0.000000
0.000000
0.000000
0.000000
0.000000
0.000000
0.000000
0.000000
0.000000
0.000000
0.000000
0.000000
0.000000
0.000000
0.000000
0.000000
0.000000
0.000000
0.000000
0.000000
0.000000
0.000000
0.000000
0.000000
0.000000
0.000000
0.000000
0.000000
0.000000
0.000000
0.000000
0.000000
0.000000
0.000000
0.000000
0.000000
0.000000
0.000000
0.000000
0.000000
0.000000
0.000000
0.000000
0.000000
0.000000
0.000000
0.000000
0.000000
0.000000
0.000000
0.000000
0.000000
0.000000
0.000000
0.000000
0.000000
0.000000
0.000000
0.000000
0.000000
0.000000
0.000000
0.000000
0.000000
0.000000
0.000000
0.000000
0.000000
0.000000
0.000000
0.000000
0.000000
0.000000
0.000000
0.000000
0.000000
0.000000
0.000000
0.000000
0.000000
0.000000
0.000000
0.000000
0.000000
0.000000
0.000000
0.000000
0.000000
0.000000
0.000000
0.000000
0.000000
0.000000
0.000000
0.000000
0.000000
0.000000
0.000000
0.000000
0.000000
0.000000
0.000000
0.000000
0.000000
0.000000
0.000000
0.000000
0.000000
0.000000
0.000000
0.000000
0.000000
0.000000
0.000000
0.000000
0.000000
0.000000
0.000000
0.000000
0.000000
0.000000
0.000000
0.000000
0.000000
0.000000
0.000000
0.000000
0.000000
0.000000
0.000000
0.000000
0.000000
0.000000
0.000000
0.000000
0.000000
0.000000
0.000000
0.000000
0.000000
0.000000
0.000000
0.000000
0.000000
0.000000
0.000000
0.000000
0.000000
0.000000
0.000000
0.000000
0.000000
0.000000
0.000000
0.000000
0.000000
0.000000
0.000000
0.000000
0.000000
0.000000
0.000000
0.000000
0.000000
0.000000
0.000000
0.000000
0.000000
0.000000
0.000000
0.000000
0.000000
0.000000
0.000000
0.000000
0.000000
0.000000
0.000000
0.000000
0.000000
0.000000
0.000000
0.000000
0.000000
0.000000
0.000000
0.000000
0.000000
0.000000
0.000000
0.000000
0.000000
0.000000
0.000000
0.000000
0.000000
0.000000
0.000000
0.000000
0.000000
0.000000
0.000000
0.000000
0.000000
0.000000
0.000000
0.000000
0.000000
0.000000
0.000000
0.000000
0.000000
0.000000
0.000000
0.000000
0.000000
0.000000
0.000000
0.000000
0.000000
0.000000
0.000000
0.000000
0.000000
0.000000
0.000000
0.000000
0.000000
0.000000
0.000000
0.000000
0.000000
0.000000
0.000000
0.000000
0.000000
