0.043588
0.770840
4.152778
19.011922
66.071089
185.745417
454.272766
979.100096
1910.924635
3430.235145
5724.324020
8979.180399
13364.051964
18919.629417
25714.045062
33693.074618
42649.986121
52479.789970
62903.491671
73681.040853
84507.003997
95198.431574
105586.625452
115259.233576
124119.938920
132037.219383
138895.408006
144600.789872
149244.634925
152734.975387
155231.194693
156686.013584
157232.256688
156926.644562
155950.484795
154283.236303
152059.233492
149354.902352
146232.467807
142800.095859
139107.969757
135184.405831
131192.120318
127094.444969
122896.550080
118731.672395
114576.670203
110461.799320
106463.311019
102561.288926
98755.894469
95027.342520
91429.597883
87994.469879
84647.371615
81465.748464
78396.613951
75467.467796
72684.937267
70042.240685
67481.487996
65047.947625
62715.069374
60493.953535
58362.561849
56370.015498
54499.743960
52705.965608
50991.616525
49394.426641
47876.371246
46465.734625
45120.146370
43816.506454
42593.447853
41451.041211
40325.773616
39258.129495
38279.706268
37332.694674
36453.462678
35652.253110
34884.256869
34151.210612
33450.649708
32799.689638
32172.161137
31569.788431
30996.442686
30438.156359
29921.577996
29433.683789
28971.873445
28522.410997
28101.100147
27711.431458
27351.042734
26992.647823
26654.818304
26360.994358
26060.643539
25789.980009
25541.854135
25312.277810
25093.067562
24901.677946
24721.175804
24551.328692
24399.441172
24256.830090
24121.816989
24001.451482
23890.954018
23775.844879
23667.372926
23565.749163
23477.673103
23405.080613
23334.202672
23267.967521
23216.118505
23173.322925
23137.021661
23100.243056
23061.970098
23047.658515
23032.259167
23020.661841
23019.627860
23011.898190
23019.743034
23034.626360
23046.545191
23051.209914
23072.175209
23098.511293
23117.193881
23129.107221
23158.392775
23188.419013
23216.457108
23231.707554
23260.517372
23291.763623
23319.368994
23350.808760
23374.565037
23393.653244
23419.987236
23446.654848
23474.612230
23502.037377
23516.914946
23541.595271
23557.579639
23578.828167
23599.826207
23618.108725
23638.255376
23656.345938
23669.989316
23676.869041
23689.079654
23693.064483
23700.690641
23699.595439
23691.921252
23687.055391
23679.934493
23658.711271
23643.983497
23622.256080
23601.716908
23572.150847
23526.838224
23489.976229
23436.532970
23387.452025
23324.513765
23260.061994
23180.681628
23092.002136
23009.948444
22908.175610
22807.786824
22699.365675
22581.889823
22467.858650
22351.582370
22223.907729
22094.360927
21957.705375
21808.201623
21646.519654
21484.943860
21318.302049
21156.415262
20989.354168
20816.995737
20633.690347
20451.198286
20261.967098
20060.006848
19852.502763
19652.265166
19442.109482
19230.188035
19011.228655
18783.983933
18552.253998
18323.296714
18085.835628
17842.068644
17595.139936
17345.104096
17098.625313
16838.887478
16582.506676
16319.480364
16051.110932
15780.755848
15516.226350
15238.680963
14964.759898
14687.583260
14406.693868
14125.708656
13848.467370
13562.766345
13278.831168
12999.545728
12717.143146
12431.185343
12147.074079
11863.115212
11582.739071
11301.454744
11019.055977
10738.355683
10467.857403
10190.357549
9916.584454
9643.884140
9374.215359
9109.659272
8840.395016
8578.416270
8322.925415
8068.963519
7812.587021
7561.936793
7318.937256
7080.924618
6850.858665
6618.497797
6393.622539
6171.493948
5954.549737
5739.476580
5532.730972
5326.821002
5124.742521
4927.649351
4741.329643
4555.161577
4376.290886
4200.288831
4027.591489
3864.430923
3701.243197
3546.493498
3396.631145
3248.144618
3106.207734
2968.566651
2834.450622
2705.569600
2580.092531
2461.641234
2345.904438
2231.414300
2119.918309
2013.859963
1911.901065
1814.464725
1720.493549
1630.102038
1542.533456
1459.111768
1381.083036
1305.440526
1233.998203
1164.569929
1099.860444
1035.814628
974.403025
918.903292
863.689653
812.641603
764.686795
719.128926
676.188549
634.564792
595.827960
557.946259
522.799846
489.080393
458.043770
428.790758
400.520335
373.477650
348.876965
324.826829
302.825883
282.403257
263.479569
245.251196
228.310303
212.032511
197.018532
183.299401
169.601871
157.018027
145.865153
135.124389
125.065040
115.366209
106.245691
98.110506
90.410530
83.217033
76.749895
70.782744
65.283899
60.144808
55.297266
50.789087
46.741643
42.770378
38.841925
35.544136
32.497284
29.564542
26.704563
24.279161
22.042579
19.871444
18.099322
16.322181
14.832693
13.670139
12.352152
11.061313
10.008487
9.165488
8.330359
7.578588
6.904890
6.233121
5.654398
5.125610
4.582926
4.036275
3.669720
3.385238
3.009051
2.770695
2.465815
2.258286
2.028843
1.760498
1.569190
1.424973
1.307141
1.190674
1.058075
0.973424
0.896159
0.844155
0.762099
0.704028
0.641979
0.597267
0.558720
0.510553
0.482589
0.472220
0.439808
0.440232
0.407633
0.414092
0.408853
0.411350
0.401616
0.388914
0.374490
0.335313
0.324164
0.301125
0.307068
0.275181
0.237876
0.214489
0.178908
0.162695
0.132698
0.110092
0.093741
0.069833
0.057312
0.045905
0.037081
0.031647
0.030933
0.025673
0.019982
0.018240
0.019750
0.013601
0.010848
0.006208
0.001709
0.000364
0.000288
0.000022
0.000000
0.000000
0.000000
0.000000
0.000000
0.000000
0.000000
0.000000
0.000000
0.000000
0.000000
0.000000
0.000000
0.000000
0.000000
0.000000
0.000000
0.000000
0.000000
0.000000
0.000000
0.000000
0.000000
0.000000
0.000000
0.000000
0.000000
0.000000
0.000000
0.000000
0.000000
0.000000
0.000000
0.000000
0.000000
0.000000
0.000000
0.000000
0.000000
0.000000
0.000000
0.000000
0.000000
0.000000
0.000000
0.000000
0.000000
0.000000
0.000000
0.000000
0.000000
0.000000
0.000000
0.000000
0.000000
0.000000
0.000000
0.000000
0.000000
0.000000
0.000000
0.000000
0.000000
0.000000
0.000000
0.000000
0.000000
0.000000
0.000000
0.000000
0.000000
0.000000
0.000000
0.000000
0.000000
0.000000
0.000000
0.000000
0.000000
0.000000
0.000000
0.000000
0.000000
0.000000
0.000000
0.000000
0.000000
0.000000
0.000000
0.000000
0.000000
0.000000
0.000000
0.000000
0.000000
0.000000
0.000000
0.000000
0.000000
0.000000
0.000000
0.000000
0.000000
0.000000
0.000000
0.000000
0.000000
0.000000
0.000000
0.000000
0.000000
0.000000
0.000000
0.000000
0.000000
0.000000
0.000000
0.000000
0.000000
0.000000
0.000000
0.000000
0.000000
0.000000
0.000000
0.000000
0.000000
0.000000
0.000000
0.000000
0.000000
0.000000
0.000000
0.000000
0.000000
0.000000
0.000000
0.000000
0.000000
0.000000
0.000000
0.000000
0.000000
0.000000
0.000000
0.000000
0.000000
0.000000
0.000000
0.000000
0.000000
0.000000
0.000000
0.000000
0.000000
0.000000
0.000000
0.000000
0.000000
0.000000
0.000000
0.000000
0.000000
0.000000
0.000000
0.000000
0.000000
0.000000
0.000000
0.000000
0.000000
0.000000
0.000000
0.000000
0.000000
0.000000
0.000000
0.000000
0.000000
0.000000
0.000000
0.000000
0.000000
0.000000
0.000000
0.000000
0.000000
0.000000
0.000000
0.000000
0.000000
0.000000
0.000000
0.000000
0.000000
0.000000
0.000000
0.000000
0.000000
0.000000
0.000000
0.000000
0.000000
0.000000
0.000000
0.000000
0.000000
0.000000
0.000000
0.000000
0.000000
0.000000
0.000000
0.000000
0.000000
0.000000
0.000000
0.000000
0.000000
0.000000
0.000000
0.000000
0.000000
0.000000
0.000000
0.000000
0.000000
0.000000
0.000000
0.000000
0.000000
0.000000
0.000000
0.000000
0.000000
0.000000
0.000000
0.000000
0.000000
0.000000
0.000000
0.000000
0.000000
0.000000
0.000000
0.000000
0.000000
0.000000
0.000000
0.000000
0.000000
0.000000
0.000000
0.000000
0.000000
0.000000
0.000000
0.000000
0.000000
0.000000
0.000000
0.000000
0.000000
0.000000
0.000000
0.000000
0.000000
0.000000
0.000000
0.000000
0.000000
0.000000
0.000000
0.000000
0.000000
0.000000
0.000000
0.000000
0.000000
0.000000
0.000000
0.000000
0.000000
0.000000
0.000000
0.000000
0.000000
0.000000
0.000000
0.000000
0.000000
0.000000
0.000000
0.000000
0.000000
0.000000
0.000000
0.000000
0.000000
0.000000
0.000000
0.000000
0.000000
0.000000
0.000000
0.000000
0.000000
0.000000
0.000000
0.000000
0.000000
0.000000
0.000000
0.000000
0.000000
0.000000
0.000000
0.000000
0.000000
0.000000
0.000000
0.000000
0.000000
0.000000
0.000000
0.000000
0.000000
0.000000
0.000000
0.000000
0.000000
0.000000
0.000000
0.000000
0.000000
0.000000
0.000000
0.000000
0.000000
0.000000
0.000000
0.000000
0.000000
0.000000
0.000000
0.000000
0.000000
0.000000
0.000000
0.000000
0.000000
0.000000
0.000000
0.000000
0.000000
0.000000
0.000000
0.000000
0.000000
0.000000
0.000000
0.000000
0.000000
0.000000
0.000000
0.000000
0.000000
0.000000
0.000000
0.000000
0.000000
0.000000
0.000000
0.000000
0.000000
0.000000
0.000000
0.000000
0.000000
0.000000
0.000000
0.000000
0.000000
0.000000
0.000000
0.000000
0.000000
0.000000
0.000000
0.000000
0.000000
0.000000
0.000000
0.000000
0.000000
0.000000
0.000000
0.000000
0.000000
0.000000
0.000000
0.000000
0.000000
0.000000
0.000000
0.000000
0.000000
0.000000
0.000000
0.000000
0.000000
0.000000
0.000000
0.000000
0.000000
0.000000
0.000000
0.000000
0.000000
0.000000
0.000000
0.000000
0.000000
0.000000
0.000000
0.000000
0.000000
0.000000
0.000000
0.000000
0.000000
0.000000
0.000000
0.000000
0.000000
0.000000
0.000000
0.000000
0.000000
0.000000
0.000000
0.000000
0.000000
0.000000
0.000000
0.000000
0.000000
0.000000
0.000000
0.000000
0.000000
0.000000
0.000000
0.000000
0.000000
0.000000
0.000000
0.000000
0.000000
0.000000
0.000000
0.000000
0.000000
0.000000
0.000000
0.000000
0.000000
0.000000
0.000000
0.000000
0.000000
0.000000
0.000000
0.000000
0.000000
0.000000
0.000000
0.000000
0.000000
0.000000
0.000000
0.000000
0.000000
0.000000
0.000000
0.000000
0.000000
0.000000
0.000000
0.000000
0.000000
0.000000
0.000000
0.000000
0.000000
0.000000
0.000000
0.000000
0.000000
0.000000
0.000000
0.000000
0.000000
0.000000
0.000000
0.000000
0.000000
0.000000
0.000000
0.000000
0.000000
0.000000
0.000000
0.000000
0.000000
0.000000
0.000000
0.000000
0.000000
0.000000
0.000000
0.000000
0.000000
0.000000
0.000000
0.000000
0.000000
0.000000
0.000000
0.000000
0.000000
0.000000
0.000000
0.000000
0.000000
0.000000
0.000000
0.000000
0.000000
0.000000
0.000000
0.000000
0.000000
0.000000
0.000000
0.000000
0.000000
0.000000
0.000000
0.000000
0.000000
0.000000
0.000000
0.000000
0.000000
0.000000
0.000000
0.000000
0.000000
0.000000
0.000000
0.000000
0.000000
0.000000
0.000000
0.000000
0.000000
0.000000
0.000000
0.000000
0.000000
0.000000
0.000000
0.000000
0.000000
0.000000
