0.000000
0.000000
0.000000
0.000000
0.000000
0.000000
0.000000
0.000000
0.000000
0.000000
0.000000
0.000000
0.000000
0.000000
0.000000
0.000000
0.027094
0.045384
0.107588
0.226519
0.599377
0.881471
2.155305
4.683569
9.296996
16.660298
30.241874
50.017833
82.344670
133.445830
206.761335
311.771468
457.868251
666.277964
944.708435
1323.088288
1813.992452
2467.656054
3272.492673
4277.229078
5504.611529
6961.420763
8698.487008
10727.246250
13070.560496
15770.835188
18796.712081
22170.184189
25813.569257
29837.143939
34180.440346
38766.502015
43607.097945
48642.606939
53887.273226
59218.767981
64716.879838
70188.479135
75585.789383
80991.467563
86287.437473
91409.078469
96424.036692
101194.220658
105692.713236
109930.427302
113874.447523
117447.700481
120663.683002
123608.598118
126310.529564
128551.243422
130552.425297
132249.270717
133702.379000
134887.628887
135694.452324
136332.503735
136744.109617
136905.681849
136954.728578
136784.060242
136489.156843
136024.351742
135444.483735
134748.610300
133956.761115
133028.270894
132086.731298
131070.270155
130054.459277
128908.540719
127806.831947
126640.570436
125382.801249
124185.653529
122873.242992
121688.176501
120387.533198
119133.026613
117841.661415
116572.464299
115275.581335
113953.601557
112576.962468
111248.942085
109910.837631
108485.190350
107163.022642
105765.676797
104277.736445
102848.565873
101377.524542
99869.421707
98336.793046
96829.063305
95279.310764
93688.335268
92053.324618
90358.154436
88683.474131
86951.668892
85173.164898
83340.820724
81555.625696
79664.281829
77757.127673
75845.883808
73860.990355
71892.434160
69860.567190
67802.968377
65729.984124
63614.460527
61511.679950
59392.065281
57255.577054
55136.538566
53044.467156
50893.026496
48792.609865
46673.639598
44572.870410
42503.583476
40480.013206
38454.758922
36477.658010
34547.871648
32646.101890
30788.760276
28977.973795
27207.315003
25521.378788
23873.818183
22307.385937
20792.725522
19332.973743
17948.436588
16640.290922
15385.821337
14200.071346
13074.466078
12014.122375
11019.161503
10072.961354
9197.100128
8380.016565
7618.514977
6909.117579
6250.669397
5636.857284
5069.964969
4555.169030
4074.979663
3643.526850
3248.697250
2893.864297
2567.635166
2277.235321
2013.037891
1771.930777
1561.318283
1369.641203
1199.423150
1045.219662
913.827832
792.145927
687.254347
592.673632
512.790895
441.193776
378.479849
324.225243
277.449950
236.482470
200.632689
170.702889
144.258398
122.260407
102.897067
86.417535
72.337106
61.016245
51.291792
42.716018
35.452764
29.423523
24.538131
20.290001
17.009132
13.950459
11.532053
9.244823
7.625363
6.001044
4.931308
3.909346
3.124584
2.699777
2.040500
1.685764
1.267876
1.085165
0.798672
0.677315
0.496727
0.399894
0.331763
0.279492
0.189860
0.150509
0.129670
0.103294
0.076120
0.078288
0.046901
0.042400
0.035663
0.020225
0.024013
0.019560
0.013951
0.014226
0.013294
0.009440
0.009701
0.005515
0.006286
0.005428
0.006352
0.002408
0.001394
0.000906
0.000036
0.000000
0.000000
0.000000
0.000000
0.000000
0.000000
0.000000
0.000000
0.000000
0.000000
0.000000
0.000000
0.000000
0.000000
0.000000
0.000000
0.000000
0.000000
0.000000
0.000000
0.000000
0.000000
0.000000
0.000000
0.000000
0.000000
0.000000
0.000000
0.000000
0.000000
0.000000
0.000000
0.000000
0.000000
0.000000
0.000000
0.000000
0.000000
0.000000
0.000000
0.000000
0.000000
0.000000
0.000000
0.000000
0.000000
0.000000
0.000000
0.000000
0.000000
0.000000
0.000000
0.000000
0.000000
0.000000
0.000000
0.000000
0.000000
0.000000
0.000000
0.000000
0.000000
0.000000
0.000000
0.000000
0.000000
0.000000
0.000000
0.000000
0.000000
0.000000
0.000000
0.000000
0.000000
0.000000
0.000000
0.000000
0.000000
0.000000
0.000000
0.000000
0.000000
0.000000
0.000000
0.000000
0.000000
0.000000
0.000000
0.000000
0.000000
0.000000
0.000000
0.000000
0.000000
0.000000
0.000000
0.000000
0.000000
0.000000
0.000000
0.000000
0.000000
0.000000
0.000000
0.000000
0.000000
0.000000
0.000000
0.000000
0.000000
0.000000
0.000000
0.000000
0.000000
0.000000
0.000000
0.000000
0.000000
0.000000
0.000000
0.000000
0.000000
0.000000
0.000000
0.000000
0.000000
0.000000
0.000000
0.000000
0.000000
0.000000
0.000000
0.000000
0.000000
0.000000
0.000000
0.000000
0.000000
0.000000
0.000000
0.000000
0.000000
0.000000
0.000000
0.000000
0.000000
0.000000
0.000000
0.000000
0.000000
0.000000
0.000000
0.000000
0.000000
0.000000
0.000000
0.000000
0.000000
0.000000
0.000000
0.000000
0.000000
0.000000
0.000000
0.000000
0.000000
0.000000
0.000000
0.000000
0.000000
0.000000
0.000000
0.000000
0.000000
0.000000
0.000000
0.000000
0.000000
0.000000
0.000000
0.000000
0.000000
0.000000
0.000000
0.000000
0.000000
0.000000
0.000000
0.000000
0.000000
0.000000
0.000000
0.000000
0.000000
0.000000
0.000000
0.000000
0.000000
0.000000
0.000000
0.000000
0.000000
0.000000
0.000000
0.000000
0.000000
0.000000
0.000000
0.000000
0.000000
0.000000
0.000000
0.000000
0.000000
0.000000
0.000000
0.000000
0.000000
0.000000
0.000000
0.000000
0.000000
0.000000
0.000000
0.000000
0.000000
0.000000
0.000000
0.000000
0.000000
0.000000
0.000000
0.000000
0.000000
0.000000
0.000000
0.000000
0.000000
0.000000
0.000000
0.000000
0.000000
0.000000
0.000000
0.000000
0.000000
0.000000
