23.715622
139.202886
495.739977
1353.530367
3056.841957
6049.027715
10630.710172
17087.390354
25642.589791
36220.618279
48596.860982
62611.573647
77698.671329
93394.831144
109026.174466
124501.812919
138871.767083
152272.812815
164322.395688
174873.608042
183689.207328
190704.900074
195903.109711
199550.801888
201406.123256
201676.429516
200516.300789
197925.524085
194336.766335
190007.902851
185061.396238
179638.151414
173834.926578
167603.690998
161302.794463
154716.440820
148257.906311
141833.394947
135467.371637
129122.450810
123002.324497
116987.078305
111309.681160
105854.340627
100626.409748
95636.306824
90893.895421
86353.727345
82072.389226
78076.247224
74310.242066
70635.856073
67278.617548
64038.146572
60981.516541
58228.191116
55596.298349
53053.677104
50677.562208
48462.376440
46348.480916
44318.651715
42408.197428
40720.163619
39183.820346
37690.396854
36301.852831
34916.671626
33635.751433
32487.245071
31390.058252
30343.849343
29354.741019
28440.993258
27528.155871
26748.710072
25997.395880
25292.458537
24614.215457
24015.280699
23394.902300
22841.802519
22325.746791
21813.716041
21327.405586
20902.242323
20413.577465
19983.403016
19598.336536
19233.828299
18897.446690
18628.130212
18351.609360
18068.536738
17807.433162
17530.740793
17287.755885
17045.405322
16814.911506
16610.879246
16465.979759
16302.054843
16141.454858
15966.740456
15831.533764
15692.613992
15584.827457
15451.974884
15323.424974
15218.371463
15103.910051
15016.741361
14895.323545
14787.900054
14718.281303
14683.804549
14622.179432
14573.235473
14497.969645
14431.277640
14363.902439
14327.527609
14273.179411
14233.693606
14211.031620
14175.104088
14165.581720
14137.448084
14148.901190
14141.827032
14153.087659
14158.731238
14165.528766
14160.164297
14160.394209
14174.729447
14201.777565
14211.319650
14226.775507
14257.480518
14303.691025
14337.768319
14364.636516
14394.961479
14408.396391
14456.242216
14492.122882
14513.634019
14565.043599
14613.091435
14649.586631
14691.410327
14721.405700
14749.281281
14790.350359
14831.302314
14883.839803
14928.042977
14980.344465
15017.619789
15049.378381
15112.062375
15159.838715
15202.848771
15260.337587
15314.104435
15359.011982
15401.615218
15458.817042
15517.049761
15576.922251
15625.619381
15651.082219
15688.221115
15728.361481
15766.303608
15781.736827
15793.686315
15842.430944
15856.207797
15871.136450
15887.414428
15947.853330
15981.895403
15981.295883
15996.281326
16005.147650
16012.224238
16033.558787
16040.108844
16033.751543
16024.335568
16017.232566
16021.101742
16011.517932
15985.534951
15952.529435
15936.326757
15892.753203
15857.495094
15821.579547
15788.545359
15723.504827
15654.559868
15621.671995
15548.524263
15496.007492
15427.580112
15338.527718
15264.739098
15197.595991
15116.311662
15025.346384
14924.902601
14861.152579
14785.194642
14709.990992
14614.223757
14521.922643
14408.903857
14304.414251
14197.808207
14076.734880
13962.059728
13847.912010
13736.231075
13622.805725
13488.738029
13341.272373
13210.044813
13058.873918
12919.115997
12777.962294
12629.091627
12491.067845
12350.776042
12238.747753
12083.454803
11929.596372
11785.329678
11643.011219
11484.530929
11303.482578
11146.376713
10979.578895
10818.814474
10661.248870
10527.250562
10363.999868
10210.353050
10040.075373
9876.780699
9714.667065
9559.934343
9394.710177
9217.146188
9047.791218
8881.704594
8715.503846
8552.365518
8380.036131
8205.906184
8061.354459
7903.645589
7742.372287
7590.780996
7438.661002
7274.831304
7121.187557
6969.088479
6814.971693
6667.680954
6508.853110
6362.917055
6200.526682
6060.645045
5912.343867
5755.006720
5606.029898
5461.699007
5321.911657
5185.874213
5053.735548
4917.812761
4794.713269
4666.888446
4541.268781
4408.156138
4279.032696
4160.646335
4038.660531
3913.025048
3795.872494
3690.942067
3578.538758
3470.602331
3361.678814
3255.033044
3154.867127
3057.698773
2967.755552
2874.111755
2789.481047
2693.281095
2608.090670
2523.513611
2446.339862
2362.108297
2276.618773
2197.908734
2115.778154
2039.530971
1961.694763
1894.762682
1828.870153
1763.304883
1693.571634
1631.255943
1567.007375
1506.590064
1449.146087
1392.670857
1336.246394
1284.185788
1232.280952
1183.460611
1132.427311
1085.224751
1037.955346
994.518679
955.068880
913.113472
873.527192
837.141992
800.336991
765.803690
731.966657
696.303174
661.748960
630.214619
603.760887
574.813465
550.558430
523.585839
499.677932
474.572868
453.327187
431.656678
409.819997
388.832679
370.652580
351.990350
334.747385
317.011560
300.696994
286.940930
274.642576
260.934734
246.761159
233.702780
221.276891
212.463100
201.322843
190.978588
180.821659
171.297253
162.870469
154.533427
145.197395
136.423807
128.582498
122.249657
115.113724
107.833457
100.889490
94.718295
88.372488
84.543193
79.964744
73.475471
69.075908
63.896752
60.798883
57.190030
54.225535
51.981670
49.345518
46.274797
43.421096
40.824677
37.883633
34.593586
32.332782
29.692961
28.119030
25.808338
23.608526
22.016988
20.832904
19.066883
17.478327
17.137668
15.910056
14.820767
13.939244
13.097421
12.659069
11.700133
10.553861
9.920614
8.874685
8.104600
7.587174
6.948451
6.248546
5.578657
5.342325
4.930398
4.500967
4.343194
4.116909
3.927673
3.728431
3.649368
3.254392
3.018080
2.916365
2.743799
2.666103
2.491724
2.184648
1.858243
1.675853
1.544430
1.435307
1.364911
1.288783
1.305934
1.302239
1.268664
1.243312
1.224889
1.130842
1.139640
0.959388
0.848118
0.783089
0.814122
0.741012
0.622956
0.540233
0.568088
0.541790
0.516903
0.477429
0.412015
0.396187
0.340466
0.347430
0.225572
0.180760
0.194896
0.157276
0.175621
0.149038
0.148889
0.186190
0.154237
0.155435
0.143077
0.145223
0.154428
0.169135
0.125455
0.107260
0.076183
0.053560
0.040381
0.029637
0.016936
0.009835
0.003848
0.004589
0.004366
0.004414
0.002900
0.001573
0.005061
0.000383
0.000000
0.000000
0.000000
0.000000
0.000000
0.000000
0.000000
0.000000
0.000000
0.000000
0.000000
0.000000
0.000000
0.000000
0.000000
0.000000
0.000000
0.000000
0.000000
0.000000
0.000000
0.000000
0.000000
0.000000
0.000000
0.000000
0.000000
0.000000
0.000000
0.000000
0.000000
0.000000
0.000000
0.000000
0.000000
0.000000
0.000000
0.000000
0.000000
0.000000
0.000000
0.000000
0.000000
0.000000
0.000000
0.000000
0.000000
0.000000
0.000000
0.000000
0.000000
0.000000
0.000000
0.000000
0.000000
0.000000
0.000000
0.000000
0.000000
0.000000
0.000000
0.000000
0.000000
0.000000
0.000000
0.000000
0.000000
0.000000
0.000000
0.000000
0.000000
0.000000
0.000000
0.000000
0.000000
0.000000
0.000000
0.000000
0.000000
0.000000
0.000000
0.000000
0.000000
0.000000
0.000000
0.000000
0.000000
0.000000
0.000000
0.000000
0.000000
0.000000
0.000000
0.000000
0.000000
0.000000
0.000000
0.000000
0.000000
0.000000
0.000000
0.000000
0.000000
0.000000
0.000000
0.000000
0.000000
0.000000
0.000000
0.000000
0.000000
0.000000
0.000000
0.000000
0.000000
0.000000
0.000000
0.000000
0.000000
0.000000
0.000000
0.000000
0.000000
0.000000
0.000000
0.000000
0.000000
0.000000
0.000000
0.000000
0.000000
0.000000
0.000000
0.000000
0.000000
0.000000
0.000000
0.000000
0.000000
0.000000
0.000000
0.000000
0.000000
0.000000
0.000000
0.000000
0.000000
0.000000
0.000000
0.000000
0.000000
0.000000
0.000000
0.000000
0.000000
0.000000
0.000000
0.000000
0.000000
0.000000
0.000000
0.000000
0.000000
0.000000
0.000000
0.000000
0.000000
0.000000
0.000000
0.000000
0.000000
0.000000
0.000000
0.000000
0.000000
0.000000
0.000000
0.000000
0.000000
0.000000
0.000000
0.000000
0.000000
0.000000
0.000000
0.000000
0.000000
0.000000
0.000000
0.000000
0.000000
0.000000
0.000000
0.000000
0.000000
0.000000
0.000000
0.000000
0.000000
0.000000
0.000000
0.000000
0.000000
0.000000
0.000000
0.000000
0.000000
0.000000
0.000000
0.000000
0.000000
0.000000
0.000000
0.000000
0.000000
0.000000
0.000000
0.000000
0.000000
0.000000
0.000000
0.000000
0.000000
0.000000
0.000000
0.000000
0.000000
0.000000
0.000000
0.000000
0.000000
0.000000
0.000000
0.000000
0.000000
0.000000
0.000000
0.000000
0.000000
0.000000
0.000000
0.000000
0.000000
0.000000
0.000000
0.000000
0.000000
0.000000
0.000000
0.000000
0.000000
0.000000
0.000000
0.000000
0.000000
0.000000
0.000000
0.000000
0.000000
0.000000
0.000000
0.000000
0.000000
0.000000
0.000000
0.000000
0.000000
0.000000
0.000000
0.000000
0.000000
0.000000
0.000000
0.000000
0.000000
0.000000
0.000000
0.000000
0.000000
0.000000
0.000000
0.000000
0.000000
0.000000
0.000000
0.000000
0.000000
0.000000
0.000000
0.000000
0.000000
0.000000
0.000000
0.000000
0.000000
0.000000
0.000000
0.000000
0.000000
0.000000
0.000000
0.000000
0.000000
0.000000
0.000000
0.000000
0.000000
0.000000
0.000000
0.000000
0.000000
0.000000
0.000000
0.000000
0.000000
0.000000
0.000000
0.000000
0.000000
0.000000
0.000000
0.000000
0.000000
0.000000
0.000000
0.000000
0.000000
0.000000
0.000000
0.000000
0.000000
0.000000
0.000000
0.000000
0.000000
0.000000
0.000000
0.000000
0.000000
0.000000
0.000000
0.000000
0.000000
0.000000
0.000000
0.000000
0.000000
0.000000
0.000000
0.000000
0.000000
0.000000
0.000000
0.000000
0.000000
0.000000
0.000000
0.000000
0.000000
0.000000
0.000000
0.000000
0.000000
0.000000
0.000000
0.000000
0.000000
0.000000
0.000000
0.000000
0.000000
0.000000
0.000000
0.000000
0.000000
0.000000
0.000000
0.000000
0.000000
0.000000
0.000000
0.000000
0.000000
0.000000
0.000000
0.000000
0.000000
0.000000
0.000000
0.000000
0.000000
0.000000
0.000000
0.000000
0.000000
0.000000
0.000000
0.000000
0.000000
0.000000
0.000000
0.000000
0.000000
0.000000
0.000000
0.000000
0.000000
0.000000
0.000000
0.000000
0.000000
0.000000
0.000000
0.000000
0.000000
0.000000
0.000000
0.000000
0.000000
0.000000
0.000000
0.000000
0.000000
0.000000
0.000000
0.000000
0.000000
0.000000
0.000000
0.000000
0.000000
0.000000
0.000000
0.000000
0.000000
0.000000
0.000000
0.000000
0.000000
0.000000
0.000000
0.000000
0.000000
0.000000
0.000000
0.000000
0.000000
0.000000
0.000000
0.000000
0.000000
0.000000
0.000000
0.000000
0.000000
0.000000
0.000000
0.000000
0.000000
0.000000
0.000000
0.000000
0.000000
0.000000
0.000000
0.000000
0.000000
0.000000
0.000000
0.000000
0.000000
0.000000
0.000000
0.000000
0.000000
0.000000
0.000000
0.000000
0.000000
0.000000
0.000000
0.000000
0.000000
0.000000
0.000000
0.000000
0.000000
0.000000
0.000000
0.000000
0.000000
0.000000
0.000000
0.000000
0.000000
0.000000
0.000000
0.000000
0.000000
0.000000
0.000000
0.000000
0.000000
0.000000
0.000000
0.000000
0.000000
0.000000
0.000000
0.000000
0.000000
0.000000
