0.000000
0.586256
2.788771
5.699615
16.586373
44.359752
93.560664
173.110156
299.272295
509.883884
835.453961
1294.388760
1912.603008
2728.284279
3762.042821
5010.638221
6529.308825
8293.500608
10325.944552
12607.127502
15142.923377
17921.136105
21074.059270
24308.958199
27731.157242
31297.113926
34949.075191
38728.840811
42600.675771
46344.362781
50071.027252
53721.436390
57243.561679
60740.054448
64049.743772
67260.854935
70331.464823
73251.664739
75763.087044
78178.334100
80389.551575
82405.409872
84077.137949
85741.823978
87148.605816
88438.157732
89456.920250
90249.993122
91042.116412
91721.713105
92023.451245
92262.493784
92399.051272
92352.063716
92243.915819
91975.114873
91695.646363
91258.893295
90778.525916
90269.157374
89729.912573
89077.084880
88347.274803
87607.297248
86916.318651
86138.977895
85351.373296
84458.841522
83643.871777
82753.604027
81962.111213
81108.841795
80248.251135
79374.105034
78483.714679
77731.686489
76938.147845
76091.762002
75265.369295
74482.831388
73642.133528
72924.364051
72107.493782
71328.960022
70511.931859
69716.823415
68969.666483
68239.831126
67468.685613
66785.396965
66023.082959
65320.616229
64604.457374
63868.164561
63196.276142
62503.228618
61830.079800
61169.895211
60493.706936
59875.537781
59242.924436
58690.886814
58059.087975
57445.629559
56892.428985
56295.313400
55754.986914
55200.095036
54597.992763
54030.521238
53528.628611
52982.376038
52444.893217
51961.134170
51470.226815
50981.404175
50495.099986
49944.044830
49459.390917
48969.661730
48472.165448
48048.660453
47583.039800
47104.084242
46625.928522
46180.777686
45734.288302
45321.927906
44878.686417
44487.672126
44042.206919
43571.163110
43106.222936
42641.595731
42179.320704
41759.015448
41321.445286
40944.365612
40514.505118
40062.409955
39660.851296
39225.998880
38841.495374
38410.342178
37996.253031
37586.309674
37194.405153
36790.423266
36367.564692
35959.213260
35536.069638
35148.872837
34737.520634
34275.565008
33885.201585
33462.722696
33078.790648
32694.586345
32324.767233
31900.182727
31541.706639
31199.374545
30812.451821
30452.957935
30070.220146
29670.005125
29260.122011
28889.099711
28508.488197
28119.118467
27710.641669
27317.711677
26932.132023
26547.191238
26161.344906
25771.669681
25385.655851
25006.155036
24609.077626
24225.511587
23835.835959
23438.290392
23046.233032
22669.666492
22309.599815
21943.348771
21578.933132
21185.566807
20813.264139
20467.418171
20102.397290
19741.693758
19386.768918
19001.410832
18637.427077
18268.926811
17922.424923
17573.665912
17196.543401
16850.293922
16499.612704
16153.194822
15826.228140
15505.041623
15186.507491
14870.455739
14535.746564
14203.664507
13893.857826
13556.313869
13238.091506
12911.015131
12626.051382
12319.232520
12026.410073
11733.781813
11433.674685
11145.071690
10870.410453
10602.383452
10327.764730
10083.068009
9819.314232
9558.378513
9311.422225
9067.994649
8841.375804
8611.160871
8377.628476
8157.610650
7930.627700
7699.866040
7488.055598
7267.209077
7055.127508
6857.638420
6661.036138
6472.452843
6265.767108
6078.250986
5908.397055
5730.408582
5536.735857
5366.991105
5194.031337
5030.083056
4865.300601
4701.244939
4554.563478
4400.967016
4263.206082
4111.947639
3979.752819
3845.454133
3712.376467
3582.434393
3453.741788
3336.432338
3211.273094
3096.662672
2975.523958
2864.968214
2761.628618
2667.781992
2559.919370
2462.843062
2368.199717
2267.672054
2179.295209
2092.357051
2010.263301
1924.997411
1845.507139
1766.505467
1695.210515
1629.600087
1562.432917
1496.481443
1434.065625
1370.951597
1311.137943
1255.187746
1205.320672
1151.957880
1101.142673
1056.229639
1009.258841
965.647983
920.793421
878.683129
842.979137
803.844806
767.275498
729.164441
697.021364
664.704885
637.875775
606.709791
579.579798
549.702961
522.278417
498.469322
475.082313
452.208107
429.607621
406.852340
387.174545
367.041918
346.940976
328.558872
312.016975
295.729618
278.956590
263.214934
250.725772
236.939544
222.861839
210.373063
200.059946
190.315513
179.025070
170.158910
161.979793
152.105077
142.959751
134.765433
125.503434
119.012496
112.192150
104.985513
98.621145
91.680569
85.869654
81.495067
77.028712
73.649538
69.873981
64.999946
61.800121
58.664791
55.775762
51.535746
48.380602
45.393544
41.546218
38.864339
36.664945
35.161887
32.724820
31.122467
28.417385
26.272835
24.453558
22.803475
22.103981
21.038469
20.015309
19.187836
18.143753
17.013660
15.368775
14.342426
13.004627
12.218191
11.972532
11.292814
10.623566
10.409532
9.540324
9.106690
8.393221
8.021431
7.492743
6.931393
6.525320
6.646044
6.205530
6.066642
5.520944
5.046774
4.731049
4.507748
4.049879
4.050718
3.865721
3.852863
3.431990
3.292898
2.887450
2.755851
2.731843
2.551092
2.500856
2.194469
2.103097
1.943422
1.718196
1.500864
1.373828
1.295034
1.234070
1.236141
1.252944
1.277860
1.244490
1.216669
1.189368
0.973794
1.000437
0.915607
0.823804
0.746281
0.682313
0.630570
0.533667
0.568589
0.473232
0.381760
0.253684
0.250758
0.255989
0.216681
0.163885
0.169003
0.115970
0.117361
0.159904
0.138654
0.136336
0.121803
0.091647
0.086860
0.044766
0.028106
0.030221
0.003950
0.021256
0.008764
0.000029
0.000000
0.000000
0.000000
0.000000
0.000000
0.000000
0.000000
0.000000
0.000000
0.000000
0.000000
0.000000
0.000000
0.000000
0.000000
0.000000
0.000000
0.000000
0.000000
0.000000
0.000000
0.000000
0.000000
0.000000
0.000000
0.000000
0.000000
0.000000
0.000000
0.000000
0.000000
0.000000
0.000000
0.000000
0.000000
0.000000
0.000000
0.000000
0.000000
0.000000
0.000000
0.000000
0.000000
0.000000
0.000000
0.000000
0.000000
0.000000
0.000000
0.000000
0.000000
0.000000
0.000000
0.000000
0.000000
0.000000
0.000000
0.000000
0.000000
0.000000
0.000000
0.000000
0.000000
0.000000
0.000000
0.000000
0.000000
0.000000
0.000000
0.000000
0.000000
0.000000
0.000000
0.000000
0.000000
0.000000
0.000000
0.000000
0.000000
0.000000
0.000000
0.000000
0.000000
0.000000
0.000000
0.000000
0.000000
0.000000
0.000000
0.000000
0.000000
0.000000
0.000000
0.000000
0.000000
0.000000
0.000000
0.000000
0.000000
0.000000
0.000000
0.000000
0.000000
0.000000
0.000000
0.000000
0.000000
0.000000
0.000000
0.000000
0.000000
0.000000
0.000000
0.000000
0.000000
0.000000
0.000000
0.000000
0.000000
0.000000
0.000000
0.000000
0.000000
0.000000
0.000000
0.000000
0.000000
0.000000
0.000000
0.000000
0.000000
0.000000
0.000000
0.000000
0.000000
0.000000
0.000000
0.000000
0.000000
0.000000
0.000000
0.000000
0.000000
0.000000
0.000000
0.000000
0.000000
0.000000
0.000000
0.000000
0.000000
0.000000
0.000000
0.000000
0.000000
0.000000
0.000000
0.000000
0.000000
0.000000
0.000000
0.000000
0.000000
0.000000
0.000000
0.000000
0.000000
0.000000
0.000000
0.000000
0.000000
0.000000
0.000000
0.000000
0.000000
0.000000
0.000000
0.000000
0.000000
0.000000
0.000000
0.000000
0.000000
0.000000
0.000000
0.000000
0.000000
0.000000
0.000000
0.000000
0.000000
0.000000
0.000000
0.000000
0.000000
0.000000
0.000000
0.000000
0.000000
0.000000
0.000000
0.000000
0.000000
0.000000
0.000000
0.000000
0.000000
0.000000
0.000000
0.000000
0.000000
0.000000
0.000000
0.000000
0.000000
0.000000
0.000000
0.000000
0.000000
0.000000
0.000000
0.000000
0.000000
0.000000
0.000000
0.000000
0.000000
0.000000
0.000000
0.000000
0.000000
0.000000
0.000000
0.000000
0.000000
0.000000
0.000000
0.000000
0.000000
0.000000
0.000000
0.000000
0.000000
0.000000
0.000000
0.000000
0.000000
0.000000
0.000000
0.000000
0.000000
0.000000
0.000000
0.000000
0.000000
0.000000
0.000000
0.000000
0.000000
0.000000
0.000000
0.000000
0.000000
0.000000
0.000000
0.000000
0.000000
0.000000
0.000000
0.000000
0.000000
0.000000
0.000000
0.000000
0.000000
0.000000
0.000000
0.000000
0.000000
0.000000
0.000000
0.000000
0.000000
0.000000
0.000000
0.000000
0.000000
0.000000
0.000000
0.000000
0.000000
0.000000
0.000000
0.000000
0.000000
0.000000
0.000000
0.000000
0.000000
0.000000
0.000000
0.000000
0.000000
0.000000
0.000000
0.000000
0.000000
0.000000
0.000000
0.000000
0.000000
0.000000
0.000000
0.000000
0.000000
0.000000
0.000000
0.000000
0.000000
0.000000
0.000000
0.000000
0.000000
0.000000
0.000000
0.000000
0.000000
0.000000
0.000000
0.000000
0.000000
0.000000
0.000000
0.000000
0.000000
0.000000
0.000000
0.000000
0.000000
0.000000
0.000000
0.000000
0.000000
0.000000
0.000000
0.000000
0.000000
0.000000
0.000000
0.000000
0.000000
0.000000
0.000000
0.000000
0.000000
0.000000
0.000000
0.000000
0.000000
0.000000
0.000000
0.000000
0.000000
0.000000
0.000000
0.000000
0.000000
0.000000
0.000000
0.000000
0.000000
0.000000
0.000000
0.000000
0.000000
0.000000
0.000000
0.000000
0.000000
0.000000
0.000000
0.000000
0.000000
0.000000
0.000000
0.000000
0.000000
0.000000
0.000000
0.000000
0.000000
0.000000
0.000000
0.000000
0.000000
0.000000
0.000000
0.000000
0.000000
0.000000
0.000000
0.000000
0.000000
0.000000
0.000000
0.000000
0.000000
0.000000
0.000000
0.000000
0.000000
0.000000
0.000000
0.000000
0.000000
0.000000
0.000000
0.000000
0.000000
0.000000
0.000000
0.000000
0.000000
0.000000
0.000000
0.000000
0.000000
0.000000
0.000000
0.000000
0.000000
0.000000
0.000000
0.000000
0.000000
0.000000
0.000000
0.000000
0.000000
0.000000
0.000000
0.000000
0.000000
0.000000
0.000000
0.000000
0.000000
0.000000
0.000000
0.000000
0.000000
0.000000
0.000000
0.000000
0.000000
0.000000
0.000000
0.000000
0.000000
0.000000
0.000000
0.000000
0.000000
0.000000
0.000000
0.000000
0.000000
0.000000
0.000000
0.000000
0.000000
0.000000
0.000000
0.000000
0.000000
0.000000
0.000000
0.000000
0.000000
0.000000
0.000000
0.000000
0.000000
0.000000
0.000000
0.000000
0.000000
0.000000
0.000000
0.000000
0.000000
0.000000
0.000000
0.000000
0.000000
0.000000
0.000000
0.000000
0.000000
0.000000
0.000000
0.000000
0.000000
0.000000
0.000000
0.000000
0.000000
0.000000
0.000000
0.000000
0.000000
0.000000
0.000000
0.000000
0.000000
0.000000
0.000000
0.000000
0.000000
0.000000
0.000000
0.000000
0.000000
0.000000
0.000000
0.000000
0.000000
0.000000
0.000000
0.000000
0.000000
0.000000
0.000000
0.000000
0.000000
0.000000
0.000000
0.000000
0.000000
0.000000
0.000000
0.000000
0.000000
0.000000
0.000000
0.000000
0.000000
0.000000
0.000000
0.000000
0.000000
0.000000
0.000000
0.000000
0.000000
0.000000
0.000000
0.000000
0.000000
0.000000
0.000000
0.000000
