0.000000
0.000000
0.000000
0.000000
0.000000
0.009057
0.019405
0.011179
0.025617
0.015540
0.028423
0.108662
0.110739
0.240369
0.578576
1.053124
2.159913
3.904141
6.686421
11.175033
17.591083
27.298965
40.998525
60.538298
86.942502
124.657944
175.039799
238.746010
323.502392
430.149654
566.671190
738.040148
950.206499
1207.298886
1522.080318
1905.199828
2357.611676
2897.275206
3518.344448
4248.149933
5085.902170
6046.017073
7129.346770
8343.776445
9712.928477
11215.595271
12895.994523
14723.248996
16735.037403
18918.838702
21265.902502
23790.298678
26495.054778
29376.307569
32410.493910
35606.157113
38940.809219
42436.762473
46084.146601
49850.872119
53722.887303
57713.363301
61790.106399
65939.615887
70143.404653
74411.849884
78683.674551
82978.162869
87261.043446
91498.495056
95695.523999
99843.441316
103906.438619
107887.135763
111754.656069
115498.190042
119072.192842
122521.699481
125834.515970
128971.871718
131891.422458
134636.823124
137150.441869
139476.721914
141575.192618
143477.359709
145155.690485
146595.201399
147822.725440
148810.820759
149529.069329
150029.482271
150357.543957
150462.854770
150343.012623
150006.530201
149485.332129
148775.805612
147872.545763
146758.561972
145489.568734
144048.781988
142458.253300
140685.689825
138789.643862
136762.530202
134640.428694
132401.948168
130075.839019
127663.620214
125129.108477
122509.913753
119840.742781
117112.482541
114335.572850
111505.220229
108635.000952
105781.904697
102875.083220
99973.793377
97058.339702
94128.082868
91221.663473
88332.436554
85458.684413
82614.463679
79811.257446
77038.091658
74280.837257
71552.177704
68887.839032
66271.532735
63706.847094
61191.504833
58730.602213
56311.771070
53979.145108
51696.728177
49480.934561
47327.476066
45235.468478
43207.272421
41232.220725
39325.317339
37473.346353
35689.583624
33973.286071
32311.063004
30715.842961
29182.732164
27708.438276
26280.737744
24919.082482
23609.810677
22351.004203
21145.364332
20000.274640
18908.452247
17858.862021
16872.087504
15917.040405
15006.627780
14139.727850
13321.235914
12529.652604
11789.421623
11079.525200
10408.935324
9774.299571
9171.043113
8610.159349
8072.531658
7567.223585
7088.445222
6631.144845
6196.161038
5792.241017
5411.358371
5050.946451
4716.138040
4399.718962
4100.912309
3822.433265
3557.889362
3313.073044
3080.761811
2867.520882
2665.703132
2477.795975
2298.168904
2131.736020
1975.841128
1831.359318
1696.370423
1570.323601
1454.688730
1345.548586
1245.038333
1150.801629
1062.391990
981.437141
905.625369
834.890876
768.222533
707.992053
652.958119
601.016938
552.834073
508.638073
467.791393
429.803401
394.123702
361.799444
332.580569
305.684237
279.766974
256.851248
235.803035
216.637388
198.045841
181.196573
165.577211
151.481648
138.355019
126.963155
116.476376
106.170130
96.722178
88.278396
80.243978
73.006602
66.275719
60.503249
55.029295
50.023446
45.222103
41.048221
36.961123
33.877305
30.729413
27.826267
25.381885
22.951828
20.673638
18.820658
17.009301
15.264764
13.826370
12.442291
11.199256
10.158500
9.215423
8.298790
7.330148
6.589533
5.962302
5.363631
4.776358
4.365501
3.922585
3.450000
3.088419
2.681297
2.349922
2.118363
1.863639
1.631851
1.376454
1.185173
1.016138
0.857762
0.744750
0.635941
0.516653
0.464214
0.374515
0.342466
0.306729
0.258544
0.226161
0.198431
0.163852
0.141832
0.125552
0.123624
0.121573
0.097209
0.074389
0.068878
0.053035
0.044250
0.038175
0.026522
0.019002
0.016857
0.016082
0.011413
0.011428
0.011716
0.006928
0.008113
0.005606
0.007428
0.002344
0.000461
0.000020
0.000000
0.000000
0.000000
0.000000
0.000000
0.000000
0.000000
0.000000
0.000000
0.000000
0.000000
0.000000
0.000000
0.000000
0.000000
0.000000
0.000000
0.000000
0.000000
0.000000
0.000000
0.000000
0.000000
0.000000
0.000000
0.000000
0.000000
0.000000
0.000000
0.000000
0.000000
0.000000
0.000000
0.000000
0.000000
0.000000
0.000000
0.000000
0.000000
0.000000
0.000000
0.000000
0.000000
0.000000
0.000000
0.000000
0.000000
0.000000
0.000000
0.000000
0.000000
0.000000
0.000000
0.000000
0.000000
0.000000
0.000000
0.000000
0.000000
0.000000
0.000000
0.000000
0.000000
0.000000
0.000000
0.000000
0.000000
0.000000
0.000000
0.000000
0.000000
0.000000
0.000000
0.000000
0.000000
0.000000
0.000000
0.000000
0.000000
0.000000
0.000000
0.000000
0.000000
0.000000
0.000000
0.000000
0.000000
0.000000
0.000000
0.000000
0.000000
0.000000
0.000000
0.000000
0.000000
0.000000
0.000000
0.000000
0.000000
0.000000
0.000000
0.000000
0.000000
0.000000
0.000000
0.000000
0.000000
0.000000
0.000000
0.000000
0.000000
0.000000
0.000000
0.000000
0.000000
0.000000
0.000000
0.000000
0.000000
0.000000
0.000000
0.000000
0.000000
0.000000
0.000000
0.000000
0.000000
0.000000
0.000000
0.000000
0.000000
0.000000
0.000000
0.000000
0.000000
0.000000
0.000000
0.000000
0.000000
0.000000
0.000000
0.000000
0.000000
0.000000
0.000000
0.000000
0.000000
0.000000
0.000000
0.000000
0.000000
0.000000
0.000000
0.000000
0.000000
0.000000
0.000000
0.000000
0.000000
0.000000
0.000000
0.000000
0.000000
0.000000
0.000000
0.000000
0.000000
0.000000
0.000000
0.000000
0.000000
0.000000
0.000000
0.000000
0.000000
0.000000
0.000000
0.000000
0.000000
0.000000
0.000000
0.000000
0.000000
0.000000
0.000000
0.000000
0.000000
0.000000
0.000000
0.000000
0.000000
0.000000
0.000000
0.000000
0.000000
0.000000
0.000000
0.000000
0.000000
0.000000
0.000000
0.000000
0.000000
0.000000
0.000000
0.000000
0.000000
0.000000
0.000000
0.000000
0.000000
0.000000
0.000000
0.000000
0.000000
0.000000
0.000000
0.000000
0.000000
0.000000
0.000000
0.000000
0.000000
0.000000
0.000000
0.000000
0.000000
0.000000
0.000000
0.000000
0.000000
0.000000
0.000000
0.000000
0.000000
0.000000
0.000000
0.000000
0.000000
0.000000
0.000000
0.000000
0.000000
0.000000
0.000000
0.000000
0.000000
0.000000
0.000000
0.000000
0.000000
0.000000
0.000000
0.000000
0.000000
0.000000
0.000000
0.000000
0.000000
0.000000
0.000000
0.000000
0.000000
0.000000
0.000000
0.000000
0.000000
0.000000
0.000000
0.000000
0.000000
0.000000
0.000000
0.000000
0.000000
0.000000
0.000000
0.000000
0.000000
0.000000
0.000000
0.000000
0.000000
0.000000
0.000000
0.000000
0.000000
0.000000
0.000000
0.000000
0.000000
0.000000
0.000000
0.000000
0.000000
0.000000
0.000000
0.000000
0.000000
0.000000
0.000000
0.000000
0.000000
0.000000
0.000000
0.000000
0.000000
0.000000
0.000000
0.000000
0.000000
0.000000
0.000000
0.000000
0.000000
0.000000
0.000000
0.000000
0.000000
0.000000
0.000000
0.000000
0.000000
0.000000
0.000000
0.000000
0.000000
0.000000
0.000000
0.000000
0.000000
0.000000
0.000000
0.000000
0.000000
0.000000
0.000000
0.000000
0.000000
0.000000
0.000000
0.000000
0.000000
0.000000
0.000000
0.000000
0.000000
0.000000
0.000000
0.000000
0.000000
0.000000
0.000000
0.000000
0.000000
0.000000
0.000000
0.000000
0.000000
0.000000
0.000000
0.000000
0.000000
0.000000
0.000000
0.000000
0.000000
0.000000
0.000000
0.000000
0.000000
0.000000
0.000000
0.000000
0.000000
0.000000
0.000000
0.000000
0.000000
0.000000
0.000000
0.000000
0.000000
0.000000
0.000000
0.000000
0.000000
0.000000
0.000000
0.000000
0.000000
0.000000
0.000000
0.000000
0.000000
0.000000
0.000000
0.000000
0.000000
0.000000
0.000000
0.000000
0.000000
0.000000
0.000000
0.000000
0.000000
0.000000
0.000000
0.000000
0.000000
0.000000
0.000000
0.000000
0.000000
0.000000
0.000000
0.000000
0.000000
0.000000
0.000000
0.000000
0.000000
0.000000
0.000000
0.000000
0.000000
0.000000
0.000000
0.000000
0.000000
0.000000
0.000000
0.000000
0.000000
0.000000
0.000000
0.000000
0.000000
0.000000
0.000000
0.000000
0.000000
0.000000
0.000000
0.000000
0.000000
0.000000
0.000000
0.000000
0.000000
0.000000
0.000000
0.000000
0.000000
0.000000
0.000000
0.000000
0.000000
0.000000
0.000000
0.000000
0.000000
0.000000
0.000000
0.000000
0.000000
0.000000
0.000000
0.000000
0.000000
0.000000
0.000000
0.000000
0.000000
0.000000
0.000000
0.000000
0.000000
0.000000
0.000000
0.000000
0.000000
0.000000
0.000000
0.000000
0.000000
0.000000
0.000000
0.000000
0.000000
0.000000
0.000000
0.000000
0.000000
0.000000
0.000000
0.000000
0.000000
0.000000
0.000000
0.000000
0.000000
0.000000
0.000000
0.000000
0.000000
0.000000
0.000000
0.000000
0.000000
0.000000
0.000000
0.000000
0.000000
0.000000
0.000000
0.000000
0.000000
0.000000
0.000000
0.000000
0.000000
0.000000
0.000000
0.000000
0.000000
0.000000
0.000000
0.000000
0.000000
0.000000
0.000000
0.000000
0.000000
0.000000
0.000000
0.000000
0.000000
0.000000
0.000000
0.000000
0.000000
0.000000
0.000000
0.000000
0.000000
0.000000
0.000000
0.000000
0.000000
0.000000
0.000000
0.000000
0.000000
0.000000
0.000000
0.000000
0.000000
0.000000
0.000000
0.000000
0.000000
0.000000
0.000000
0.000000
0.000000
0.000000
0.000000
0.000000
0.000000
0.000000
0.000000
0.000000
0.000000
0.000000
0.000000
0.000000
0.000000
0.000000
0.000000
0.000000
0.000000
0.000000
0.000000
0.000000
0.000000
0.000000
0.000000
0.000000
0.000000
0.000000
0.000000
0.000000
0.000000
0.000000
0.000000
0.000000
0.000000
0.000000
0.000000
0.000000
0.000000
0.000000
0.000000
0.000000
0.000000
0.000000
0.000000
0.000000
0.000000
0.000000
0.000000
0.000000
0.000000
0.000000
0.000000
0.000000
0.000000
0.000000
0.000000
0.000000
0.000000
0.000000
0.000000
0.000000
0.000000
0.000000
0.000000
0.000000
0.000000
0.000000
0.000000
0.000000
0.000000
0.000000
0.000000
0.000000
0.000000
0.000000
0.000000
0.000000
0.000000
0.000000
0.000000
0.000000
0.000000
0.000000
0.000000
0.000000
0.000000
0.000000
0.000000
0.000000
0.000000
0.000000
0.000000
0.000000
0.000000
0.000000
0.000000
0.000000
0.000000
0.000000
0.000000
0.000000
0.000000
0.000000
0.000000
0.000000
0.000000
0.000000
0.000000
0.000000
0.000000
0.000000
0.000000
0.000000
0.000000
0.000000
0.000000
0.000000
0.000000
0.000000
0.000000
0.000000
0.000000
0.000000
0.000000
0.000000
0.000000
0.000000
0.000000
0.000000
0.000000
