0.000000
0.000000
0.000000
0.000000
0.000000
0.013830
0.031257
0.039708
0.075552
0.152560
0.342544
0.746706
1.470216
2.190180
3.939994
7.189566
11.825563
18.156312
27.937948
43.539409
66.643996
98.349955
142.661927
200.743994
276.388597
375.348785
502.231919
668.295540
872.526071
1127.071049
1433.829745
1800.929913
2245.057363
2765.772002
3377.436998
4089.183396
4905.014523
5832.852877
6883.372554
8071.372231
9402.262056
10868.037221
12485.159599
14239.386472
16153.369908
18232.784634
20457.112431
22835.085352
25341.586935
28023.310976
30828.184596
33760.638400
36860.224039
40040.233445
43338.524152
46739.133944
50216.678699
53773.824996
57399.283082
61043.302751
64742.903536
68474.007551
72172.035000
75910.396134
79624.496086
83292.241888
86888.989781
90435.145352
93915.946213
97325.616487
100601.767892
103772.007462
106859.307753
109790.738229
112610.829490
115253.538169
117773.395868
120141.128364
122335.477608
124361.944980
126294.127064
128014.159408
129572.384300
130983.270795
132136.525964
133176.663791
134023.599883
134713.914935
135243.365985
135625.806598
135838.646839
135867.229715
135792.530143
135530.976675
135102.649969
134560.201601
133871.741444
133043.978329
132087.241008
131016.987268
129831.410246
128519.189340
127103.214712
125612.953408
124011.237749
122339.910043
120555.669696
118719.298734
116840.174445
114881.664372
112854.372785
110795.415859
108672.238267
106518.363157
104331.232252
102097.644133
99867.729031
97612.764745
95345.144698
93081.493275
90757.461742
88456.987466
86159.264417
83870.832066
81595.394936
79312.728662
77046.239037
74812.134893
72599.381712
70420.303814
68270.123489
66142.698508
64055.139164
61982.413417
59929.895272
57911.422983
55932.195917
53988.423468
52078.550618
50217.377490
48389.117386
46593.938421
44858.531701
43154.288736
41493.148393
39887.251846
38326.040524
36791.983558
35295.761651
33846.145204
32442.911285
31078.052505
29762.528243
28492.477896
27247.639529
26047.529996
24891.154650
23766.149911
22691.282622
21649.009782
20638.844425
19669.349439
18737.978098
17827.344065
16968.004388
16135.572047
15349.417663
14581.454064
13849.247551
13145.025955
12468.813460
11826.560723
11206.979125
10618.153356
10057.709016
9519.620137
9003.206268
8520.213573
8055.586369
7614.204492
7186.995499
6779.631416
6394.648344
6033.479982
5684.790203
5355.175138
5041.418988
4747.560353
4462.462762
4195.675793
3944.591712
3706.262499
3483.701453
3271.522279
3069.022046
2881.372098
2700.094211
2529.402063
2369.804189
2218.156477
2072.679001
1939.684588
1814.421475
1698.150954
1586.695597
1479.713723
1382.953604
1289.752519
1202.657090
1120.083821
1041.573242
971.001185
904.638783
841.042538
781.198286
725.759130
673.408129
624.319535
579.417137
537.867590
498.382442
461.186745
425.344815
392.518052
363.026361
336.792835
311.040630
287.229426
264.558394
244.082318
225.680252
207.847335
191.000125
176.286280
162.768107
149.699260
137.481826
126.255175
116.375822
107.235146
98.031505
90.221695
83.051846
76.207046
69.687436
63.947636
58.881133
53.828433
49.752405
45.656245
41.851687
38.701055
35.269941
32.326489
29.597351
27.306601
25.104477
23.158884
21.167504
19.177847
17.697554
16.154940
14.816962
13.682635
12.515207
11.465243
10.563769
9.738949
8.987941
8.293565
7.764800
7.237372
6.608220
6.173871
5.520871
5.081142
4.614583
4.210426
3.825941
3.502619
3.124776
2.859638
2.645866
2.406700
2.231062
2.021189
1.810216
1.665666
1.515183
1.426003
1.279008
1.147989
1.003043
0.936272
0.879571
0.759385
0.695791
0.608425
0.538729
0.512139
0.469898
0.424359
0.375099
0.332351
0.302195
0.247387
0.208731
0.181169
0.156954
0.139981
0.128850
0.114868
0.101355
0.087233
0.080923
0.073799
0.057195
0.049066
0.048875
0.048553
0.042596
0.039308
0.030906
0.030288
0.018369
0.020696
0.018661
0.017762
0.015495
0.007851
0.003744
0.002840
0.002886
0.000315
0.000270
0.000000
0.000000
0.000000
0.000000
0.000000
0.000000
0.000000
0.000000
0.000000
0.000000
0.000000
0.000000
0.000000
0.000000
0.000000
0.000000
0.000000
0.000000
0.000000
0.000000
0.000000
0.000000
0.000000
0.000000
0.000000
0.000000
0.000000
0.000000
0.000000
0.000000
0.000000
0.000000
0.000000
0.000000
0.000000
0.000000
0.000000
0.000000
0.000000
0.000000
0.000000
0.000000
0.000000
0.000000
0.000000
0.000000
0.000000
0.000000
0.000000
0.000000
0.000000
0.000000
0.000000
0.000000
0.000000
0.000000
0.000000
0.000000
0.000000
0.000000
0.000000
0.000000
0.000000
0.000000
0.000000
0.000000
0.000000
0.000000
0.000000
0.000000
0.000000
0.000000
0.000000
0.000000
0.000000
0.000000
0.000000
0.000000
0.000000
0.000000
0.000000
0.000000
0.000000
0.000000
0.000000
0.000000
0.000000
0.000000
0.000000
0.000000
0.000000
0.000000
0.000000
0.000000
0.000000
0.000000
0.000000
0.000000
0.000000
0.000000
0.000000
0.000000
0.000000
0.000000
0.000000
0.000000
0.000000
0.000000
0.000000
0.000000
0.000000
0.000000
0.000000
0.000000
0.000000
0.000000
0.000000
0.000000
0.000000
0.000000
0.000000
0.000000
0.000000
0.000000
0.000000
0.000000
0.000000
0.000000
0.000000
0.000000
0.000000
0.000000
0.000000
0.000000
0.000000
0.000000
0.000000
0.000000
0.000000
0.000000
0.000000
0.000000
0.000000
0.000000
0.000000
0.000000
0.000000
0.000000
0.000000
0.000000
0.000000
0.000000
0.000000
0.000000
0.000000
0.000000
0.000000
0.000000
0.000000
0.000000
0.000000
0.000000
0.000000
0.000000
0.000000
0.000000
0.000000
0.000000
0.000000
0.000000
0.000000
0.000000
0.000000
0.000000
0.000000
0.000000
0.000000
0.000000
0.000000
0.000000
0.000000
0.000000
0.000000
0.000000
0.000000
0.000000
0.000000
0.000000
0.000000
0.000000
0.000000
0.000000
0.000000
0.000000
0.000000
0.000000
0.000000
0.000000
0.000000
0.000000
0.000000
0.000000
0.000000
0.000000
0.000000
0.000000
0.000000
0.000000
0.000000
0.000000
0.000000
0.000000
0.000000
0.000000
0.000000
0.000000
0.000000
0.000000
0.000000
0.000000
0.000000
0.000000
0.000000
0.000000
0.000000
0.000000
0.000000
0.000000
0.000000
0.000000
0.000000
0.000000
0.000000
0.000000
0.000000
0.000000
0.000000
0.000000
0.000000
0.000000
0.000000
0.000000
0.000000
0.000000
0.000000
0.000000
0.000000
0.000000
0.000000
0.000000
0.000000
0.000000
0.000000
0.000000
0.000000
0.000000
0.000000
0.000000
0.000000
0.000000
0.000000
0.000000
0.000000
0.000000
0.000000
0.000000
0.000000
0.000000
0.000000
0.000000
0.000000
0.000000
0.000000
0.000000
0.000000
0.000000
0.000000
0.000000
0.000000
0.000000
0.000000
0.000000
0.000000
0.000000
0.000000
0.000000
0.000000
0.000000
0.000000
0.000000
0.000000
0.000000
0.000000
0.000000
0.000000
0.000000
0.000000
0.000000
0.000000
0.000000
0.000000
0.000000
0.000000
0.000000
0.000000
0.000000
0.000000
0.000000
0.000000
0.000000
0.000000
0.000000
0.000000
0.000000
0.000000
0.000000
0.000000
0.000000
0.000000
0.000000
0.000000
0.000000
0.000000
0.000000
0.000000
0.000000
0.000000
0.000000
0.000000
0.000000
0.000000
0.000000
0.000000
0.000000
0.000000
0.000000
0.000000
0.000000
0.000000
0.000000
0.000000
0.000000
0.000000
0.000000
0.000000
0.000000
0.000000
0.000000
0.000000
0.000000
0.000000
0.000000
0.000000
0.000000
0.000000
0.000000
0.000000
0.000000
0.000000
0.000000
0.000000
0.000000
0.000000
0.000000
0.000000
0.000000
0.000000
0.000000
0.000000
0.000000
0.000000
0.000000
0.000000
0.000000
0.000000
0.000000
0.000000
0.000000
0.000000
0.000000
0.000000
0.000000
0.000000
0.000000
0.000000
0.000000
0.000000
0.000000
0.000000
0.000000
0.000000
0.000000
0.000000
0.000000
0.000000
0.000000
0.000000
0.000000
0.000000
0.000000
0.000000
0.000000
0.000000
0.000000
0.000000
0.000000
0.000000
0.000000
0.000000
0.000000
0.000000
0.000000
0.000000
0.000000
0.000000
0.000000
0.000000
0.000000
0.000000
0.000000
0.000000
0.000000
0.000000
0.000000
0.000000
0.000000
0.000000
0.000000
0.000000
0.000000
0.000000
0.000000
0.000000
0.000000
0.000000
0.000000
0.000000
0.000000
0.000000
0.000000
0.000000
0.000000
0.000000
0.000000
0.000000
0.000000
0.000000
0.000000
0.000000
0.000000
0.000000
0.000000
0.000000
0.000000
0.000000
0.000000
0.000000
0.000000
0.000000
0.000000
0.000000
0.000000
0.000000
0.000000
0.000000
0.000000
0.000000
0.000000
0.000000
0.000000
0.000000
0.000000
0.000000
0.000000
0.000000
0.000000
0.000000
0.000000
0.000000
0.000000
0.000000
0.000000
0.000000
0.000000
0.000000
0.000000
0.000000
0.000000
0.000000
0.000000
0.000000
0.000000
0.000000
0.000000
0.000000
0.000000
0.000000
0.000000
0.000000
0.000000
0.000000
0.000000
0.000000
0.000000
0.000000
0.000000
0.000000
0.000000
0.000000
0.000000
0.000000
0.000000
0.000000
0.000000
0.000000
0.000000
0.000000
0.000000
0.000000
0.000000
0.000000
0.000000
0.000000
0.000000
0.000000
0.000000
0.000000
0.000000
0.000000
0.000000
0.000000
0.000000
0.000000
0.000000
0.000000
0.000000
0.000000
0.000000
0.000000
0.000000
0.000000
0.000000
0.000000
0.000000
0.000000
0.000000
0.000000
0.000000
0.000000
0.000000
0.000000
0.000000
0.000000
0.000000
0.000000
0.000000
0.000000
0.000000
0.000000
0.000000
0.000000
0.000000
0.000000
0.000000
0.000000
0.000000
0.000000
0.000000
0.000000
0.000000
0.000000
0.000000
0.000000
0.000000
0.000000
0.000000
0.000000
0.000000
0.000000
0.000000
0.000000
0.000000
0.000000
0.000000
0.000000
0.000000
0.000000
0.000000
0.000000
0.000000
0.000000
0.000000
0.000000
0.000000
0.000000
0.000000
0.000000
0.000000
0.000000
0.000000
0.000000
0.000000
0.000000
0.000000
0.000000
0.000000
0.000000
0.000000
0.000000
0.000000
0.000000
0.000000
0.000000
0.000000
0.000000
0.000000
0.000000
0.000000
0.000000
0.000000
0.000000
0.000000
0.000000
0.000000
0.000000
0.000000
0.000000
0.000000
0.000000
0.000000
0.000000
0.000000
0.000000
0.000000
0.000000
0.000000
0.000000
0.000000
0.000000
0.000000
0.000000
0.000000
0.000000
0.000000
0.000000
0.000000
0.000000
0.000000
0.000000
0.000000
0.000000
0.000000
0.000000
0.000000
0.000000
0.000000
0.000000
0.000000
0.000000
0.000000
0.000000
0.000000
0.000000
0.000000
0.000000
0.000000
