0.000000
0.000000
0.000000
0.000000
0.030700
0.104163
0.223932
0.634064
1.196048
2.943662
6.057948
10.899572
19.288003
33.536229
55.010294
87.713141
133.379224
200.169389
291.823744
414.335606
571.803002
773.563956
1035.187272
1355.700529
1749.976039
2229.793779
2800.245980
3474.013978
4249.425128
5135.797774
6162.905685
7311.844985
8586.852974
10010.421862
11563.992150
13272.788467
15113.595575
17084.934057
19197.407675
21427.852051
23799.743522
26289.263367
28882.125680
31574.510776
34369.144291
37220.410265
40133.732467
43108.887340
46131.668951
49168.395097
52259.979751
55318.570430
58356.949186
61415.438942
64420.986085
67421.750927
70365.685640
73277.266924
76103.029653
78853.096401
81533.162107
84169.538171
86675.867943
89083.470514
91402.443519
93593.040997
95697.931279
97713.766883
99571.440732
101328.805469
102952.698618
104473.557341
105874.473873
107160.925473
108371.452934
109436.464215
110383.029160
111200.905594
111967.606500
112605.340953
113115.214216
113522.600258
113844.898631
114048.154095
114144.340009
114140.986457
114036.411636
113847.843206
113574.233154
113230.042227
112807.480446
112318.734667
111744.440365
111115.221213
110438.564016
109671.351542
108830.992171
107957.343537
107030.332148
106041.576029
105019.339003
103955.852201
102838.943208
101705.053654
100530.077104
99320.214322
98077.847196
96802.776578
95477.486361
94158.726943
92814.942021
91467.619190
90102.635274
88703.045500
87275.943089
85845.785231
84422.474253
82987.648625
81542.011006
80099.922152
78647.042555
77184.271111
75710.568174
74242.747480
72768.333963
71288.652736
69829.600161
68364.457219
66905.599690
65446.717891
63984.667206
62558.599317
61133.102829
59711.333578
58282.741980
56872.588481
55472.887521
54084.784148
52703.538115
51341.042411
49989.306384
48680.148863
47363.528655
46079.454409
44826.987608
43569.152720
42326.645466
41109.527493
39902.034518
38722.433589
37566.372169
36428.467675
35310.627621
34216.767805
33144.291762
32107.550533
31085.497299
30077.019858
29092.488841
28132.552555
27197.845116
26280.597753
25379.413057
24501.873358
23643.798252
22810.161625
21997.047750
21199.773147
20434.723861
19682.254625
18953.495567
18245.950208
17552.184897
16879.536843
16217.174531
15573.322720
14956.003760
14357.842975
13775.980245
13211.203796
12667.454458
12140.047578
11632.063868
11135.745845
10661.927814
10204.236662
9764.960799
9335.103899
8926.141596
8532.519210
8154.547216
7789.662375
7440.629074
7099.603354
6779.125984
6464.799949
6167.011442
5880.049839
5603.295433
5337.261451
5078.221729
4826.338200
4592.338189
4362.377634
4147.020051
3938.681461
3737.956558
3550.361488
3369.704648
3192.251806
3027.847225
2868.075827
2716.392564
2571.963999
2436.094095
2306.745592
2178.210137
2058.659086
1945.185736
1836.830052
1737.212313
1639.632482
1547.475245
1459.063567
1374.364921
1295.251577
1219.933534
1147.798128
1080.746651
1015.562852
954.631703
895.131748
840.016033
789.003261
739.931243
694.599527
651.205128
610.175124
570.951592
535.112344
501.468920
468.192372
437.976479
408.946191
381.312749
355.527260
330.655281
308.710934
287.896361
267.620974
248.491972
231.033817
214.754244
198.414382
183.544590
169.978702
157.106333
145.270800
134.436906
124.404720
115.463377
107.144643
99.542053
91.804445
84.776285
77.442684
71.562142
65.694557
60.666666
55.714230
51.205696
46.975668
43.288332
39.879664
36.532424
33.331931
30.688615
28.399558
26.280230
24.131336
22.156556
20.137866
18.261468
16.675336
15.207200
13.890507
12.667020
11.560306
10.627235
9.894176
9.005905
8.207397
7.490182
6.684930
6.079717
5.441778
4.893040
4.553203
4.121750
3.656826
3.298499
2.950623
2.659650
2.446586
2.237509
2.008451
1.875727
1.664119
1.508208
1.348189
1.221633
1.041336
0.891167
0.803768
0.717758
0.642937
0.610378
0.546789
0.463194
0.390460
0.346547
0.296915
0.254622
0.223386
0.197221
0.165855
0.147108
0.125519
0.115793
0.097845
0.075576
0.061933
0.059752
0.054371
0.044602
0.040368
0.034119
0.033512
0.032364
0.030256
0.019908
0.015833
0.008465
0.004067
0.003670
0.003962
0.004081
0.004503
0.002782
0.003659
0.003446
0.003931
0.002509
0.002035
0.002870
0.001150
0.000141
0.000000
0.000000
0.000000
0.000000
0.000000
0.000000
0.000000
0.000000
0.000000
0.000000
0.000000
0.000000
0.000000
0.000000
0.000000
0.000000
0.000000
0.000000
0.000000
0.000000
0.000000
0.000000
0.000000
0.000000
0.000000
0.000000
0.000000
0.000000
0.000000
0.000000
0.000000
0.000000
0.000000
0.000000
0.000000
0.000000
0.000000
0.000000
0.000000
0.000000
0.000000
0.000000
0.000000
0.000000
0.000000
0.000000
0.000000
0.000000
0.000000
0.000000
0.000000
0.000000
0.000000
0.000000
0.000000
0.000000
0.000000
0.000000
0.000000
0.000000
0.000000
0.000000
0.000000
0.000000
0.000000
0.000000
0.000000
0.000000
0.000000
0.000000
0.000000
0.000000
0.000000
0.000000
0.000000
0.000000
0.000000
0.000000
0.000000
0.000000
0.000000
0.000000
0.000000
0.000000
0.000000
0.000000
0.000000
0.000000
0.000000
0.000000
0.000000
0.000000
0.000000
0.000000
0.000000
0.000000
0.000000
0.000000
0.000000
0.000000
0.000000
0.000000
0.000000
0.000000
0.000000
0.000000
0.000000
0.000000
0.000000
0.000000
0.000000
0.000000
0.000000
0.000000
0.000000
0.000000
0.000000
0.000000
0.000000
0.000000
0.000000
0.000000
0.000000
0.000000
0.000000
0.000000
0.000000
0.000000
0.000000
0.000000
0.000000
0.000000
0.000000
0.000000
0.000000
0.000000
0.000000
0.000000
0.000000
0.000000
0.000000
0.000000
0.000000
0.000000
0.000000
0.000000
0.000000
0.000000
0.000000
0.000000
0.000000
0.000000
0.000000
0.000000
0.000000
0.000000
0.000000
0.000000
0.000000
0.000000
0.000000
0.000000
0.000000
0.000000
0.000000
0.000000
0.000000
0.000000
0.000000
0.000000
0.000000
0.000000
0.000000
0.000000
0.000000
0.000000
0.000000
0.000000
0.000000
0.000000
0.000000
0.000000
0.000000
0.000000
0.000000
0.000000
0.000000
0.000000
0.000000
0.000000
0.000000
0.000000
0.000000
0.000000
0.000000
0.000000
0.000000
0.000000
0.000000
0.000000
0.000000
0.000000
0.000000
0.000000
0.000000
0.000000
0.000000
0.000000
0.000000
0.000000
0.000000
0.000000
0.000000
0.000000
0.000000
0.000000
0.000000
0.000000
0.000000
0.000000
0.000000
0.000000
0.000000
0.000000
0.000000
0.000000
0.000000
0.000000
0.000000
0.000000
0.000000
0.000000
0.000000
0.000000
0.000000
0.000000
0.000000
0.000000
0.000000
0.000000
0.000000
0.000000
0.000000
0.000000
0.000000
0.000000
0.000000
0.000000
0.000000
0.000000
0.000000
0.000000
0.000000
0.000000
0.000000
0.000000
0.000000
0.000000
0.000000
0.000000
0.000000
0.000000
0.000000
0.000000
0.000000
0.000000
0.000000
0.000000
0.000000
0.000000
0.000000
0.000000
0.000000
0.000000
0.000000
0.000000
0.000000
0.000000
0.000000
0.000000
0.000000
0.000000
0.000000
0.000000
0.000000
0.000000
0.000000
0.000000
0.000000
0.000000
0.000000
0.000000
0.000000
0.000000
0.000000
0.000000
0.000000
0.000000
0.000000
0.000000
0.000000
0.000000
0.000000
0.000000
0.000000
0.000000
0.000000
0.000000
0.000000
0.000000
0.000000
0.000000
0.000000
0.000000
0.000000
0.000000
0.000000
0.000000
0.000000
0.000000
0.000000
0.000000
0.000000
0.000000
0.000000
0.000000
0.000000
0.000000
0.000000
0.000000
0.000000
0.000000
0.000000
0.000000
0.000000
0.000000
0.000000
0.000000
0.000000
0.000000
0.000000
0.000000
0.000000
0.000000
0.000000
0.000000
0.000000
0.000000
0.000000
0.000000
0.000000
0.000000
0.000000
0.000000
0.000000
0.000000
0.000000
0.000000
0.000000
0.000000
0.000000
0.000000
0.000000
0.000000
0.000000
0.000000
0.000000
0.000000
0.000000
0.000000
0.000000
0.000000
0.000000
0.000000
0.000000
0.000000
0.000000
0.000000
0.000000
0.000000
0.000000
0.000000
0.000000
0.000000
0.000000
0.000000
0.000000
0.000000
0.000000
0.000000
0.000000
0.000000
0.000000
0.000000
0.000000
0.000000
0.000000
0.000000
0.000000
0.000000
0.000000
0.000000
0.000000
0.000000
0.000000
0.000000
0.000000
0.000000
0.000000
0.000000
0.000000
0.000000
0.000000
0.000000
0.000000
0.000000
0.000000
0.000000
0.000000
0.000000
0.000000
0.000000
0.000000
0.000000
0.000000
0.000000
0.000000
0.000000
0.000000
0.000000
0.000000
0.000000
0.000000
0.000000
0.000000
0.000000
0.000000
0.000000
0.000000
0.000000
0.000000
0.000000
0.000000
0.000000
0.000000
0.000000
0.000000
0.000000
0.000000
0.000000
0.000000
0.000000
0.000000
0.000000
0.000000
0.000000
0.000000
0.000000
0.000000
0.000000
0.000000
0.000000
0.000000
0.000000
0.000000
0.000000
0.000000
0.000000
0.000000
0.000000
0.000000
0.000000
0.000000
0.000000
0.000000
0.000000
0.000000
0.000000
0.000000
0.000000
0.000000
0.000000
0.000000
0.000000
0.000000
0.000000
0.000000
0.000000
0.000000
0.000000
0.000000
0.000000
0.000000
0.000000
0.000000
0.000000
0.000000
0.000000
0.000000
0.000000
0.000000
0.000000
0.000000
0.000000
0.000000
0.000000
0.000000
0.000000
0.000000
0.000000
0.000000
0.000000
0.000000
0.000000
0.000000
0.000000
0.000000
0.000000
0.000000
0.000000
0.000000
0.000000
0.000000
0.000000
0.000000
0.000000
0.000000
0.000000
0.000000
0.000000
0.000000
0.000000
0.000000
0.000000
0.000000
0.000000
0.000000
0.000000
0.000000
0.000000
0.000000
0.000000
0.000000
0.000000
0.000000
0.000000
0.000000
0.000000
0.000000
0.000000
0.000000
0.000000
0.000000
0.000000
0.000000
0.000000
0.000000
0.000000
0.000000
0.000000
0.000000
0.000000
0.000000
0.000000
0.000000
0.000000
0.000000
0.000000
0.000000
0.000000
0.000000
0.000000
0.000000
0.000000
0.000000
0.000000
0.000000
0.000000
0.000000
0.000000
0.000000
0.000000
0.000000
0.000000
0.000000
0.000000
0.000000
0.000000
0.000000
0.000000
0.000000
0.000000
0.000000
0.000000
0.000000
0.000000
0.000000
0.000000
0.000000
0.000000
0.000000
0.000000
0.000000
0.000000
0.000000
0.000000
0.000000
0.000000
0.000000
0.000000
0.000000
0.000000
0.000000
0.000000
0.000000
0.000000
0.000000
0.000000
0.000000
0.000000
0.000000
0.000000
0.000000
0.000000
0.000000
0.000000
0.000000
0.000000
0.000000
0.000000
0.000000
0.000000
0.000000
0.000000
0.000000
0.000000
0.000000
0.000000
0.000000
0.000000
0.000000
0.000000
0.000000
0.000000
