0.000000
0.000000
0.000000
0.000000
0.000000
0.000000
0.000000
0.000184
0.016411
0.036404
0.068519
0.115785
0.165709
0.343598
0.714501
1.190146
1.960486
3.402222
5.846769
9.949182
16.212534
24.921636
37.309111
55.932223
82.868566
116.598400
163.436577
227.022999
308.585229
413.881232
548.169111
713.730324
922.492088
1178.290938
1491.855989
1863.750695
2307.973860
2833.124274
3448.170854
4157.805808
4982.190353
5920.405393
6992.963302
8204.095487
9549.167325
11069.115898
12725.190104
14549.027095
16541.485397
18707.879392
21034.228575
23552.062560
26250.907120
29119.317817
32146.145479
35330.034573
38682.605226
42184.636423
45807.989688
49579.994386
53467.241451
57451.953641
61530.304919
65701.325471
69908.612770
74175.004420
78470.712062
82769.491495
87052.752824
91335.197359
95571.191124
99745.374385
103832.391118
107841.313614
111732.533184
115517.248352
119162.859044
122621.421270
125915.497195
129048.642223
131976.462863
134711.219059
137281.354895
139618.334953
141730.043324
143644.053294
145355.000253
146783.102991
148044.615632
149057.284769
149835.450934
150394.787261
150730.746543
150832.188610
150715.160742
150413.267313
149865.270438
149158.858371
148236.152311
147134.420867
145847.376318
144411.048603
142810.702406
141075.774623
139200.667208
137174.671159
135023.833297
132758.330195
130400.479273
127954.592890
125418.071029
122775.861236
120105.457213
117369.752504
114591.284896
111723.231282
108857.503738
105962.669229
103036.630293
100072.665319
97144.656443
94205.983042
91284.963274
88386.926666
85510.912739
82650.521216
79837.268939
77057.510286
74303.339806
71599.417089
68928.622344
66287.529645
63720.261764
61200.367222
58728.208097
56323.230365
53976.018902
51689.285418
49449.206592
47280.290455
45188.683409
43141.341353
41166.576100
39250.597085
37401.992460
35611.263947
33889.605692
32234.537339
30632.292038
29088.990948
27603.332649
26185.568770
24821.389544
23515.231666
22262.537289
21061.237483
19911.443846
18816.749399
17765.916357
16771.310225
15815.144208
14904.645738
14040.714647
13212.427042
12428.397754
11684.590659
10979.051969
10311.756446
9675.496602
9075.603178
8507.326925
7971.572377
7467.933399
6989.760413
6540.323917
6114.269056
5712.187565
5339.708544
4982.888715
4647.721076
4334.029807
4039.543201
3763.281430
3505.404275
3260.821094
3029.728725
2815.290270
2618.881913
2429.818476
2254.850339
2092.712868
1941.173119
1797.268967
1664.845194
1540.600461
1425.911754
1317.575003
1219.260561
1127.088748
1041.426594
960.416464
886.007482
818.274729
753.222069
693.103935
638.071307
586.314532
540.697540
497.423495
456.208457
419.677250
384.850938
352.998718
323.375703
296.435501
271.479363
248.523395
227.758381
207.923214
190.645852
174.087324
159.121979
145.917174
133.298073
121.475168
110.707031
101.265060
91.815300
83.528728
76.384030
69.849019
63.855221
58.213272
52.579324
47.896938
43.160237
39.253013
35.522810
31.872837
29.151013
26.528991
24.047723
21.893152
19.927792
18.170861
16.559787
14.991993
13.598964
12.342514
11.180283
9.874300
8.876049
7.895249
7.124593
6.204761
5.408294
4.861796
4.341688
3.815538
3.409435
3.073325
2.751533
2.520293
2.256762
2.075808
1.805232
1.533129
1.336428
1.182517
1.044271
0.888696
0.787788
0.715076
0.616088
0.501410
0.411221
0.362975
0.303763
0.268313
0.209123
0.180234
0.145612
0.124839
0.109421
0.091968
0.073912
0.058987
0.046039
0.041552
0.022992
0.017840
0.012225
0.009587
0.007036
0.003745
0.004783
0.000679
0.001996
0.000440
0.000657
0.001928
0.002029
0.000506
0.000533
0.000446
0.000000
0.000000
0.000000
0.000000
0.000000
0.000000
0.000000
0.000000
0.000000
0.000000
0.000000
0.000000
0.000000
0.000000
0.000000
0.000000
0.000000
0.000000
0.000000
0.000000
0.000000
0.000000
0.000000
0.000000
0.000000
0.000000
0.000000
0.000000
0.000000
0.000000
0.000000
0.000000
0.000000
0.000000
0.000000
0.000000
0.000000
0.000000
0.000000
0.000000
0.000000
0.000000
0.000000
0.000000
0.000000
0.000000
0.000000
0.000000
0.000000
0.000000
0.000000
0.000000
0.000000
0.000000
0.000000
0.000000
0.000000
0.000000
0.000000
0.000000
0.000000
0.000000
0.000000
0.000000
0.000000
0.000000
0.000000
0.000000
0.000000
0.000000
0.000000
0.000000
0.000000
0.000000
0.000000
0.000000
0.000000
0.000000
0.000000
0.000000
0.000000
0.000000
0.000000
0.000000
0.000000
0.000000
0.000000
0.000000
0.000000
0.000000
0.000000
0.000000
0.000000
0.000000
0.000000
0.000000
0.000000
0.000000
0.000000
0.000000
0.000000
0.000000
0.000000
0.000000
0.000000
0.000000
0.000000
0.000000
0.000000
0.000000
0.000000
0.000000
0.000000
0.000000
0.000000
0.000000
0.000000
0.000000
0.000000
0.000000
0.000000
0.000000
0.000000
0.000000
0.000000
0.000000
0.000000
0.000000
0.000000
0.000000
0.000000
0.000000
0.000000
0.000000
0.000000
0.000000
0.000000
0.000000
0.000000
0.000000
0.000000
0.000000
0.000000
0.000000
0.000000
0.000000
0.000000
0.000000
0.000000
0.000000
0.000000
0.000000
0.000000
0.000000
0.000000
0.000000
0.000000
0.000000
0.000000
0.000000
0.000000
0.000000
0.000000
0.000000
0.000000
0.000000
0.000000
0.000000
0.000000
0.000000
0.000000
0.000000
0.000000
0.000000
0.000000
0.000000
0.000000
0.000000
0.000000
0.000000
0.000000
0.000000
0.000000
0.000000
0.000000
0.000000
0.000000
0.000000
0.000000
0.000000
0.000000
0.000000
0.000000
0.000000
0.000000
0.000000
0.000000
0.000000
0.000000
0.000000
0.000000
0.000000
0.000000
0.000000
0.000000
0.000000
0.000000
0.000000
0.000000
0.000000
0.000000
0.000000
0.000000
0.000000
0.000000
0.000000
0.000000
0.000000
0.000000
0.000000
0.000000
0.000000
0.000000
0.000000
0.000000
0.000000
0.000000
0.000000
0.000000
0.000000
0.000000
0.000000
0.000000
0.000000
0.000000
0.000000
0.000000
0.000000
0.000000
0.000000
0.000000
0.000000
0.000000
0.000000
0.000000
0.000000
0.000000
0.000000
0.000000
0.000000
0.000000
0.000000
0.000000
0.000000
0.000000
0.000000
0.000000
0.000000
0.000000
0.000000
0.000000
0.000000
0.000000
0.000000
0.000000
0.000000
0.000000
0.000000
0.000000
0.000000
0.000000
0.000000
0.000000
0.000000
0.000000
0.000000
0.000000
0.000000
0.000000
0.000000
0.000000
0.000000
0.000000
0.000000
0.000000
0.000000
0.000000
0.000000
0.000000
0.000000
0.000000
0.000000
0.000000
0.000000
0.000000
0.000000
0.000000
0.000000
0.000000
0.000000
0.000000
0.000000
0.000000
0.000000
0.000000
0.000000
0.000000
0.000000
0.000000
0.000000
0.000000
0.000000
0.000000
0.000000
0.000000
0.000000
0.000000
0.000000
0.000000
0.000000
0.000000
0.000000
0.000000
0.000000
0.000000
0.000000
0.000000
0.000000
0.000000
0.000000
0.000000
0.000000
0.000000
0.000000
0.000000
0.000000
0.000000
0.000000
0.000000
0.000000
0.000000
0.000000
0.000000
0.000000
0.000000
0.000000
0.000000
0.000000
0.000000
0.000000
0.000000
0.000000
0.000000
0.000000
0.000000
0.000000
0.000000
0.000000
0.000000
0.000000
0.000000
0.000000
0.000000
0.000000
0.000000
0.000000
0.000000
0.000000
0.000000
0.000000
0.000000
0.000000
0.000000
0.000000
0.000000
0.000000
0.000000
0.000000
0.000000
0.000000
0.000000
0.000000
0.000000
0.000000
0.000000
0.000000
0.000000
0.000000
0.000000
0.000000
0.000000
0.000000
0.000000
0.000000
0.000000
0.000000
0.000000
0.000000
0.000000
0.000000
0.000000
0.000000
0.000000
0.000000
0.000000
0.000000
0.000000
0.000000
0.000000
0.000000
0.000000
0.000000
0.000000
0.000000
0.000000
0.000000
0.000000
0.000000
0.000000
0.000000
0.000000
0.000000
0.000000
0.000000
0.000000
0.000000
0.000000
0.000000
0.000000
0.000000
0.000000
0.000000
0.000000
0.000000
0.000000
0.000000
0.000000
0.000000
0.000000
0.000000
0.000000
0.000000
0.000000
0.000000
0.000000
0.000000
0.000000
0.000000
0.000000
0.000000
0.000000
0.000000
0.000000
0.000000
0.000000
0.000000
0.000000
0.000000
0.000000
0.000000
0.000000
0.000000
0.000000
0.000000
0.000000
0.000000
0.000000
0.000000
0.000000
0.000000
0.000000
0.000000
0.000000
0.000000
0.000000
0.000000
0.000000
0.000000
0.000000
0.000000
0.000000
0.000000
0.000000
0.000000
0.000000
0.000000
0.000000
0.000000
0.000000
0.000000
0.000000
0.000000
0.000000
0.000000
0.000000
0.000000
0.000000
0.000000
0.000000
0.000000
0.000000
0.000000
0.000000
0.000000
0.000000
0.000000
0.000000
0.000000
0.000000
0.000000
0.000000
0.000000
0.000000
0.000000
0.000000
0.000000
0.000000
0.000000
0.000000
0.000000
0.000000
0.000000
0.000000
0.000000
0.000000
0.000000
0.000000
0.000000
0.000000
0.000000
0.000000
0.000000
0.000000
0.000000
0.000000
0.000000
0.000000
0.000000
0.000000
0.000000
0.000000
0.000000
0.000000
0.000000
0.000000
0.000000
0.000000
0.000000
0.000000
0.000000
0.000000
0.000000
0.000000
0.000000
0.000000
0.000000
0.000000
0.000000
0.000000
0.000000
0.000000
0.000000
0.000000
0.000000
0.000000
0.000000
0.000000
0.000000
0.000000
0.000000
0.000000
0.000000
0.000000
0.000000
0.000000
0.000000
0.000000
0.000000
0.000000
0.000000
0.000000
0.000000
0.000000
0.000000
0.000000
0.000000
0.000000
0.000000
0.000000
0.000000
0.000000
0.000000
0.000000
0.000000
0.000000
0.000000
0.000000
0.000000
0.000000
0.000000
0.000000
0.000000
0.000000
0.000000
0.000000
0.000000
0.000000
0.000000
0.000000
0.000000
0.000000
0.000000
0.000000
0.000000
0.000000
0.000000
0.000000
0.000000
0.000000
0.000000
0.000000
0.000000
0.000000
0.000000
0.000000
0.000000
0.000000
0.000000
0.000000
0.000000
0.000000
0.000000
0.000000
0.000000
0.000000
0.000000
0.000000
0.000000
0.000000
0.000000
0.000000
0.000000
0.000000
0.000000
0.000000
0.000000
0.000000
0.000000
0.000000
0.000000
0.000000
0.000000
0.000000
0.000000
0.000000
0.000000
0.000000
0.000000
0.000000
0.000000
0.000000
0.000000
0.000000
0.000000
0.000000
0.000000
0.000000
0.000000
0.000000
0.000000
0.000000
0.000000
0.000000
0.000000
0.000000
0.000000
0.000000
0.000000
0.000000
0.000000
0.000000
0.000000
0.000000
0.000000
0.000000
0.000000
0.000000
0.000000
0.000000
0.000000
0.000000
0.000000
0.000000
0.000000
0.000000
0.000000
