0.000000
0.000000
0.000000
0.000000
0.000000
0.000000
0.000000
0.000000
0.000000
0.000000
0.000000
0.884361
1.287786
10.019039
19.506859
40.755016
80.897474
153.536251
241.678302
340.914320
505.835327
725.407022
1021.931406
1338.892985
1751.497973
2229.247550
2896.169850
3775.192557
4653.241589
5757.485261
6980.415637
8274.891059
9880.062881
11517.027577
13192.888584
15093.266693
17143.252725
19250.856856
21619.363706
24143.590700
26868.937753
29535.245673
32059.685808
34775.360181
37542.801533
40157.893073
43194.114657
46001.932894
48803.634075
51829.407899
54857.252907
57445.035181
60042.581645
62912.331827
65647.587709
68133.780116
70604.671479
73095.891329
75127.047279
77536.364611
79929.348466
81675.775847
83235.814020
84955.268533
86590.941855
87999.723947
89750.274007
90955.757552
92495.804331
93706.976379
94920.468822
96127.766233
97032.243410
97910.738442
98357.437149
99056.552182
99549.550984
100136.291666
100548.822843
100827.206044
100967.558364
101076.389466
101194.259113
101054.762249
100983.448116
101045.187106
100861.099066
100566.285713
100029.409196
99544.862019
99180.895234
98764.443594
98180.578559
97567.773000
96752.376849
96037.962486
95635.322209
95000.952804
94137.804320
93114.881842
92170.175886
91337.999251
90456.172457
89405.228771
88303.799894
87379.154544
86726.673532
85803.758223
84617.817942
83641.418608
82678.634411
81574.547361
80705.397186
79701.768799
78420.562528
77328.459403
76339.063500
75228.030353
74090.417450
72901.194010
71849.544770
70829.181536
69540.335939
68428.248659
67517.256234
66638.243724
65687.039310
64664.387026
63598.279037
62526.966028
61437.790743
60392.003660
59283.610515
58452.242510
57370.436553
56463.236323
55596.570697
54677.707728
53745.321575
52763.440946
51740.473767
50676.100710
49805.862484
48769.306009
47849.382583
46910.691313
45875.488403
44907.456069
43921.904254
42936.715632
42059.499666
41109.690090
40201.020002
39371.329590
38438.189670
37470.013551
36635.582227
35802.912609
35026.049034
34141.942721
33437.678359
32735.415412
32079.843542
31284.759023
30600.078909
29856.617539
29276.252036
28617.640004
27935.766057
27322.007506
26734.487443
26050.495424
25431.556195
24807.187927
24169.965521
23560.914755
22960.553366
22400.113485
21780.166608
21197.563638
20589.030490
20094.697983
19435.555526
18905.669567
18363.651652
17893.959043
17341.902136
16892.262823
16481.382875
16063.539235
15686.467824
15207.020100
14783.530721
14363.879561
13909.278850
13473.397665
13087.934117
12717.601969
12297.636296
12023.088830
11697.251250
11293.233792
10975.748472
10644.909869
10334.764238
10048.718890
9703.419066
9413.196622
9133.837290
8859.059268
8548.547242
8323.614247
8026.539806
7756.697616
7530.104416
7265.634029
6994.435441
6748.518665
6448.415944
6237.401433
5996.122260
5770.859921
5568.421057
5397.080159
5202.506735
4988.388067
4823.257594
4651.416167
4458.770080
4292.325487
4142.279886
3990.047676
3825.733247
3689.156546
3552.852109
3436.760338
3298.938751
3162.790634
3037.675846
2909.645388
2812.980513
2689.342298
2605.682035
2484.833861
2391.484909
2292.274252
2214.674099
2113.406112
2010.835417
1931.577009
1847.451196
1757.735529
1689.126088
1618.355375
1542.224945
1484.642842
1428.084604
1366.715312
1301.614453
1239.938280
1202.288195
1140.538679
1097.888046
1052.657769
1010.149822
951.206079
900.800829
854.135119
821.746020
790.578808
760.335541
733.932211
699.746298
668.596321
639.163081
598.576871
576.078664
557.980834
536.019292
510.635735
494.163564
478.828476
456.353554
438.494016
430.678652
415.085981
397.082557
385.653607
364.320675
350.370056
336.030407
324.968482
313.080223
298.958829
283.792066
271.672015
253.840995
241.692037
225.356588
214.776341
210.431593
201.524297
189.765747
178.773681
170.005311
162.213567
155.017443
144.438144
137.679568
132.508606
125.003823
121.165582
115.686634
109.908025
103.765349
97.155393
92.941334
87.540047
81.562960
76.915137
75.077987
67.708653
60.523097
58.139863
54.538258
53.683856
51.763746
50.074017
46.055754
45.094100
41.035197
38.713365
37.484045
35.133423
31.815516
32.013018
28.505423
27.064100
25.801977
25.124107
25.348462
24.857420
22.929125
20.654609
17.809340
15.917598
13.834833
13.512515
11.688194
10.111459
8.730956
7.370331
6.806069
7.000620
5.868414
4.667402
4.709933
3.834344
3.176452
3.986535
4.302825
4.375388
4.212278
3.627080
3.170462
3.743308
3.580565
3.114119
3.023440
3.209558
3.272466
2.080300
2.191285
2.211305
1.845378
2.261270
2.046792
1.210723
1.177089
0.948751
0.912594
0.773290
0.716541
0.617200
0.473961
0.876397
0.807553
0.612432
0.558732
0.466252
0.515427
0.444328
0.391641
0.416188
0.196682
0.221238
0.076458
0.000000
0.000000
0.000000
0.000000
0.000000
0.000000
0.000000
0.000000
0.000000
0.000000
0.000000
0.000000
0.000000
0.000000
0.000000
0.000000
0.000000
0.000000
0.000000
0.000000
0.000000
0.000000
0.000000
0.000000
0.000000
0.000000
0.000000
0.000000
0.000000
0.000000
0.000000
0.000000
0.000000
0.000000
0.000000
0.000000
0.000000
0.000000
0.000000
0.000000
0.000000
0.000000
0.000000
0.000000
0.000000
0.000000
0.000000
0.000000
0.000000
0.000000
0.000000
0.000000
0.000000
0.000000
0.000000
0.000000
0.000000
0.000000
0.000000
0.000000
0.000000
0.000000
0.000000
0.000000
0.000000
0.000000
0.000000
0.000000
0.000000
0.000000
0.000000
0.000000
0.000000
0.000000
0.000000
0.000000
0.000000
0.000000
0.000000
0.000000
0.000000
0.000000
0.000000
0.000000
0.000000
0.000000
0.000000
0.000000
0.000000
0.000000
0.000000
0.000000
0.000000
0.000000
0.000000
0.000000
0.000000
0.000000
0.000000
0.000000
0.000000
0.000000
0.000000
0.000000
0.000000
0.000000
0.000000
0.000000
0.000000
0.000000
0.000000
0.000000
0.000000
0.000000
0.000000
0.000000
0.000000
0.000000
0.000000
0.000000
0.000000
0.000000
0.000000
0.000000
0.000000
0.000000
0.000000
0.000000
0.000000
0.000000
0.000000
0.000000
0.000000
0.000000
0.000000
0.000000
0.000000
0.000000
0.000000
0.000000
0.000000
0.000000
0.000000
0.000000
0.000000
0.000000
0.000000
0.000000
0.000000
0.000000
0.000000
0.000000
0.000000
0.000000
0.000000
0.000000
0.000000
0.000000
0.000000
0.000000
0.000000
0.000000
0.000000
0.000000
0.000000
0.000000
0.000000
0.000000
0.000000
0.000000
0.000000
0.000000
0.000000
0.000000
0.000000
0.000000
0.000000
0.000000
0.000000
0.000000
0.000000
0.000000
0.000000
0.000000
0.000000
0.000000
0.000000
0.000000
0.000000
0.000000
0.000000
0.000000
0.000000
0.000000
0.000000
0.000000
0.000000
0.000000
0.000000
0.000000
0.000000
0.000000
0.000000
0.000000
0.000000
0.000000
0.000000
0.000000
0.000000
0.000000
0.000000
0.000000
0.000000
0.000000
0.000000
0.000000
0.000000
0.000000
0.000000
0.000000
0.000000
0.000000
0.000000
0.000000
0.000000
0.000000
0.000000
0.000000
0.000000
0.000000
0.000000
0.000000
0.000000
0.000000
0.000000
0.000000
0.000000
0.000000
0.000000
0.000000
0.000000
0.000000
0.000000
0.000000
0.000000
0.000000
0.000000
0.000000
0.000000
0.000000
0.000000
0.000000
0.000000
0.000000
0.000000
0.000000
0.000000
0.000000
0.000000
0.000000
0.000000
0.000000
0.000000
0.000000
0.000000
0.000000
0.000000
0.000000
0.000000
0.000000
0.000000
0.000000
0.000000
0.000000
0.000000
0.000000
0.000000
0.000000
0.000000
0.000000
0.000000
0.000000
0.000000
0.000000
0.000000
0.000000
0.000000
0.000000
0.000000
0.000000
0.000000
0.000000
0.000000
0.000000
0.000000
0.000000
0.000000
0.000000
0.000000
0.000000
0.000000
0.000000
0.000000
0.000000
0.000000
0.000000
0.000000
0.000000
0.000000
0.000000
0.000000
0.000000
0.000000
0.000000
0.000000
0.000000
0.000000
0.000000
0.000000
0.000000
0.000000
0.000000
0.000000
0.000000
0.000000
0.000000
0.000000
0.000000
0.000000
0.000000
0.000000
0.000000
0.000000
0.000000
0.000000
0.000000
0.000000
0.000000
0.000000
0.000000
0.000000
0.000000
0.000000
0.000000
0.000000
0.000000
0.000000
0.000000
0.000000
0.000000
0.000000
0.000000
0.000000
0.000000
0.000000
0.000000
0.000000
0.000000
0.000000
0.000000
0.000000
0.000000
0.000000
0.000000
0.000000
0.000000
0.000000
0.000000
0.000000
0.000000
0.000000
0.000000
0.000000
0.000000
0.000000
0.000000
0.000000
0.000000
0.000000
0.000000
0.000000
0.000000
0.000000
0.000000
0.000000
0.000000
0.000000
0.000000
0.000000
0.000000
0.000000
0.000000
0.000000
0.000000
0.000000
0.000000
0.000000
0.000000
0.000000
0.000000
0.000000
0.000000
0.000000
0.000000
0.000000
0.000000
0.000000
0.000000
0.000000
0.000000
0.000000
0.000000
0.000000
0.000000
0.000000
0.000000
0.000000
0.000000
0.000000
0.000000
0.000000
0.000000
0.000000
0.000000
0.000000
0.000000
0.000000
0.000000
0.000000
0.000000
0.000000
0.000000
0.000000
0.000000
0.000000
0.000000
0.000000
0.000000
0.000000
0.000000
0.000000
0.000000
0.000000
0.000000
0.000000
0.000000
0.000000
0.000000
0.000000
0.000000
0.000000
0.000000
0.000000
0.000000
0.000000
0.000000
0.000000
0.000000
0.000000
0.000000
0.000000
0.000000
0.000000
0.000000
0.000000
0.000000
0.000000
0.000000
0.000000
0.000000
0.000000
0.000000
0.000000
0.000000
0.000000
0.000000
0.000000
0.000000
0.000000
0.000000
0.000000
0.000000
0.000000
0.000000
0.000000
0.000000
0.000000
0.000000
0.000000
0.000000
0.000000
0.000000
0.000000
0.000000
0.000000
0.000000
0.000000
0.000000
0.000000
0.000000
0.000000
0.000000
0.000000
0.000000
0.000000
0.000000
0.000000
0.000000
0.000000
0.000000
0.000000
0.000000
0.000000
0.000000
0.000000
0.000000
0.000000
0.000000
0.000000
0.000000
0.000000
0.000000
0.000000
0.000000
0.000000
0.000000
0.000000
0.000000
0.000000
0.000000
0.000000
0.000000
0.000000
0.000000
0.000000
0.000000
0.000000
0.000000
0.000000
0.000000
0.000000
0.000000
0.000000
0.000000
0.000000
0.000000
0.000000
0.000000
0.000000
0.000000
0.000000
0.000000
0.000000
0.000000
0.000000
0.000000
0.000000
0.000000
0.000000
0.000000
0.000000
0.000000
0.000000
0.000000
0.000000
0.000000
0.000000
0.000000
0.000000
0.000000
0.000000
0.000000
0.000000
0.000000
0.000000
0.000000
0.000000
0.000000
0.000000
0.000000
0.000000
0.000000
0.000000
0.000000
0.000000
0.000000
0.000000
0.000000
0.000000
0.000000
0.000000
0.000000
0.000000
0.000000
0.000000
0.000000
0.000000
0.000000
0.000000
0.000000
0.000000
0.000000
0.000000
0.000000
