0.000000
0.000000
0.000000
0.000000
0.000000
0.009299
0.014829
0.190760
0.296805
1.088389
3.171763
8.664009
20.582377
48.627912
106.623995
219.633481
439.710953
816.751072
1458.187284
2500.719395
4084.025439
6471.822428
9859.022888
14560.788794
20852.664609
28970.792674
39199.051169
51674.049142
66518.730661
83608.001441
102859.383384
123947.155004
146628.288707
170114.251577
194025.455736
217678.102706
240448.928065
261671.002953
280792.622404
297367.825259
311095.394924
321494.625647
328785.385995
332469.748782
332978.240258
330294.924755
324720.935202
316667.415359
306348.640456
294174.737931
280504.662821
265751.373755
250234.104002
234255.960362
218187.134256
202177.258389
186485.119246
171298.230531
156771.341865
142993.977898
130046.176301
117913.235453
106592.278255
96219.538445
86629.829890
77900.634034
69954.539781
62779.770292
56279.216994
50445.932749
45211.831402
40525.545612
36327.580200
32601.404694
29271.844026
26326.942982
23711.113440
21373.461157
19309.618504
17480.262310
15867.271756
14427.899293
13157.363941
12043.955907
11037.225586
10173.259964
9388.554703
8718.664887
8101.638288
7582.048105
7118.845090
6714.559016
6358.566750
6058.872964
5793.949597
5578.604225
5391.073734
5236.185300
5111.397662
5016.928772
4953.710635
4906.142779
4892.150379
4900.245757
4921.701935
4965.962257
5028.979520
5115.548765
5219.623245
5345.539839
5488.703493
5655.631640
5841.234048
6046.213424
6269.652008
6513.853330
6779.278622
7068.604164
7371.291647
7701.326486
8048.620666
8415.740238
8805.923427
9205.640863
9633.922258
10069.969746
10526.584266
10991.980367
11472.526035
11960.069410
12460.254237
12968.072156
13471.953094
13988.254413
14492.870038
14994.179682
15483.232315
15953.417980
16414.354214
16855.924981
17277.001064
17664.048268
18027.239775
18350.421022
18642.597559
18890.239397
19093.436776
19262.070575
19376.710587
19442.907156
19453.046038
19420.199551
19332.749150
19195.563147
19006.281747
18774.167151
18485.977928
18150.029585
17770.812025
17350.848999
16892.927741
16397.812355
15870.804395
15315.224194
14734.300848
14136.714706
13519.196998
12896.231043
12249.324567
11618.594568
10971.882828
10341.766578
9706.013451
9095.269675
8477.779819
7894.386038
7315.156616
6770.795433
6237.457693
5735.420482
5249.670341
4798.270751
4364.413544
3964.642884
3583.981657
3234.714597
2907.429543
2606.838525
2328.328838
2075.744749
1841.618085
1633.418026
1438.175538
1267.798285
1111.028834
972.512983
847.816710
736.138762
638.471011
551.050269
474.927493
407.892469
349.657990
298.677630
254.099210
215.465565
182.220173
153.397143
129.223859
108.294444
90.532206
75.125688
62.481702
51.692350
42.738769
35.038264
28.687976
23.523191
19.260111
15.555795
12.717537
10.302460
8.367288
6.599485
5.423114
4.260134
3.513555
2.757107
2.193357
1.735561
1.342093
1.077586
0.840822
0.658044
0.518280
0.422156
0.310875
0.257655
0.185843
0.156744
0.104789
0.092198
0.057785
0.053759
0.038271
0.028576
0.020133
0.014372
0.007271
0.007456
0.004432
0.003848
0.002221
0.001470
0.000912
0.000763
0.000469
0.000242
0.000202
0.000148
0.000000
0.000237
0.000127
0.000171
0.000573
0.000000
0.000187
0.000000
0.000127
0.000000
0.000102
0.000000
0.000000
0.000000
0.000000
0.000000
0.000000
0.000000
0.000000
0.000000
0.000000
0.000000
0.000000
0.000000
0.000000
0.000000
0.000000
0.000000
0.000000
0.000000
0.000000
0.000000
0.000000
0.000000
0.000000
0.000000
0.000000
0.000000
0.000000
0.000000
0.000000
0.000000
0.000000
0.000000
0.000000
0.000000
0.000000
0.000000
0.000000
0.000000
0.000000
0.000000
0.000000
0.000000
0.000000
0.000000
0.000000
0.000000
0.000000
0.000000
0.000000
0.000000
0.000000
0.000000
0.000000
0.000000
0.000000
0.000000
0.000000
0.000000
0.000000
0.000000
0.000000
0.000000
0.000000
0.000000
0.000000
0.000000
0.000000
0.000000
0.000000
0.000000
0.000000
0.000000
0.000000
0.000000
0.000000
0.000000
0.000000
0.000000
0.000000
0.000000
0.000000
0.000000
0.000000
0.000000
0.000000
0.000000
0.000000
0.000000
0.000000
0.000000
0.000000
0.000000
0.000000
0.000000
0.000000
0.000000
0.000000
0.000000
0.000000
0.000000
0.000000
0.000000
0.000000
0.000000
0.000000
0.000000
0.000000
0.000000
0.000000
0.000000
0.000000
0.000000
0.000000
0.000000
0.000000
0.000000
0.000000
0.000000
0.000000
0.000000
0.000000
0.000000
0.000000
0.000000
0.000000
0.000000
0.000000
0.000000
0.000000
0.000000
0.000000
0.000000
0.000000
0.000000
0.000000
0.000000
0.000000
0.000000
0.000000
0.000000
0.000000
0.000000
0.000000
0.000000
0.000000
0.000000
0.000000
0.000000
0.000000
0.000000
0.000000
0.000000
0.000000
0.000000
0.000000
0.000000
0.000000
0.000000
0.000000
0.000000
0.000000
0.000000
0.000000
0.000000
0.000000
0.000000
0.000000
0.000000
0.000000
0.000000
0.000000
0.000000
0.000000
0.000000
0.000000
0.000000
0.000000
0.000000
0.000000
0.000000
0.000000
0.000000
0.000000
0.000000
0.000000
0.000000
0.000000
0.000000
0.000000
0.000000
0.000000
0.000000
0.000000
0.000000
0.000000
0.000000
0.000000
0.000000
0.000000
0.000000
0.000000
0.000000
0.000000
0.000000
0.000000
0.000000
0.000000
0.000000
0.000000
0.000000
0.000000
0.000000
0.000000
0.000000
0.000000
0.000000
0.000000
0.000000
0.000000
0.000000
0.000000
0.000000
0.000000
0.000000
0.000000
0.000000
0.000000
0.000000
0.000000
