0.000000
0.000000
0.005556
0.036082
0.089905
0.120518
0.581848
1.226309
2.992504
5.695073
10.768642
18.965817
33.460296
56.663984
91.084624
139.413669
211.809968
309.339621
441.275934
616.629829
842.920262
1128.617634
1478.622353
1916.888137
2434.466139
3057.743926
3777.961924
4619.801787
5576.580189
6667.586039
7894.558902
9274.405395
10769.188741
12433.203393
14235.391381
16182.661576
18244.904658
20443.569984
22772.973087
25218.590925
27775.907658
30428.698095
33157.030028
35976.545276
38842.532101
41774.243024
44737.433397
47706.874326
50723.221254
53741.024920
56729.457581
59708.230338
62647.404441
65573.512124
68432.594360
71243.594851
73987.442190
76668.649671
79251.116700
81768.360929
84202.375171
86516.775496
88716.042716
90814.737380
92806.897696
94682.858127
96463.890893
98140.905874
99688.800477
101131.309168
102460.879709
103702.313231
104812.614427
105784.791429
106687.330221
107468.285713
108117.430915
108713.738581
109149.879981
109524.303191
109784.915571
109938.323816
110028.183672
110021.359221
109974.569600
109807.182703
109582.523000
109279.770902
108929.813249
108505.100657
107978.945705
107431.162903
106833.161023
106170.372898
105476.890513
104700.940344
103878.721821
103054.412110
102188.626578
101266.006822
100319.460590
99297.748499
98243.126876
97173.325912
96071.652729
94950.571604
93810.511782
92632.041998
91435.793918
90197.963631
88959.070238
87720.836477
86443.833995
85148.755668
83836.249836
82513.091891
81171.082278
79821.465263
78471.555013
77104.606683
75740.319479
74368.938354
73023.434535
71648.617911
70309.715989
68954.137520
67630.907601
66291.569721
64955.275152
63634.779619
62309.439450
60989.940667
59693.333309
58389.109182
57111.173656
55827.650256
54564.579644
53320.144568
52087.670212
50858.585017
49656.732092
48454.366098
47264.669429
46091.043128
44939.429597
43788.260217
42665.055672
41544.358180
40449.838200
39379.127942
38322.304525
37273.085285
36236.764669
35207.832917
34199.148508
33213.008330
32257.006252
31308.072811
30380.932248
29469.494096
28555.317837
27679.665775
26823.402451
25965.432292
25132.345814
24315.802502
23524.044281
22745.538825
21981.420820
21236.657379
20507.594865
19789.871502
19092.003362
18413.904795
17752.300370
17120.020321
16495.424531
15891.894045
15301.139069
14727.189770
14167.858584
13617.978639
13098.301150
12586.777184
12084.931618
11602.615994
11138.013890
10690.820401
10244.953592
9820.509695
9407.802801
9008.813479
8624.055227
8254.767091
7896.789952
7551.962145
7217.296523
6895.079686
6582.248843
6281.973107
5996.342035
5723.808866
5453.436043
5199.142658
4951.192245
4718.843417
4492.114956
4273.467139
4066.112693
3868.004101
3676.492141
3490.533160
3315.083007
3147.530446
2985.424319
2831.505990
2685.385975
2544.642471
2412.957370
2282.644977
2159.277420
2044.454050
1933.954750
1827.635526
1727.745562
1632.478181
1543.519715
1457.114120
1373.623711
1298.420333
1224.028061
1154.919312
1089.131562
1025.867211
964.919077
908.008685
854.247943
803.864954
757.101117
711.619269
667.949377
627.896506
589.398371
552.944205
517.828419
487.106159
457.076662
428.566645
401.527258
376.391206
353.093585
330.008630
308.048550
288.670565
270.869153
253.603766
236.825028
221.535271
206.608241
193.037845
180.314825
168.058983
156.598146
145.958055
135.749439
125.738125
116.938992
108.919085
101.399211
94.410748
87.878983
81.583445
75.942080
70.183540
65.548774
60.393652
56.145143
51.679250
47.586267
44.104684
40.712593
37.579589
34.569042
31.750926
28.908400
26.533968
24.688879
22.855267
20.937852
19.248580
17.555648
16.198197
14.962675
13.684502
12.589680
11.339700
10.406477
9.583255
8.726253
8.070029
7.273214
6.634549
6.085892
5.498076
5.012542
4.550516
4.122093
3.754062
3.413980
3.078860
2.857137
2.639378
2.473169
2.202834
1.982935
1.806774
1.660217
1.524099
1.354173
1.209128
1.086130
0.993115
0.926586
0.817727
0.727093
0.651492
0.584533
0.520721
0.440271
0.405533
0.378564
0.348643
0.312976
0.248376
0.218705
0.187927
0.171143
0.162369
0.136488
0.140887
0.114080
0.107942
0.081557
0.065802
0.062872
0.051063
0.045269
0.046532
0.035001
0.036135
0.030101
0.027853
0.022230
0.016120
0.016759
0.015469
0.015695
0.015527
0.011880
0.009329
0.007854
0.007938
0.010398
0.005423
0.002844
0.001345
0.000592
0.000001
0.000000
0.000000
0.000000
0.000000
0.000000
0.000000
0.000000
0.000000
0.000000
0.000000
0.000000
0.000000
0.000000
0.000000
0.000000
0.000000
0.000000
0.000000
0.000000
0.000000
0.000000
0.000000
0.000000
0.000000
0.000000
0.000000
0.000000
0.000000
0.000000
0.000000
0.000000
0.000000
0.000000
0.000000
0.000000
0.000000
0.000000
0.000000
0.000000
0.000000
0.000000
0.000000
0.000000
0.000000
0.000000
0.000000
0.000000
0.000000
0.000000
0.000000
0.000000
0.000000
0.000000
0.000000
0.000000
0.000000
0.000000
0.000000
0.000000
0.000000
0.000000
0.000000
0.000000
0.000000
0.000000
0.000000
0.000000
0.000000
0.000000
0.000000
0.000000
0.000000
0.000000
0.000000
0.000000
0.000000
0.000000
0.000000
0.000000
0.000000
0.000000
0.000000
0.000000
0.000000
0.000000
0.000000
0.000000
0.000000
0.000000
0.000000
0.000000
0.000000
0.000000
0.000000
0.000000
0.000000
0.000000
0.000000
0.000000
0.000000
0.000000
0.000000
0.000000
0.000000
0.000000
0.000000
0.000000
0.000000
0.000000
0.000000
0.000000
0.000000
0.000000
0.000000
0.000000
0.000000
0.000000
0.000000
0.000000
0.000000
0.000000
0.000000
0.000000
0.000000
0.000000
0.000000
0.000000
0.000000
0.000000
0.000000
0.000000
0.000000
0.000000
0.000000
0.000000
0.000000
0.000000
0.000000
0.000000
0.000000
0.000000
0.000000
0.000000
0.000000
0.000000
0.000000
0.000000
0.000000
0.000000
0.000000
0.000000
0.000000
0.000000
0.000000
0.000000
0.000000
0.000000
0.000000
0.000000
0.000000
0.000000
0.000000
0.000000
0.000000
0.000000
0.000000
0.000000
0.000000
0.000000
0.000000
0.000000
0.000000
0.000000
0.000000
0.000000
0.000000
0.000000
0.000000
0.000000
0.000000
0.000000
0.000000
0.000000
0.000000
0.000000
0.000000
0.000000
0.000000
0.000000
0.000000
0.000000
0.000000
0.000000
0.000000
0.000000
0.000000
0.000000
0.000000
0.000000
0.000000
0.000000
0.000000
0.000000
0.000000
0.000000
0.000000
0.000000
0.000000
0.000000
0.000000
0.000000
0.000000
0.000000
0.000000
0.000000
0.000000
0.000000
0.000000
0.000000
0.000000
0.000000
0.000000
0.000000
0.000000
0.000000
0.000000
0.000000
0.000000
0.000000
0.000000
0.000000
0.000000
0.000000
0.000000
0.000000
0.000000
0.000000
0.000000
0.000000
0.000000
0.000000
0.000000
0.000000
0.000000
0.000000
0.000000
0.000000
0.000000
0.000000
0.000000
0.000000
0.000000
0.000000
0.000000
0.000000
0.000000
0.000000
0.000000
0.000000
0.000000
0.000000
0.000000
0.000000
0.000000
0.000000
0.000000
0.000000
0.000000
0.000000
0.000000
0.000000
0.000000
0.000000
0.000000
0.000000
0.000000
0.000000
0.000000
0.000000
0.000000
0.000000
0.000000
0.000000
0.000000
0.000000
0.000000
0.000000
0.000000
0.000000
0.000000
0.000000
0.000000
0.000000
0.000000
0.000000
0.000000
0.000000
0.000000
0.000000
0.000000
0.000000
0.000000
0.000000
0.000000
0.000000
0.000000
0.000000
0.000000
0.000000
0.000000
0.000000
0.000000
0.000000
0.000000
0.000000
0.000000
0.000000
0.000000
0.000000
0.000000
0.000000
0.000000
0.000000
0.000000
0.000000
0.000000
0.000000
0.000000
0.000000
0.000000
0.000000
0.000000
0.000000
0.000000
0.000000
0.000000
0.000000
0.000000
0.000000
0.000000
0.000000
0.000000
0.000000
0.000000
0.000000
0.000000
0.000000
0.000000
0.000000
0.000000
0.000000
0.000000
0.000000
0.000000
0.000000
0.000000
0.000000
0.000000
0.000000
0.000000
0.000000
0.000000
0.000000
0.000000
0.000000
0.000000
0.000000
0.000000
0.000000
0.000000
0.000000
0.000000
0.000000
0.000000
0.000000
0.000000
0.000000
0.000000
0.000000
0.000000
0.000000
0.000000
0.000000
0.000000
0.000000
0.000000
0.000000
0.000000
0.000000
0.000000
0.000000
0.000000
0.000000
0.000000
0.000000
0.000000
0.000000
0.000000
0.000000
0.000000
0.000000
0.000000
0.000000
0.000000
0.000000
0.000000
0.000000
0.000000
0.000000
0.000000
0.000000
0.000000
0.000000
0.000000
0.000000
0.000000
0.000000
0.000000
0.000000
0.000000
0.000000
0.000000
0.000000
0.000000
0.000000
0.000000
0.000000
0.000000
0.000000
0.000000
0.000000
0.000000
0.000000
0.000000
0.000000
0.000000
0.000000
0.000000
0.000000
0.000000
0.000000
0.000000
0.000000
0.000000
0.000000
0.000000
0.000000
0.000000
0.000000
0.000000
0.000000
0.000000
0.000000
0.000000
0.000000
0.000000
0.000000
0.000000
0.000000
0.000000
0.000000
0.000000
0.000000
0.000000
0.000000
0.000000
0.000000
0.000000
0.000000
0.000000
0.000000
0.000000
0.000000
0.000000
0.000000
0.000000
0.000000
0.000000
0.000000
0.000000
0.000000
0.000000
0.000000
0.000000
0.000000
0.000000
0.000000
0.000000
0.000000
0.000000
0.000000
0.000000
0.000000
0.000000
0.000000
0.000000
0.000000
0.000000
0.000000
0.000000
0.000000
0.000000
0.000000
0.000000
0.000000
0.000000
0.000000
0.000000
0.000000
0.000000
0.000000
0.000000
0.000000
0.000000
0.000000
0.000000
0.000000
0.000000
0.000000
0.000000
0.000000
0.000000
0.000000
0.000000
0.000000
0.000000
0.000000
0.000000
0.000000
0.000000
0.000000
0.000000
0.000000
0.000000
0.000000
0.000000
0.000000
0.000000
0.000000
0.000000
0.000000
0.000000
0.000000
0.000000
0.000000
0.000000
0.000000
0.000000
0.000000
0.000000
0.000000
0.000000
0.000000
0.000000
0.000000
0.000000
0.000000
0.000000
0.000000
0.000000
0.000000
0.000000
0.000000
0.000000
0.000000
0.000000
0.000000
0.000000
0.000000
0.000000
0.000000
0.000000
0.000000
0.000000
0.000000
0.000000
0.000000
0.000000
0.000000
0.000000
0.000000
0.000000
0.000000
0.000000
0.000000
0.000000
0.000000
0.000000
0.000000
0.000000
0.000000
0.000000
0.000000
0.000000
0.000000
0.000000
0.000000
0.000000
0.000000
0.000000
0.000000
0.000000
0.000000
0.000000
0.000000
0.000000
0.000000
0.000000
0.000000
0.000000
0.000000
0.000000
0.000000
0.000000
0.000000
0.000000
0.000000
0.000000
0.000000
0.000000
0.000000
0.000000
0.000000
0.000000
0.000000
0.000000
0.000000
0.000000
0.000000
0.000000
0.000000
0.000000
0.000000
