16.203151
108.283652
410.273112
1148.385504
2607.907992
5160.735116
9107.900749
14813.810415
22438.658867
32126.252443
43694.251176
57096.309189
71871.155841
87691.905819
104057.947004
120398.436585
136404.809640
151599.265338
165521.901255
177921.894921
188689.819653
197512.304323
204518.578869
209575.588155
212891.382516
214323.387687
214185.137562
212615.089309
209778.487155
205818.234236
200961.449245
195364.710635
189126.885049
182452.223271
175528.162365
168353.498732
161033.954782
153720.122770
146494.148814
139351.501296
132409.293149
125571.073673
118988.471402
112673.815575
106609.512845
100769.230066
95280.084397
90075.699842
85127.389548
80491.359948
76089.206524
71939.322643
68021.701927
64359.957512
60952.324920
57764.629379
54748.720378
51937.743291
49277.031390
46799.554994
44471.535938
42301.337551
40277.981656
38396.784632
36635.413015
34972.024217
33433.729442
31997.824142
30650.679419
29398.000952
28240.908853
27144.982468
26131.375048
25181.321698
24277.481042
23441.239024
22666.399821
21923.224437
21227.271901
20565.809706
19957.714679
19381.068260
18845.285053
18345.516161
17869.920811
17429.473970
17019.715737
16639.163630
16267.219767
15920.555667
15599.792580
15310.515227
15041.210421
14788.677162
14541.192272
14324.285186
14127.966238
13931.063629
13756.790112
13592.617491
13444.951818
13299.524907
13178.031660
13053.263133
12944.713272
12842.759187
12755.144832
12673.870652
12603.083119
12536.623493
12467.914555
12417.763244
12379.765818
12341.022646
12302.073275
12279.851525
12266.093906
12263.907896
12263.249217
12263.344010
12272.150442
12279.578977
12293.092900
12310.854503
12341.511847
12373.984996
12409.465450
12445.046284
12493.508856
12539.903407
12588.827874
12634.952477
12699.119865
12753.140838
12813.703334
12879.665900
12950.536268
13016.088474
13088.781180
13163.656544
13239.433265
13314.694791
13391.062498
13463.410183
13545.852098
13624.512083
13709.674048
13793.251427
13876.357441
13956.777119
14046.775944
14133.970016
14220.312600
14307.321936
14396.949749
14483.517394
14573.241663
14666.385347
14749.342508
14841.318904
14937.537865
15029.888822
15124.289916
15216.822788
15304.422505
15399.040191
15497.182454
15587.324375
15677.126992
15756.480776
15843.797702
15927.628590
16010.790027
16101.378817
16174.609190
16249.451468
16318.914818
16386.236890
16452.469180
16512.313168
16574.671213
16629.213235
16686.120186
16735.753378
16786.966852
16827.910474
16860.546299
16903.793499
16929.552702
16951.881092
16979.960733
17001.269577
17013.127784
17021.069604
17022.873247
17018.934224
17015.324293
17004.077442
16986.483314
16962.732621
16931.937344
16900.661532
16858.868806
16813.502135
16759.067162
16703.849201
16640.673674
16571.391187
16502.920501
16426.776193
16349.235908
16263.846021
16170.887692
16066.690352
15957.446297
15844.743084
15726.427790
15601.970619
15473.965901
15339.604781
15208.025329
15063.494848
14915.589985
14772.837207
14619.675118
14461.506596
14300.958231
14135.789171
13970.797318
13787.228424
13605.021390
13419.613513
13238.410628
13052.971171
12864.765481
12665.180726
12473.299654
12282.621264
12081.843648
11878.558924
11676.173726
11469.828052
11264.044846
11055.755472
10843.604710
10637.156390
10426.216958
10213.696398
10006.107271
9793.643075
9582.973338
9371.024950
9164.528013
8956.363062
8750.492261
8542.239432
8338.230650
8128.625461
7923.641029
7722.171454
7523.758439
7322.719375
7124.615825
6933.179144
6741.621426
6554.275630
6367.742354
6181.002703
5997.170397
5818.980448
5639.283512
5465.754206
5293.783691
5122.802441
4954.794080
4790.677370
4630.572509
4474.747804
4324.036331
4173.041452
4024.944693
3884.288943
3742.348521
3605.645374
3473.477861
3344.176353
3218.336096
3096.656574
2973.852334
2857.840527
2743.403286
2629.134964
2519.877100
2413.835466
2312.723277
2215.266751
2121.198746
2029.695924
1939.415612
1854.683265
1771.693985
1692.235772
1615.393890
1540.030751
1467.185815
1398.666862
1332.900069
1269.795046
1209.029506
1149.961372
1093.142475
1038.847649
986.457766
936.742107
890.340856
844.708674
800.039760
758.827975
719.422671
680.268058
643.394100
608.231831
576.075452
543.949857
513.835438
484.810037
457.973309
432.315940
408.341208
385.475375
363.438268
342.385554
321.493005
302.289616
284.617858
267.187574
249.958473
234.742601
220.339830
206.953795
194.632388
182.648584
171.267068
160.317959
149.922423
140.313018
131.094313
122.832573
114.664346
107.359862
100.205737
93.683540
87.879867
82.257041
76.699584
71.515538
66.604006
61.738224
57.036741
53.174505
49.374315
45.968191
42.485488
39.453929
36.470149
33.797988
31.310377
29.024637
26.960828
24.926420
23.130282
21.427750
19.861086
18.279785
16.942629
15.632362
14.264316
13.119869
12.058317
11.179348
10.305192
9.548872
8.772943
8.023856
7.398523
6.843697
6.312122
5.784704
5.223185
4.772987
4.294545
3.927663
3.551896
3.254073
2.997844
2.708058
2.471370
2.324435
2.132872
1.924200
1.763393
1.586845
1.407368
1.295822
1.163967
1.051593
0.962422
0.841412
0.746651
0.670616
0.586562
0.547638
0.488497
0.461252
0.410628
0.364251
0.307192
0.280973
0.257795
0.236118
0.198605
0.174371
0.164182
0.142798
0.136906
0.120570
0.103489
0.097576
0.081922
0.069474
0.058615
0.049015
0.034419
0.031291
0.026342
0.025349
0.018946
0.012948
0.009520
0.012830
0.008952
0.006336
0.007713
0.007795
0.008338
0.006962
0.006909
0.004186
0.004589
0.003057
0.004741
0.004047
0.002555
0.002760
0.000905
0.001135
0.000375
0.000000
0.000000
0.000000
0.000000
0.000000
0.000000
0.000000
0.000000
0.000000
0.000000
0.000000
0.000000
0.000000
0.000000
0.000000
0.000000
0.000000
0.000000
0.000000
0.000000
0.000000
0.000000
0.000000
0.000000
0.000000
0.000000
0.000000
0.000000
0.000000
0.000000
0.000000
0.000000
0.000000
0.000000
0.000000
0.000000
0.000000
0.000000
0.000000
0.000000
0.000000
0.000000
0.000000
0.000000
0.000000
0.000000
0.000000
0.000000
0.000000
0.000000
0.000000
0.000000
0.000000
0.000000
0.000000
0.000000
0.000000
0.000000
0.000000
0.000000
0.000000
0.000000
0.000000
0.000000
0.000000
0.000000
0.000000
0.000000
0.000000
0.000000
0.000000
0.000000
0.000000
0.000000
0.000000
0.000000
0.000000
0.000000
0.000000
0.000000
0.000000
0.000000
0.000000
0.000000
0.000000
0.000000
0.000000
0.000000
0.000000
0.000000
0.000000
0.000000
0.000000
0.000000
0.000000
0.000000
0.000000
0.000000
0.000000
0.000000
0.000000
0.000000
0.000000
0.000000
0.000000
0.000000
0.000000
0.000000
0.000000
0.000000
0.000000
0.000000
0.000000
0.000000
0.000000
0.000000
0.000000
0.000000
0.000000
0.000000
0.000000
0.000000
0.000000
0.000000
0.000000
0.000000
0.000000
0.000000
0.000000
0.000000
0.000000
0.000000
0.000000
0.000000
0.000000
0.000000
0.000000
0.000000
0.000000
0.000000
0.000000
0.000000
0.000000
0.000000
0.000000
0.000000
0.000000
0.000000
0.000000
0.000000
0.000000
0.000000
0.000000
0.000000
0.000000
0.000000
0.000000
0.000000
0.000000
0.000000
0.000000
0.000000
0.000000
0.000000
0.000000
0.000000
0.000000
0.000000
0.000000
0.000000
0.000000
0.000000
0.000000
0.000000
0.000000
0.000000
0.000000
0.000000
0.000000
0.000000
0.000000
0.000000
0.000000
0.000000
0.000000
0.000000
0.000000
0.000000
0.000000
0.000000
0.000000
0.000000
0.000000
0.000000
0.000000
0.000000
0.000000
0.000000
0.000000
0.000000
0.000000
0.000000
0.000000
0.000000
0.000000
0.000000
0.000000
0.000000
0.000000
0.000000
0.000000
0.000000
0.000000
0.000000
0.000000
0.000000
0.000000
0.000000
0.000000
0.000000
0.000000
0.000000
0.000000
0.000000
0.000000
0.000000
0.000000
0.000000
0.000000
0.000000
0.000000
0.000000
0.000000
0.000000
0.000000
0.000000
0.000000
0.000000
0.000000
0.000000
0.000000
0.000000
0.000000
0.000000
0.000000
0.000000
0.000000
0.000000
0.000000
0.000000
0.000000
0.000000
0.000000
0.000000
0.000000
0.000000
0.000000
0.000000
0.000000
0.000000
0.000000
0.000000
0.000000
0.000000
0.000000
0.000000
0.000000
0.000000
0.000000
0.000000
0.000000
0.000000
0.000000
0.000000
0.000000
0.000000
0.000000
0.000000
0.000000
0.000000
0.000000
0.000000
0.000000
0.000000
0.000000
0.000000
0.000000
0.000000
0.000000
0.000000
0.000000
0.000000
0.000000
0.000000
0.000000
0.000000
0.000000
0.000000
0.000000
0.000000
0.000000
0.000000
0.000000
0.000000
0.000000
0.000000
0.000000
0.000000
0.000000
0.000000
0.000000
0.000000
0.000000
0.000000
0.000000
0.000000
0.000000
0.000000
0.000000
0.000000
0.000000
0.000000
0.000000
0.000000
0.000000
0.000000
0.000000
0.000000
0.000000
0.000000
0.000000
0.000000
0.000000
0.000000
0.000000
0.000000
0.000000
0.000000
0.000000
0.000000
0.000000
0.000000
0.000000
0.000000
0.000000
0.000000
0.000000
0.000000
0.000000
0.000000
0.000000
0.000000
0.000000
0.000000
0.000000
0.000000
0.000000
0.000000
0.000000
0.000000
0.000000
0.000000
0.000000
0.000000
0.000000
0.000000
0.000000
0.000000
0.000000
0.000000
0.000000
0.000000
0.000000
0.000000
0.000000
0.000000
0.000000
0.000000
0.000000
0.000000
0.000000
0.000000
0.000000
0.000000
0.000000
0.000000
0.000000
0.000000
0.000000
0.000000
0.000000
0.000000
0.000000
0.000000
0.000000
0.000000
0.000000
0.000000
0.000000
0.000000
0.000000
0.000000
0.000000
0.000000
0.000000
0.000000
0.000000
0.000000
0.000000
0.000000
0.000000
0.000000
0.000000
0.000000
0.000000
0.000000
0.000000
0.000000
0.000000
0.000000
0.000000
0.000000
0.000000
0.000000
0.000000
0.000000
0.000000
0.000000
0.000000
0.000000
0.000000
0.000000
0.000000
0.000000
0.000000
0.000000
0.000000
0.000000
0.000000
0.000000
0.000000
0.000000
0.000000
0.000000
0.000000
0.000000
0.000000
0.000000
0.000000
0.000000
0.000000
0.000000
0.000000
0.000000
0.000000
0.000000
0.000000
0.000000
0.000000
0.000000
0.000000
0.000000
0.000000
0.000000
0.000000
0.000000
0.000000
0.000000
0.000000
0.000000
0.000000
0.000000
0.000000
0.000000
0.000000
0.000000
0.000000
0.000000
0.000000
0.000000
0.000000
0.000000
0.000000
0.000000
0.000000
0.000000
0.000000
0.000000
0.000000
0.000000
0.000000
0.000000
0.000000
0.000000
0.000000
0.000000
0.000000
0.000000
0.000000
0.000000
0.000000
0.000000
0.000000
0.000000
0.000000
0.000000
0.000000
0.000000
0.000000
0.000000
0.000000
0.000000
0.000000
0.000000
0.000000
0.000000
0.000000
0.000000
0.000000
0.000000
0.000000
0.000000
0.000000
0.000000
0.000000
0.000000
0.000000
0.000000
0.000000
0.000000
0.000000
0.000000
0.000000
0.000000
0.000000
0.000000
0.000000
0.000000
0.000000
0.000000
0.000000
0.000000
0.000000
0.000000
