0.000000
0.000000
0.000000
0.000000
0.010597
0.086377
0.262631
0.708670
1.422807
2.655027
5.668928
10.895853
19.342628
32.681068
53.500687
84.078050
128.471432
190.238323
275.736048
393.953841
551.116967
747.167646
1002.922524
1316.774109
1704.520448
2172.827395
2732.997351
3398.273682
4168.743287
5057.738416
6071.446962
7206.024270
8480.734618
9886.059473
11440.271935
13130.006258
14957.530739
16942.954680
19054.386851
21291.307010
23657.823388
26151.329299
28749.699757
31424.760353
34185.092170
37053.614342
39964.115422
42943.119450
45955.060250
49002.744641
52064.206906
55138.167886
58213.694677
61237.171467
64263.275004
67295.603245
70258.023121
73168.377784
76034.207007
78820.338988
81498.573826
84134.810895
86652.171736
89091.354836
91427.713340
93619.628606
95731.443331
97729.394242
99613.101176
101381.217194
103044.741090
104563.220771
106003.624863
107299.418686
108466.619680
109544.256842
110486.119034
111343.263049
112077.769296
112709.441481
113222.655841
113613.223649
113918.516168
114145.825619
114246.873046
114236.498031
114134.121834
113948.516621
113708.775708
113389.120724
112969.752036
112453.046814
111908.964886
111295.356591
110575.789936
109819.185842
108985.469741
108132.549297
107189.985661
106231.282819
105193.583812
104126.142188
103017.414780
101870.132265
100694.448322
99490.751220
98243.596309
96962.372751
95659.314054
94312.649640
92973.975814
91603.254323
90212.603080
88798.904621
87374.180011
85964.474467
84527.606646
83065.886885
81630.852072
80179.169439
78733.408138
77256.128536
75787.666436
74329.827773
72831.831256
71368.080524
69904.386862
68433.238980
66938.385264
65484.996199
64043.944971
62587.592367
61145.936057
59714.645637
58299.764257
56890.339880
55481.438925
54093.000055
52712.894935
51382.809186
50035.143755
48705.939640
47383.399668
46095.600826
44817.178341
43576.333057
42336.137392
41111.770021
39904.078059
38730.726740
37576.318833
36434.646718
35318.343088
34225.429584
33152.775422
32103.639977
31070.327869
30065.435910
29069.487743
28102.977812
27164.402408
26244.916961
25341.436081
24466.975527
23609.504137
22770.236082
21948.840789
21155.213266
20380.660649
19624.102816
18890.708143
18177.990024
17484.360769
16808.971981
16153.186383
15514.288456
14901.011620
14309.763617
13733.123470
13172.063986
12628.974643
12103.786947
11593.151964
11111.766235
10644.874588
10189.665359
9739.298784
9316.126139
8903.789513
8504.044891
8116.133136
7742.832040
7392.699175
7054.631761
6726.162285
6414.177264
6110.856668
5825.294599
5546.647756
5284.775457
5027.359381
4782.920776
4546.741586
4326.445632
4108.593698
3901.252055
3704.852599
3518.956599
3338.102294
3165.973235
3002.712017
2843.086199
2692.219456
2549.113078
2414.319798
2283.535049
2157.936286
2037.839357
1925.263293
1817.756784
1715.266732
1616.763916
1525.324536
1437.404871
1354.801933
1274.230811
1199.854101
1129.956492
1063.030302
997.855558
938.755277
882.063430
827.151008
775.335944
726.750668
680.059197
638.244259
597.779973
559.220758
522.461911
489.192152
457.298015
428.100558
400.464731
372.990361
347.028595
323.631762
301.263757
280.269941
261.049174
242.935574
224.882796
208.559248
194.094390
180.063802
167.013400
154.364027
142.441163
132.053620
121.962051
112.789484
104.146632
96.157474
88.437387
81.365944
75.214333
69.458572
64.092594
59.183568
54.395046
49.751200
45.865867
42.364119
38.857607
35.723518
32.819711
30.106317
27.699499
25.383985
23.207238
21.420846
19.549757
17.873869
16.401633
14.834549
13.524153
12.380678
11.158203
10.135384
9.234292
8.288500
7.544416
6.844160
6.205677
5.519440
4.889624
4.392089
4.025611
3.677058
3.440287
3.120939
2.824682
2.515209
2.260229
1.980384
1.758817
1.583875
1.423157
1.296941
1.141394
0.992034
0.893034
0.771347
0.676715
0.605113
0.535360
0.483311
0.418096
0.377209
0.344356
0.295566
0.268852
0.238310
0.206243
0.179033
0.130985
0.120055
0.108604
0.098275
0.088686
0.095229
0.085978
0.086033
0.076296
0.068099
0.061702
0.055343
0.055497
0.042037
0.036046
0.032436
0.025165
0.017294
0.015459
0.008391
0.008485
0.007607
0.008886
0.006808
0.007641
0.008933
0.007083
0.005144
0.004642
0.004485
0.004048
0.002731
0.002480
0.001630
0.002453
0.001678
0.001443
0.001110
0.000834
0.001714
0.000209
0.000000
0.000000
0.000000
0.000000
0.000000
0.000000
0.000000
0.000000
0.000000
0.000000
0.000000
0.000000
0.000000
0.000000
0.000000
0.000000
0.000000
0.000000
0.000000
0.000000
0.000000
0.000000
0.000000
0.000000
0.000000
0.000000
0.000000
0.000000
0.000000
0.000000
0.000000
0.000000
0.000000
0.000000
0.000000
0.000000
0.000000
0.000000
0.000000
0.000000
0.000000
0.000000
0.000000
0.000000
0.000000
0.000000
0.000000
0.000000
0.000000
0.000000
0.000000
0.000000
0.000000
0.000000
0.000000
0.000000
0.000000
0.000000
0.000000
0.000000
0.000000
0.000000
0.000000
0.000000
0.000000
0.000000
0.000000
0.000000
0.000000
0.000000
0.000000
0.000000
0.000000
0.000000
0.000000
0.000000
0.000000
0.000000
0.000000
0.000000
0.000000
0.000000
0.000000
0.000000
0.000000
0.000000
0.000000
0.000000
0.000000
0.000000
0.000000
0.000000
0.000000
0.000000
0.000000
0.000000
0.000000
0.000000
0.000000
0.000000
0.000000
0.000000
0.000000
0.000000
0.000000
0.000000
0.000000
0.000000
0.000000
0.000000
0.000000
0.000000
0.000000
0.000000
0.000000
0.000000
0.000000
0.000000
0.000000
0.000000
0.000000
0.000000
0.000000
0.000000
0.000000
0.000000
0.000000
0.000000
0.000000
0.000000
0.000000
0.000000
0.000000
0.000000
0.000000
0.000000
0.000000
0.000000
0.000000
0.000000
0.000000
0.000000
0.000000
0.000000
0.000000
0.000000
0.000000
0.000000
0.000000
0.000000
0.000000
0.000000
0.000000
0.000000
0.000000
0.000000
0.000000
0.000000
0.000000
0.000000
0.000000
0.000000
0.000000
0.000000
0.000000
0.000000
0.000000
0.000000
0.000000
0.000000
0.000000
0.000000
0.000000
0.000000
0.000000
0.000000
0.000000
0.000000
0.000000
0.000000
0.000000
0.000000
0.000000
0.000000
0.000000
0.000000
0.000000
0.000000
0.000000
0.000000
0.000000
0.000000
0.000000
0.000000
0.000000
0.000000
0.000000
0.000000
0.000000
0.000000
0.000000
0.000000
0.000000
0.000000
0.000000
0.000000
0.000000
0.000000
0.000000
0.000000
0.000000
0.000000
0.000000
0.000000
0.000000
0.000000
0.000000
0.000000
0.000000
0.000000
0.000000
0.000000
0.000000
0.000000
0.000000
0.000000
0.000000
0.000000
0.000000
0.000000
0.000000
0.000000
0.000000
0.000000
0.000000
0.000000
0.000000
0.000000
0.000000
0.000000
0.000000
0.000000
0.000000
0.000000
0.000000
0.000000
0.000000
0.000000
0.000000
0.000000
0.000000
0.000000
0.000000
0.000000
0.000000
0.000000
0.000000
0.000000
0.000000
0.000000
0.000000
0.000000
0.000000
0.000000
0.000000
0.000000
0.000000
0.000000
0.000000
0.000000
0.000000
0.000000
0.000000
0.000000
0.000000
0.000000
0.000000
0.000000
0.000000
0.000000
0.000000
0.000000
0.000000
0.000000
0.000000
0.000000
0.000000
0.000000
0.000000
0.000000
0.000000
0.000000
0.000000
0.000000
0.000000
0.000000
0.000000
0.000000
0.000000
0.000000
0.000000
0.000000
0.000000
0.000000
0.000000
0.000000
0.000000
0.000000
0.000000
0.000000
0.000000
0.000000
0.000000
0.000000
0.000000
0.000000
0.000000
0.000000
0.000000
0.000000
0.000000
0.000000
0.000000
0.000000
0.000000
0.000000
0.000000
0.000000
0.000000
0.000000
0.000000
0.000000
0.000000
0.000000
0.000000
0.000000
0.000000
0.000000
0.000000
0.000000
0.000000
0.000000
0.000000
0.000000
0.000000
0.000000
0.000000
0.000000
0.000000
0.000000
0.000000
0.000000
0.000000
0.000000
0.000000
0.000000
0.000000
0.000000
0.000000
0.000000
0.000000
0.000000
0.000000
0.000000
0.000000
0.000000
0.000000
0.000000
0.000000
0.000000
0.000000
0.000000
0.000000
0.000000
0.000000
0.000000
0.000000
0.000000
0.000000
0.000000
0.000000
0.000000
0.000000
0.000000
0.000000
0.000000
0.000000
0.000000
0.000000
0.000000
0.000000
0.000000
0.000000
0.000000
0.000000
0.000000
0.000000
0.000000
0.000000
0.000000
0.000000
0.000000
0.000000
0.000000
0.000000
0.000000
0.000000
0.000000
0.000000
0.000000
0.000000
0.000000
0.000000
0.000000
0.000000
0.000000
0.000000
0.000000
0.000000
0.000000
0.000000
0.000000
0.000000
0.000000
0.000000
0.000000
0.000000
0.000000
0.000000
0.000000
0.000000
0.000000
0.000000
0.000000
0.000000
0.000000
0.000000
0.000000
0.000000
0.000000
0.000000
0.000000
0.000000
0.000000
0.000000
0.000000
0.000000
0.000000
0.000000
0.000000
0.000000
0.000000
0.000000
0.000000
0.000000
0.000000
0.000000
0.000000
0.000000
0.000000
0.000000
0.000000
0.000000
0.000000
0.000000
0.000000
0.000000
0.000000
0.000000
0.000000
0.000000
0.000000
0.000000
0.000000
0.000000
0.000000
0.000000
0.000000
0.000000
0.000000
0.000000
0.000000
0.000000
0.000000
0.000000
0.000000
0.000000
0.000000
0.000000
0.000000
0.000000
0.000000
0.000000
0.000000
0.000000
0.000000
0.000000
0.000000
0.000000
0.000000
0.000000
0.000000
0.000000
0.000000
0.000000
0.000000
0.000000
0.000000
0.000000
0.000000
0.000000
0.000000
0.000000
0.000000
0.000000
0.000000
0.000000
0.000000
0.000000
0.000000
0.000000
0.000000
0.000000
0.000000
0.000000
0.000000
0.000000
0.000000
0.000000
0.000000
0.000000
0.000000
0.000000
0.000000
0.000000
0.000000
0.000000
0.000000
0.000000
0.000000
0.000000
0.000000
0.000000
0.000000
0.000000
0.000000
0.000000
0.000000
0.000000
0.000000
0.000000
0.000000
0.000000
0.000000
0.000000
0.000000
0.000000
0.000000
0.000000
0.000000
0.000000
0.000000
0.000000
0.000000
0.000000
0.000000
0.000000
0.000000
0.000000
0.000000
0.000000
0.000000
0.000000
0.000000
0.000000
0.000000
0.000000
0.000000
0.000000
0.000000
0.000000
0.000000
0.000000
0.000000
0.000000
0.000000
0.000000
0.000000
0.000000
0.000000
0.000000
0.000000
0.000000
0.000000
0.000000
0.000000
0.000000
0.000000
0.000000
0.000000
0.000000
0.000000
0.000000
0.000000
0.000000
0.000000
0.000000
0.000000
0.000000
0.000000
0.000000
0.000000
0.000000
0.000000
0.000000
0.000000
0.000000
0.000000
0.000000
0.000000
0.000000
0.000000
0.000000
0.000000
0.000000
0.000000
0.000000
0.000000
0.000000
0.000000
0.000000
0.000000
0.000000
0.000000
0.000000
