19.196346
98.455949
453.342640
1273.387407
2957.910145
5895.123320
10447.057155
17026.999481
25464.431145
36059.848029
48085.736945
61366.667295
76181.008302
90904.411369
106240.094691
120105.175425
132830.176778
144802.852753
154945.414511
163287.164524
170439.226004
175309.924350
178146.454263
180447.234659
180610.165175
179545.889674
177453.839434
174100.979375
169858.540721
165434.227111
160536.835776
155815.439957
150537.672155
145125.590602
140080.227397
134495.780194
129182.723844
123669.590164
118029.285914
112460.193948
107357.889877
102790.680138
98463.844009
93987.826107
89903.666687
86360.573766
82472.187979
78712.575994
75330.035298
72041.850264
68962.619078
65965.520344
63036.152466
60499.186209
58192.837527
55952.706778
53797.740893
51736.771422
49805.435346
47999.949950
46256.398544
44568.740574
43139.724276
41518.391999
39904.832781
38578.592007
37555.808828
36422.727711
35332.572047
34216.063113
33190.125408
32326.080370
31575.363158
30719.984731
29960.395215
29142.396755
28446.589172
27967.459572
27383.516823
26844.000332
26302.662815
25810.077532
25369.444423
24829.885350
24457.527289
23966.717409
23630.474935
23265.312091
22908.805410
22552.592612
22184.326745
21978.823454
21664.621735
21444.533493
21137.035609
20914.116815
20594.285367
20405.135269
20367.144687
20044.191746
19805.478081
19610.129428
19500.505373
19187.463766
19044.575028
18798.448283
18593.915739
18468.249715
18355.868995
18261.082279
18079.808072
18006.495779
17909.752354
17753.881825
17671.811479
17611.201321
17522.880283
17475.001633
17346.558358
17305.708390
17229.860322
17179.833144
17109.442401
17117.510261
17081.983937
17044.365049
16973.926520
16987.904874
16936.785196
16800.363966
16700.814693
16607.766712
16613.694383
16624.159044
16590.255648
16593.767450
16535.100321
16515.263943
16513.604354
16487.199697
16414.812109
16425.089975
16514.360026
16518.246761
16578.178463
16583.535027
16669.302322
16690.264338
16733.942407
16754.245271
16811.201086
16832.218618
16813.011113
16804.202844
16775.219937
16765.139857
16780.680463
16778.588048
16804.064233
16910.559107
16887.676793
16924.943688
17039.448952
17069.938774
17045.098294
17071.543748
17058.111459
17056.404356
16986.405187
17018.901547
17101.226842
17128.826522
17114.640274
17201.841476
17169.129330
17107.964279
17132.321275
17155.883131
17116.747804
17137.812116
17171.573150
17135.627809
17163.167922
17109.929614
17096.387643
17123.993406
17108.075955
17117.795298
17125.389645
17037.748137
17033.028290
16974.066411
16979.640117
16970.097480
16957.940727
16875.559429
16811.883868
16767.448975
16719.632452
16687.667806
16686.364477
16558.656771
16477.623266
16417.745211
16412.974375
16375.769131
16303.243971
16228.827420
16139.909994
16087.822577
16066.187751
16080.131761
16067.653421
15948.485481
15874.248867
15881.241681
15842.939678
15785.596952
15718.644833
15718.202789
15609.974222
15516.714148
15413.977382
15362.898733
15186.277039
15061.255186
15000.122896
14977.222896
14844.356530
14710.393664
14559.264575
14454.730922
14390.083543
14237.917502
14101.578273
14074.496326
13943.368294
13854.822556
13683.796370
13589.463714
13498.860951
13320.637726
13189.480155
13063.963989
12921.215444
12823.654043
12695.441168
12561.713329
12430.148556
12265.601835
12100.807124
11978.794306
11899.925988
11721.811814
11593.073602
11443.363163
11280.177255
11163.690907
11011.786174
10793.176643
10609.342232
10494.329527
10360.928449
10226.386902
10062.867716
9925.972841
9784.020598
9614.775048
9465.081564
9281.150944
9139.890650
9000.324449
8904.091771
8753.594119
8647.159533
8491.864548
8323.907740
8158.660918
8024.693742
7864.135058
7694.381350
7553.112953
7456.162276
7315.085433
7169.987664
7006.629211
6873.022715
6732.879151
6614.141061
6511.517447
6383.831590
6270.714464
6130.812275
5955.477388
5853.879713
5760.164888
5643.028739
5468.151590
5326.601737
5213.541404
5081.358179
4946.093049
4832.838842
4721.337586
4644.378728
4515.436449
4409.390967
4320.884528
4202.097758
4094.984318
4014.050013
3912.186386
3826.112525
3713.195166
3644.362281
3560.257928
3495.386384
3398.828929
3337.090009
3248.502960
3154.768104
3082.311458
3006.457459
2899.492273
2812.339822
2736.209343
2647.778655
2568.718623
2497.054003
2440.966780
2351.820128
2299.766513
2228.827826
2165.694624
2092.194248
2018.553709
1965.231340
1921.321751
1866.162174
1800.781849
1762.664026
1692.080957
1628.612109
1596.966709
1539.879325
1492.392812
1444.604196
1398.573771
1363.597358
1322.902548
1277.828544
1219.967980
1189.630219
1142.694829
1087.707729
1045.797123
1012.057038
972.722712
943.421808
910.973659
876.645864
848.476213
821.048607
790.948299
751.744581
706.486768
676.654131
656.490710
627.532218
602.236240
583.018961
559.827264
539.057346
515.347782
496.028718
478.898430
458.456436
438.731588
417.743866
397.646760
388.915158
375.758211
354.067864
341.640071
324.476383
309.518150
296.337237
287.284027
274.689124
253.090978
237.252318
223.695060
214.773278
207.882396
194.803117
182.308313
176.691681
171.417256
161.754318
152.847985
144.185033
136.441040
126.535224
126.579321
127.150195
121.515791
118.494510
112.282619
107.594341
99.397513
93.712866
91.974602
85.383873
83.652487
78.080674
75.145990
73.702228
71.871432
68.117202
65.279306
61.683578
57.780463
57.467663
55.503989
51.454634
51.362737
48.789966
46.552136
41.703144
41.324619
38.438574
33.281338
30.710410
30.857565
27.038544
24.938436
24.436133
23.931562
22.389155
21.174183
19.410206
18.364082
16.672709
16.298181
14.906310
13.856752
12.724811
11.414968
10.459244
9.596360
8.430359
8.437202
7.879081
7.579185
7.074280
6.604386
5.926914
5.410306
4.738814
4.883143
3.853155
3.122282
2.874284
3.388135
3.035604
2.834156
2.566177
2.923124
2.408854
1.951191
1.583440
1.616151
1.379656
1.097497
1.197855
1.445558
1.298054
1.594487
1.490384
1.632229
1.403934
1.263676
1.344964
1.040046
0.924641
0.852566
0.795567
1.014125
1.071562
0.773604
0.646390
0.606225
0.948203
0.687133
0.452656
0.226029
0.266081
0.030684
0.016792
0.032240
0.004918
0.000000
0.000000
0.000000
0.000000
0.000000
0.000000
0.000000
0.000000
0.000000
0.000000
0.000000
0.000000
0.000000
0.000000
0.000000
0.000000
0.000000
0.000000
0.000000
0.000000
0.000000
0.000000
0.000000
0.000000
0.000000
0.000000
0.000000
0.000000
0.000000
0.000000
0.000000
0.000000
0.000000
0.000000
0.000000
0.000000
0.000000
0.000000
0.000000
0.000000
0.000000
0.000000
0.000000
0.000000
0.000000
0.000000
0.000000
0.000000
0.000000
0.000000
0.000000
0.000000
0.000000
0.000000
0.000000
0.000000
0.000000
0.000000
0.000000
0.000000
0.000000
0.000000
0.000000
0.000000
0.000000
0.000000
0.000000
0.000000
0.000000
0.000000
0.000000
0.000000
0.000000
0.000000
0.000000
0.000000
0.000000
0.000000
0.000000
0.000000
0.000000
0.000000
0.000000
0.000000
0.000000
0.000000
0.000000
0.000000
0.000000
0.000000
0.000000
0.000000
0.000000
0.000000
0.000000
0.000000
0.000000
0.000000
0.000000
0.000000
0.000000
0.000000
0.000000
0.000000
0.000000
0.000000
0.000000
0.000000
0.000000
0.000000
0.000000
0.000000
0.000000
0.000000
0.000000
0.000000
0.000000
0.000000
0.000000
0.000000
0.000000
0.000000
0.000000
0.000000
0.000000
0.000000
0.000000
0.000000
0.000000
0.000000
0.000000
0.000000
0.000000
0.000000
0.000000
0.000000
0.000000
0.000000
0.000000
0.000000
0.000000
0.000000
0.000000
0.000000
0.000000
0.000000
0.000000
0.000000
0.000000
0.000000
0.000000
0.000000
0.000000
0.000000
0.000000
0.000000
0.000000
0.000000
0.000000
0.000000
0.000000
0.000000
0.000000
0.000000
0.000000
0.000000
0.000000
0.000000
0.000000
0.000000
0.000000
0.000000
0.000000
0.000000
0.000000
0.000000
0.000000
0.000000
0.000000
0.000000
0.000000
0.000000
0.000000
0.000000
0.000000
0.000000
0.000000
0.000000
0.000000
0.000000
0.000000
0.000000
0.000000
0.000000
0.000000
0.000000
0.000000
0.000000
0.000000
0.000000
0.000000
0.000000
0.000000
0.000000
0.000000
0.000000
0.000000
0.000000
0.000000
0.000000
0.000000
0.000000
0.000000
0.000000
0.000000
0.000000
0.000000
0.000000
0.000000
0.000000
0.000000
0.000000
0.000000
0.000000
0.000000
0.000000
0.000000
0.000000
0.000000
0.000000
0.000000
0.000000
0.000000
0.000000
0.000000
0.000000
0.000000
0.000000
0.000000
0.000000
0.000000
0.000000
0.000000
0.000000
0.000000
0.000000
0.000000
0.000000
0.000000
0.000000
0.000000
0.000000
0.000000
0.000000
0.000000
0.000000
0.000000
0.000000
0.000000
0.000000
0.000000
0.000000
0.000000
0.000000
0.000000
0.000000
0.000000
0.000000
0.000000
0.000000
0.000000
0.000000
0.000000
0.000000
0.000000
0.000000
0.000000
0.000000
0.000000
0.000000
0.000000
0.000000
0.000000
0.000000
0.000000
0.000000
0.000000
0.000000
0.000000
0.000000
0.000000
0.000000
0.000000
0.000000
0.000000
0.000000
0.000000
0.000000
0.000000
0.000000
0.000000
0.000000
0.000000
0.000000
0.000000
0.000000
0.000000
0.000000
0.000000
0.000000
0.000000
0.000000
0.000000
0.000000
0.000000
0.000000
0.000000
0.000000
0.000000
0.000000
0.000000
0.000000
0.000000
0.000000
0.000000
0.000000
0.000000
0.000000
0.000000
0.000000
0.000000
0.000000
0.000000
0.000000
0.000000
0.000000
0.000000
0.000000
0.000000
0.000000
0.000000
0.000000
0.000000
0.000000
0.000000
0.000000
0.000000
0.000000
0.000000
0.000000
0.000000
0.000000
0.000000
0.000000
0.000000
0.000000
0.000000
0.000000
0.000000
0.000000
0.000000
0.000000
0.000000
0.000000
0.000000
0.000000
0.000000
0.000000
0.000000
0.000000
0.000000
0.000000
0.000000
0.000000
0.000000
0.000000
0.000000
0.000000
0.000000
0.000000
0.000000
0.000000
0.000000
0.000000
0.000000
0.000000
0.000000
0.000000
0.000000
0.000000
0.000000
0.000000
0.000000
0.000000
0.000000
0.000000
0.000000
0.000000
0.000000
0.000000
0.000000
0.000000
0.000000
0.000000
0.000000
0.000000
0.000000
0.000000
0.000000
0.000000
0.000000
0.000000
0.000000
0.000000
0.000000
0.000000
0.000000
0.000000
0.000000
0.000000
0.000000
0.000000
0.000000
0.000000
0.000000
0.000000
0.000000
0.000000
0.000000
0.000000
0.000000
0.000000
0.000000
0.000000
0.000000
0.000000
0.000000
0.000000
0.000000
0.000000
0.000000
0.000000
0.000000
0.000000
0.000000
0.000000
0.000000
0.000000
0.000000
0.000000
0.000000
0.000000
0.000000
0.000000
0.000000
0.000000
0.000000
0.000000
0.000000
0.000000
0.000000
0.000000
0.000000
0.000000
0.000000
0.000000
0.000000
0.000000
0.000000
0.000000
0.000000
0.000000
0.000000
0.000000
0.000000
0.000000
0.000000
0.000000
0.000000
0.000000
0.000000
0.000000
0.000000
0.000000
0.000000
0.000000
0.000000
0.000000
0.000000
0.000000
0.000000
0.000000
0.000000
0.000000
0.000000
0.000000
0.000000
0.000000
0.000000
0.000000
