0.000000
0.000000
0.000000
0.000000
0.000000
0.000000
0.000000
0.000000
0.000000
0.000000
0.000000
0.126588
1.617501
5.790090
12.119349
19.655969
39.999077
68.699877
100.608918
170.570465
235.436165
327.730073
457.063457
603.048263
736.744292
926.844310
1216.051953
1558.710338
1997.539927
2527.299086
3045.345992
3713.282250
4553.052553
5448.715204
6455.784373
7583.321180
8915.840959
10449.967159
12043.477920
13732.652572
15469.996103
17418.586485
19476.814841
21623.293675
23590.028243
25924.097025
28450.721608
30835.156149
33461.268466
36363.598231
39345.644939
42345.692544
45188.017506
48506.417674
51777.032191
54930.382714
58206.065203
61314.644160
64364.349042
67636.941638
70689.520545
73626.391241
76836.682639
79951.709366
82904.079598
85494.323580
87887.002750
90387.128710
93088.989391
95284.886044
97495.575832
99425.843524
101246.160403
103287.057016
104875.033497
106573.863238
107996.913256
109032.137461
110593.299760
111748.073357
112776.846816
114005.135793
115036.005333
115792.836529
116429.037838
116858.759041
116871.484617
117040.902086
117274.454758
117344.381903
117374.820969
117087.874701
116845.959848
116432.656048
115897.261508
115115.538170
114269.995710
113485.097847
112634.756968
111494.993316
110429.688261
109525.826383
108343.559527
107296.547792
106033.197951
104828.353748
103658.506111
102372.692639
101127.761647
99896.636454
98353.370447
97259.383197
95710.004961
94363.910862
92547.226085
91043.783412
89210.829695
87624.828738
86021.525106
84601.711263
83003.230950
81510.984364
79865.322716
78272.837421
76729.481524
75109.826310
73463.076342
71979.655203
70270.396362
68685.718618
67144.164326
65505.397432
64036.270283
62337.670134
60664.016944
59084.745692
57652.259689
56280.299507
54745.484424
53162.069559
51699.322220
50504.803122
49172.023933
47971.228734
46658.731226
45482.712191
44193.591966
43049.427639
41768.013125
40770.259659
39729.613357
38510.959605
37266.325353
36133.496980
35041.401180
33978.615588
33064.243908
31949.322618
30929.829271
29834.482901
28871.969488
27999.917681
26952.097116
26122.818611
25362.756441
24596.591197
23860.158410
23087.988030
22387.100002
21648.427188
20952.494109
20170.816324
19456.185248
18729.872260
18095.976095
17502.383653
16949.973834
16324.600951
15698.742889
15169.173345
14601.208182
14112.470422
13609.079347
13069.613409
12581.720722
12142.064853
11699.694180
11174.111488
10776.968896
10378.428064
9979.374187
9588.900160
9231.214064
8894.650033
8535.428436
8206.121462
7912.675810
7652.189844
7394.298835
7132.656190
6880.769350
6608.664360
6401.831471
6114.139449
5836.293601
5581.781185
5361.072703
5138.328315
4874.425831
4662.677989
4457.612817
4232.889610
4073.923444
3914.894865
3756.767207
3570.840817
3409.441643
3246.499573
3113.608550
2977.148893
2844.673555
2679.618213
2561.473714
2454.518671
2357.982326
2255.763357
2149.369646
2056.578651
1963.398905
1872.997010
1769.184803
1667.309543
1561.716181
1493.586397
1402.329900
1309.438285
1241.357857
1190.707378
1155.768153
1098.034982
1046.919371
987.293125
944.857334
916.360438
867.560038
829.925251
780.082196
737.722918
708.810415
671.797567
636.864098
611.084764
582.093119
553.211096
533.725457
507.459108
478.554490
462.543712
445.566929
418.008379
397.815949
372.854011
351.042672
336.802888
317.020913
303.009230
289.106018
270.475386
259.425863
248.999640
237.668464
219.222906
209.090648
191.020392
184.774785
174.057348
164.156978
153.716452
145.631652
137.663551
129.939862
124.309169
120.399479
111.524713
106.665710
102.094929
93.589403
85.624537
79.954619
77.468163
72.253214
67.744050
63.418620
61.335846
58.561513
53.212026
51.703512
50.133201
47.178091
45.694377
42.486694
40.739796
37.138517
33.314864
30.936155
27.818375
27.229772
27.513137
25.289329
23.760686
22.666882
20.745410
18.966789
18.460715
18.465757
17.125189
15.125857
14.528944
13.450242
12.239418
11.580761
9.232712
9.460742
9.390609
8.221180
8.158178
9.789822
10.246888
8.411989
8.234483
7.369861
7.647587
6.148738
6.324304
5.484434
5.469226
5.102948
5.147727
4.714943
4.334024
3.765644
4.214740
3.377578
2.582253
1.528240
1.410169
0.980340
1.143572
1.245246
0.685306
0.720861
1.026590
0.901958
0.870272
1.020783
0.842751
0.499027
0.533504
0.415532
0.520954
0.720587
0.259536
0.401483
0.482609
0.492855
0.325200
0.293301
0.266470
0.256568
0.129044
0.056868
0.054526
0.091371
0.081126
0.137504
0.042291
0.043975
0.002809
0.000000
0.000000
0.000000
0.000000
0.000000
0.000000
0.000000
0.000000
0.000000
0.000000
0.000000
0.000000
0.000000
0.000000
0.000000
0.000000
0.000000
0.000000
0.000000
0.000000
0.000000
0.000000
0.000000
0.000000
0.000000
0.000000
0.000000
0.000000
0.000000
0.000000
0.000000
0.000000
0.000000
0.000000
0.000000
0.000000
0.000000
0.000000
0.000000
0.000000
0.000000
0.000000
0.000000
0.000000
0.000000
0.000000
0.000000
0.000000
0.000000
0.000000
0.000000
0.000000
0.000000
0.000000
0.000000
0.000000
0.000000
0.000000
0.000000
0.000000
0.000000
0.000000
0.000000
0.000000
0.000000
0.000000
0.000000
0.000000
0.000000
0.000000
0.000000
0.000000
0.000000
0.000000
0.000000
0.000000
0.000000
0.000000
0.000000
0.000000
0.000000
0.000000
0.000000
0.000000
0.000000
0.000000
0.000000
0.000000
0.000000
0.000000
0.000000
0.000000
0.000000
0.000000
0.000000
0.000000
0.000000
0.000000
0.000000
0.000000
0.000000
0.000000
0.000000
0.000000
0.000000
0.000000
0.000000
0.000000
0.000000
0.000000
0.000000
0.000000
0.000000
0.000000
0.000000
0.000000
0.000000
0.000000
0.000000
0.000000
0.000000
0.000000
0.000000
0.000000
0.000000
0.000000
0.000000
0.000000
0.000000
0.000000
0.000000
0.000000
0.000000
0.000000
0.000000
0.000000
0.000000
0.000000
0.000000
0.000000
0.000000
0.000000
0.000000
0.000000
0.000000
0.000000
0.000000
0.000000
0.000000
0.000000
0.000000
0.000000
0.000000
0.000000
0.000000
0.000000
0.000000
0.000000
0.000000
0.000000
0.000000
0.000000
0.000000
0.000000
0.000000
0.000000
0.000000
0.000000
0.000000
0.000000
0.000000
0.000000
0.000000
0.000000
0.000000
0.000000
0.000000
0.000000
0.000000
0.000000
0.000000
0.000000
0.000000
0.000000
0.000000
0.000000
0.000000
0.000000
0.000000
0.000000
0.000000
0.000000
0.000000
0.000000
0.000000
0.000000
0.000000
0.000000
0.000000
0.000000
0.000000
0.000000
0.000000
0.000000
0.000000
0.000000
0.000000
0.000000
0.000000
0.000000
0.000000
0.000000
0.000000
0.000000
0.000000
0.000000
0.000000
0.000000
0.000000
0.000000
0.000000
0.000000
0.000000
0.000000
0.000000
0.000000
0.000000
0.000000
0.000000
0.000000
0.000000
0.000000
0.000000
0.000000
0.000000
0.000000
0.000000
0.000000
0.000000
0.000000
0.000000
0.000000
0.000000
0.000000
0.000000
0.000000
0.000000
0.000000
0.000000
0.000000
0.000000
0.000000
0.000000
0.000000
0.000000
0.000000
0.000000
0.000000
0.000000
0.000000
0.000000
0.000000
0.000000
0.000000
0.000000
0.000000
0.000000
0.000000
0.000000
0.000000
0.000000
0.000000
0.000000
0.000000
0.000000
0.000000
0.000000
0.000000
0.000000
0.000000
0.000000
0.000000
0.000000
0.000000
0.000000
0.000000
0.000000
0.000000
0.000000
0.000000
0.000000
0.000000
0.000000
0.000000
0.000000
0.000000
0.000000
0.000000
0.000000
0.000000
0.000000
0.000000
0.000000
0.000000
0.000000
0.000000
0.000000
0.000000
0.000000
0.000000
0.000000
0.000000
0.000000
0.000000
0.000000
0.000000
0.000000
0.000000
0.000000
0.000000
0.000000
0.000000
0.000000
0.000000
0.000000
0.000000
0.000000
0.000000
0.000000
0.000000
0.000000
0.000000
0.000000
0.000000
0.000000
0.000000
0.000000
0.000000
0.000000
0.000000
0.000000
0.000000
0.000000
0.000000
0.000000
0.000000
0.000000
0.000000
0.000000
0.000000
0.000000
0.000000
0.000000
0.000000
0.000000
0.000000
0.000000
0.000000
0.000000
0.000000
0.000000
0.000000
0.000000
0.000000
0.000000
0.000000
0.000000
0.000000
0.000000
0.000000
0.000000
0.000000
0.000000
0.000000
0.000000
0.000000
0.000000
0.000000
0.000000
0.000000
0.000000
0.000000
0.000000
0.000000
0.000000
0.000000
0.000000
0.000000
0.000000
0.000000
0.000000
0.000000
0.000000
0.000000
0.000000
0.000000
0.000000
0.000000
0.000000
0.000000
0.000000
0.000000
0.000000
0.000000
0.000000
0.000000
0.000000
0.000000
0.000000
0.000000
0.000000
0.000000
0.000000
0.000000
0.000000
0.000000
0.000000
0.000000
0.000000
0.000000
0.000000
0.000000
0.000000
0.000000
0.000000
0.000000
0.000000
0.000000
0.000000
0.000000
0.000000
0.000000
0.000000
0.000000
0.000000
0.000000
0.000000
0.000000
0.000000
0.000000
0.000000
0.000000
0.000000
0.000000
0.000000
0.000000
0.000000
0.000000
0.000000
0.000000
0.000000
0.000000
0.000000
0.000000
0.000000
0.000000
0.000000
0.000000
0.000000
0.000000
0.000000
0.000000
0.000000
0.000000
0.000000
0.000000
0.000000
0.000000
0.000000
0.000000
0.000000
0.000000
0.000000
0.000000
0.000000
0.000000
0.000000
0.000000
0.000000
0.000000
0.000000
0.000000
0.000000
0.000000
0.000000
0.000000
0.000000
0.000000
0.000000
0.000000
0.000000
0.000000
0.000000
0.000000
0.000000
0.000000
0.000000
0.000000
0.000000
0.000000
0.000000
0.000000
0.000000
0.000000
0.000000
0.000000
0.000000
0.000000
0.000000
0.000000
0.000000
0.000000
0.000000
0.000000
0.000000
0.000000
0.000000
0.000000
0.000000
0.000000
0.000000
0.000000
0.000000
0.000000
0.000000
0.000000
0.000000
0.000000
0.000000
0.000000
0.000000
0.000000
0.000000
0.000000
0.000000
0.000000
0.000000
0.000000
0.000000
0.000000
0.000000
0.000000
0.000000
0.000000
0.000000
0.000000
0.000000
0.000000
0.000000
0.000000
0.000000
0.000000
0.000000
0.000000
0.000000
0.000000
0.000000
0.000000
0.000000
0.000000
0.000000
0.000000
0.000000
0.000000
0.000000
0.000000
0.000000
0.000000
0.000000
0.000000
0.000000
0.000000
0.000000
0.000000
0.000000
0.000000
0.000000
0.000000
0.000000
0.000000
0.000000
0.000000
0.000000
0.000000
0.000000
0.000000
0.000000
0.000000
0.000000
0.000000
0.000000
0.000000
0.000000
0.000000
0.000000
0.000000
0.000000
0.000000
0.000000
0.000000
0.000000
0.000000
0.000000
0.000000
0.000000
0.000000
0.000000
0.000000
0.000000
0.000000
0.000000
0.000000
0.000000
0.000000
0.000000
0.000000
0.000000
0.000000
0.000000
0.000000
0.000000
0.000000
0.000000
