0.000000
0.000000
0.000000
0.000000
0.000000
0.000000
0.006546
0.037867
0.063991
0.182847
0.506181
1.039429
2.241531
4.232583
7.730255
12.190644
19.347068
30.122653
45.725846
69.431165
102.172285
146.290908
205.421831
286.836903
392.329432
528.819222
704.229760
916.785935
1179.520549
1502.926157
1891.696607
2353.497043
2895.406143
3528.076563
4269.091733
5105.957988
6057.008172
7142.119434
8351.790736
9700.743560
11180.206496
12809.192305
14583.219700
16505.142820
18589.432066
20832.918156
23207.262213
25710.807763
28353.123138
31130.728338
34040.744256
37055.690621
40157.454539
43369.955290
46658.234990
50043.530492
53480.816287
56990.545472
60528.244626
64086.139413
67637.137705
71203.785772
74755.861777
78264.536010
81792.794026
85247.812357
88617.704509
91905.230587
95140.014690
98226.227761
101244.137152
104159.240854
106969.600445
109613.814464
112156.147729
114572.094749
116835.033453
118972.852566
120959.747439
122787.051425
124472.351373
126012.890104
127334.940217
128505.221302
129514.517419
130368.942128
131094.869974
131646.197147
132069.245934
132323.188442
132424.875615
132388.029298
132206.127681
131880.937004
131426.683134
130833.750637
130148.575528
129319.711644
128366.832955
127316.560280
126116.492569
124875.447236
123518.506978
122064.840764
120540.265604
118932.409824
117266.839129
115541.203647
113744.218755
111911.133179
110012.257586
108052.327878
106055.724629
104055.234074
102001.376970
99919.370834
97801.470955
95671.240996
93519.942300
91373.608794
89214.397133
87033.141164
84861.493190
82690.167945
80516.914560
78361.461363
76213.305350
74091.238659
71973.990976
69873.844724
67804.941936
65753.914417
63732.965516
61752.676765
59768.719061
57823.607647
55918.009516
54041.242690
52217.812639
50417.635006
48654.530420
46923.545339
45231.779069
43586.113264
41987.924634
40419.860972
38875.848527
37381.028452
35933.961011
34522.952323
33148.814511
31820.184524
30534.611867
29272.736907
28061.627324
26876.420381
25743.068377
24633.464481
23564.248718
22530.779829
21534.592136
20583.747127
19653.950298
18756.833153
17900.030578
17066.638345
16259.501303
15488.893905
14755.268487
14053.209753
13377.918041
12716.870944
12084.940763
11482.544991
10902.918317
10345.972250
9815.647468
9310.393804
8824.410543
8360.575533
7920.062728
7500.088836
7097.179084
6714.120473
6345.115874
5996.154153
5661.998746
5343.532152
5044.947831
4755.533819
4482.785910
4224.090399
3979.332932
3746.116763
3521.694240
3315.112458
3117.900925
2929.399519
2751.636273
2582.036025
2422.788070
2273.257346
2131.526457
1997.186987
1872.453370
1752.780312
1639.816741
1532.619792
1431.024222
1335.771098
1246.008281
1160.759626
1082.606789
1009.514790
939.924975
875.474895
816.112100
759.841837
708.015969
655.867465
608.533313
565.859943
525.320415
486.800489
451.158029
417.499819
387.489265
358.520607
331.325089
306.181670
282.388563
260.572797
240.242476
221.591057
204.358900
188.098830
173.394305
159.838139
146.381725
134.430803
123.456404
112.895623
103.454908
94.807078
86.473217
78.792479
71.546853
65.314795
59.903676
54.889330
50.564514
46.098764
41.607716
37.990296
34.512084
31.394481
28.367551
25.735606
23.358072
20.986765
19.014213
17.123653
15.567038
14.095830
12.824566
11.759433
10.666596
9.625542
8.571394
7.710835
6.873669
6.080769
5.355292
4.788763
4.232481
3.796030
3.427487
3.158628
2.715152
2.448187
2.178047
1.952686
1.721547
1.559246
1.410422
1.269152
1.141939
1.028746
0.934605
0.803571
0.747867
0.647493
0.550681
0.515922
0.454410
0.396302
0.356599
0.317168
0.280724
0.231070
0.191147
0.165675
0.132651
0.120252
0.105652
0.093295
0.075089
0.060831
0.055650
0.057312
0.057084
0.042248
0.035405
0.027795
0.022127
0.017575
0.014044
0.014342
0.010305
0.009561
0.008218
0.003864
0.004683
0.002832
0.002438
0.002620
0.003041
0.002005
0.000830
0.000945
0.000632
0.000758
0.000955
0.001724
0.001211
0.000674
0.000572
0.000000
0.000000
0.000000
0.000000
0.000000
0.000000
0.000000
0.000000
0.000000
0.000000
0.000000
0.000000
0.000000
0.000000
0.000000
0.000000
0.000000
0.000000
0.000000
0.000000
0.000000
0.000000
0.000000
0.000000
0.000000
0.000000
0.000000
0.000000
0.000000
0.000000
0.000000
0.000000
0.000000
0.000000
0.000000
0.000000
0.000000
0.000000
0.000000
0.000000
0.000000
0.000000
0.000000
0.000000
0.000000
0.000000
0.000000
0.000000
0.000000
0.000000
0.000000
0.000000
0.000000
0.000000
0.000000
0.000000
0.000000
0.000000
0.000000
0.000000
0.000000
0.000000
0.000000
0.000000
0.000000
0.000000
0.000000
0.000000
0.000000
0.000000
0.000000
0.000000
0.000000
0.000000
0.000000
0.000000
0.000000
0.000000
0.000000
0.000000
0.000000
0.000000
0.000000
0.000000
0.000000
0.000000
0.000000
0.000000
0.000000
0.000000
0.000000
0.000000
0.000000
0.000000
0.000000
0.000000
0.000000
0.000000
0.000000
0.000000
0.000000
0.000000
0.000000
0.000000
0.000000
0.000000
0.000000
0.000000
0.000000
0.000000
0.000000
0.000000
0.000000
0.000000
0.000000
0.000000
0.000000
0.000000
0.000000
0.000000
0.000000
0.000000
0.000000
0.000000
0.000000
0.000000
0.000000
0.000000
0.000000
0.000000
0.000000
0.000000
0.000000
0.000000
0.000000
0.000000
0.000000
0.000000
0.000000
0.000000
0.000000
0.000000
0.000000
0.000000
0.000000
0.000000
0.000000
0.000000
0.000000
0.000000
0.000000
0.000000
0.000000
0.000000
0.000000
0.000000
0.000000
0.000000
0.000000
0.000000
0.000000
0.000000
0.000000
0.000000
0.000000
0.000000
0.000000
0.000000
0.000000
0.000000
0.000000
0.000000
0.000000
0.000000
0.000000
0.000000
0.000000
0.000000
0.000000
0.000000
0.000000
0.000000
0.000000
0.000000
0.000000
0.000000
0.000000
0.000000
0.000000
0.000000
0.000000
0.000000
0.000000
0.000000
0.000000
0.000000
0.000000
0.000000
0.000000
0.000000
0.000000
0.000000
0.000000
0.000000
0.000000
0.000000
0.000000
0.000000
0.000000
0.000000
0.000000
0.000000
0.000000
0.000000
0.000000
0.000000
0.000000
0.000000
0.000000
0.000000
0.000000
0.000000
0.000000
0.000000
0.000000
0.000000
0.000000
0.000000
0.000000
0.000000
0.000000
0.000000
0.000000
0.000000
0.000000
0.000000
0.000000
0.000000
0.000000
0.000000
0.000000
0.000000
0.000000
0.000000
0.000000
0.000000
0.000000
0.000000
0.000000
0.000000
0.000000
0.000000
0.000000
0.000000
0.000000
0.000000
0.000000
0.000000
0.000000
0.000000
0.000000
0.000000
0.000000
0.000000
0.000000
0.000000
0.000000
0.000000
0.000000
0.000000
0.000000
0.000000
0.000000
0.000000
0.000000
0.000000
0.000000
0.000000
0.000000
0.000000
0.000000
0.000000
0.000000
0.000000
0.000000
0.000000
0.000000
0.000000
0.000000
0.000000
0.000000
0.000000
0.000000
0.000000
0.000000
0.000000
0.000000
0.000000
0.000000
0.000000
0.000000
0.000000
0.000000
0.000000
0.000000
0.000000
0.000000
0.000000
0.000000
0.000000
0.000000
0.000000
0.000000
0.000000
0.000000
0.000000
0.000000
0.000000
0.000000
0.000000
0.000000
0.000000
0.000000
0.000000
0.000000
0.000000
0.000000
0.000000
0.000000
0.000000
0.000000
0.000000
0.000000
0.000000
0.000000
0.000000
0.000000
0.000000
0.000000
0.000000
0.000000
0.000000
0.000000
0.000000
0.000000
0.000000
0.000000
0.000000
0.000000
0.000000
0.000000
0.000000
0.000000
0.000000
0.000000
0.000000
0.000000
0.000000
0.000000
0.000000
0.000000
0.000000
0.000000
0.000000
0.000000
0.000000
0.000000
0.000000
0.000000
0.000000
0.000000
0.000000
0.000000
0.000000
0.000000
0.000000
0.000000
0.000000
0.000000
0.000000
0.000000
0.000000
0.000000
0.000000
0.000000
0.000000
0.000000
0.000000
0.000000
0.000000
0.000000
0.000000
0.000000
0.000000
0.000000
0.000000
0.000000
0.000000
0.000000
0.000000
0.000000
0.000000
0.000000
0.000000
0.000000
0.000000
0.000000
0.000000
0.000000
0.000000
0.000000
0.000000
0.000000
0.000000
0.000000
0.000000
0.000000
0.000000
0.000000
0.000000
0.000000
0.000000
0.000000
0.000000
0.000000
0.000000
0.000000
0.000000
0.000000
0.000000
0.000000
0.000000
0.000000
0.000000
0.000000
0.000000
0.000000
0.000000
0.000000
0.000000
0.000000
0.000000
0.000000
0.000000
0.000000
0.000000
0.000000
0.000000
0.000000
0.000000
0.000000
0.000000
0.000000
0.000000
0.000000
0.000000
0.000000
0.000000
0.000000
0.000000
0.000000
0.000000
0.000000
0.000000
0.000000
0.000000
0.000000
0.000000
0.000000
0.000000
0.000000
0.000000
0.000000
0.000000
0.000000
0.000000
0.000000
0.000000
0.000000
0.000000
0.000000
0.000000
0.000000
0.000000
0.000000
0.000000
0.000000
0.000000
0.000000
0.000000
0.000000
0.000000
0.000000
0.000000
0.000000
0.000000
0.000000
0.000000
0.000000
0.000000
0.000000
0.000000
0.000000
0.000000
0.000000
0.000000
0.000000
0.000000
0.000000
0.000000
0.000000
0.000000
0.000000
0.000000
0.000000
0.000000
0.000000
0.000000
0.000000
0.000000
0.000000
0.000000
0.000000
0.000000
0.000000
0.000000
0.000000
0.000000
0.000000
0.000000
0.000000
0.000000
0.000000
0.000000
0.000000
0.000000
0.000000
0.000000
0.000000
0.000000
0.000000
0.000000
0.000000
0.000000
0.000000
0.000000
0.000000
0.000000
0.000000
0.000000
0.000000
0.000000
0.000000
0.000000
0.000000
0.000000
0.000000
0.000000
0.000000
0.000000
0.000000
0.000000
0.000000
0.000000
0.000000
0.000000
0.000000
0.000000
0.000000
0.000000
0.000000
0.000000
0.000000
0.000000
0.000000
0.000000
0.000000
0.000000
0.000000
0.000000
0.000000
0.000000
0.000000
0.000000
0.000000
0.000000
0.000000
0.000000
0.000000
0.000000
0.000000
0.000000
0.000000
0.000000
0.000000
0.000000
0.000000
0.000000
0.000000
0.000000
0.000000
0.000000
0.000000
0.000000
0.000000
0.000000
0.000000
0.000000
0.000000
0.000000
0.000000
0.000000
0.000000
0.000000
0.000000
0.000000
0.000000
0.000000
0.000000
0.000000
0.000000
0.000000
0.000000
0.000000
0.000000
0.000000
0.000000
0.000000
0.000000
0.000000
0.000000
0.000000
0.000000
0.000000
0.000000
0.000000
0.000000
0.000000
0.000000
0.000000
0.000000
0.000000
0.000000
0.000000
0.000000
0.000000
0.000000
0.000000
0.000000
0.000000
0.000000
0.000000
0.000000
0.000000
0.000000
0.000000
0.000000
0.000000
0.000000
0.000000
0.000000
0.000000
0.000000
0.000000
