0.000000
0.000000
0.000000
0.000000
0.000000
0.000000
0.000000
0.000000
0.000000
0.000000
0.000000
0.000000
0.000000
0.000000
0.005391
0.046533
0.133167
0.167037
0.335151
0.824370
1.732826
3.274289
6.135926
12.346352
20.840476
35.607240
58.134258
96.537507
152.524438
242.365324
367.969612
552.649741
802.381114
1154.017008
1619.117852
2232.820011
2992.198404
3969.073473
5166.032398
6647.017563
8390.462419
10460.559963
12879.169792
15619.654606
18716.559902
22208.600589
26053.105031
30197.561849
34663.345077
39410.690617
44414.965052
49578.521912
54941.211185
60371.354424
65920.398515
71391.763058
76879.460552
82308.387324
87602.717952
92708.913578
97576.056018
102164.678787
106491.854714
110520.216448
114143.111528
117547.980611
120672.081663
123383.400894
125760.018929
127837.212746
129479.951132
130931.507271
131969.009780
132793.459500
133329.680459
133608.834090
133701.036555
133523.858696
133208.791166
132753.284741
132083.302727
131307.903459
130442.682701
129378.411814
128348.724993
127194.852521
125932.541408
124735.119495
123444.989800
122138.071239
120789.518634
119460.704796
118111.920166
116788.488754
115416.867065
114051.279656
112761.211869
111374.297837
110102.355677
108841.006369
107540.978747
106311.191736
105040.580466
103815.359737
102588.214842
101398.212992
100222.124455
99089.083012
97994.659556
96842.274587
95738.860252
94639.466066
93548.087773
92451.670435
91311.172983
90200.089061
89065.840317
87878.443575
86713.203096
85481.004617
84195.687666
82943.912211
81619.475586
80254.572852
78846.761349
77358.267128
75903.911075
74340.852773
72783.075962
71147.971209
69481.249705
67782.991137
66036.946509
64274.944482
62474.121747
60625.761805
58760.903225
56864.722314
54987.244120
53064.662852
51131.287988
49187.650039
47239.801789
45302.280596
43353.719408
41406.870704
39506.851637
37607.006303
35736.133591
33914.903168
32095.889816
30338.263605
28602.770058
26932.364760
25293.236789
23718.520836
22198.846477
20713.849701
19306.219950
17952.805377
16653.686740
15417.365490
14244.563285
13137.460955
12084.014456
11088.336455
10156.677207
9281.107742
8457.023280
7692.856327
6974.096582
6318.725942
5706.071975
5138.400339
4629.766779
4153.740754
3715.344689
3320.569873
2959.515210
2632.822407
2331.766062
2065.817220
1817.373200
1599.407460
1407.043228
1233.169550
1076.551757
936.415327
814.393666
705.077172
613.217313
526.727665
454.328148
392.238124
334.162604
286.940917
244.760995
208.635718
176.405408
149.327210
126.246975
106.279567
89.604643
75.145547
62.845725
52.704590
43.763501
36.234236
29.568341
24.538139
20.053085
16.603782
13.561122
10.963984
8.855189
7.137316
5.910434
4.893302
3.863534
3.248443
2.543259
2.042585
1.652844
1.329704
0.993692
0.815457
0.603669
0.504010
0.444060
0.332278
0.270510
0.184917
0.154882
0.083718
0.075621
0.065720
0.040073
0.035027
0.030085
0.017806
0.015622
0.007531
0.010332
0.007270
0.006578
0.006296
0.001816
0.003574
0.007260
0.001416
0.000000
0.000000
0.000000
0.000000
0.000000
0.000000
0.000000
0.000000
0.000000
0.000000
0.000000
0.000000
0.000000
0.000000
0.000000
0.000000
0.000000
0.000000
0.000000
0.000000
0.000000
0.000000
0.000000
0.000000
0.000000
0.000000
0.000000
0.000000
0.000000
0.000000
0.000000
0.000000
0.000000
0.000000
0.000000
0.000000
0.000000
0.000000
0.000000
0.000000
0.000000
0.000000
0.000000
0.000000
0.000000
0.000000
0.000000
0.000000
0.000000
0.000000
0.000000
0.000000
0.000000
0.000000
0.000000
0.000000
0.000000
0.000000
0.000000
0.000000
0.000000
0.000000
0.000000
0.000000
0.000000
0.000000
0.000000
0.000000
0.000000
0.000000
0.000000
0.000000
0.000000
0.000000
0.000000
0.000000
0.000000
0.000000
0.000000
0.000000
0.000000
0.000000
0.000000
0.000000
0.000000
0.000000
0.000000
0.000000
0.000000
0.000000
0.000000
0.000000
0.000000
0.000000
0.000000
0.000000
0.000000
0.000000
0.000000
0.000000
0.000000
0.000000
0.000000
0.000000
0.000000
0.000000
0.000000
0.000000
0.000000
0.000000
0.000000
0.000000
0.000000
0.000000
0.000000
0.000000
0.000000
0.000000
0.000000
0.000000
0.000000
0.000000
0.000000
0.000000
0.000000
0.000000
0.000000
0.000000
0.000000
0.000000
0.000000
0.000000
0.000000
0.000000
0.000000
0.000000
0.000000
0.000000
0.000000
0.000000
0.000000
0.000000
0.000000
0.000000
0.000000
0.000000
0.000000
0.000000
0.000000
0.000000
0.000000
0.000000
0.000000
0.000000
0.000000
0.000000
0.000000
0.000000
0.000000
0.000000
0.000000
0.000000
0.000000
0.000000
0.000000
0.000000
0.000000
0.000000
0.000000
0.000000
0.000000
0.000000
0.000000
0.000000
0.000000
0.000000
0.000000
0.000000
0.000000
0.000000
0.000000
0.000000
0.000000
0.000000
0.000000
0.000000
0.000000
0.000000
0.000000
0.000000
0.000000
0.000000
0.000000
0.000000
0.000000
0.000000
0.000000
0.000000
0.000000
0.000000
0.000000
0.000000
0.000000
0.000000
0.000000
0.000000
0.000000
0.000000
0.000000
0.000000
0.000000
0.000000
0.000000
0.000000
0.000000
0.000000
0.000000
0.000000
0.000000
0.000000
0.000000
0.000000
0.000000
0.000000
0.000000
0.000000
0.000000
0.000000
0.000000
0.000000
0.000000
0.000000
0.000000
0.000000
0.000000
0.000000
0.000000
0.000000
0.000000
0.000000
0.000000
0.000000
0.000000
0.000000
0.000000
0.000000
0.000000
0.000000
0.000000
0.000000
0.000000
