0.000000
0.000000
0.000000
0.000000
0.000000
0.000000
0.000000
0.001349
0.020445
0.040253
0.069582
0.190267
0.366815
0.911051
1.808630
3.800893
6.482326
10.471969
16.149547
26.276031
40.208199
59.157981
85.580883
121.182571
171.048998
236.396748
322.092354
432.785620
574.977495
751.179661
974.514434
1245.114472
1573.944222
1958.651082
2424.231791
2962.482622
3589.380249
4325.063437
5168.549566
6125.628380
7221.493651
8448.053537
9811.356349
11314.289095
12969.358483
14787.691849
16769.318168
18902.465421
21211.995233
23684.133173
26304.363174
29084.225606
32001.436034
35051.782334
38268.657569
41582.541565
45056.737226
48596.367831
52254.783543
55984.318161
59782.559726
63632.552562
67514.096003
71409.404045
75347.250988
79278.012234
83172.157510
87049.506134
90909.253564
94685.639319
98388.938245
102010.270727
105514.339592
108924.018298
112180.506013
115338.608644
118329.994497
121188.827518
123891.053802
126391.625792
128707.448843
130873.714378
132885.179658
134684.589012
136266.711468
137650.839971
138823.868513
139859.026054
140645.203439
141249.112706
141712.635564
141943.876707
142001.943502
141881.230747
141611.779089
141164.216626
140556.786727
139779.474373
138868.568333
137802.487105
136573.112114
135237.386898
133754.371237
132158.828655
130480.100636
128678.308078
126801.598672
124832.843238
122756.087081
120622.644384
118404.982935
116087.967896
113734.581135
111330.972740
108901.393807
106418.127550
103935.593610
101415.642797
98876.335843
96309.361271
93768.229826
91220.244269
88670.351670
86132.753919
83591.300537
81072.891536
78576.490124
76124.240247
73659.598348
71251.671761
68868.271818
66524.700291
64206.514740
61932.372489
59702.526119
57513.117291
55360.878226
53271.259114
51239.441623
49219.149032
47271.577187
45377.615729
43526.740958
41735.088955
39987.588449
38291.993258
36656.117423
35059.173714
33520.536867
32027.059995
30582.272995
29181.958829
27833.312770
26529.114999
25285.540278
24069.862826
22902.373702
21779.940770
20703.363756
19683.477632
18695.140485
17749.259807
16841.556170
15963.303008
15127.426785
14325.206617
13560.731301
12830.275106
12140.244951
11467.775148
10834.523415
10229.803045
9650.897074
9100.436433
8576.635100
8078.137823
7605.343378
7152.944157
6730.422159
6325.413988
5947.238895
5585.794727
5244.787509
4923.303267
4615.319083
4326.208919
4054.708477
3800.865379
3556.385862
3329.001854
3111.211428
2909.296162
2715.924880
2535.054921
2367.049376
2210.361613
2060.782519
1921.720444
1790.745155
1666.044160
1548.620974
1440.231576
1337.659331
1241.811362
1153.842866
1071.016026
993.620847
922.278437
854.131933
792.453457
733.523993
679.755648
627.842827
579.522470
535.411397
495.061088
458.809540
423.765817
390.391823
360.438022
331.177438
306.325581
283.341895
261.427449
240.912816
221.875556
204.264288
188.189751
173.233830
158.656113
145.862515
134.321444
123.554687
113.649834
104.403358
95.764850
87.310279
79.920311
72.681086
66.366334
60.796135
55.581707
50.653773
46.399075
41.992151
38.402754
35.030623
31.911083
29.114800
26.526601
24.323932
21.869730
19.860646
17.880086
16.143367
14.719581
13.546212
12.209216
11.118987
9.953907
8.873542
7.956906
7.177512
6.599120
5.890140
5.390687
4.870005
4.254580
3.837931
3.464809
3.084522
2.773625
2.539807
2.277533
2.076210
1.876462
1.654662
1.511825
1.341064
1.246561
1.096492
0.964093
0.883860
0.781462
0.696382
0.672066
0.622477
0.551548
0.472400
0.428848
0.397351
0.314024
0.271924
0.234597
0.227240
0.209494
0.181738
0.156791
0.135837
0.114442
0.103265
0.080603
0.069616
0.054090
0.054672
0.056324
0.042959
0.041854
0.034328
0.037787
0.031213
0.032607
0.023515
0.020564
0.011302
0.008224
0.009013
0.010820
0.008952
0.007489
0.007127
0.006542
0.002040
0.000253
0.000228
0.000000
0.000000
0.000000
0.000000
0.000000
0.000000
0.000000
0.000000
0.000000
0.000000
0.000000
0.000000
0.000000
0.000000
0.000000
0.000000
0.000000
0.000000
0.000000
0.000000
0.000000
0.000000
0.000000
0.000000
0.000000
0.000000
0.000000
0.000000
0.000000
0.000000
0.000000
0.000000
0.000000
0.000000
0.000000
0.000000
0.000000
0.000000
0.000000
0.000000
0.000000
0.000000
0.000000
0.000000
0.000000
0.000000
0.000000
0.000000
0.000000
0.000000
0.000000
0.000000
0.000000
0.000000
0.000000
0.000000
0.000000
0.000000
0.000000
0.000000
0.000000
0.000000
0.000000
0.000000
0.000000
0.000000
0.000000
0.000000
0.000000
0.000000
0.000000
0.000000
0.000000
0.000000
0.000000
0.000000
0.000000
0.000000
0.000000
0.000000
0.000000
0.000000
0.000000
0.000000
0.000000
0.000000
0.000000
0.000000
0.000000
0.000000
0.000000
0.000000
0.000000
0.000000
0.000000
0.000000
0.000000
0.000000
0.000000
0.000000
0.000000
0.000000
0.000000
0.000000
0.000000
0.000000
0.000000
0.000000
0.000000
0.000000
0.000000
0.000000
0.000000
0.000000
0.000000
0.000000
0.000000
0.000000
0.000000
0.000000
0.000000
0.000000
0.000000
0.000000
0.000000
0.000000
0.000000
0.000000
0.000000
0.000000
0.000000
0.000000
0.000000
0.000000
0.000000
0.000000
0.000000
0.000000
0.000000
0.000000
0.000000
0.000000
0.000000
0.000000
0.000000
0.000000
0.000000
0.000000
0.000000
0.000000
0.000000
0.000000
0.000000
0.000000
0.000000
0.000000
0.000000
0.000000
0.000000
0.000000
0.000000
0.000000
0.000000
0.000000
0.000000
0.000000
0.000000
0.000000
0.000000
0.000000
0.000000
0.000000
0.000000
0.000000
0.000000
0.000000
0.000000
0.000000
0.000000
0.000000
0.000000
0.000000
0.000000
0.000000
0.000000
0.000000
0.000000
0.000000
0.000000
0.000000
0.000000
0.000000
0.000000
0.000000
0.000000
0.000000
0.000000
0.000000
0.000000
0.000000
0.000000
0.000000
0.000000
0.000000
0.000000
0.000000
0.000000
0.000000
0.000000
0.000000
0.000000
0.000000
0.000000
0.000000
0.000000
0.000000
0.000000
0.000000
0.000000
0.000000
0.000000
0.000000
0.000000
0.000000
0.000000
0.000000
0.000000
0.000000
0.000000
0.000000
0.000000
0.000000
0.000000
0.000000
0.000000
0.000000
0.000000
0.000000
0.000000
0.000000
0.000000
0.000000
0.000000
0.000000
0.000000
0.000000
0.000000
0.000000
0.000000
0.000000
0.000000
0.000000
0.000000
0.000000
0.000000
0.000000
0.000000
0.000000
0.000000
0.000000
0.000000
0.000000
0.000000
0.000000
0.000000
0.000000
0.000000
0.000000
0.000000
0.000000
0.000000
0.000000
0.000000
0.000000
0.000000
0.000000
0.000000
0.000000
0.000000
0.000000
0.000000
0.000000
0.000000
0.000000
0.000000
0.000000
0.000000
0.000000
0.000000
0.000000
0.000000
0.000000
0.000000
0.000000
0.000000
0.000000
0.000000
0.000000
0.000000
0.000000
0.000000
0.000000
0.000000
0.000000
0.000000
0.000000
0.000000
0.000000
0.000000
0.000000
0.000000
0.000000
0.000000
0.000000
0.000000
0.000000
0.000000
0.000000
0.000000
0.000000
0.000000
0.000000
0.000000
0.000000
0.000000
0.000000
0.000000
0.000000
0.000000
0.000000
0.000000
0.000000
0.000000
0.000000
0.000000
0.000000
0.000000
0.000000
0.000000
0.000000
0.000000
0.000000
0.000000
0.000000
0.000000
0.000000
0.000000
0.000000
0.000000
0.000000
0.000000
0.000000
0.000000
0.000000
0.000000
0.000000
0.000000
0.000000
0.000000
0.000000
0.000000
0.000000
0.000000
0.000000
0.000000
0.000000
0.000000
0.000000
0.000000
0.000000
0.000000
0.000000
0.000000
0.000000
0.000000
0.000000
0.000000
0.000000
0.000000
0.000000
0.000000
0.000000
0.000000
0.000000
0.000000
0.000000
0.000000
0.000000
0.000000
0.000000
0.000000
0.000000
0.000000
0.000000
0.000000
0.000000
0.000000
0.000000
0.000000
0.000000
0.000000
0.000000
0.000000
0.000000
0.000000
0.000000
0.000000
0.000000
0.000000
0.000000
0.000000
0.000000
0.000000
0.000000
0.000000
0.000000
0.000000
0.000000
0.000000
0.000000
0.000000
0.000000
0.000000
0.000000
0.000000
0.000000
0.000000
0.000000
0.000000
0.000000
0.000000
0.000000
0.000000
0.000000
0.000000
0.000000
0.000000
0.000000
0.000000
0.000000
0.000000
0.000000
0.000000
0.000000
0.000000
0.000000
0.000000
0.000000
0.000000
0.000000
0.000000
0.000000
0.000000
0.000000
0.000000
0.000000
0.000000
0.000000
0.000000
0.000000
0.000000
0.000000
0.000000
0.000000
0.000000
0.000000
0.000000
0.000000
0.000000
0.000000
0.000000
0.000000
0.000000
0.000000
0.000000
0.000000
0.000000
0.000000
0.000000
0.000000
0.000000
0.000000
0.000000
0.000000
0.000000
0.000000
0.000000
0.000000
0.000000
0.000000
0.000000
0.000000
0.000000
0.000000
0.000000
0.000000
0.000000
0.000000
0.000000
0.000000
0.000000
0.000000
0.000000
0.000000
0.000000
0.000000
0.000000
0.000000
0.000000
0.000000
0.000000
0.000000
0.000000
0.000000
0.000000
0.000000
0.000000
0.000000
0.000000
0.000000
0.000000
0.000000
0.000000
0.000000
0.000000
0.000000
0.000000
0.000000
0.000000
0.000000
0.000000
0.000000
0.000000
0.000000
0.000000
0.000000
0.000000
0.000000
0.000000
0.000000
0.000000
0.000000
0.000000
0.000000
0.000000
0.000000
0.000000
0.000000
0.000000
0.000000
0.000000
0.000000
0.000000
0.000000
0.000000
0.000000
0.000000
0.000000
0.000000
0.000000
0.000000
0.000000
0.000000
0.000000
0.000000
0.000000
0.000000
0.000000
0.000000
0.000000
0.000000
0.000000
0.000000
0.000000
0.000000
0.000000
0.000000
0.000000
0.000000
0.000000
0.000000
0.000000
0.000000
0.000000
0.000000
0.000000
0.000000
0.000000
0.000000
0.000000
0.000000
0.000000
0.000000
0.000000
0.000000
0.000000
0.000000
0.000000
0.000000
0.000000
0.000000
0.000000
0.000000
0.000000
0.000000
0.000000
0.000000
0.000000
0.000000
0.000000
0.000000
0.000000
0.000000
0.000000
0.000000
0.000000
0.000000
0.000000
0.000000
0.000000
0.000000
0.000000
0.000000
0.000000
0.000000
0.000000
0.000000
0.000000
0.000000
0.000000
0.000000
0.000000
0.000000
0.000000
0.000000
0.000000
0.000000
0.000000
0.000000
0.000000
0.000000
0.000000
0.000000
0.000000
0.000000
0.000000
0.000000
0.000000
0.000000
0.000000
0.000000
0.000000
0.000000
0.000000
0.000000
0.000000
0.000000
0.000000
0.000000
0.000000
0.000000
0.000000
0.000000
0.000000
0.000000
0.000000
0.000000
0.000000
0.000000
0.000000
0.000000
0.000000
0.000000
0.000000
0.000000
0.000000
