0.000000
0.000000
0.000000
0.000000
0.000000
0.000000
0.000000
0.000000
0.000000
0.000000
0.000000
0.000000
0.000000
0.000000
0.000000
0.000000
0.000000
0.000000
0.000000
0.000000
0.000000
0.000000
0.000000
0.010590
0.035935
0.065337
0.209493
0.384538
0.511653
0.981019
1.566192
2.402286
4.354254
7.382301
11.970823
19.226829
30.907920
49.748954
75.555553
111.112875
161.352318
233.596702
333.715439
466.150493
644.576510
873.597241
1166.175688
1550.139739
2032.405022
2624.313660
3360.828588
4255.653804
5348.149442
6625.365776
8171.564964
9942.894971
12018.797071
14373.835611
17044.864131
20051.365287
23424.501962
27126.545679
31164.058022
35561.707968
40405.711852
45554.596667
50981.289319
56795.166527
62899.785481
69237.662817
75789.375082
82539.464288
89408.859464
96437.685744
103543.779933
110654.943609
117705.564256
124714.153101
131614.270300
138343.628490
144804.037732
151072.089527
157028.062381
162741.086454
168028.540271
173019.589706
177575.666104
181722.864694
185397.830430
188629.204241
191353.950262
193644.132478
195448.431060
196782.083816
197590.691366
197996.930519
197909.143977
197351.514901
196405.516884
194998.056966
193264.921271
191093.947725
188541.331050
185654.332934
182552.501924
179075.415230
175287.441077
171308.700332
167032.476511
162588.364849
157933.268491
153125.688759
148189.452541
143153.210645
138019.029193
132863.918056
127621.130513
122346.930315
117163.315847
111963.828896
106766.079522
101631.661137
96560.194023
91584.785244
86748.312719
81964.731271
77352.950925
72825.671255
68451.777156
64220.431984
60131.461637
56208.739101
52431.464364
48815.543425
45363.399991
42080.022321
38951.572575
35993.761966
33173.386230
30524.615102
28011.390542
25694.911706
23469.998731
21445.625060
19541.311679
17755.771571
16120.248003
14590.599207
13182.072717
11883.814734
10700.867682
9611.239908
8611.324563
7696.533948
6864.770426
6116.358934
5429.126264
4817.485525
4258.289849
3761.318517
3310.620244
2905.765257
2547.054977
2223.814488
1945.038981
1690.458141
1472.252741
1276.564332
1102.421307
951.580532
819.469351
704.308337
603.185572
514.731185
438.605943
376.261545
320.288543
272.592103
230.427396
194.491617
164.135999
137.536072
115.517810
97.081447
81.008303
67.521719
56.281239
46.620611
38.642272
31.918735
26.417849
22.023447
18.029702
14.509897
11.692640
9.562942
7.740364
6.480954
5.230080
4.199493
3.404666
2.782926
2.325918
1.828575
1.513709
1.190119
0.923518
0.672165
0.537911
0.414612
0.341073
0.275266
0.198186
0.162479
0.122771
0.088652
0.084621
0.061202
0.049956
0.049563
0.029260
0.015945
0.013525
0.014807
0.018155
0.008941
0.006743
0.005232
0.003167
0.001984
0.000008
0.000000
0.000000
0.000000
0.000000
0.000000
0.000000
0.000000
0.000000
0.000000
0.000000
0.000000
0.000000
0.000000
0.000000
0.000000
0.000000
0.000000
0.000000
0.000000
0.000000
0.000000
0.000000
0.000000
0.000000
0.000000
0.000000
0.000000
0.000000
0.000000
0.000000
0.000000
0.000000
0.000000
0.000000
0.000000
0.000000
0.000000
0.000000
0.000000
0.000000
0.000000
0.000000
0.000000
0.000000
0.000000
0.000000
0.000000
0.000000
0.000000
0.000000
0.000000
0.000000
0.000000
0.000000
0.000000
0.000000
0.000000
0.000000
0.000000
0.000000
0.000000
0.000000
0.000000
0.000000
0.000000
0.000000
0.000000
0.000000
0.000000
0.000000
0.000000
0.000000
0.000000
0.000000
0.000000
0.000000
0.000000
0.000000
0.000000
0.000000
0.000000
0.000000
0.000000
0.000000
0.000000
0.000000
0.000000
0.000000
0.000000
0.000000
0.000000
0.000000
0.000000
0.000000
0.000000
0.000000
0.000000
0.000000
0.000000
0.000000
0.000000
0.000000
0.000000
0.000000
0.000000
0.000000
0.000000
0.000000
0.000000
0.000000
0.000000
0.000000
0.000000
0.000000
0.000000
0.000000
0.000000
0.000000
0.000000
0.000000
0.000000
0.000000
0.000000
0.000000
0.000000
0.000000
0.000000
0.000000
0.000000
0.000000
0.000000
0.000000
0.000000
0.000000
0.000000
0.000000
0.000000
0.000000
0.000000
0.000000
0.000000
0.000000
0.000000
0.000000
0.000000
0.000000
0.000000
0.000000
0.000000
0.000000
0.000000
0.000000
0.000000
0.000000
0.000000
0.000000
0.000000
0.000000
0.000000
0.000000
0.000000
0.000000
0.000000
0.000000
0.000000
0.000000
0.000000
0.000000
0.000000
0.000000
0.000000
0.000000
0.000000
0.000000
0.000000
0.000000
0.000000
0.000000
0.000000
0.000000
0.000000
0.000000
0.000000
0.000000
0.000000
0.000000
0.000000
0.000000
0.000000
0.000000
0.000000
0.000000
0.000000
0.000000
0.000000
0.000000
0.000000
0.000000
0.000000
0.000000
0.000000
0.000000
0.000000
0.000000
0.000000
0.000000
0.000000
0.000000
0.000000
0.000000
0.000000
0.000000
0.000000
0.000000
0.000000
0.000000
0.000000
0.000000
0.000000
0.000000
0.000000
0.000000
0.000000
0.000000
0.000000
0.000000
0.000000
0.000000
0.000000
0.000000
0.000000
0.000000
0.000000
0.000000
0.000000
0.000000
0.000000
0.000000
0.000000
0.000000
0.000000
0.000000
0.000000
0.000000
0.000000
0.000000
0.000000
0.000000
0.000000
0.000000
0.000000
0.000000
0.000000
0.000000
0.000000
0.000000
0.000000
0.000000
0.000000
0.000000
0.000000
0.000000
0.000000
0.000000
0.000000
0.000000
0.000000
0.000000
0.000000
0.000000
