0.000000
0.000000
0.000000
0.000000
0.000000
0.000000
0.016462
0.020912
0.133557
0.425482
0.885975
2.237061
4.732730
8.762534
16.507253
29.522520
51.942027
85.364083
136.718599
210.490234
316.243903
460.922267
652.510537
901.751155
1221.865220
1625.239642
2125.299834
2736.420355
3463.275191
4318.115417
5309.090790
6448.961822
7727.305723
9180.373752
10789.777619
12570.387706
14501.499785
16606.643322
18880.156021
21303.650973
23873.352267
26583.680227
29404.096904
32331.511147
35352.239902
38466.404751
41634.635425
44813.025997
48024.951455
51257.747319
54489.821664
57699.099879
60926.473859
64091.964107
67220.811479
70307.680061
73292.584173
76223.240265
79028.352432
81762.282391
84406.271638
86967.126107
89407.799379
91730.411216
93950.957912
96041.594365
98002.119174
99842.389314
101560.218112
103154.740616
104632.605027
105981.675381
107194.311365
108341.280478
109330.080822
110212.603075
110949.157300
111557.568252
112053.528157
112431.941411
112693.942963
112813.666263
112862.286432
112809.169736
112706.167934
112537.183858
112288.527059
111950.281320
111538.118456
111086.942834
110569.375497
109976.054622
109322.435638
108611.930325
107867.701534
107063.470457
106224.300280
105343.231208
104426.929216
103455.599554
102478.410792
101465.414779
100415.619024
99335.122886
98229.646709
97082.415141
95915.245124
94717.054714
93496.937199
92237.272593
90984.284378
89684.194592
88345.966693
87011.906205
85630.381932
84218.638780
82821.226495
81413.541984
79984.624057
78547.981279
77082.248000
75657.248025
74212.146365
72779.889482
71330.946848
69899.910399
68486.719190
67070.091507
65652.094736
64250.861970
62862.593908
61490.281592
60143.111428
58804.972279
57495.738959
56188.156077
54900.685459
53629.070689
52358.038383
51109.909700
49874.692055
48658.962649
47445.636615
46257.656360
45080.683778
43907.679408
42755.842430
41613.704927
40491.897814
39385.057919
38303.549894
37214.400786
36135.801842
35082.691390
34038.068887
33015.493819
32000.878554
31004.324690
30028.199994
29072.508661
28156.814323
27246.618239
26353.262388
25477.371825
24623.456319
23776.812302
22961.436895
22170.662789
21382.271062
20619.781776
19888.393656
19159.081891
18453.630212
17762.646896
17090.905814
16436.663863
15792.068359
15175.903806
14573.174918
13988.578380
13425.724635
12883.533910
12352.657142
11839.955394
11337.901867
10853.615628
10386.117954
9933.320521
9498.601812
9069.409099
8658.379011
8253.541187
7869.946295
7502.987077
7147.753717
6804.861214
6477.104630
6165.390730
5861.755057
5573.096144
5293.127450
5028.946680
4776.120674
4535.788278
4305.785845
4084.925869
3872.532510
3673.686998
3481.231449
3296.062372
3120.833154
2950.938406
2790.592918
2631.988952
2485.415615
2342.318707
2210.105238
2085.269348
1964.806280
1848.309479
1739.964790
1640.119111
1544.048909
1450.744921
1362.766300
1281.408823
1203.965177
1131.347584
1061.582457
997.118427
935.108522
876.412413
820.447669
767.294571
717.185000
670.022275
625.082427
582.510126
543.946172
508.069470
474.191492
443.121507
413.915237
386.406189
360.634923
336.495688
314.177117
293.132078
273.795464
255.363853
238.503640
222.159712
206.720937
192.575756
178.874901
166.169861
153.980133
143.184646
131.875245
121.551728
112.772708
103.946230
95.472689
87.732245
80.403726
73.690470
67.282618
61.036468
55.652420
51.219859
46.858841
42.865696
39.507929
36.155974
32.916054
30.419502
27.907504
25.569723
23.464430
21.398269
19.385426
17.681899
16.062570
14.709637
13.269827
12.003840
10.724076
9.624270
8.669541
7.814147
7.048674
6.255478
5.623928
5.112802
4.627275
4.167019
3.831230
3.497620
3.122088
2.810345
2.564165
2.380350
2.114291
1.919899
1.721297
1.518869
1.398671
1.209328
1.074353
0.900110
0.774366
0.668333
0.582599
0.509577
0.452053
0.411106
0.359715
0.313408
0.266208
0.221067
0.205339
0.176601
0.151370
0.130090
0.097953
0.085486
0.072341
0.052608
0.044106
0.038497
0.026498
0.016377
0.012670
0.011747
0.006330
0.002980
0.003416
0.002681
0.002831
0.001142
0.000537
0.000063
0.000000
0.000000
0.000000
0.000000
0.000000
0.000000
0.000000
0.000000
0.000000
0.000000
0.000000
0.000000
0.000000
0.000000
0.000000
0.000000
0.000000
0.000000
0.000000
0.000000
0.000000
0.000000
0.000000
0.000000
0.000000
0.000000
0.000000
0.000000
0.000000
0.000000
0.000000
0.000000
0.000000
0.000000
0.000000
0.000000
0.000000
0.000000
0.000000
0.000000
0.000000
0.000000
0.000000
0.000000
0.000000
0.000000
0.000000
0.000000
0.000000
0.000000
0.000000
0.000000
0.000000
0.000000
0.000000
0.000000
0.000000
0.000000
0.000000
0.000000
0.000000
0.000000
0.000000
0.000000
0.000000
0.000000
0.000000
0.000000
0.000000
0.000000
0.000000
0.000000
0.000000
0.000000
0.000000
0.000000
0.000000
0.000000
0.000000
0.000000
0.000000
0.000000
0.000000
0.000000
0.000000
0.000000
0.000000
0.000000
0.000000
0.000000
0.000000
0.000000
0.000000
0.000000
0.000000
0.000000
0.000000
0.000000
0.000000
0.000000
0.000000
0.000000
0.000000
0.000000
0.000000
0.000000
0.000000
0.000000
0.000000
0.000000
0.000000
0.000000
0.000000
0.000000
0.000000
0.000000
0.000000
0.000000
0.000000
0.000000
0.000000
0.000000
0.000000
0.000000
0.000000
0.000000
0.000000
0.000000
0.000000
0.000000
0.000000
0.000000
0.000000
0.000000
0.000000
0.000000
0.000000
0.000000
0.000000
0.000000
0.000000
0.000000
0.000000
0.000000
0.000000
0.000000
0.000000
0.000000
0.000000
0.000000
0.000000
0.000000
0.000000
0.000000
0.000000
0.000000
0.000000
0.000000
0.000000
0.000000
0.000000
0.000000
0.000000
0.000000
0.000000
0.000000
0.000000
0.000000
0.000000
0.000000
0.000000
0.000000
0.000000
0.000000
0.000000
0.000000
0.000000
0.000000
0.000000
0.000000
0.000000
0.000000
0.000000
0.000000
0.000000
0.000000
0.000000
0.000000
0.000000
0.000000
0.000000
0.000000
0.000000
0.000000
0.000000
0.000000
0.000000
0.000000
0.000000
0.000000
0.000000
0.000000
0.000000
0.000000
0.000000
0.000000
0.000000
0.000000
0.000000
0.000000
0.000000
0.000000
0.000000
0.000000
0.000000
0.000000
0.000000
0.000000
0.000000
0.000000
0.000000
0.000000
0.000000
0.000000
0.000000
0.000000
0.000000
0.000000
0.000000
0.000000
0.000000
0.000000
0.000000
0.000000
0.000000
0.000000
0.000000
0.000000
0.000000
0.000000
0.000000
0.000000
0.000000
0.000000
0.000000
0.000000
0.000000
0.000000
0.000000
0.000000
0.000000
0.000000
0.000000
0.000000
0.000000
0.000000
0.000000
0.000000
0.000000
0.000000
0.000000
0.000000
0.000000
0.000000
0.000000
0.000000
0.000000
0.000000
0.000000
0.000000
0.000000
0.000000
0.000000
0.000000
0.000000
0.000000
0.000000
0.000000
0.000000
0.000000
0.000000
0.000000
0.000000
0.000000
0.000000
0.000000
0.000000
0.000000
0.000000
0.000000
0.000000
0.000000
0.000000
0.000000
0.000000
0.000000
0.000000
0.000000
0.000000
0.000000
0.000000
0.000000
0.000000
0.000000
0.000000
0.000000
0.000000
0.000000
0.000000
0.000000
0.000000
0.000000
0.000000
0.000000
0.000000
0.000000
0.000000
0.000000
0.000000
0.000000
0.000000
0.000000
0.000000
0.000000
0.000000
0.000000
0.000000
0.000000
0.000000
0.000000
0.000000
0.000000
0.000000
0.000000
0.000000
0.000000
0.000000
0.000000
0.000000
0.000000
0.000000
0.000000
0.000000
0.000000
0.000000
0.000000
0.000000
0.000000
0.000000
0.000000
0.000000
0.000000
0.000000
0.000000
0.000000
0.000000
0.000000
0.000000
0.000000
0.000000
0.000000
0.000000
0.000000
0.000000
0.000000
0.000000
0.000000
0.000000
0.000000
0.000000
0.000000
0.000000
0.000000
0.000000
0.000000
0.000000
0.000000
0.000000
0.000000
0.000000
0.000000
0.000000
0.000000
0.000000
0.000000
0.000000
0.000000
0.000000
0.000000
0.000000
0.000000
0.000000
0.000000
0.000000
0.000000
0.000000
0.000000
0.000000
0.000000
0.000000
0.000000
0.000000
0.000000
0.000000
0.000000
0.000000
0.000000
0.000000
0.000000
0.000000
0.000000
0.000000
0.000000
0.000000
0.000000
0.000000
0.000000
0.000000
0.000000
0.000000
0.000000
0.000000
0.000000
0.000000
0.000000
0.000000
0.000000
0.000000
0.000000
0.000000
0.000000
0.000000
0.000000
0.000000
0.000000
0.000000
0.000000
0.000000
0.000000
0.000000
0.000000
0.000000
0.000000
0.000000
0.000000
0.000000
0.000000
0.000000
0.000000
0.000000
0.000000
0.000000
0.000000
0.000000
0.000000
0.000000
0.000000
0.000000
0.000000
0.000000
0.000000
0.000000
0.000000
0.000000
0.000000
0.000000
0.000000
0.000000
0.000000
0.000000
0.000000
0.000000
0.000000
0.000000
0.000000
0.000000
0.000000
0.000000
0.000000
0.000000
0.000000
0.000000
0.000000
0.000000
0.000000
0.000000
0.000000
0.000000
0.000000
0.000000
0.000000
0.000000
0.000000
0.000000
0.000000
0.000000
0.000000
0.000000
0.000000
0.000000
0.000000
0.000000
0.000000
0.000000
0.000000
0.000000
0.000000
0.000000
0.000000
0.000000
0.000000
0.000000
0.000000
0.000000
0.000000
0.000000
0.000000
0.000000
0.000000
0.000000
0.000000
0.000000
0.000000
0.000000
0.000000
0.000000
0.000000
0.000000
0.000000
0.000000
0.000000
0.000000
0.000000
0.000000
0.000000
0.000000
0.000000
0.000000
0.000000
0.000000
0.000000
0.000000
0.000000
0.000000
0.000000
0.000000
0.000000
0.000000
0.000000
0.000000
0.000000
0.000000
0.000000
0.000000
0.000000
0.000000
0.000000
0.000000
0.000000
0.000000
0.000000
0.000000
0.000000
0.000000
0.000000
0.000000
0.000000
0.000000
0.000000
0.000000
0.000000
0.000000
0.000000
0.000000
0.000000
0.000000
0.000000
0.000000
0.000000
0.000000
0.000000
0.000000
0.000000
0.000000
0.000000
0.000000
0.000000
0.000000
0.000000
0.000000
0.000000
0.000000
0.000000
0.000000
0.000000
0.000000
0.000000
0.000000
0.000000
0.000000
0.000000
0.000000
0.000000
0.000000
0.000000
0.000000
0.000000
0.000000
0.000000
0.000000
0.000000
0.000000
0.000000
0.000000
0.000000
0.000000
0.000000
0.000000
0.000000
0.000000
0.000000
0.000000
0.000000
0.000000
0.000000
0.000000
0.000000
0.000000
0.000000
0.000000
0.000000
0.000000
0.000000
0.000000
0.000000
0.000000
0.000000
0.000000
0.000000
0.000000
0.000000
0.000000
0.000000
0.000000
0.000000
0.000000
0.000000
0.000000
0.000000
0.000000
0.000000
0.000000
0.000000
0.000000
0.000000
0.000000
0.000000
0.000000
0.000000
