7.476009
46.777025
229.470940
616.322768
1393.772791
2773.273291
4559.683455
7251.509698
10668.677251
15248.309646
20480.021990
26626.031521
33337.926418
40467.508004
48120.963660
56065.682813
63779.003968
71285.050020
78639.839305
85583.401252
92428.396933
98325.292949
103172.486132
107630.957914
110719.078513
113559.133794
115826.572684
117286.919977
118380.824539
118297.212332
118554.107795
118071.915026
117320.593013
116236.929350
114408.832100
112382.442551
110427.910913
108194.639379
105746.419468
103842.861209
101209.733308
98991.414886
96537.056823
94011.565708
91661.614042
88567.263882
86281.530976
83614.448581
81239.906268
79056.879543
76766.826871
74792.853753
72887.219716
71068.617577
68923.076447
66957.019296
64772.340147
62681.111284
61011.180793
59393.683221
57790.920519
56512.148224
55051.220825
53809.662942
52344.801504
50939.692402
49779.839815
48686.705659
47541.334056
46378.621422
45558.229376
44474.739004
43629.620816
42849.583806
42126.438736
41506.132672
40886.713952
40245.860717
39646.919510
38950.409477
38364.783977
37712.586260
37324.822999
36665.217773
36020.414212
35541.331131
35021.385311
34694.818434
34236.736634
33820.464507
33459.315139
33042.051401
32673.055620
32310.485758
32150.559153
31742.332914
31181.880527
30801.717134
30465.719429
30221.241568
30002.149495
29666.386212
29418.337058
29152.570353
29048.759330
28883.269538
28748.654026
28603.631985
28473.858655
28317.290040
28137.820425
27980.671108
27819.452742
27754.549803
27691.925626
27524.987363
27429.741509
27268.645411
27206.989875
27121.646155
26949.485537
26845.738761
26660.544412
26482.776474
26415.502858
26336.678203
26300.391527
26200.713188
26191.823001
26079.106499
25987.413272
25856.453208
25798.686902
25683.866867
25572.839426
25483.050303
25432.298129
25330.307596
25254.334710
25113.933173
25088.461484
24925.904941
24856.080655
24764.934449
24796.688283
24804.802234
24613.133399
24630.704824
24574.673622
24508.458197
24535.663733
24551.218994
24501.310106
24499.186873
24523.365198
24378.720881
24368.363872
24325.512098
24211.672406
24149.768543
24160.424577
24129.525238
24173.953265
24157.047912
24070.627985
24053.384904
24034.262474
23992.602154
23903.565108
23856.743988
23830.242493
23863.936556
23886.314986
23885.461029
23831.890494
23706.686472
23693.866959
23676.544863
23666.453422
23681.576484
23682.017764
23579.582577
23500.902723
23448.424520
23409.228720
23303.482069
23177.632491
23189.657394
23072.974319
23012.700664
22966.735513
22726.708825
22618.832762
22529.673532
22499.573095
22335.692691
22159.880606
22064.244751
21927.324180
21797.004915
21679.938875
21536.187058
21426.193784
21190.084410
20982.670609
20824.226315
20587.358051
20441.222671
20274.167260
20080.185502
19852.351222
19719.114623
19689.061181
19549.386992
19398.452366
19216.078924
19087.606758
18978.888891
18830.794922
18671.658620
18509.750165
18375.917116
18236.086952
18045.045741
17867.142002
17668.477797
17533.378229
17430.750913
17290.892896
17139.224945
16945.443748
16773.179274
16574.267587
16419.967617
16212.881754
15982.355844
15846.256341
15612.384593
15439.514208
15232.308337
15101.400735
14939.873070
14777.931492
14626.862698
14398.841657
14250.126053
13995.300356
13769.841496
13628.486999
13441.228690
13253.205681
13081.841890
12894.844050
12726.887831
12564.693264
12335.847110
12177.008343
12008.701426
11844.153416
11594.739398
11413.742827
11268.575300
11105.990521
10938.746907
10766.535006
10587.978483
10442.579402
10237.811239
10004.519124
9835.012483
9699.995596
9514.347653
9358.824067
9127.681462
8947.672985
8804.432489
8618.069153
8418.576004
8234.230630
8056.041591
7816.550073
7697.440097
7523.115122
7342.376644
7177.373239
7054.375245
6918.704374
6784.931756
6627.336433
6486.888723
6355.980686
6217.993967
6071.626907
5901.585051
5803.299503
5681.027429
5526.037832
5393.152977
5296.171682
5157.063885
5046.167239
4918.990579
4824.071517
4712.298826
4597.015219
4466.711615
4353.695817
4251.869875
4153.571111
4035.958615
3904.257585
3808.660227
3721.683603
3616.718626
3520.227135
3419.386948
3329.036519
3235.965986
3137.826008
3051.491434
2976.868528
2896.381811
2809.435288
2734.350260
2655.532837
2587.305737
2515.929981
2435.912096
2359.829394
2277.743296
2197.647414
2130.257969
2076.278352
2012.462121
1949.273141
1886.233263
1832.706433
1777.475575
1709.586587
1650.145572
1592.804915
1544.655768
1495.717606
1437.700811
1388.474961
1341.155142
1299.058234
1266.896028
1242.716611
1196.586676
1163.374467
1116.751320
1082.631536
1050.282956
1010.119646
959.860460
927.466906
880.081856
847.123201
807.854081
782.506657
761.579016
724.176072
707.858490
683.319872
659.807974
645.324554
620.438963
595.159866
582.076474
568.659910
555.266022
532.889730
508.183327
485.812934
464.354388
446.149026
426.645653
411.055743
397.074839
380.194308
369.129540
359.615096
344.605913
323.633460
311.505678
304.879996
293.367641
281.577725
274.120449
263.292354
257.560355
245.766411
232.585094
221.903958
210.714617
197.429166
189.048853
182.911249
173.334927
160.899230
156.138352
146.290826
141.551858
137.112937
127.593304
121.563895
113.368092
103.979797
96.804814
90.541620
93.000611
88.256522
83.639911
80.462538
74.691575
69.369108
65.047002
65.477891
59.929127
57.236743
54.919073
55.901826
53.574158
49.573679
49.649550
47.967699
45.459808
43.734422
40.902521
39.120862
36.814702
35.905100
34.923451
33.312611
33.051453
30.034020
27.307183
24.948023
23.187753
22.260942
22.197154
21.617399
20.068061
19.430146
16.691523
16.116588
15.792748
15.374587
14.647166
13.508314
12.341181
12.041712
11.599961
9.880223
8.864371
9.070107
8.963666
7.958572
7.437781
6.768068
6.465817
5.843908
5.708272
4.815074
4.463373
4.398376
4.143481
4.212570
4.268944
4.541527
4.504933
4.536528
4.627998
4.915122
4.919175
4.521028
4.362899
4.411989
4.152854
3.644824
3.352031
3.365648
2.932540
2.682660
2.429949
1.998314
1.909662
1.685076
1.891947
1.425839
1.440363
1.025664
0.602759
0.635414
0.762504
0.924647
1.015074
0.947387
0.981936
0.689861
0.476441
0.795325
0.737358
0.668540
0.593237
0.506737
0.405688
0.492191
0.525570
0.517582
0.490324
0.449996
0.495752
0.361497
0.143038
0.270803
0.173615
0.133774
0.139328
0.126082
0.044461
0.044943
0.075177
0.118222
0.219407
0.341893
0.264337
0.460750
0.453986
0.444629
0.517046
0.814051
0.988385
0.896561
0.922485
1.077016
0.806260
0.889738
0.706154
0.669217
0.496438
0.447755
0.495241
0.589946
1.038087
0.936848
0.718284
0.658024
0.485336
0.639249
0.817703
0.795251
0.772485
0.648655
0.651105
0.607045
0.499942
0.423641
0.299626
0.345341
0.290915
0.196489
0.171183
0.084711
0.161920
0.260632
0.168875
0.126416
0.040319
0.050425
0.074635
0.061998
0.086850
0.085390
0.188270
0.052309
0.011519
0.000000
0.000000
0.000000
0.000000
0.000000
0.000000
0.000000
0.000000
0.000000
0.000000
0.000000
0.000000
0.000000
0.000000
0.000000
0.000000
0.000000
0.000000
0.000000
0.000000
0.000000
0.000000
0.000000
0.000000
0.000000
0.000000
0.000000
0.000000
0.000000
0.000000
0.000000
0.000000
0.000000
0.000000
0.000000
0.000000
0.000000
0.000000
0.000000
0.000000
0.000000
0.000000
0.000000
0.000000
0.000000
0.000000
0.000000
0.000000
0.000000
0.000000
0.000000
0.000000
0.000000
0.000000
0.000000
0.000000
0.000000
0.000000
0.000000
0.000000
0.000000
0.000000
0.000000
0.000000
0.000000
0.000000
0.000000
0.000000
0.000000
0.000000
0.000000
0.000000
0.000000
0.000000
0.000000
0.000000
0.000000
0.000000
0.000000
0.000000
0.000000
0.000000
0.000000
0.000000
0.000000
0.000000
0.000000
0.000000
0.000000
0.000000
0.000000
0.000000
0.000000
0.000000
0.000000
0.000000
0.000000
0.000000
0.000000
0.000000
0.000000
0.000000
0.000000
0.000000
0.000000
0.000000
0.000000
0.000000
0.000000
0.000000
0.000000
0.000000
0.000000
0.000000
0.000000
0.000000
0.000000
0.000000
0.000000
0.000000
0.000000
0.000000
0.000000
0.000000
0.000000
0.000000
0.000000
0.000000
0.000000
0.000000
0.000000
0.000000
0.000000
0.000000
0.000000
0.000000
0.000000
0.000000
0.000000
0.000000
0.000000
0.000000
0.000000
0.000000
0.000000
0.000000
0.000000
0.000000
0.000000
0.000000
0.000000
0.000000
0.000000
0.000000
0.000000
0.000000
0.000000
0.000000
0.000000
0.000000
0.000000
0.000000
0.000000
0.000000
0.000000
0.000000
0.000000
0.000000
0.000000
0.000000
0.000000
0.000000
0.000000
0.000000
0.000000
0.000000
0.000000
0.000000
0.000000
0.000000
0.000000
0.000000
0.000000
0.000000
0.000000
0.000000
0.000000
0.000000
0.000000
0.000000
0.000000
0.000000
0.000000
0.000000
0.000000
0.000000
0.000000
0.000000
0.000000
0.000000
0.000000
0.000000
0.000000
0.000000
0.000000
0.000000
0.000000
0.000000
0.000000
0.000000
0.000000
0.000000
0.000000
0.000000
0.000000
0.000000
0.000000
0.000000
0.000000
0.000000
0.000000
0.000000
0.000000
0.000000
0.000000
0.000000
0.000000
0.000000
0.000000
0.000000
0.000000
0.000000
0.000000
0.000000
0.000000
0.000000
0.000000
0.000000
0.000000
0.000000
0.000000
0.000000
0.000000
0.000000
0.000000
0.000000
0.000000
0.000000
0.000000
0.000000
0.000000
0.000000
0.000000
0.000000
0.000000
0.000000
0.000000
0.000000
0.000000
0.000000
0.000000
0.000000
0.000000
0.000000
0.000000
0.000000
0.000000
0.000000
0.000000
0.000000
0.000000
0.000000
0.000000
0.000000
0.000000
0.000000
0.000000
0.000000
0.000000
0.000000
0.000000
0.000000
0.000000
0.000000
0.000000
0.000000
0.000000
0.000000
0.000000
0.000000
0.000000
0.000000
0.000000
0.000000
0.000000
0.000000
0.000000
0.000000
0.000000
0.000000
0.000000
0.000000
0.000000
0.000000
0.000000
0.000000
0.000000
0.000000
0.000000
0.000000
0.000000
0.000000
0.000000
0.000000
0.000000
0.000000
0.000000
0.000000
0.000000
0.000000
0.000000
0.000000
0.000000
0.000000
0.000000
0.000000
0.000000
0.000000
0.000000
0.000000
0.000000
0.000000
0.000000
0.000000
0.000000
0.000000
0.000000
0.000000
0.000000
0.000000
0.000000
0.000000
0.000000
0.000000
0.000000
0.000000
0.000000
0.000000
0.000000
0.000000
0.000000
0.000000
0.000000
0.000000
0.000000
0.000000
0.000000
0.000000
0.000000
0.000000
0.000000
0.000000
0.000000
0.000000
0.000000
0.000000
0.000000
0.000000
0.000000
0.000000
0.000000
0.000000
0.000000
0.000000
0.000000
0.000000
0.000000
0.000000
0.000000
0.000000
0.000000
0.000000
0.000000
0.000000
0.000000
0.000000
0.000000
0.000000
0.000000
0.000000
0.000000
0.000000
0.000000
0.000000
0.000000
0.000000
0.000000
0.000000
0.000000
0.000000
0.000000
0.000000
0.000000
0.000000
0.000000
0.000000
0.000000
0.000000
0.000000
0.000000
0.000000
0.000000
0.000000
0.000000
0.000000
0.000000
0.000000
0.000000
0.000000
0.000000
0.000000
0.000000
0.000000
