6.814672
85.370757
345.037869
1201.866358
3039.345948
6868.906775
13279.627934
22732.445255
35266.940397
51218.231482
69863.996820
89650.165288
111182.711272
132343.635457
151991.757621
170356.760493
185595.616980
197880.344983
207921.737324
215352.001017
219223.225345
221505.951331
220725.306052
218104.606547
213949.776102
208013.615980
201714.295370
194075.726352
185871.473728
177639.722285
169791.448894
161155.505223
153406.131795
145440.392749
137873.996676
130684.140205
123363.269110
116327.554089
110112.128536
104123.656028
98231.144887
93286.521325
88535.548391
83514.016169
79375.538363
75200.299256
70977.860625
67455.153242
63918.519340
60581.226670
57695.344135
55014.878151
52546.335810
50002.134822
47741.507342
45605.512379
43662.744790
41810.637193
40104.239547
38445.758269
36990.358600
35648.005999
34176.147456
32922.651634
31779.823475
30797.027009
29794.420574
28795.134302
28035.995623
27192.084643
26428.073320
25649.356204
24907.995762
24123.058860
23513.268539
22696.634132
22188.796742
21586.272629
21154.641052
20506.600773
20097.283354
19710.461884
19366.181384
19024.130277
18602.393577
18210.379217
17855.563164
17520.363228
17183.495011
16927.216876
16639.740611
16394.298101
16199.998878
16058.120070
15858.480690
15707.198859
15395.793183
15276.260150
15040.683008
14849.289308
14666.807153
14506.810726
14368.368020
14232.676495
14075.438571
13963.877787
13881.849527
13798.766795
13773.040529
13644.763367
13531.691154
13491.366229
13397.640835
13233.943955
13185.111036
13163.600306
13098.768308
13095.635079
13068.870618
13067.375449
12996.184633
13013.570861
13042.858445
13115.006292
13065.229223
13102.050325
13120.433799
13103.523639
13110.524895
13140.417913
13168.386451
13221.447877
13217.938840
13247.207511
13332.237721
13412.331808
13374.157278
13442.252779
13506.934859
13524.512711
13536.712240
13597.520834
13648.400731
13787.584534
13773.841306
13752.903970
13848.434417
13842.092652
13878.939992
13855.577265
13976.582146
14083.538419
14076.377753
14124.335069
14182.108415
14239.273605
14272.057479
14343.270822
14290.476449
14345.222659
14374.790209
14439.460874
14393.278027
14421.132586
14420.198682
14402.239202
14313.171791
14309.012489
14372.844895
14385.534113
14382.473327
14435.383348
14417.007982
14492.126719
14525.689265
14492.194747
14592.595868
14619.051842
14723.843477
14761.407699
14830.116270
14873.774966
14844.324164
14827.996898
14813.413874
14840.204995
14809.577457
14878.751339
14902.552809
14928.010409
14946.091570
14998.071105
15055.075754
15155.850344
15160.145394
15165.559622
15187.400326
15118.357316
15072.356920
15063.660180
15083.689154
15106.803015
15154.807254
15115.046069
15120.160418
15171.675089
15085.089034
15049.812025
15037.095439
15007.529373
14990.316281
14964.508531
14989.967927
14950.924521
14935.383522
14841.529209
14793.353770
14757.021465
14737.565632
14652.537089
14608.244464
14493.606834
14446.315077
14391.267436
14369.250662
14236.532987
14154.676410
14094.750470
14031.051458
13883.707847
13760.008846
13674.653724
13653.204716
13574.570613
13490.321327
13407.825183
13334.476607
13204.352401
13144.459951
13048.566025
12970.656581
12873.257570
12803.609484
12744.286672
12635.350816
12530.698580
12364.436858
12295.921333
12160.342662
12056.821584
11951.403914
11864.355274
11693.191448
11558.162028
11449.596241
11366.175410
11275.300357
11168.204816
11061.239183
10947.524765
10808.156168
10697.150994
10599.815762
10467.780870
10391.870962
10280.579789
10164.605593
10028.471240
9875.818832
9797.556701
9653.792592
9558.145538
9461.422627
9330.088207
9228.170773
9077.393321
8960.130629
8868.048118
8684.936830
8532.736647
8391.578089
8267.620407
8125.783978
8035.619425
7889.961102
7783.518395
7621.117760
7474.296428
7326.752437
7201.483997
7082.725166
6957.929033
6834.837891
6724.270283
6623.947127
6492.004759
6383.921719
6222.982793
6086.635841
5960.857595
5824.060588
5672.070977
5548.483735
5439.371910
5302.553818
5196.275799
5070.826403
4939.384807
4845.923423
4756.159753
4618.746912
4500.622259
4395.147691
4311.672759
4236.871595
4107.205123
4013.584954
3925.255681
3834.300456
3756.498827
3671.407616
3585.883060
3493.259024
3411.730301
3322.491292
3255.864561
3185.691087
3113.594733
3031.325465
2961.614247
2896.983287
2809.180767
2729.596896
2650.315406
2580.151019
2504.490094
2433.927057
2376.047059
2303.474119
2244.196903
2185.882710
2118.992023
2063.014250
1987.727633
1932.625827
1884.357768
1830.405210
1774.797616
1745.349917
1687.509660
1641.859950
1582.715826
1527.191491
1499.630984
1448.223027
1382.560395
1329.355216
1290.444831
1244.979630
1199.224118
1151.931620
1118.926214
1083.712076
1047.206380
999.495398
974.644118
936.098880
902.604273
866.479941
838.582325
804.323503
776.930810
758.718102
726.070683
704.628635
684.267522
653.530007
621.177242
585.138752
562.982293
548.486408
519.107603
493.254110
487.579373
460.549431
441.749260
427.416763
413.346408
398.981382
390.109951
378.546639
362.637732
350.773202
344.057363
328.081470
313.318766
296.353446
286.970998
277.777858
272.576664
262.130901
250.667455
237.239643
226.849282
213.152441
203.602014
195.589352
190.750191
181.072137
173.274862
166.868172
164.502114
157.679988
150.179554
141.067894
134.430743
130.347058
126.159941
119.389343
111.826878
101.928218
94.737319
93.524724
85.600574
79.416798
75.790584
71.001471
71.003197
65.109017
60.349887
58.584499
56.231412
51.758851
49.467646
46.011604
44.502090
42.699278
39.472943
35.976518
34.043719
32.320589
29.952377
28.788631
27.768489
24.882823
22.288506
20.395343
20.444296
19.410646
18.538531
18.142977
17.466687
17.176082
15.441358
13.949986
13.532838
13.998688
12.262311
11.812876
10.852304
10.497023
10.538057
11.004490
10.709836
10.397853
10.703813
10.385175
10.961253
10.785333
10.609067
9.864584
9.648206
8.883925
7.325617
6.794680
6.404616
6.285463
6.944784
6.678209
5.555049
5.193266
5.201577
5.305150
4.303317
3.655127
3.537287
3.525342
2.586851
1.699255
1.574631
1.536230
1.405808
1.685855
1.489915
1.100423
0.973605
0.901114
1.033400
1.255982
1.467048
1.895109
1.758356
1.679520
1.551447
1.537891
1.300556
1.052042
0.794777
0.506727
0.417352
0.368082
0.318378
0.295395
0.308770
0.234175
0.210311
0.191386
0.216250
0.019971
0.035246
0.107671
0.028725
0.000000
0.000000
0.000000
0.000000
0.000000
0.000000
0.000000
0.000000
0.000000
0.000000
0.000000
0.000000
0.000000
0.000000
0.000000
0.000000
0.000000
0.000000
0.000000
0.000000
0.000000
0.000000
0.000000
0.000000
0.000000
0.000000
0.000000
0.000000
0.000000
0.000000
0.000000
0.000000
0.000000
0.000000
0.000000
0.000000
0.000000
0.000000
0.000000
0.000000
0.000000
0.000000
0.000000
0.000000
0.000000
0.000000
0.000000
0.000000
0.000000
0.000000
0.000000
0.000000
0.000000
0.000000
0.000000
0.000000
0.000000
0.000000
0.000000
0.000000
0.000000
0.000000
0.000000
0.000000
0.000000
0.000000
0.000000
0.000000
0.000000
0.000000
0.000000
0.000000
0.000000
0.000000
0.000000
0.000000
0.000000
0.000000
0.000000
0.000000
0.000000
0.000000
0.000000
0.000000
0.000000
0.000000
0.000000
0.000000
0.000000
0.000000
0.000000
0.000000
0.000000
0.000000
0.000000
0.000000
0.000000
0.000000
0.000000
0.000000
0.000000
0.000000
0.000000
0.000000
0.000000
0.000000
0.000000
0.000000
0.000000
0.000000
0.000000
0.000000
0.000000
0.000000
0.000000
0.000000
0.000000
0.000000
0.000000
0.000000
0.000000
0.000000
0.000000
0.000000
0.000000
0.000000
0.000000
0.000000
0.000000
0.000000
0.000000
0.000000
0.000000
0.000000
0.000000
0.000000
0.000000
0.000000
0.000000
0.000000
0.000000
0.000000
0.000000
0.000000
0.000000
0.000000
0.000000
0.000000
0.000000
0.000000
0.000000
0.000000
0.000000
0.000000
0.000000
0.000000
0.000000
0.000000
0.000000
0.000000
0.000000
0.000000
0.000000
0.000000
0.000000
0.000000
0.000000
0.000000
0.000000
0.000000
0.000000
0.000000
0.000000
0.000000
0.000000
0.000000
0.000000
0.000000
0.000000
0.000000
0.000000
0.000000
0.000000
0.000000
0.000000
0.000000
0.000000
0.000000
0.000000
0.000000
0.000000
0.000000
0.000000
0.000000
0.000000
0.000000
0.000000
0.000000
0.000000
0.000000
0.000000
0.000000
0.000000
0.000000
0.000000
0.000000
0.000000
0.000000
0.000000
0.000000
0.000000
0.000000
0.000000
0.000000
0.000000
0.000000
0.000000
0.000000
0.000000
0.000000
0.000000
0.000000
0.000000
0.000000
0.000000
0.000000
0.000000
0.000000
0.000000
0.000000
0.000000
0.000000
0.000000
0.000000
0.000000
0.000000
0.000000
0.000000
0.000000
0.000000
0.000000
0.000000
0.000000
0.000000
0.000000
0.000000
0.000000
0.000000
0.000000
0.000000
0.000000
0.000000
0.000000
0.000000
0.000000
0.000000
0.000000
0.000000
0.000000
0.000000
0.000000
0.000000
0.000000
0.000000
0.000000
0.000000
0.000000
0.000000
0.000000
0.000000
0.000000
0.000000
0.000000
0.000000
0.000000
0.000000
0.000000
0.000000
0.000000
0.000000
0.000000
0.000000
0.000000
0.000000
0.000000
0.000000
0.000000
0.000000
0.000000
0.000000
0.000000
0.000000
0.000000
0.000000
0.000000
0.000000
0.000000
0.000000
0.000000
0.000000
0.000000
0.000000
0.000000
0.000000
0.000000
0.000000
0.000000
0.000000
0.000000
0.000000
0.000000
0.000000
0.000000
0.000000
0.000000
0.000000
0.000000
0.000000
0.000000
0.000000
0.000000
0.000000
0.000000
0.000000
0.000000
0.000000
0.000000
0.000000
0.000000
0.000000
0.000000
0.000000
0.000000
0.000000
0.000000
0.000000
0.000000
0.000000
0.000000
0.000000
0.000000
0.000000
0.000000
0.000000
0.000000
0.000000
0.000000
0.000000
0.000000
0.000000
0.000000
0.000000
0.000000
0.000000
0.000000
0.000000
0.000000
0.000000
0.000000
0.000000
0.000000
0.000000
0.000000
0.000000
0.000000
0.000000
0.000000
0.000000
0.000000
0.000000
0.000000
0.000000
0.000000
0.000000
0.000000
0.000000
0.000000
0.000000
0.000000
0.000000
0.000000
0.000000
0.000000
0.000000
0.000000
0.000000
0.000000
0.000000
0.000000
0.000000
0.000000
0.000000
0.000000
0.000000
0.000000
0.000000
0.000000
0.000000
0.000000
0.000000
0.000000
0.000000
0.000000
0.000000
0.000000
0.000000
0.000000
0.000000
0.000000
0.000000
0.000000
0.000000
0.000000
0.000000
0.000000
0.000000
0.000000
0.000000
0.000000
0.000000
0.000000
0.000000
0.000000
0.000000
0.000000
0.000000
0.000000
0.000000
0.000000
0.000000
0.000000
0.000000
0.000000
0.000000
0.000000
0.000000
0.000000
0.000000
0.000000
0.000000
0.000000
0.000000
0.000000
0.000000
0.000000
0.000000
0.000000
0.000000
0.000000
0.000000
0.000000
0.000000
0.000000
0.000000
0.000000
0.000000
0.000000
0.000000
0.000000
0.000000
0.000000
0.000000
0.000000
0.000000
0.000000
0.000000
0.000000
0.000000
0.000000
0.000000
0.000000
0.000000
0.000000
0.000000
0.000000
0.000000
0.000000
0.000000
0.000000
