0.000000
0.000000
0.000000
0.000000
0.741794
0.894998
0.715391
1.241734
4.304938
7.087465
11.006853
22.068875
39.860044
68.660102
100.363891
154.276578
230.265040
328.818903
478.561048
648.034229
870.333089
1154.135986
1504.443148
1952.607975
2470.697679
3075.459148
3791.715168
4602.311374
5578.817899
6668.827882
7881.618625
9226.750035
10758.094617
12383.617701
14184.618314
16046.911095
18092.137116
20250.100986
22489.665602
24877.313698
27342.772920
29870.718905
32474.275565
35188.735662
37956.720050
40798.128749
43660.404288
46534.572894
49398.344746
52310.523163
55298.369049
58186.233597
61035.798669
63855.956404
66582.360785
69361.436021
72098.320530
74791.570595
77300.107614
79804.902960
82086.714004
84404.950601
86520.037752
88602.107476
90626.912379
92445.365043
94224.183623
95946.936051
97620.677803
98983.452801
100302.352784
101508.248367
102736.243811
103761.278651
104614.830929
105405.679082
106137.047443
106762.883618
107230.079244
107500.925899
107634.297944
107750.912458
107846.673540
107801.263879
107765.393876
107546.953377
107332.222624
107037.534565
106686.885266
106360.286276
105856.617080
105383.735676
104840.939087
104143.720532
103500.953834
102755.934870
101960.887365
101177.675368
100365.627252
99466.805014
98462.035205
97520.260660
96561.594879
95548.410125
94471.923881
93366.229889
92234.194959
91164.924101
89994.297185
88858.903916
87638.255744
86456.424273
85211.470621
84032.222010
82838.559106
81567.044386
80367.050687
79031.716168
77739.164558
76447.506488
75164.248376
73877.016257
72628.197273
71375.492947
70081.418390
68773.771966
67488.381086
66159.979042
64871.728212
63578.752605
62357.825043
61090.555665
59818.249700
58605.561580
57362.008205
56106.244126
54922.237949
53705.039969
52469.750511
51266.929666
50115.833626
48933.496236
47775.100183
46678.116823
45570.487518
44445.735161
43307.094653
42232.712161
41175.746669
40132.472265
39121.741869
38108.061389
37118.174655
36109.238795
35139.603546
34192.202034
33297.830949
32394.035478
31469.008509
30630.014393
29774.787587
28909.824385
28101.852951
27295.053237
26500.925272
25702.764950
24962.078975
24223.756976
23502.633336
22812.291018
22117.614660
21430.941816
20747.056733
20091.669566
19447.933158
18825.400946
18223.650570
17642.365837
17054.245919
16496.504406
15959.606600
15432.969107
14895.045124
14383.704523
13887.586911
13397.790526
12939.793758
12468.710487
12050.846038
11617.943014
11192.588472
10783.571955
10394.454012
10029.129186
9658.669835
9316.878356
8960.250906
8609.741546
8264.782712
7952.213248
7654.184155
7343.529099
7081.972168
6800.286098
6549.628877
6271.752489
6020.561899
5775.166217
5541.601644
5303.922691
5076.546038
4866.417161
4673.168615
4471.302747
4275.875303
4070.554626
3890.591849
3713.767723
3545.891624
3392.275111
3229.798042
3084.081322
2944.498662
2805.288092
2672.478253
2550.746266
2437.175270
2325.033626
2218.164230
2114.446729
2008.729679
1909.662596
1819.761713
1734.232111
1650.131030
1565.212710
1488.018271
1414.497402
1337.677711
1268.340255
1199.666915
1141.006685
1086.709574
1028.828122
975.559448
923.081467
871.236262
827.583612
782.090753
739.548615
697.738976
658.317946
618.384102
578.553892
547.652654
515.216138
486.423506
459.825985
433.605406
410.814025
388.422881
369.325281
347.652129
327.690636
309.101649
291.639032
277.959203
264.233077
248.999867
235.855024
221.537453
206.942210
193.415110
179.066572
168.548729
155.539142
145.691113
137.241037
128.833750
120.907177
112.702590
105.919474
99.784053
93.410481
87.342530
82.266180
77.737053
72.558086
68.276013
63.884495
60.497803
56.248726
52.007843
48.479225
45.965723
42.251944
40.086915
38.251863
34.667999
32.520758
30.604870
27.652438
25.236994
23.643023
21.847569
19.981121
18.960533
18.316694
17.082064
16.082942
14.605714
13.525785
12.339716
11.205670
10.371422
9.655082
8.958845
8.231187
8.057058
7.454046
7.017299
6.661879
5.987709
5.397316
4.946253
4.519513
4.654946
4.120359
3.552775
3.434667
3.097480
2.829007
2.653727
2.482351
2.197306
2.153425
1.912355
1.822485
1.649985
1.543971
1.505268
1.326482
1.164691
1.027592
1.007258
0.913922
0.875096
0.898744
0.846132
0.812239
0.758118
0.764734
0.579763
0.628144
0.666156
0.746866
0.609871
0.557595
0.547805
0.488750
0.468699
0.507934
0.474844
0.476901
0.423960
0.367517
0.320983
0.332692
0.437778
0.428403
0.368833
0.297284
0.282156
0.305063
0.361422
0.366977
0.366707
0.297040
0.226505
0.184256
0.191005
0.197759
0.178808
0.147567
0.170723
0.112562
0.070503
0.064999
0.051677
0.055807
0.076640
0.090042
0.052891
0.054735
0.060504
0.051165
0.032192
0.022625
0.030707
0.024023
0.016780
0.011338
0.014332
0.004952
0.000000
0.000000
0.000000
0.000000
0.000000
0.000000
0.000000
0.000000
0.000000
0.000000
0.000000
0.000000
0.000000
0.000000
0.000000
0.000000
0.000000
0.000000
0.000000
0.000000
0.000000
0.000000
0.000000
0.000000
0.000000
0.000000
0.000000
0.000000
0.000000
0.000000
0.000000
0.000000
0.000000
0.000000
0.000000
0.000000
0.000000
0.000000
0.000000
0.000000
0.000000
0.000000
0.000000
0.000000
0.000000
0.000000
0.000000
0.000000
0.000000
0.000000
0.000000
0.000000
0.000000
0.000000
0.000000
0.000000
0.000000
0.000000
0.000000
0.000000
0.000000
0.000000
0.000000
0.000000
0.000000
0.000000
0.000000
0.000000
0.000000
0.000000
0.000000
0.000000
0.000000
0.000000
0.000000
0.000000
0.000000
0.000000
0.000000
0.000000
0.000000
0.000000
0.000000
0.000000
0.000000
0.000000
0.000000
0.000000
0.000000
0.000000
0.000000
0.000000
0.000000
0.000000
0.000000
0.000000
0.000000
0.000000
0.000000
0.000000
0.000000
0.000000
0.000000
0.000000
0.000000
0.000000
0.000000
0.000000
0.000000
0.000000
0.000000
0.000000
0.000000
0.000000
0.000000
0.000000
0.000000
0.000000
0.000000
0.000000
0.000000
0.000000
0.000000
0.000000
0.000000
0.000000
0.000000
0.000000
0.000000
0.000000
0.000000
0.000000
0.000000
0.000000
0.000000
0.000000
0.000000
0.000000
0.000000
0.000000
0.000000
0.000000
0.000000
0.000000
0.000000
0.000000
0.000000
0.000000
0.000000
0.000000
0.000000
0.000000
0.000000
0.000000
0.000000
0.000000
0.000000
0.000000
0.000000
0.000000
0.000000
0.000000
0.000000
0.000000
0.000000
0.000000
0.000000
0.000000
0.000000
0.000000
0.000000
0.000000
0.000000
0.000000
0.000000
0.000000
0.000000
0.000000
0.000000
0.000000
0.000000
0.000000
0.000000
0.000000
0.000000
0.000000
0.000000
0.000000
0.000000
0.000000
0.000000
0.000000
0.000000
0.000000
0.000000
0.000000
0.000000
0.000000
0.000000
0.000000
0.000000
0.000000
0.000000
0.000000
0.000000
0.000000
0.000000
0.000000
0.000000
0.000000
0.000000
0.000000
0.000000
0.000000
0.000000
0.000000
0.000000
0.000000
0.000000
0.000000
0.000000
0.000000
0.000000
0.000000
0.000000
0.000000
0.000000
0.000000
0.000000
0.000000
0.000000
0.000000
0.000000
0.000000
0.000000
0.000000
0.000000
0.000000
0.000000
0.000000
0.000000
0.000000
0.000000
0.000000
0.000000
0.000000
0.000000
0.000000
0.000000
0.000000
0.000000
0.000000
0.000000
0.000000
0.000000
0.000000
0.000000
0.000000
0.000000
0.000000
0.000000
0.000000
0.000000
0.000000
0.000000
0.000000
0.000000
0.000000
0.000000
0.000000
0.000000
0.000000
0.000000
0.000000
0.000000
0.000000
0.000000
0.000000
0.000000
0.000000
0.000000
0.000000
0.000000
0.000000
0.000000
0.000000
0.000000
0.000000
0.000000
0.000000
0.000000
0.000000
0.000000
0.000000
0.000000
0.000000
0.000000
0.000000
0.000000
0.000000
0.000000
0.000000
0.000000
0.000000
0.000000
0.000000
0.000000
0.000000
0.000000
0.000000
0.000000
0.000000
0.000000
0.000000
0.000000
0.000000
0.000000
0.000000
0.000000
0.000000
0.000000
0.000000
0.000000
0.000000
0.000000
0.000000
0.000000
0.000000
0.000000
0.000000
0.000000
0.000000
0.000000
0.000000
0.000000
0.000000
0.000000
0.000000
0.000000
0.000000
0.000000
0.000000
0.000000
0.000000
0.000000
0.000000
0.000000
0.000000
0.000000
0.000000
0.000000
0.000000
0.000000
0.000000
0.000000
0.000000
0.000000
0.000000
0.000000
0.000000
0.000000
0.000000
0.000000
0.000000
0.000000
0.000000
0.000000
0.000000
0.000000
0.000000
0.000000
0.000000
0.000000
0.000000
0.000000
0.000000
0.000000
0.000000
0.000000
0.000000
0.000000
0.000000
0.000000
0.000000
0.000000
0.000000
0.000000
0.000000
0.000000
0.000000
0.000000
0.000000
0.000000
0.000000
0.000000
0.000000
0.000000
0.000000
0.000000
0.000000
0.000000
0.000000
0.000000
0.000000
0.000000
0.000000
0.000000
0.000000
0.000000
0.000000
0.000000
0.000000
0.000000
0.000000
0.000000
0.000000
0.000000
0.000000
0.000000
0.000000
0.000000
0.000000
0.000000
0.000000
0.000000
0.000000
0.000000
0.000000
0.000000
0.000000
0.000000
0.000000
0.000000
0.000000
0.000000
0.000000
0.000000
0.000000
0.000000
0.000000
0.000000
0.000000
0.000000
0.000000
0.000000
0.000000
0.000000
0.000000
0.000000
0.000000
0.000000
0.000000
0.000000
0.000000
0.000000
0.000000
0.000000
0.000000
0.000000
0.000000
0.000000
0.000000
0.000000
0.000000
0.000000
0.000000
0.000000
0.000000
0.000000
0.000000
0.000000
0.000000
0.000000
0.000000
0.000000
0.000000
0.000000
0.000000
0.000000
0.000000
0.000000
0.000000
0.000000
0.000000
0.000000
0.000000
0.000000
0.000000
0.000000
0.000000
0.000000
0.000000
0.000000
0.000000
0.000000
0.000000
0.000000
0.000000
0.000000
0.000000
0.000000
0.000000
0.000000
0.000000
0.000000
0.000000
0.000000
0.000000
0.000000
0.000000
0.000000
0.000000
0.000000
0.000000
0.000000
0.000000
0.000000
0.000000
0.000000
0.000000
0.000000
0.000000
0.000000
0.000000
0.000000
0.000000
0.000000
0.000000
0.000000
0.000000
0.000000
0.000000
0.000000
0.000000
0.000000
0.000000
0.000000
0.000000
0.000000
0.000000
0.000000
0.000000
0.000000
0.000000
0.000000
0.000000
0.000000
0.000000
0.000000
0.000000
0.000000
0.000000
0.000000
0.000000
0.000000
0.000000
0.000000
0.000000
0.000000
0.000000
0.000000
0.000000
0.000000
0.000000
0.000000
0.000000
0.000000
0.000000
0.000000
0.000000
0.000000
0.000000
0.000000
0.000000
0.000000
0.000000
0.000000
0.000000
0.000000
0.000000
0.000000
0.000000
0.000000
0.000000
0.000000
0.000000
0.000000
0.000000
0.000000
0.000000
0.000000
0.000000
0.000000
0.000000
0.000000
0.000000
0.000000
