0.000000
0.000000
0.000000
0.000000
0.000000
0.000000
0.000000
0.000000
0.000000
0.007632
0.300477
0.467492
0.466574
1.067995
2.454049
6.147409
14.474598
33.939001
64.300830
123.077329
223.967330
385.142830
640.088049
1039.614720
1608.524895
2432.244965
3535.688835
5054.172663
7004.026336
9479.067070
12592.896396
16396.609043
20831.415897
25987.747197
31816.124253
38291.046068
45363.805323
53031.100638
61065.141698
69330.713904
77943.695533
86445.187613
94850.832901
103026.291257
110826.150472
118205.548303
124909.410149
131074.067297
136416.247251
141183.975875
145070.367534
148138.090057
150350.386623
151938.815781
152766.994604
152950.596551
152380.037198
151271.312823
149733.552765
147627.719206
145223.769923
142357.954265
139179.702158
135961.551847
132484.800020
128809.682474
125077.150731
121320.731852
117445.365081
113626.264079
109836.981029
106129.058971
102487.447757
99028.311527
95649.688730
92437.823897
89202.318725
86110.598202
83266.923328
80578.882128
77960.325262
75522.266074
73157.860517
70953.206598
68867.063632
66878.726126
65070.446704
63362.024773
61834.432277
60370.956236
58981.108827
57751.988050
56570.421102
55515.263264
54557.126584
53612.238216
52785.219848
52061.205785
51406.991853
50826.724693
50340.490752
49869.576119
49542.585662
49189.120597
48942.358984
48707.370702
48525.297961
48429.340439
48319.327134
48257.354998
48273.655790
48327.304782
48432.295322
48502.708196
48616.984432
48760.795298
48913.237184
49098.799350
49295.639471
49499.512026
49705.023650
49917.269834
50116.273854
50326.881357
50513.337014
50664.381577
50832.397935
50975.708395
51071.762099
51149.514874
51222.064255
51277.190013
51233.672554
51163.939658
51117.901301
50969.233073
50827.196696
50612.309769
50364.394329
50101.480225
49774.178888
49392.903580
49001.367536
48539.557620
48019.351974
47463.820801
46832.304045
46207.749080
45491.344522
44748.994583
43939.949599
43070.942984
42201.739297
41280.460444
40299.451198
39315.058072
38317.443553
37245.515241
36228.590216
35135.018208
34028.431537
32895.046904
31740.313318
30589.448584
29451.481247
28317.252179
27162.737401
26020.257881
24918.388390
23798.418823
22678.865793
21598.731784
20546.320479
19502.948142
18464.448196
17450.324789
16463.299090
15508.716901
14580.906984
13682.516169
12810.573723
11973.241940
11177.264204
10422.549069
9682.249145
8999.251510
8343.143985
7723.764228
7135.143508
6577.179371
6052.680589
5560.182512
5087.361674
4657.088380
4257.467103
3884.151354
3542.426846
3217.595382
2911.716647
2631.610231
2381.190636
2148.452665
1935.454686
1740.352684
1560.459169
1398.035528
1252.898890
1113.072961
992.589616
883.786856
782.309870
694.092043
614.203499
543.542254
477.763641
417.612318
367.932900
322.365309
282.645347
246.639555
214.912360
186.496084
162.859289
140.960521
121.327592
104.705811
90.479927
78.176493
67.220822
57.936258
49.477526
42.319447
36.776652
31.745220
27.080818
23.058981
19.462706
16.641194
14.178369
11.884419
10.247637
8.831244
7.375923
6.198820
5.282702
4.590839
3.848355
3.091296
2.500793
2.108860
1.726444
1.333166
1.203844
0.983231
0.832652
0.779712
0.671844
0.504957
0.421775
0.339104
0.267616
0.195175
0.151241
0.121962
0.102453
0.067313
0.058907
0.037197
0.028655
0.026939
0.035095
0.034390
0.029986
0.038719
0.038588
0.041644
0.020465
0.022949
0.015869
0.012025
0.017527
0.005271
0.005726
0.002075
0.001823
0.003582
0.003802
0.000000
0.000000
0.000000
0.000000
0.000000
0.000000
0.000000
0.000000
0.000000
0.000000
0.000000
0.000000
0.000000
0.000000
0.000000
0.000000
0.000000
0.000000
0.000000
0.000000
0.000000
0.000000
0.000000
0.000000
0.000000
0.000000
0.000000
0.000000
0.000000
0.000000
0.000000
0.000000
0.000000
0.000000
0.000000
0.000000
0.000000
0.000000
0.000000
0.000000
0.000000
0.000000
0.000000
0.000000
0.000000
0.000000
0.000000
0.000000
0.000000
0.000000
0.000000
0.000000
0.000000
0.000000
0.000000
0.000000
0.000000
0.000000
0.000000
0.000000
0.000000
0.000000
0.000000
0.000000
0.000000
0.000000
0.000000
0.000000
0.000000
0.000000
0.000000
0.000000
0.000000
0.000000
0.000000
0.000000
0.000000
0.000000
0.000000
0.000000
0.000000
0.000000
0.000000
0.000000
0.000000
0.000000
0.000000
0.000000
0.000000
0.000000
0.000000
0.000000
0.000000
0.000000
0.000000
0.000000
0.000000
0.000000
0.000000
0.000000
0.000000
0.000000
0.000000
0.000000
0.000000
0.000000
0.000000
0.000000
0.000000
0.000000
0.000000
0.000000
0.000000
0.000000
0.000000
0.000000
0.000000
0.000000
0.000000
0.000000
0.000000
0.000000
0.000000
0.000000
0.000000
0.000000
0.000000
0.000000
0.000000
0.000000
0.000000
0.000000
0.000000
0.000000
0.000000
0.000000
0.000000
0.000000
0.000000
0.000000
0.000000
0.000000
0.000000
0.000000
0.000000
0.000000
0.000000
0.000000
0.000000
0.000000
0.000000
0.000000
0.000000
0.000000
0.000000
0.000000
0.000000
0.000000
0.000000
0.000000
0.000000
0.000000
0.000000
0.000000
0.000000
0.000000
0.000000
0.000000
0.000000
0.000000
0.000000
0.000000
0.000000
0.000000
0.000000
0.000000
0.000000
0.000000
0.000000
0.000000
0.000000
0.000000
0.000000
0.000000
0.000000
0.000000
0.000000
0.000000
0.000000
0.000000
0.000000
0.000000
0.000000
0.000000
0.000000
0.000000
0.000000
0.000000
0.000000
0.000000
0.000000
0.000000
0.000000
0.000000
0.000000
0.000000
0.000000
0.000000
0.000000
0.000000
0.000000
0.000000
0.000000
0.000000
