0.000000
5.265755
19.579991
69.223216
187.111209
555.258688
1259.370514
2612.033338
4569.199809
7485.493429
11591.875862
16606.163282
22830.438429
29994.703599
38124.870783
46833.527430
55925.498101
64991.333696
74354.960866
82745.092314
90668.975334
98242.671690
104718.519565
110666.299572
115204.361950
118911.017634
122189.167027
124201.267010
125487.808341
126315.703220
125952.986937
124911.309213
123994.981493
122789.672063
120876.880464
118648.651923
116483.224671
113758.476979
110463.104318
107993.254596
104841.678374
102165.148034
99452.500317
96216.388289
93724.649888
90883.766656
87689.328391
85184.068425
82414.436139
80071.353565
77863.917990
75608.883473
73337.479958
70776.336913
68627.591663
66471.644072
64385.385001
62654.786739
60913.344135
59167.995210
57367.721079
55791.872370
54317.326950
52974.426889
51812.905885
50495.689857
49325.682927
48278.101314
47165.900101
46205.604533
45185.620460
44248.473262
43361.211245
42494.251796
41986.796651
41295.427658
40430.796633
39626.287669
38850.932221
38317.184957
37856.492861
37310.209256
36817.617965
36363.246148
35702.558507
35184.817543
34698.449932
34143.394312
33620.495038
33206.327682
32817.670963
32403.351729
32025.216880
31694.092254
31508.797020
31120.421616
30942.604337
30548.730372
30207.923000
30030.550833
29775.495254
29520.688535
29294.780582
29122.902890
29002.285619
28856.016123
28638.013665
28344.556174
28179.763360
28043.187651
27987.742008
27882.356857
27645.394072
27422.775462
27231.422555
27225.881592
27125.514247
26971.202795
26894.604767
26767.514722
26784.544803
26617.132307
26421.338532
26284.141566
26174.497795
25963.808554
25941.738987
25821.100262
25789.864683
25796.157016
25698.298479
25558.722817
25389.496144
25412.781692
25415.213073
25313.948666
25203.316270
25058.480132
24981.773532
24972.188917
25033.468700
25017.429839
24955.192917
25030.849166
24994.535063
24894.739509
24804.411352
24814.014285
24775.941265
24672.840744
24735.615744
24745.644662
24788.866167
24759.308396
24648.862980
24630.497181
24588.276988
24623.484767
24541.656217
24501.593541
24424.020982
24375.036142
24419.626008
24394.244402
24404.895764
24327.458478
24256.356133
24280.141096
24186.714361
24116.366592
24033.239143
23904.629907
23998.990906
23907.057523
23844.876499
23929.681589
23861.928619
23863.362671
23855.409594
23880.386286
23779.152515
23709.115733
23664.370710
23679.327566
23610.813001
23561.646288
23495.285352
23419.052723
23351.358571
23357.219344
23262.610425
23169.247499
22962.210637
22894.195752
22793.917994
22565.583487
22403.359131
22351.041073
22223.643599
22123.613784
21986.100291
21869.745883
21762.047353
21568.425408
21410.266694
21214.632965
21038.999713
20759.845685
20610.528056
20479.341238
20393.283613
20238.429042
20061.964801
19916.671307
19797.864461
19556.994815
19377.229253
19234.421529
19112.424506
18980.995898
18872.580653
18706.544771
18537.802739
18345.954814
18275.085583
18121.687833
17913.004992
17703.137480
17520.026312
17389.251267
17192.894123
17007.255154
16870.954783
16608.320636
16455.979157
16297.173741
16055.795978
15874.502687
15733.057257
15591.301345
15428.514058
15231.141857
15055.529724
14880.340881
14723.586193
14535.611856
14308.703393
14115.962220
13877.077634
13647.944508
13456.911166
13282.714770
13089.593873
12909.157097
12672.612058
12464.970297
12271.173404
12061.125051
11898.173652
11674.087634
11510.029582
11315.106246
11145.830679
10951.927798
10780.532288
10626.285355
10401.028112
10215.895625
10030.349535
9849.673989
9628.109891
9424.968105
9211.626647
8972.217472
8811.254334
8614.437543
8464.479838
8264.884611
8082.768183
7904.846922
7779.133874
7633.816761
7499.975193
7330.733175
7171.556447
7041.062027
6896.289887
6715.572165
6548.061712
6415.107059
6244.362497
6094.180616
5934.409830
5787.903991
5619.152848
5470.752460
5339.920522
5233.082174
5071.325152
4964.971043
4823.317440
4711.352627
4592.556369
4476.272533
4357.737866
4241.151921
4137.936301
4041.213238
3917.670007
3806.064750
3715.834982
3613.806269
3489.923708
3405.202359
3324.224390
3248.561696
3145.994397
3057.352461
2949.571412
2845.895267
2736.452866
2661.819304
2577.799795
2487.635735
2414.856935
2335.321489
2276.706900
2210.084444
2145.375122
2070.139879
2009.057826
1950.047381
1881.807677
1812.426197
1740.427018
1694.522253
1632.533481
1573.022111
1523.381276
1465.343767
1401.494932
1359.598262
1316.754896
1263.766817
1222.866857
1174.895204
1116.536260
1073.684250
1041.296846
993.540092
967.340506
932.768444
907.988875
873.642167
829.669047
803.002195
770.032677
734.288744
722.563085
707.664206
676.393144
652.798019
635.178527
611.775098
581.398971
560.536764
536.199100
514.428571
497.116705
485.256785
454.933925
435.065041
418.158424
401.249345
375.977749
369.071895
353.171565
330.251991
312.635762
295.061054
283.162129
272.273603
257.690246
249.803156
230.830218
223.366848
215.019346
204.882840
197.888891
191.531913
182.612026
176.913644
174.886408
160.945499
155.361227
146.310988
140.426345
135.746332
122.103490
114.220814
116.096807
113.125922
107.445034
100.410100
94.526552
89.571786
86.259090
83.814791
80.733236
74.765588
69.780853
64.581196
61.956124
58.788175
54.557418
51.553763
48.886410
45.167388
41.709793
40.563768
38.945883
37.116290
37.549866
35.379150
32.729084
29.976433
28.438640
26.003228
23.707600
21.054823
19.038862
18.556164
16.479673
14.034734
14.528174
12.408607
13.369131
12.271541
11.939851
10.473715
10.912385
11.534372
10.967515
10.859521
10.671004
8.852285
8.208957
6.939935
7.357165
6.226011
6.887076
7.064133
6.651686
6.700603
5.992534
5.631668
5.126385
4.827687
4.906963
4.107825
4.012803
4.191987
4.244930
4.048479
3.856962
3.780110
4.336019
3.970904
2.934527
2.673554
2.222898
2.048601
1.994754
1.508465
1.789109
1.685315
1.539970
1.351883
1.214428
1.260967
1.490315
1.491995
1.115535
0.982838
1.129720
1.134636
0.869149
0.753190
0.628314
0.599196
0.759431
0.704913
0.635135
0.839703
0.801801
0.654381
0.709419
0.445575
0.285616
0.272513
0.359785
0.353484
0.362073
0.338933
0.447013
0.424674
0.303679
0.618561
0.773215
1.066690
0.726006
0.768044
0.876209
1.051844
0.703979
0.551476
0.626053
0.523877
0.618668
0.395786
0.254029
0.159273
0.168507
0.173221
0.253989
0.319075
0.289777
0.242862
0.455947
0.199052
0.125316
0.010706
0.000000
0.000000
0.000000
0.000000
0.000000
0.000000
0.000000
0.000000
0.000000
0.000000
0.000000
0.000000
0.000000
0.000000
0.000000
0.000000
0.000000
0.000000
0.000000
0.000000
0.000000
0.000000
0.000000
0.000000
0.000000
0.000000
0.000000
0.000000
0.000000
0.000000
0.000000
0.000000
0.000000
0.000000
0.000000
0.000000
0.000000
0.000000
0.000000
0.000000
0.000000
0.000000
0.000000
0.000000
0.000000
0.000000
0.000000
0.000000
0.000000
0.000000
0.000000
0.000000
0.000000
0.000000
0.000000
0.000000
0.000000
0.000000
0.000000
0.000000
0.000000
0.000000
0.000000
0.000000
0.000000
0.000000
0.000000
0.000000
0.000000
0.000000
0.000000
0.000000
0.000000
0.000000
0.000000
0.000000
0.000000
0.000000
0.000000
0.000000
0.000000
0.000000
0.000000
0.000000
0.000000
0.000000
0.000000
0.000000
0.000000
0.000000
0.000000
0.000000
0.000000
0.000000
0.000000
0.000000
0.000000
0.000000
0.000000
0.000000
0.000000
0.000000
0.000000
0.000000
0.000000
0.000000
0.000000
0.000000
0.000000
0.000000
0.000000
0.000000
0.000000
0.000000
0.000000
0.000000
0.000000
0.000000
0.000000
0.000000
0.000000
0.000000
0.000000
0.000000
0.000000
0.000000
0.000000
0.000000
0.000000
0.000000
0.000000
0.000000
0.000000
0.000000
0.000000
0.000000
0.000000
0.000000
0.000000
0.000000
0.000000
0.000000
0.000000
0.000000
0.000000
0.000000
0.000000
0.000000
0.000000
0.000000
0.000000
0.000000
0.000000
0.000000
0.000000
0.000000
0.000000
0.000000
0.000000
0.000000
0.000000
0.000000
0.000000
0.000000
0.000000
0.000000
0.000000
0.000000
0.000000
0.000000
0.000000
0.000000
0.000000
0.000000
0.000000
0.000000
0.000000
0.000000
0.000000
0.000000
0.000000
0.000000
0.000000
0.000000
0.000000
0.000000
0.000000
0.000000
0.000000
0.000000
0.000000
0.000000
0.000000
0.000000
0.000000
0.000000
0.000000
0.000000
0.000000
0.000000
0.000000
0.000000
0.000000
0.000000
0.000000
0.000000
0.000000
0.000000
0.000000
0.000000
0.000000
0.000000
0.000000
0.000000
0.000000
0.000000
0.000000
0.000000
0.000000
0.000000
0.000000
0.000000
0.000000
0.000000
0.000000
0.000000
0.000000
0.000000
0.000000
0.000000
0.000000
0.000000
0.000000
0.000000
0.000000
0.000000
0.000000
0.000000
0.000000
0.000000
0.000000
0.000000
0.000000
0.000000
0.000000
0.000000
0.000000
0.000000
0.000000
0.000000
0.000000
0.000000
0.000000
0.000000
0.000000
0.000000
0.000000
0.000000
0.000000
0.000000
0.000000
0.000000
0.000000
0.000000
0.000000
0.000000
0.000000
0.000000
0.000000
0.000000
0.000000
0.000000
0.000000
0.000000
0.000000
0.000000
0.000000
0.000000
0.000000
0.000000
0.000000
0.000000
0.000000
0.000000
0.000000
0.000000
0.000000
0.000000
0.000000
0.000000
0.000000
0.000000
0.000000
0.000000
0.000000
0.000000
0.000000
0.000000
0.000000
0.000000
0.000000
0.000000
0.000000
0.000000
0.000000
0.000000
0.000000
0.000000
0.000000
0.000000
0.000000
0.000000
0.000000
0.000000
0.000000
0.000000
0.000000
0.000000
0.000000
0.000000
0.000000
0.000000
0.000000
0.000000
0.000000
0.000000
0.000000
0.000000
0.000000
0.000000
0.000000
0.000000
0.000000
0.000000
0.000000
0.000000
0.000000
0.000000
0.000000
0.000000
0.000000
0.000000
0.000000
0.000000
0.000000
0.000000
0.000000
0.000000
0.000000
0.000000
0.000000
0.000000
0.000000
0.000000
0.000000
0.000000
0.000000
0.000000
0.000000
0.000000
0.000000
0.000000
0.000000
0.000000
0.000000
0.000000
0.000000
0.000000
0.000000
0.000000
0.000000
0.000000
0.000000
0.000000
0.000000
0.000000
0.000000
0.000000
0.000000
0.000000
0.000000
0.000000
0.000000
0.000000
0.000000
0.000000
0.000000
0.000000
0.000000
0.000000
0.000000
0.000000
0.000000
0.000000
0.000000
0.000000
0.000000
0.000000
0.000000
0.000000
0.000000
0.000000
0.000000
0.000000
0.000000
0.000000
0.000000
0.000000
0.000000
0.000000
0.000000
0.000000
0.000000
0.000000
0.000000
0.000000
0.000000
0.000000
0.000000
0.000000
0.000000
0.000000
0.000000
0.000000
0.000000
0.000000
0.000000
0.000000
0.000000
0.000000
0.000000
0.000000
0.000000
0.000000
0.000000
0.000000
0.000000
0.000000
0.000000
0.000000
0.000000
0.000000
0.000000
0.000000
0.000000
0.000000
0.000000
0.000000
0.000000
0.000000
0.000000
0.000000
0.000000
0.000000
0.000000
0.000000
0.000000
0.000000
0.000000
0.000000
0.000000
0.000000
0.000000
0.000000
0.000000
0.000000
0.000000
0.000000
0.000000
